1 16 1
1 16 1
1 16 0
1 16 1
1 16 1
1 16 1
1 16 1
1 16 1
1 16 0
1 16 0
1 16 0
1 16 0
1 16 1
1 16 1
1 16 1
1 16 1
1 16 0
1 16 1
1 16 0
1 16 1
1 16 0
1 16 1
1 16 1
1 16 1
1 16 0
1 16 1
1 16 0
1 16 1
1 16 1
1 16 0
1 16 1
1 16 1
1 16 0
1 16 1
1 16 1
1 16 1
1 16 0
1 16 0
1 16 1
1 16 1
1 16 0
1 16 0
1 16 1
1 16 1
1 16 1
1 16 1
1 16 1
1 16 1
1 1 1
1 1 1
1 1 1
1 1 0
1 1 1
1 6 0
1 6 1
1 6 1
1 6 0
1 6 0
1 6 0
1 6 0
1 6 1
1 6 1
1 6 1
1 6 0
1 6 1
1 6 1
1 6 1
1 6 0
1 6 0
1 6 0
1 6 0
1 6 0
1 6 1
2 16 0
2 16 1
2 16 0
2 16 0
2 16 0
2 16 0
2 16 0
2 16 1
2 16 1
2 12 1
2 12 1
2 12 1
2 12 0
2 12 1
2 6 1
2 6 1
2 6 1
2 6 1
2 6 0
2 6 0
2 6 1
2 6 0
2 6 0
2 6 1
2 6 1
2 6 0
2 6 1
2 6 1
2 6 1
2 6 0
2 6 1
2 6 0
2 6 0
2 6 0
2 6 0
2 6 1
2 6 1
2 2 1
2 2 1
2 2 1
2 2 1
2 4 1
2 4 1
2 4 1
2 4 0
2 15 0
2 15 0
2 15 0
2 15 0
2 1 0
2 1 1
2 1 1
2 1 1
2 1 1
2 1 1
2 1 1
3 16 1
3 16 1
3 16 0
3 16 1
3 16 1
3 16 0
3 16 1
3 16 1
3 16 1
3 16 1
3 16 0
3 16 0
3 16 1
3 16 1
3 3 1
3 3 1
3 3 1
3 3 1
3 2 1
3 2 1
3 2 1
3 2 1
3 2 1
3 13 1
3 13 1
3 13 1
3 13 1
3 1 1
3 1 1
3 1 1
3 1 1
3 6 1
3 6 1
3 6 1
3 6 1
3 6 1
3 6 0
3 6 0
3 6 0
3 6 0
3 6 0
3 6 0
3 6 1
3 6 0
3 6 0
3 6 0
3 6 0
3 6 0
3 6 1
3 6 1
3 6 1
3 6 1
3 6 0
3 6 0
3 6 1
3 6 1
4 12 1
4 12 1
4 12 1
4 12 1
4 12 0
4 4 1
4 4 1
4 4 0
4 4 1
4 4 1
4 4 1
4 4 1
4 3 1
4 3 1
4 3 0
4 3 1
4 3 1
4 3 1
4 2 1
4 2 0
4 2 1
4 2 1
4 2 1
4 2 1
4 13 1
4 13 1
4 13 1
4 13 1
4 15 0
4 15 0
4 15 0
4 15 0
4 1 1
4 1 1
4 1 1
4 1 1
4 1 1
4 1 1
4 1 1
4 1 1
4 1 1
4 1 1
4 1 1
4 1 1
4 1 1
4 1 1
4 1 1
4 1 1
4 8 1
4 8 1
4 8 1
4 8 1
4 8 1
4 8 1
4 8 1
4 8 1
4 14 1
4 14 1
4 14 1
4 14 1
4 6 0
4 6 1
4 6 1
4 6 1
4 6 1
4 6 1
4 6 0
4 6 1
4 6 0
4 6 0
4 6 1
4 6 0
4 6 0
4 6 0
4 6 1
4 6 1
4 6 1
4 6 1
4 6 1
4 6 1
4 6 1
4 6 1
4 6 1
5 5 1
5 5 1
5 5 0
5 5 0
5 5 1
5 4 1
5 4 1
5 4 1
5 4 1
5 4 1
5 4 1
5 4 1
5 3 0
5 3 1
5 3 1
5 3 1
5 3 0
5 3 1
5 3 1
5 3 1
5 3 1
5 3 1
5 3 0
5 3 1
5 2 0
5 2 1
5 2 1
5 2 1
5 2 1
5 2 1
5 17 1
5 17 1
5 17 1
5 17 0
5 9 1
5 9 1
5 9 1
5 9 1
5 9 1
5 9 1
5 9 1
5 1 1
5 1 1
5 1 1
5 1 1
5 1 1
5 1 1
5 1 1
5 1 1
5 1 1
5 1 1
5 1 1
5 1 1
5 1 1
5 1 1
5 1 1
5 1 1
5 1 1
5 1 0
5 7 0
5 7 1
5 7 1
5 7 1
5 11 1
5 11 0
5 11 1
5 11 1
5 6 1
5 6 1
5 6 1
5 6 1
5 6 0
5 6 0
5 6 0
5 6 1
5 6 1
5 6 0
5 6 1
5 6 0
5 6 0
5 6 1
5 6 0
5 6 1
5 6 1
5 6 1
5 6 0
5 6 0
5 6 0
5 6 0
5 6 0
5 6 1
5 8 0
5 8 1
5 8 1
5 8 1
5 8 1
6 16 1
6 16 0
6 16 1
6 16 1
6 16 0
6 16 1
6 16 0
6 16 0
6 16 1
6 16 1
6 16 1
6 16 0
6 16 1
6 16 1
6 16 1
6 16 0
6 16 0
6 16 1
6 16 1
6 16 1
6 16 1
6 16 1
6 16 1
6 16 1
6 16 1
6 16 1
6 16 1
6 16 1
6 16 1
6 16 1
6 16 1
6 16 1
6 16 1
6 16 1
6 16 1
6 16 1
6 16 1
6 16 1
6 16 1
6 16 1
6 16 1
6 16 1
6 16 1
6 16 1
6 16 1
6 16 1
6 16 1
6 16 1
6 16 1
6 16 1
6 16 1
6 16 1
6 6 1
6 6 0
6 6 1
6 6 0
6 6 0
6 6 1
6 6 1
6 6 0
6 6 1
6 6 1
7 16 0
7 16 0
7 16 1
7 16 0
7 16 1
7 16 0
7 16 0
7 16 1
7 16 0
7 16 0
7 16 1
7 16 1
7 16 1
7 12 1
7 12 1
7 12 1
7 12 1
7 6 1
7 6 1
7 6 1
7 6 1
7 6 1
7 6 0
7 6 0
7 6 0
7 6 1
7 6 0
7 6 1
7 6 1
7 6 0
7 6 1
7 6 1
7 6 1
7 6 0
7 6 1
7 6 0
7 6 1
7 6 1
7 6 1
7 6 0
7 6 0
7 5 1
7 5 0
7 5 0
7 5 1
7 5 1
7 2 0
7 2 1
7 2 1
7 2 1
7 2 1
7 2 0
7 2 1
7 13 1
7 13 1
7 13 1
7 13 1
7 9 1
7 9 1
7 9 1
7 9 1
7 9 1
7 1 1
7 1 1
7 1 1
7 1 1
7 1 1
7 1 1
7 1 1
7 1 1
7 1 1
7 1 1
7 14 1
7 14 1
7 14 1
7 14 1
8 16 1
8 16 1
8 16 0
8 16 1
8 16 1
8 16 1
8 16 1
8 16 1
8 16 1
8 16 1
8 16 1
8 16 1
8 16 1
8 16 1
8 16 1
8 16 1
8 16 1
8 16 1
8 16 1
8 16 1
8 16 1
8 16 1
8 16 1
8 16 1
8 16 0
8 16 0
8 16 1
8 16 1
8 16 1
8 16 1
8 16 1
8 16 1
8 16 1
8 16 1
8 16 1
8 16 1
8 16 0
8 16 1
8 16 1
8 16 1
8 16 0
8 16 1
8 16 1
8 16 1
8 16 1
8 16 1
8 16 1
8 16 1
8 16 1
8 16 1
8 16 1
8 16 1
8 16 1
8 16 1
8 16 1
8 16 1
8 16 1
8 16 1
8 16 1
8 16 1
8 16 1
8 16 1
8 16 1
8 16 1
8 16 1
8 16 1
8 16 1
8 16 1
8 16 1
8 16 0
8 16 1
8 16 1
8 16 1
8 16 1
8 16 1
8 16 1
8 16 1
8 16 1
8 16 1
8 16 0
8 16 1
8 5 1
8 5 1
8 5 1
8 5 1
8 6 0
8 6 1
8 6 0
8 6 1
8 6 1
8 6 1
8 6 0
8 6 0
8 6 0
8 6 1
8 6 1
8 6 1
8 6 0
8 6 1
8 6 1
8 6 0
8 6 0
8 6 1
8 6 0
8 6 0
8 6 0
8 6 1
8 6 0
8 6 1
8 6 1
8 4 1
8 4 1
8 4 1
8 4 1
8 4 1
8 4 1
8 4 1
8 1 1
8 1 1
8 1 1
8 1 1
9 16 1
9 16 1
9 16 1
9 16 0
9 16 0
9 16 1
9 16 1
9 16 0
9 16 0
9 16 1
9 16 1
9 16 1
9 16 0
9 16 1
9 16 1
9 16 0
9 16 0
9 16 1
9 16 0
9 16 0
9 16 0
9 16 0
9 16 1
9 16 1
9 16 1
9 16 1
9 16 0
9 16 1
9 16 1
9 16 1
9 16 0
9 16 1
9 16 1
9 16 1
9 16 0
9 16 0
9 16 0
9 16 1
9 16 1
9 16 0
9 16 0
9 16 1
9 16 0
9 16 1
9 16 1
9 16 0
9 16 0
9 16 1
9 16 1
9 16 1
9 16 1
9 16 0
9 16 1
9 16 0
9 16 1
9 16 1
9 16 1
9 16 0
9 6 1
9 6 1
9 6 1
9 6 0
9 6 1
9 6 0
9 6 0
9 6 0
9 6 0
9 6 1
9 6 1
9 6 1
9 6 0
9 6 1
9 6 1
9 6 1
9 6 1
9 6 1
9 6 1
9 6 0
9 6 0
9 6 0
9 6 1
9 6 1
9 14 0
9 14 1
9 14 0
9 14 0
10 12 0
10 12 1
10 12 1
10 12 1
10 12 0
10 12 1
10 4 1
10 4 1
10 4 1
10 4 1
10 4 1
10 4 1
10 4 0
10 4 0
10 4 1
10 4 0
10 4 1
10 4 1
10 4 1
10 3 1
10 3 0
10 3 1
10 3 0
10 3 1
10 3 1
10 3 1
10 2 0
10 2 1
10 2 1
10 2 1
10 2 0
10 2 0
10 17 1
10 17 1
10 17 1
10 17 1
10 15 0
10 15 0
10 15 0
10 15 0
10 15 0
10 1 1
10 1 1
10 1 1
10 1 1
10 1 1
10 1 1
10 1 1
10 1 1
10 1 1
10 1 1
10 1 1
10 1 1
10 8 1
10 8 1
10 8 1
10 8 1
10 8 1
10 8 1
10 11 1
10 11 1
10 11 1
10 11 1
10 11 1
10 11 1
10 11 1
10 11 1
10 11 1
10 6 1
10 6 1
10 6 1
10 6 0
10 6 1
10 6 0
10 6 0
10 6 1
10 6 1
10 6 0
10 6 1
10 6 1
10 6 1
10 6 1
10 6 0
10 6 1
10 6 0
10 6 0
10 6 1
10 6 1
10 6 1
11 16 1
11 16 0
11 16 0
11 16 0
11 16 0
11 16 1
11 16 0
11 16 0
11 16 0
11 16 1
11 16 1
11 16 0
11 16 1
11 16 0
11 16 0
11 16 1
11 16 0
11 16 1
11 6 1
11 6 1
11 6 0
11 6 1
11 6 0
11 6 0
11 6 0
11 6 1
11 6 1
11 6 0
11 6 1
11 6 0
11 6 1
11 6 1
11 6 1
11 6 1
11 6 1
11 6 0
11 6 0
11 6 0
11 6 1
11 6 0
11 6 1
12 16 1
12 16 0
12 16 1
12 16 1
12 16 1
12 16 1
12 16 0
12 16 1
12 16 0
12 16 1
12 16 1
12 16 1
12 16 1
12 16 0
12 16 1
12 16 0
12 6 1
12 6 1
12 6 1
12 6 1
12 6 1
12 6 1
12 6 1
12 6 1
12 6 1
12 6 1
12 6 0
12 6 1
12 6 0
12 6 0
12 6 0
12 6 0
12 6 0
12 6 1
12 6 1
12 6 1
12 14 1
12 14 0
12 14 1
12 14 0
12 3 1
12 3 1
12 3 1
12 3 1
13 16 0
13 16 0
13 16 0
13 16 1
13 16 0
13 16 0
13 16 0
13 16 1
13 16 0
13 16 1
13 16 1
13 16 0
13 16 0
13 16 0
13 16 0
13 12 1
13 12 1
13 12 1
13 12 1
13 3 0
13 3 1
13 3 0
13 3 1
13 3 1
13 3 1
13 2 0
13 2 1
13 2 1
13 2 0
13 2 0
13 4 0
13 4 0
13 4 0
13 4 1
13 4 0
13 4 0
13 4 1
13 15 0
13 15 0
13 15 0
13 15 0
13 15 0
13 15 0
13 15 0
13 1 1
13 1 1
13 1 1
13 1 1
13 1 1
13 1 1
13 8 1
13 8 0
13 8 0
13 8 1
13 8 1
13 6 1
13 6 1
13 6 1
13 6 1
13 6 1
13 6 1
13 6 0
13 6 0
13 6 1
13 6 0
13 6 0
13 6 0
13 6 1
13 6 0
13 6 0
13 6 1
13 6 0
13 6 1
13 6 1
13 6 0
14 16 0
14 16 1
14 16 0
14 16 0
14 16 1
14 16 1
14 16 1
14 16 0
14 6 0
14 6 0
14 6 0
14 6 1
14 6 0
14 6 1
14 6 0
14 6 0
15 4 0
15 4 0
15 4 1
15 4 1
15 4 1
15 6 1
15 6 0
15 6 0
15 6 1
15 6 0
15 6 1
15 6 0
15 6 1
15 6 1
15 6 0
15 6 1
15 6 1
15 6 0
15 6 1
15 6 0
15 6 0
15 6 1
15 6 1
15 6 0
15 6 1
15 6 1
15 6 1
15 6 1
15 6 1
15 2 0
15 2 1
15 2 1
15 2 1
15 2 1
15 2 0
15 2 0
15 1 1
15 1 1
15 1 1
15 1 1
15 1 1
15 1 1
15 1 1
15 1 1
15 1 1
15 8 1
15 8 1
15 8 1
15 8 1
15 8 1
15 8 1
15 3 1
15 3 0
15 3 1
15 3 1
16 16 0
16 16 0
16 16 0
16 16 1
16 6 1
16 6 1
16 6 1
16 6 1
16 6 1
16 6 0
16 6 1
16 6 1
16 6 1
16 6 1
16 6 1
17 16 0
17 16 1
17 16 1
17 16 1
17 16 1
17 16 1
17 16 1
17 16 1
17 16 1
17 16 1
17 16 1
17 16 0
17 16 1
17 16 1
17 16 1
17 16 1
17 16 1
17 16 1
17 16 1
17 16 1
17 16 1
17 16 1
17 16 1
17 16 1
17 16 1
17 16 1
17 16 1
17 6 0
17 6 1
17 6 1
17 6 0
17 6 0
17 6 0
17 6 0
17 6 1
17 6 1
17 6 0
17 6 1
17 6 1
17 6 1
17 6 1
17 6 0
17 6 0
17 6 0
17 6 1
17 6 1
17 6 1
17 6 0
17 6 0
17 6 0
17 6 0
17 6 1
18 16 0
18 16 1
18 16 0
18 16 1
18 16 0
18 16 1
18 16 0
18 16 1
18 16 1
18 16 1
18 16 1
18 16 1
18 16 1
18 16 0
18 16 1
18 16 1
18 16 1
18 16 1
18 16 1
18 16 1
18 16 1
18 16 1
18 16 0
18 16 1
18 16 1
18 16 1
18 16 1
18 16 0
18 16 1
18 16 0
18 16 1
18 16 1
18 16 1
18 16 1
18 16 1
18 16 1
18 16 1
18 16 1
18 16 1
18 16 1
18 16 1
18 16 1
18 16 1
18 16 1
18 16 1
18 16 1
18 16 1
18 16 0
18 16 1
18 16 1
18 16 1
18 16 1
18 16 0
18 16 1
18 16 1
18 16 1
18 16 0
18 16 1
18 16 1
18 16 1
18 16 1
18 16 1
18 16 1
18 16 1
18 6 1
18 6 1
18 6 1
18 6 1
18 6 1
18 6 1
18 6 0
18 6 0
18 6 0
18 6 1
19 16 0
19 16 0
19 16 0
19 16 1
19 16 0
19 16 0
19 16 0
19 16 0
19 16 1
19 16 1
19 16 1
19 16 1
19 16 1
19 16 1
19 16 1
19 16 1
19 16 1
19 16 1
19 16 1
19 16 0
19 16 1
19 16 1
19 16 0
19 16 0
19 16 0
19 16 0
19 16 0
19 16 1
19 16 1
19 16 1
19 16 1
19 16 1
19 16 1
19 16 1
19 16 1
19 16 1
19 16 0
19 16 1
19 16 1
19 16 1
19 16 1
19 16 1
19 16 1
19 16 1
19 16 1
19 16 1
19 16 1
19 16 1
19 16 1
19 16 1
19 16 1
19 16 1
19 16 1
19 16 1
19 6 1
19 6 1
19 6 0
19 6 0
19 6 0
19 6 1
19 6 1
19 6 1
19 6 1
19 6 1
19 6 1
19 6 1
19 6 1
19 6 1
19 6 1
19 6 1
19 6 1
19 6 1
19 6 1
19 6 1
19 6 1
19 6 1
19 6 1
20 15 0
20 15 0
20 15 1
20 15 0
20 15 0
20 15 0
20 9 1
20 9 1
20 9 1
20 9 1
20 9 1
20 9 1
20 9 1
20 21 0
20 21 1
20 21 1
20 21 1
20 21 1
20 21 1
20 6 1
20 6 0
20 6 1
20 6 0
20 6 0
20 6 0
20 6 0
20 6 0
20 6 1
20 6 0
20 6 0
20 6 0
20 6 0
20 6 1
20 6 1
20 6 1
20 6 1
20 6 1
20 6 1
20 6 1
20 6 1
20 6 1
20 6 1
20 6 0
20 5 1
20 5 0
20 5 0
20 5 0
21 5 1
21 5 0
21 5 0
21 5 1
21 1 1
21 1 1
21 1 1
21 1 1
21 1 1
21 1 1
21 1 1
21 6 1
21 6 1
21 6 1
21 6 1
21 6 0
21 6 0
21 6 0
21 6 0
21 6 0
21 6 0
21 6 0
21 6 0
21 4 1
21 4 1
21 4 1
21 4 1
22 12 1
22 12 1
22 12 1
22 12 1
22 12 0
22 12 1
22 4 1
22 4 1
22 4 1
22 4 1
22 4 0
22 4 0
22 4 1
22 3 1
22 3 1
22 3 1
22 3 1
22 3 0
22 3 1
22 3 1
22 3 1
22 2 1
22 2 1
22 2 1
22 2 0
22 2 0
22 2 0
22 5 0
22 5 1
22 5 1
22 5 0
22 5 1
22 5 0
22 15 0
22 15 0
22 15 0
22 15 0
22 1 1
22 1 1
22 1 1
22 1 1
22 1 1
22 1 1
22 1 1
22 1 1
22 1 0
22 1 1
22 1 1
22 1 1
22 1 0
22 11 1
22 11 1
22 11 1
22 11 1
22 11 1
22 11 0
22 14 1
22 14 1
22 14 0
22 14 1
22 6 0
22 6 1
22 6 1
22 6 1
22 6 1
22 6 0
22 6 0
22 6 1
22 6 1
22 6 0
22 6 0
22 6 1
22 6 0
22 6 0
22 6 1
22 6 0
22 6 0
22 6 0
22 6 1
22 6 0
22 6 0
22 6 0
22 6 1
22 6 0
23 16 1
23 16 1
23 16 1
23 16 1
23 16 0
23 16 1
23 16 1
23 16 0
23 16 1
23 16 1
23 16 1
23 16 1
23 16 1
23 16 1
23 16 0
23 16 1
23 16 1
23 16 1
23 16 1
23 16 0
23 16 1
23 16 0
23 16 0
23 16 0
23 16 1
23 16 1
23 16 1
23 16 1
23 16 1
23 16 1
23 16 1
23 16 0
23 16 1
23 16 1
23 16 1
23 16 1
23 16 1
23 16 1
23 16 1
23 16 1
23 16 1
23 16 1
23 16 1
23 16 1
23 16 1
23 16 1
23 16 1
23 16 1
23 16 0
23 16 1
23 16 1
23 16 1
23 16 1
23 16 1
23 16 1
23 16 1
23 16 1
23 16 1
23 16 1
23 1 0
23 1 1
23 1 1
23 1 1
23 1 0
23 1 1
23 1 1
23 1 1
23 1 1
23 1 1
23 6 1
23 6 1
23 6 0
23 6 0
23 6 0
23 6 1
23 6 0
23 6 0
23 6 1
23 6 1
23 6 1
23 6 0
23 6 0
23 6 0
23 6 0
23 6 0
23 6 0
23 6 1
23 6 0
23 6 0
23 6 1
23 6 0
23 6 0
23 6 1
23 6 1
23 2 1
23 2 1
23 2 1
23 2 1
23 2 1
23 4 1
23 4 1
23 4 1
23 4 1
24 4 1
24 4 1
24 4 1
24 4 1
24 4 0
24 4 1
24 4 1
24 6 1
24 6 1
24 6 1
24 6 1
24 6 1
24 6 1
24 6 0
24 6 0
24 6 1
24 6 1
24 6 1
24 6 0
24 6 1
24 14 1
24 14 1
24 14 1
24 14 1
24 14 1
24 14 1
25 4 1
25 4 1
25 4 1
25 4 1
25 4 0
25 4 1
25 4 1
25 4 1
25 4 1
25 4 0
25 4 1
25 4 1
25 4 1
25 3 0
25 3 1
25 3 1
25 3 1
25 3 1
25 3 0
25 2 0
25 2 1
25 2 1
25 2 1
25 2 1
25 5 1
25 5 1
25 5 0
25 5 1
25 1 1
25 1 1
25 1 1
25 1 1
25 1 1
25 1 1
25 1 1
25 6 0
25 6 0
25 6 1
25 6 1
25 6 0
25 6 1
25 6 0
25 6 0
25 6 0
25 6 1
25 6 1
25 6 0
25 6 1
25 6 1
25 6 1
25 6 0
25 6 0
25 6 0
25 6 0
25 6 0
25 6 1
25 6 1
26 6 1
26 6 1
26 6 1
26 6 1
26 6 1
26 6 0
26 6 1
26 6 0
26 6 0
26 6 0
26 6 0
26 6 0
26 6 0
26 6 0
26 6 0
26 6 0
26 6 1
26 6 0
26 6 0
26 6 0
26 6 0
26 6 0
26 2 0
26 2 1
26 2 1
26 2 0
26 17 1
26 17 1
26 17 1
26 17 1
26 15 0
26 15 0
26 15 0
26 15 0
26 1 1
26 1 1
26 1 1
26 1 1
26 8 1
26 8 1
26 8 1
26 8 1
26 14 1
26 14 1
26 14 1
26 14 1
26 23 1
26 23 1
26 23 1
26 23 1
27 16 0
27 16 0
27 16 0
27 16 1
27 16 1
27 16 1
27 16 0
27 16 1
27 16 1
27 16 0
27 16 1
27 16 1
27 16 1
27 16 1
27 16 1
27 16 1
27 16 0
27 16 1
27 16 1
27 16 0
27 16 0
27 16 1
27 16 1
27 16 1
27 16 1
27 16 1
27 16 1
27 16 1
27 16 1
27 16 1
27 16 1
27 16 1
27 16 0
27 16 1
27 16 1
27 16 1
27 16 1
27 16 1
27 16 1
27 16 1
27 16 1
27 16 1
27 16 0
27 16 1
27 16 1
27 16 0
27 16 1
27 16 0
27 6 1
27 6 0
27 6 0
27 6 0
27 6 0
27 6 0
27 6 1
27 6 0
27 6 0
27 6 1
27 6 1
27 6 0
27 6 0
27 6 0
27 6 0
27 6 0
27 6 1
27 6 1
27 6 1
28 16 1
28 16 1
28 16 1
28 16 0
28 16 0
28 16 1
28 16 0
28 16 1
28 16 0
28 16 1
28 16 1
28 16 1
28 16 1
28 16 1
28 16 1
28 16 1
28 16 1
28 16 1
28 16 1
28 16 1
28 16 1
28 16 1
28 16 1
28 16 1
28 16 1
28 16 1
28 16 0
28 16 0
28 16 0
28 16 0
28 16 0
28 16 1
28 16 1
28 16 1
28 16 1
28 16 0
28 16 1
28 16 0
28 16 1
28 16 1
28 16 1
28 16 1
28 16 1
28 16 1
28 16 1
28 16 1
28 16 1
28 16 0
28 16 1
28 16 1
28 16 1
28 16 1
28 16 1
28 16 1
28 16 1
28 16 1
28 16 1
28 16 1
28 16 0
28 16 1
28 16 1
28 16 1
28 16 0
28 16 1
28 16 1
28 16 1
28 6 1
28 6 1
28 6 0
28 6 1
28 6 1
28 6 1
28 6 0
28 6 0
28 6 1
28 6 1
28 6 1
28 6 1
28 6 1
28 6 0
28 6 0
28 6 0
28 6 0
28 6 0
28 6 0
28 6 1
28 6 1
28 6 0
28 6 0
29 6 0
29 6 1
29 6 0
29 6 0
29 6 1
29 6 0
29 6 0
29 6 1
29 6 0
29 6 1
29 6 0
29 6 0
29 6 1
29 6 1
29 6 0
29 6 0
29 6 0
29 6 0
29 6 0
30 16 0
30 16 1
30 16 0
30 16 0
30 16 1
30 16 0
30 16 0
30 16 1
30 16 0
30 1 0
30 1 1
30 1 1
30 1 1
30 6 0
30 6 1
30 6 0
30 6 1
30 6 0
30 6 1
30 6 1
30 6 1
30 6 1
30 6 0
30 6 1
30 6 1
30 6 1
30 6 1
30 4 1
30 4 0
30 4 1
30 4 1
30 4 1
30 4 1
30 4 1
30 4 1
31 12 1
31 12 1
31 12 1
31 12 1
31 12 1
31 4 1
31 4 0
31 4 1
31 4 1
31 4 1
31 4 1
31 4 1
31 4 1
31 6 0
31 6 0
31 6 1
31 6 0
31 6 1
31 6 0
31 6 0
31 6 1
31 6 0
31 6 0
31 6 0
31 6 0
31 6 0
31 6 1
31 6 0
31 6 0
31 6 0
31 6 0
31 6 0
31 6 0
31 6 0
31 6 0
31 2 1
31 2 1
31 2 1
31 2 1
31 2 0
31 2 0
31 2 0
31 19 1
31 19 0
31 19 1
31 19 1
31 1 1
31 1 1
31 1 1
31 1 1
31 1 1
31 1 1
31 1 1
31 11 1
31 11 1
31 11 1
31 11 1
31 11 1
31 3 1
31 3 0
31 3 1
31 3 1
31 3 1
32 16 1
32 16 0
32 16 1
32 16 1
32 16 1
32 16 1
32 16 0
32 16 1
32 16 0
32 16 1
32 16 1
32 12 1
32 12 1
32 12 1
32 12 1
32 12 1
32 3 1
32 3 0
32 3 1
32 3 1
32 3 1
32 3 1
32 3 1
32 3 1
32 3 1
32 2 0
32 2 1
32 2 1
32 2 1
32 2 1
32 2 1
32 15 0
32 15 0
32 15 0
32 15 0
32 15 0
32 15 0
32 1 1
32 1 1
32 1 1
32 1 1
32 1 1
32 1 1
32 1 1
32 1 1
32 1 1
32 1 1
32 1 1
32 1 1
32 1 1
32 7 0
32 7 0
32 7 0
32 7 1
32 11 1
32 11 1
32 11 1
32 11 1
32 11 1
32 11 1
32 11 1
32 6 1
32 6 1
32 6 0
32 6 0
32 6 1
32 6 1
32 6 0
32 6 1
32 6 0
32 6 0
32 6 0
32 6 0
32 6 1
32 6 0
32 6 1
32 6 1
32 6 1
32 6 1
32 6 1
32 6 1
32 6 0
32 6 0
32 6 0
32 6 1
32 6 1
32 4 1
32 4 1
32 4 0
32 4 1
32 4 1
32 5 1
32 5 0
32 5 1
32 5 1
32 17 1
32 17 1
32 17 0
32 17 0
32 8 0
32 8 1
32 8 1
32 8 1
32 8 1
33 16 0
33 16 0
33 16 0
33 16 0
33 6 0
33 6 0
33 6 0
33 6 1
33 6 0
33 6 1
33 6 0
33 6 0
33 6 0
33 6 0
33 6 1
33 6 1
34 16 1
34 16 0
34 16 0
34 16 1
34 16 1
34 4 0
34 4 0
34 4 1
34 4 1
34 4 0
34 4 1
34 4 1
34 4 1
34 4 0
34 6 1
34 6 1
34 6 0
34 6 1
34 6 1
34 6 0
34 6 0
34 6 1
34 6 1
34 6 0
34 6 1
34 6 1
34 6 1
34 6 1
34 6 1
34 6 1
34 6 1
34 6 0
34 6 0
34 6 1
34 6 1
34 6 1
34 2 0
34 2 1
34 2 1
34 2 1
34 2 1
34 2 1
34 17 0
34 17 0
34 17 1
34 17 0
34 1 0
34 1 1
34 1 1
34 1 0
34 1 0
34 1 1
34 1 1
34 1 1
34 1 1
34 1 1
34 1 1
34 1 1
34 1 1
34 7 1
34 7 0
34 7 1
34 7 1
34 7 1
34 3 0
34 3 1
34 3 1
34 3 1
34 3 1
34 3 1
34 3 1
34 3 1
35 16 0
35 16 0
35 16 0
35 16 0
35 16 1
35 16 0
35 16 0
35 16 1
35 16 1
35 16 1
35 16 1
35 16 0
35 16 1
35 16 1
35 16 1
35 12 1
35 12 1
35 12 1
35 12 1
35 12 1
35 12 1
35 6 1
35 6 0
35 6 1
35 6 0
35 6 0
35 6 1
35 6 0
35 6 1
35 6 0
35 6 0
35 6 1
35 6 1
35 6 0
35 6 0
35 6 1
35 6 0
35 6 0
35 6 0
35 6 1
35 6 1
35 6 1
35 6 1
35 2 1
35 2 1
35 2 1
35 2 1
35 2 1
35 4 1
35 4 1
35 4 1
35 4 1
35 4 0
35 4 1
35 4 1
35 4 1
35 4 1
35 15 0
35 15 1
35 15 0
35 15 0
35 1 1
35 1 1
35 1 1
35 1 1
35 1 1
35 1 1
35 1 1
35 1 1
35 1 1
35 1 1
35 1 1
35 7 0
35 7 1
35 7 0
35 7 0
35 7 1
35 14 1
35 14 1
35 14 1
35 14 1
35 3 1
35 3 1
35 3 1
35 3 1
35 3 1
35 3 1
35 3 1
35 3 1
35 3 0
36 4 1
36 4 0
36 4 1
36 4 1
36 4 1
36 4 0
36 4 1
36 4 0
36 4 1
36 4 1
36 4 1
36 4 1
36 6 0
36 6 1
36 6 1
36 6 1
36 6 0
36 6 1
36 6 1
36 6 0
36 6 1
36 6 1
36 6 0
36 6 0
36 6 1
36 6 1
36 6 0
36 6 1
36 6 0
36 6 0
36 6 0
36 6 1
36 2 0
36 2 1
36 2 1
36 2 1
36 2 0
36 2 1
36 1 1
36 1 1
36 1 1
36 1 1
36 11 1
36 11 1
36 11 1
36 11 1
36 11 1
36 11 1
36 11 1
36 11 1
36 11 1
36 3 1
36 3 1
36 3 1
36 3 1
36 3 1
36 3 0
37 6 1
37 6 1
37 6 1
37 6 1
37 6 1
37 6 1
37 6 1
37 6 0
37 6 0
37 6 1
37 6 0
37 6 0
38 16 0
38 16 1
38 16 1
38 16 1
38 16 0
38 16 1
38 16 0
38 16 0
38 16 1
38 16 0
38 16 1
38 16 1
38 16 1
38 16 0
38 16 0
38 16 1
38 16 0
38 16 1
38 16 1
38 16 0
38 16 1
38 16 0
38 16 0
38 16 0
38 16 1
38 16 0
38 16 0
38 16 0
38 16 1
38 16 0
38 16 1
38 16 1
38 16 0
38 16 0
38 16 0
38 16 0
38 16 0
38 16 0
38 16 1
38 16 1
38 16 0
38 16 0
38 6 1
38 6 1
38 6 1
38 6 0
38 6 1
38 6 1
38 6 1
38 6 1
38 6 1
38 6 1
38 6 0
38 6 0
38 6 0
38 6 1
38 6 1
38 6 1
38 6 1
38 6 0
38 6 1
38 6 0
38 6 0
38 6 1
38 6 1
38 6 0
38 6 1
38 6 1
38 6 1
38 6 1
38 6 1
38 2 1
38 2 1
38 2 1
38 2 1
38 2 0
39 16 0
39 16 0
39 16 0
39 16 0
39 16 1
39 16 0
39 16 0
39 16 1
39 16 0
39 16 0
39 16 1
39 16 0
39 16 1
39 16 1
39 16 1
39 16 0
39 16 0
39 16 1
39 16 0
39 16 0
39 16 0
39 16 0
39 16 1
39 16 0
39 16 0
39 16 0
39 16 0
39 16 1
39 16 1
39 16 1
39 16 1
39 16 1
39 16 1
39 6 1
39 6 0
39 6 1
39 6 0
39 6 1
39 6 0
39 6 0
39 6 0
39 6 0
39 6 0
39 6 0
39 6 1
39 6 1
39 6 1
39 6 1
39 6 1
39 6 1
39 6 1
39 6 1
39 6 1
39 6 1
40 16 1
40 16 0
40 16 1
40 16 0
40 16 0
40 16 1
40 16 1
40 16 0
40 16 1
40 16 1
40 16 1
40 16 1
40 16 1
40 16 0
40 16 1
40 16 1
40 16 1
40 16 1
40 16 1
40 16 1
40 16 1
40 16 0
40 16 0
40 16 1
40 16 1
40 16 0
40 16 1
40 16 1
40 16 1
40 16 1
40 16 1
40 16 1
40 16 1
40 16 1
40 16 1
40 16 1
40 16 1
40 16 1
40 16 1
40 16 1
40 16 1
40 16 1
40 16 1
40 16 0
40 16 0
40 16 1
40 16 1
40 16 1
40 16 1
40 16 0
40 16 0
40 16 1
40 16 1
40 16 1
40 16 0
40 16 1
40 16 1
40 16 1
40 16 0
40 16 1
40 16 1
40 16 1
40 16 1
40 16 1
40 16 1
40 4 1
40 4 1
40 4 1
40 4 1
40 4 1
40 4 1
40 4 1
40 4 1
40 4 1
40 6 0
40 6 0
40 6 0
40 6 1
40 6 1
40 6 0
40 6 1
40 6 0
40 6 0
40 6 1
40 6 0
40 6 0
40 6 0
40 6 0
40 6 0
40 6 0
40 6 0
40 6 0
40 6 0
40 6 1
40 6 1
40 6 0
40 6 0
40 2 1
40 2 1
40 2 1
40 2 1
40 13 1
40 13 1
40 13 1
40 13 1
40 17 0
40 17 1
40 17 1
40 17 0
40 5 1
40 5 1
40 5 0
40 5 1
40 5 1
40 5 1
40 5 1
40 5 1
40 5 1
40 1 1
40 1 1
40 1 1
40 1 1
40 1 1
40 1 1
40 1 1
40 1 1
40 1 1
40 1 1
40 1 1
40 14 1
40 14 1
40 14 1
40 14 1
40 3 0
40 3 1
40 3 1
40 3 0
40 3 1
41 16 0
41 16 0
41 16 1
41 16 1
41 16 0
41 16 1
41 16 1
41 16 1
41 16 1
41 16 1
41 16 1
41 16 1
41 16 1
41 16 1
41 16 1
41 16 1
41 16 1
41 16 0
41 16 1
41 16 1
41 16 1
41 16 1
41 16 1
41 16 1
41 16 1
41 16 1
41 16 1
41 16 1
41 16 1
41 16 1
41 16 1
41 16 1
41 16 1
41 16 1
41 16 1
41 16 1
41 16 1
41 16 1
41 16 1
41 16 1
41 16 1
41 16 1
41 16 1
41 16 1
41 16 1
41 16 1
41 16 1
41 16 1
41 16 1
41 6 0
41 6 0
41 6 1
41 6 0
41 6 0
41 6 1
41 6 0
41 2 1
41 2 1
41 2 1
41 2 1
42 16 1
42 16 1
42 16 1
42 16 0
42 16 0
42 16 1
42 16 0
42 16 0
42 16 1
42 16 1
42 16 0
42 16 0
42 16 1
42 16 1
42 16 1
42 16 0
42 16 1
42 16 0
42 16 0
42 6 1
42 6 1
42 6 1
42 6 1
42 6 0
42 6 1
42 6 1
42 6 1
42 6 1
42 6 0
42 6 1
42 6 0
42 6 1
42 6 1
42 6 0
42 6 1
42 6 0
42 6 0
42 6 0
42 6 1
43 16 1
43 16 0
43 16 1
43 16 0
43 16 0
43 16 1
43 16 0
43 16 0
43 16 1
43 16 1
43 12 1
43 12 1
43 12 1
43 12 1
43 12 1
43 3 1
43 3 1
43 3 1
43 3 1
43 3 1
43 3 0
43 3 0
43 3 0
43 3 1
43 2 0
43 2 1
43 2 1
43 2 1
43 2 1
43 15 1
43 15 0
43 15 0
43 15 0
43 15 0
43 4 1
43 4 1
43 4 1
43 4 1
43 4 1
43 4 1
43 4 1
43 5 0
43 5 1
43 5 1
43 5 1
43 1 1
43 1 1
43 1 1
43 1 1
43 1 1
43 1 1
43 1 1
43 1 1
43 1 1
43 1 1
43 1 1
43 1 1
43 1 1
43 1 1
43 7 1
43 7 1
43 7 1
43 7 0
43 8 0
43 8 1
43 8 1
43 8 1
43 8 1
43 8 1
43 6 1
43 6 1
43 6 0
43 6 1
43 6 1
43 6 1
43 6 1
43 6 1
43 6 1
43 6 1
43 6 1
43 6 1
43 6 0
43 6 1
43 6 1
43 6 1
43 6 1
43 6 0
43 6 0
43 6 0
43 6 1
43 6 1
43 6 1
44 16 0
44 16 0
44 16 0
44 16 0
44 16 1
44 16 0
44 16 1
44 16 0
44 16 0
44 16 1
44 16 1
44 16 0
44 16 1
44 16 0
44 16 1
44 16 0
44 16 0
44 16 0
44 16 1
44 16 0
44 16 0
44 16 1
44 16 1
44 16 0
44 16 0
44 16 0
44 16 1
44 16 1
44 16 1
44 16 0
44 16 1
44 16 0
44 16 1
44 16 1
44 16 1
44 16 1
44 16 1
44 16 1
44 16 0
44 16 1
44 16 1
44 16 0
44 16 1
44 16 1
44 16 1
44 16 1
44 16 1
44 16 1
44 16 1
44 16 1
44 16 1
44 16 1
44 6 1
44 6 0
44 6 1
44 6 0
44 6 0
44 6 1
44 6 0
44 6 0
44 6 0
44 6 1
44 6 0
44 6 1
44 6 1
44 6 0
44 6 1
44 6 0
44 6 0
44 6 0
44 6 1
44 6 1
44 6 1
44 6 1
45 12 1
45 12 1
45 12 1
45 12 1
45 4 1
45 4 0
45 4 0
45 4 1
45 4 1
45 4 0
45 4 1
45 3 0
45 3 0
45 3 0
45 3 0
45 3 1
45 3 0
45 2 0
45 2 1
45 2 1
45 2 1
45 2 1
45 2 0
45 15 0
45 15 0
45 15 0
45 15 0
45 15 0
45 1 1
45 1 1
45 1 1
45 1 1
45 1 1
45 1 1
45 1 1
45 1 1
45 1 1
45 8 1
45 8 1
45 8 1
45 8 1
45 8 1
45 11 1
45 11 1
45 11 0
45 11 1
45 6 0
45 6 0
45 6 1
45 6 1
45 6 0
45 6 1
45 6 0
45 6 0
45 6 0
45 6 0
45 6 1
45 6 0
45 6 0
45 6 1
45 6 0
45 6 0
45 6 1
45 6 0
45 6 0
45 6 0
45 6 0
45 6 0
45 6 1
45 6 1
46 4 1
46 4 1
46 4 1
46 4 1
46 4 0
46 4 1
46 4 1
46 4 1
46 4 1
46 4 0
46 4 1
46 4 1
46 4 1
46 3 0
46 3 1
46 3 1
46 3 1
46 3 1
46 3 0
46 2 0
46 2 1
46 2 1
46 2 1
46 2 1
46 5 1
46 5 1
46 5 0
46 5 1
46 1 1
46 1 1
46 1 1
46 1 1
46 1 1
46 1 1
46 1 1
46 6 0
46 6 0
46 6 1
46 6 1
46 6 0
46 6 1
46 6 0
46 6 0
46 6 0
46 6 1
46 6 1
46 6 0
46 6 1
46 6 1
46 6 1
46 6 0
46 6 0
46 6 0
46 6 0
46 6 0
46 6 1
46 6 1
47 1 1
47 1 1
47 1 1
47 1 1
47 6 0
47 6 1
47 6 1
47 6 1
47 6 1
47 6 1
47 6 0
47 6 0
47 6 0
47 6 1
47 6 1
47 6 0
47 6 1
47 6 1
47 6 0
47 6 0
47 6 0
47 6 0
47 6 0
47 6 0
47 6 0
47 6 1
47 3 1
47 3 1
47 3 1
47 3 1
47 3 1
47 3 1
47 4 1
47 4 1
47 4 0
47 4 1
47 4 1
47 4 1
47 4 0
47 4 1
48 6 1
48 6 1
48 6 1
48 6 1
48 6 1
48 6 1
48 6 1
48 6 0
48 6 0
48 6 1
48 6 0
48 6 0
49 16 1
49 16 1
49 16 1
49 16 1
49 16 1
49 16 0
49 16 1
49 16 1
49 12 1
49 12 1
49 12 1
49 12 0
49 12 1
49 6 1
49 6 1
49 6 1
49 6 1
49 6 0
49 6 0
49 6 1
49 6 1
49 6 1
49 6 1
49 6 1
49 6 1
49 6 0
49 6 1
49 6 1
49 6 1
49 6 1
49 6 1
49 6 1
49 6 1
49 6 0
49 6 1
49 6 1
49 6 0
49 6 1
49 2 1
49 2 1
49 2 1
49 2 1
49 2 1
49 2 0
49 4 0
49 4 1
49 4 0
49 4 1
49 4 1
49 4 1
49 4 0
49 4 1
49 4 0
49 4 1
49 4 1
49 4 1
49 4 1
49 4 0
49 1 1
49 1 0
49 1 0
49 1 1
49 1 1
49 1 0
49 1 1
49 1 1
49 1 1
49 1 1
49 1 1
49 1 1
49 1 1
49 1 1
49 1 1
49 1 1
49 1 1
49 7 0
49 7 0
49 7 1
49 7 1
49 17 0
49 17 1
49 17 1
49 17 1
49 3 1
49 3 1
49 3 1
49 3 1
49 3 1
49 8 1
49 8 1
49 8 1
49 8 1
49 8 1
49 8 1
49 8 1
49 8 1
50 16 0
50 16 0
50 16 0
50 16 1
50 16 0
50 16 1
50 16 0
50 16 0
50 6 0
50 6 0
50 6 0
50 6 0
50 6 0
50 6 0
50 6 1
50 6 1
50 6 1
50 6 0
51 1 1
51 1 1
51 1 1
51 1 1
51 6 1
51 6 1
51 6 1
51 6 0
51 6 0
51 6 0
51 6 0
51 6 1
51 6 1
51 6 1
51 6 0
51 6 1
51 6 1
51 6 0
51 6 0
51 6 0
51 6 0
51 6 0
51 6 0
51 6 1
51 6 1
52 16 0
52 16 0
52 16 1
52 16 0
52 16 1
52 16 0
52 16 0
52 12 1
52 12 1
52 12 1
52 12 1
52 12 1
52 12 1
52 3 1
52 3 0
52 3 1
52 3 1
52 4 1
52 4 1
52 4 1
52 4 1
52 4 1
52 4 1
52 5 0
52 5 1
52 5 0
52 5 1
52 1 1
52 1 0
52 1 1
52 1 1
52 1 0
52 11 1
52 11 1
52 11 1
52 11 0
52 6 0
52 6 0
52 6 0
52 6 1
52 6 1
52 6 1
52 6 0
52 6 1
52 6 0
52 6 0
52 6 0
52 6 0
52 6 1
52 6 1
52 6 1
52 6 0
52 6 1
52 6 1
52 6 1
52 6 1
52 6 1
52 6 1
52 6 0
52 6 1
53 16 1
53 16 0
53 16 0
53 16 1
53 16 0
53 16 0
53 16 1
53 16 0
53 16 1
53 16 1
53 16 0
53 4 0
53 4 1
53 4 0
53 4 1
53 4 1
53 4 1
53 4 1
53 6 1
53 6 1
53 6 1
53 6 1
53 6 0
53 6 1
53 6 1
53 6 0
53 6 1
53 6 0
53 6 1
53 6 0
53 6 0
53 6 0
53 6 0
53 6 0
53 6 1
53 6 0
53 6 0
53 6 0
53 6 1
54 16 0
54 16 1
54 16 0
54 16 0
54 16 1
54 12 1
54 12 1
54 12 0
54 12 1
54 3 1
54 3 1
54 3 1
54 3 0
54 3 1
54 3 1
54 3 1
54 3 1
54 2 0
54 2 1
54 2 1
54 2 1
54 2 1
54 2 0
54 19 1
54 19 1
54 19 1
54 19 1
54 4 1
54 4 1
54 4 1
54 4 1
54 4 1
54 15 0
54 15 0
54 15 0
54 15 0
54 1 0
54 1 1
54 1 1
54 1 1
54 1 1
54 1 0
54 8 1
54 8 1
54 8 1
54 8 1
54 8 1
54 8 1
54 8 1
54 8 1
54 17 1
54 17 1
54 17 1
54 17 1
54 17 1
54 6 1
54 6 1
54 6 0
54 6 1
54 6 1
54 6 0
54 6 0
54 6 0
54 6 1
54 6 0
54 6 0
54 6 1
54 6 0
54 6 1
54 6 1
54 6 1
54 6 0
54 6 0
54 6 0
54 6 0
54 6 1
54 6 0
55 12 1
55 12 1
55 12 1
55 12 1
55 12 1
55 19 1
55 19 1
55 19 1
55 19 1
55 6 0
55 6 1
55 6 1
55 6 1
55 6 1
55 6 1
55 6 1
55 6 1
55 6 0
55 6 0
55 6 0
55 6 0
55 6 1
55 6 1
55 6 0
55 6 1
55 6 1
55 6 0
55 6 0
55 6 0
55 6 0
55 6 1
55 6 1
55 6 1
55 6 0
55 6 1
55 6 1
55 20 1
55 20 1
55 20 1
55 20 1
55 2 1
55 2 1
55 2 1
55 2 1
55 2 1
55 2 1
55 4 1
55 4 1
55 4 1
55 4 1
55 4 1
55 4 1
55 4 1
55 4 1
55 4 1
55 1 1
55 1 1
55 1 1
55 1 1
55 1 1
55 1 1
55 1 1
55 1 1
55 1 0
55 14 0
55 14 1
55 14 1
55 14 1
55 14 1
55 14 1
55 11 1
55 11 1
55 11 1
55 11 1
55 11 1
55 18 1
55 18 1
55 18 1
55 18 1
55 3 1
55 3 1
55 3 1
55 3 0
56 4 1
56 4 1
56 4 1
56 4 0
56 6 1
56 6 0
56 6 0
56 6 1
56 6 1
56 6 0
56 6 0
56 6 0
56 6 0
56 6 1
56 6 1
56 6 0
56 6 0
56 6 0
56 6 1
56 6 0
56 6 0
56 6 0
56 6 1
56 6 0
56 6 1
56 2 0
56 2 1
56 2 1
56 2 1
56 1 1
56 1 1
56 1 1
56 1 1
56 1 1
56 1 1
56 1 1
56 1 1
56 1 1
56 1 1
56 11 0
56 11 1
56 11 1
56 11 1
56 11 1
56 11 1
56 11 1
56 11 1
56 3 1
56 3 0
56 3 1
56 3 1
57 16 1
57 16 1
57 16 1
57 16 0
57 16 0
57 16 1
57 16 1
57 16 1
57 16 1
57 16 0
57 16 1
57 16 1
57 16 0
57 16 0
57 16 1
57 16 0
57 16 0
57 16 0
57 16 1
57 16 1
57 16 0
57 16 0
57 16 0
57 16 1
57 16 1
57 16 0
57 16 0
57 16 0
57 16 0
57 16 1
57 16 1
57 16 1
57 16 0
57 16 0
57 16 0
57 16 1
57 16 1
57 16 0
57 16 1
57 16 0
57 16 1
57 16 1
57 16 0
57 16 0
57 1 0
57 1 1
57 1 1
57 1 1
57 1 1
57 1 1
57 1 1
57 1 1
57 1 1
57 1 1
57 1 1
57 1 1
57 1 1
57 1 1
57 1 1
57 1 0
57 1 0
57 6 0
57 6 0
57 6 0
57 6 0
57 6 0
57 6 0
57 6 0
57 6 1
57 6 0
57 6 0
57 6 0
57 6 1
57 6 0
57 6 1
57 6 0
57 6 1
57 6 1
57 6 0
57 6 0
57 6 0
57 6 0
57 6 1
57 6 1
57 6 0
57 6 0
57 6 1
57 15 1
57 15 1
57 15 0
57 15 1
57 15 1
57 15 1
57 15 1
57 15 1
57 15 0
57 15 0
57 15 0
57 15 1
57 15 0
58 10 0
58 10 1
58 10 1
58 10 1
58 4 1
58 4 1
58 4 1
58 4 1
58 4 0
58 4 1
58 4 1
58 4 0
58 4 1
58 4 1
58 4 1
58 4 1
58 3 1
58 3 1
58 3 1
58 3 1
58 3 1
58 3 1
58 3 1
58 3 1
58 3 1
58 2 0
58 2 0
58 2 1
58 2 1
58 2 1
58 2 1
58 2 1
58 9 1
58 9 1
58 9 0
58 9 1
58 1 1
58 1 1
58 1 1
58 1 1
58 1 1
58 1 1
58 1 1
58 1 1
58 1 1
58 1 1
58 1 1
58 1 1
58 1 1
58 1 1
58 7 0
58 7 1
58 7 1
58 7 1
58 7 1
58 11 1
58 11 1
58 11 1
58 11 1
58 6 1
58 6 1
58 6 1
58 6 1
58 6 0
58 6 1
58 6 1
58 6 1
58 6 0
58 6 0
58 6 1
58 6 0
58 6 1
58 6 1
58 6 1
58 6 0
58 6 1
58 6 1
58 6 1
58 6 1
58 6 1
58 6 1
58 6 1
58 8 1
58 8 1
58 8 1
58 8 1
58 8 1
59 16 0
59 16 1
59 16 0
59 16 0
59 16 1
59 16 0
59 16 1
59 16 0
59 16 0
59 16 0
59 16 0
59 16 0
59 16 0
59 16 0
59 16 0
59 16 1
59 16 0
59 16 0
59 16 1
59 16 0
59 16 0
59 16 0
59 16 0
59 16 0
59 16 1
59 16 1
59 6 1
59 6 1
59 6 1
59 6 0
59 6 0
59 6 0
59 6 0
59 6 0
59 6 1
59 6 0
59 6 1
59 6 0
59 6 0
59 6 1
60 16 0
60 16 0
60 16 1
60 16 0
60 16 0
60 16 0
60 16 0
60 16 1
60 16 0
60 16 0
60 16 0
60 16 0
60 16 1
60 16 0
60 16 0
60 16 0
60 16 0
60 16 0
60 16 0
60 16 0
60 16 1
60 16 0
60 16 1
60 16 0
60 16 0
60 16 1
60 16 1
60 16 0
60 16 0
60 16 0
60 16 0
60 16 0
60 16 0
60 16 0
60 16 0
60 16 1
60 16 1
60 16 1
60 16 1
60 16 0
60 16 1
60 16 1
60 16 1
60 16 0
60 16 1
60 16 1
60 16 1
60 16 1
60 16 1
60 16 1
60 16 0
60 16 1
60 16 1
60 16 1
60 16 1
60 16 1
60 16 1
60 16 1
60 6 1
60 6 0
60 6 0
60 6 1
60 6 0
60 6 1
60 6 0
60 6 0
60 6 0
60 6 0
60 6 0
60 6 1
60 6 1
60 6 1
60 6 0
60 6 0
60 6 0
60 6 0
60 6 0
60 6 0
60 6 1
60 6 0
61 22 1
61 22 0
61 22 1
61 22 1
61 4 1
61 4 1
61 4 1
61 4 0
61 4 1
61 4 1
61 4 1
61 4 1
61 4 1
61 4 1
61 4 1
61 6 1
61 6 1
61 6 1
61 6 1
61 6 1
61 6 1
61 6 0
61 6 1
61 6 1
61 6 1
61 6 1
61 6 0
61 6 1
61 6 1
61 6 1
61 6 1
61 6 1
61 6 0
61 6 0
61 6 0
61 6 0
61 6 0
61 2 0
61 2 1
61 2 1
61 2 1
61 2 1
61 2 1
61 17 1
61 17 1
61 17 1
61 17 1
61 17 0
61 17 1
61 17 1
61 9 1
61 9 0
61 9 1
61 9 1
61 1 1
61 1 1
61 1 1
61 1 1
61 1 1
61 1 1
61 1 1
61 1 1
61 1 1
61 1 0
61 8 0
61 8 1
61 8 1
61 8 1
61 8 1
61 8 1
61 8 1
61 3 1
61 3 1
61 3 1
61 3 1
61 3 1
61 3 1
61 3 0
61 3 1
62 16 0
62 16 0
62 16 0
62 16 1
62 16 0
62 16 0
62 16 0
62 16 0
62 16 0
62 16 0
62 16 0
62 16 0
62 16 0
62 16 0
62 16 1
62 16 0
62 16 0
62 16 0
62 16 0
62 16 1
62 16 0
62 16 0
62 16 0
62 16 0
62 16 1
62 16 1
62 6 0
62 6 1
62 6 1
62 6 1
62 6 0
62 6 0
62 6 0
62 6 1
62 6 0
62 6 0
62 6 0
62 6 0
62 6 1
62 6 0
62 6 1
62 6 1
62 6 1
62 6 1
62 6 0
63 4 1
63 4 0
63 4 1
63 4 1
63 4 0
63 4 1
63 6 1
63 6 1
63 6 1
63 6 1
63 6 0
63 6 1
63 6 1
63 6 1
63 6 1
63 6 1
63 6 0
63 6 1
63 6 1
63 6 1
63 6 0
63 2 1
63 2 1
63 2 1
63 2 1
63 2 1
63 2 0
63 17 1
63 17 1
63 17 1
63 17 1
63 5 0
63 5 1
63 5 1
63 5 1
63 1 1
63 1 1
63 1 1
63 1 1
63 1 1
63 1 1
63 1 1
63 1 1
63 1 1
63 1 1
63 1 1
63 1 1
63 1 1
63 1 1
63 1 1
63 14 1
63 14 1
63 14 1
63 14 1
63 14 1
63 3 1
63 3 1
63 3 1
63 3 1
64 16 1
64 16 0
64 16 0
64 16 0
64 16 0
64 16 0
64 16 0
64 16 0
64 16 0
64 16 0
64 16 1
64 16 1
64 16 0
64 16 0
64 16 0
64 16 1
64 16 0
64 12 0
64 12 1
64 12 1
64 12 0
64 6 1
64 6 1
64 6 1
64 6 1
64 6 1
64 6 1
64 6 1
64 6 0
64 6 0
64 6 0
64 6 1
64 6 0
64 6 1
64 6 1
64 6 1
64 6 1
64 6 1
64 6 1
64 6 0
64 6 1
64 6 1
64 6 1
64 6 1
64 6 1
64 2 1
64 2 1
64 2 1
64 2 1
64 4 0
64 4 0
64 4 1
64 4 1
64 4 1
64 5 1
64 5 0
64 5 0
64 5 1
64 5 1
64 1 0
64 1 1
64 1 0
64 1 1
64 1 1
64 1 1
64 1 1
64 1 1
64 1 1
64 1 1
64 1 1
64 7 1
64 7 0
64 7 1
64 7 1
64 11 1
64 11 1
64 11 1
64 11 1
64 11 1
64 11 1
64 11 1
64 11 1
64 11 1
64 11 1
64 11 1
64 11 1
64 11 1
64 14 1
64 14 1
64 14 1
64 14 1
64 3 1
64 3 1
64 3 1
64 3 1
64 3 1
65 16 1
65 16 1
65 16 1
65 16 1
65 16 1
65 16 0
65 16 1
65 16 1
65 12 1
65 12 1
65 12 1
65 12 0
65 12 1
65 6 1
65 6 1
65 6 1
65 6 1
65 6 0
65 6 0
65 6 1
65 6 1
65 6 1
65 6 1
65 6 1
65 6 1
65 6 0
65 6 1
65 6 1
65 6 1
65 6 1
65 6 1
65 6 1
65 6 1
65 6 0
65 6 1
65 6 1
65 6 0
65 6 1
65 2 1
65 2 1
65 2 1
65 2 1
65 2 1
65 2 0
65 4 0
65 4 1
65 4 0
65 4 1
65 4 1
65 4 1
65 4 0
65 4 1
65 4 0
65 4 1
65 4 1
65 4 1
65 4 1
65 4 0
65 1 1
65 1 0
65 1 0
65 1 1
65 1 1
65 1 0
65 1 1
65 1 1
65 1 1
65 1 1
65 1 1
65 1 1
65 1 1
65 1 1
65 1 1
65 1 1
65 1 1
65 7 0
65 7 0
65 7 1
65 7 1
65 17 0
65 17 1
65 17 1
65 17 1
65 3 1
65 3 1
65 3 1
65 3 1
65 3 1
65 8 1
65 8 1
65 8 1
65 8 1
65 8 1
65 8 1
65 8 1
65 8 1
66 16 0
66 16 0
66 16 1
66 16 1
66 16 0
66 1 0
66 1 0
66 1 1
66 1 0
66 1 1
66 1 1
66 1 1
66 1 1
66 1 1
66 1 1
66 1 1
66 1 1
66 1 1
66 1 1
66 1 1
66 1 1
66 1 1
66 1 1
66 1 0
66 6 1
66 6 1
66 6 0
66 6 0
66 6 1
66 6 0
66 6 1
66 6 1
66 6 1
66 6 1
66 6 1
66 6 1
66 6 0
66 6 0
66 6 0
66 6 0
66 2 0
66 2 1
66 2 1
66 2 1
67 15 0
67 15 0
67 15 0
67 15 0
67 1 1
67 1 0
67 1 1
67 1 1
67 6 1
67 6 1
67 6 0
67 6 1
67 6 0
67 6 1
67 6 1
67 6 1
67 6 1
67 6 1
67 6 0
67 6 0
67 6 0
67 6 0
67 6 0
67 6 1
67 6 1
67 6 1
67 4 1
67 4 1
67 4 1
67 4 1
67 4 1
67 4 1
68 16 0
68 16 1
68 16 0
68 16 0
68 4 0
68 4 1
68 4 1
68 4 1
68 4 1
68 4 1
68 4 1
68 4 1
68 4 1
68 3 1
68 3 0
68 3 1
68 3 1
68 3 1
68 3 1
68 6 1
68 6 0
68 6 1
68 6 1
68 6 1
68 6 1
68 6 1
68 6 0
68 6 0
68 6 1
68 6 0
68 6 0
68 6 1
68 6 0
68 6 0
68 6 1
68 6 1
68 6 1
68 6 1
68 6 0
68 6 0
68 6 1
68 6 1
68 6 1
68 2 0
68 2 1
68 2 1
68 2 1
68 2 1
68 2 1
68 2 0
68 5 0
68 5 1
68 5 1
68 5 1
68 15 0
68 15 0
68 15 0
68 15 0
68 1 1
68 1 1
68 1 1
68 1 1
68 1 1
68 1 1
68 1 1
68 1 1
68 1 1
68 1 1
68 1 0
68 7 1
68 7 1
68 7 1
68 7 0
68 7 1
68 14 0
68 14 1
68 14 1
68 14 1
68 12 0
68 12 1
68 12 1
68 12 0
68 12 0
69 16 0
69 16 0
69 16 1
69 16 1
69 16 0
69 16 1
69 16 0
69 16 1
69 16 1
69 16 1
69 16 1
69 1 1
69 1 1
69 1 1
69 1 0
69 1 1
69 6 1
69 6 1
69 6 0
69 6 1
69 6 0
69 6 0
69 6 1
69 6 0
69 6 0
69 6 1
69 6 0
69 6 1
69 6 1
69 6 0
69 6 1
69 6 0
69 6 0
69 6 0
69 6 0
69 6 0
69 6 0
69 6 1
69 6 0
69 6 1
69 6 0
70 1 1
70 1 1
70 1 1
70 1 1
70 1 1
70 1 1
70 6 1
70 6 1
70 6 1
70 6 0
70 6 0
70 6 0
70 6 1
70 6 1
70 6 0
70 6 0
