1 3 1
1 3 1
1 3 1
1 3 0
1 3 1
1 3 0
1 3 0
1 4 1
1 4 1
1 4 0
1 4 1
1 4 1
1 9 1
1 9 1
1 9 1
1 9 1
1 9 0
1 6 1
1 6 1
1 6 1
1 6 1
1 6 1
1 2 1
1 2 1
1 2 1
1 2 1
1 2 1
1 2 1
1 2 1
1 2 1
1 2 0
1 2 1
1 2 1
1 2 1
1 2 1
1 2 1
1 2 1
1 2 1
1 2 1
1 2 1
1 2 1
1 2 1
1 2 1
1 2 1
1 8 1
1 8 1
1 8 1
1 8 1
1 8 1
1 8 1
1 8 1
1 8 1
2 2 1
2 2 1
2 2 1
2 2 1
2 2 1
2 2 1
2 2 1
2 2 1
2 2 1
2 2 1
2 2 1
2 2 1
2 2 1
2 2 1
2 2 0
2 2 1
2 4 1
2 4 1
2 4 1
2 4 1
3 2 1
3 2 1
3 2 1
3 2 1
3 2 1
3 2 1
3 2 1
3 2 1
3 2 1
3 2 1
3 2 1
3 2 1
3 2 0
3 2 1
3 2 1
3 2 1
3 2 1
3 2 1
3 2 1
3 2 1
3 2 1
3 2 1
3 2 1
3 3 1
3 3 1
3 3 1
3 3 1
3 4 1
3 4 1
3 4 1
3 4 1
3 9 0
3 9 1
3 9 0
3 9 1
4 2 1
4 2 1
4 2 1
4 2 1
4 2 1
4 2 1
4 2 1
4 2 1
4 2 1
4 2 1
4 2 1
4 2 1
4 2 0
4 2 0
4 2 1
4 2 1
4 2 1
4 2 1
4 2 1
4 2 1
4 2 1
4 2 1
4 2 1
4 2 1
4 2 1
4 2 1
4 2 1
4 2 1
4 2 1
4 2 1
4 2 1
4 2 1
4 2 1
4 3 1
4 3 1
4 3 1
4 3 0
4 3 1
5 12 0
5 12 1
5 12 1
5 12 0
5 2 1
5 2 1
5 2 1
5 2 1
5 2 1
5 2 1
5 2 1
5 2 0
5 2 1
5 2 1
5 2 1
5 2 1
5 2 1
5 2 1
5 2 1
5 2 1
5 2 1
5 2 1
5 2 0
5 2 1
5 2 1
5 2 1
5 2 1
5 2 1
5 2 1
5 2 1
5 2 1
5 2 1
5 2 1
5 2 1
5 2 1
5 2 1
5 2 1
5 2 1
5 2 1
5 2 1
5 2 1
5 2 1
5 2 1
5 2 1
5 2 1
5 2 1
5 2 1
5 2 1
5 2 1
5 2 1
5 2 1
5 2 1
5 2 1
5 2 1
5 3 1
5 3 1
5 3 0
5 3 0
5 3 1
5 3 0
5 3 1
5 3 0
5 3 0
5 3 1
5 9 1
5 9 1
5 9 1
5 9 0
6 7 1
6 7 1
6 7 1
6 7 1
6 7 1
6 7 1
6 7 1
6 3 1
6 3 1
6 3 0
6 3 1
6 3 1
6 3 0
6 3 1
6 3 0
6 3 1
6 3 1
6 3 1
6 3 0
6 4 1
6 4 1
6 4 1
6 4 1
6 4 1
6 4 1
6 4 1
6 4 1
6 4 1
6 4 0
6 4 1
6 4 1
6 4 1
6 4 1
6 9 0
6 9 1
6 9 1
6 9 1
6 9 0
6 9 0
6 9 0
6 2 1
6 2 1
6 2 1
6 2 1
6 2 1
6 2 1
6 2 1
6 2 1
6 2 1
6 2 1
6 2 1
6 2 1
6 8 1
6 8 1
6 8 1
6 8 1
6 8 1
6 8 1
6 8 1
7 2 1
7 2 1
7 2 1
7 2 0
7 2 1
7 2 1
7 2 1
7 2 1
7 2 1
7 2 1
7 2 1
7 2 1
7 2 1
8 2 1
8 2 1
8 2 1
8 2 1
8 2 1
8 2 1
8 2 1
8 2 1
8 2 1
8 2 1
8 2 1
8 2 1
8 2 1
8 2 1
8 2 1
8 2 0
8 2 0
8 2 0
8 2 0
8 2 1
9 2 1
9 2 1
9 2 1
9 2 1
9 2 1
9 2 1
9 2 1
9 2 1
9 2 1
9 2 1
9 2 1
9 2 1
9 2 1
9 2 1
9 2 1
9 2 1
9 2 1
9 2 1
9 2 1
9 2 1
9 3 1
9 3 0
9 3 1
9 3 1
9 3 1
9 3 1
9 3 1
9 3 1
9 4 1
9 4 1
9 4 1
9 4 1
9 4 1
9 4 1
9 4 0
9 4 1
9 8 1
9 8 1
9 8 1
9 8 1
9 8 1
9 8 1
9 8 1
9 6 0
9 6 1
9 6 1
9 6 1
10 1 0
10 1 1
10 1 0
10 1 1
10 7 1
10 7 1
10 7 1
10 7 1
10 7 1
10 3 1
10 3 1
10 3 1
10 3 1
10 3 1
10 3 1
10 3 0
10 3 1
10 4 1
10 4 1
10 4 1
10 4 1
10 4 1
10 4 1
10 4 1
10 4 1
10 4 1
10 4 1
10 4 1
10 4 1
10 2 1
10 2 1
10 2 1
10 2 1
10 2 0
10 2 1
10 2 1
10 2 1
10 2 1
10 2 1
10 2 1
10 2 1
10 8 0
10 8 1
10 8 1
10 8 1
10 8 1
10 8 1
10 8 1
10 8 1
10 8 1
10 11 0
10 11 0
10 11 1
10 11 1
11 2 1
11 2 1
11 2 1
11 2 1
11 2 0
11 2 1
11 2 0
11 2 1
11 2 1
11 2 1
11 2 1
11 2 1
11 2 1
11 2 1
11 2 1
11 2 1
11 2 1
11 2 1
11 2 1
11 2 1
11 2 1
11 2 1
11 2 1
11 2 1
11 2 1
11 2 1
11 2 1
11 2 1
11 2 1
11 2 1
11 2 1
11 2 1
11 2 1
11 2 1
11 2 1
11 2 1
11 2 1
11 2 1
11 2 1
11 3 1
11 3 0
11 3 1
11 3 1
11 3 1
11 3 0
11 3 0
11 3 1
11 9 1
11 9 1
11 9 1
11 9 1
11 9 1
12 2 1
12 2 1
12 2 1
12 2 1
12 2 1
12 2 1
12 2 1
12 2 0
12 2 1
12 2 1
12 2 0
12 2 1
12 2 0
12 2 0
12 2 1
12 2 1
12 2 1
12 2 1
12 2 1
12 2 1
12 2 1
12 2 1
12 2 1
12 2 1
12 2 1
12 2 1
12 2 1
12 2 1
12 2 1
12 2 1
12 2 0
12 2 1
12 2 1
12 2 1
12 2 1
12 2 1
12 2 1
12 3 1
12 3 1
12 3 1
12 3 0
12 4 1
12 4 1
12 4 1
12 4 0
13 2 1
13 2 1
13 2 1
13 2 1
14 2 1
14 2 1
14 2 0
14 2 1
14 2 1
14 2 1
14 2 1
14 2 1
14 2 1
14 3 1
14 3 1
14 3 1
14 3 1
14 6 1
14 6 1
14 6 1
14 6 1
14 6 0
14 6 1
15 2 1
15 2 1
15 2 1
15 2 1
15 2 1
15 2 0
15 2 1
15 2 1
15 2 1
15 2 1
15 2 1
15 2 1
15 3 1
15 3 1
15 3 0
15 3 1
15 3 1
16 2 0
16 2 1
16 2 1
16 2 1
16 2 1
16 2 1
16 2 1
16 2 1
16 2 1
16 2 1
16 2 1
16 2 1
16 2 1
16 2 1
16 2 1
16 2 1
16 2 1
16 2 1
16 2 1
16 2 1
16 2 1
16 2 1
16 2 1
16 2 1
16 2 0
16 2 0
16 2 1
16 2 1
16 2 1
16 2 1
16 2 1
16 2 1
16 2 1
16 2 1
16 2 1
16 2 1
16 2 1
16 2 1
16 2 1
16 2 1
16 2 1
16 3 1
16 3 1
16 3 1
16 3 0
16 3 1
17 2 1
17 2 1
17 2 1
17 2 1
17 2 1
17 2 1
17 2 1
17 2 1
17 2 1
17 3 0
17 3 1
17 3 1
17 3 1
17 4 1
17 4 1
17 4 1
17 4 1
17 4 1
17 4 1
17 4 1
17 9 1
17 9 1
17 9 1
17 9 0
18 1 0
18 1 1
18 1 0
18 1 1
18 2 1
18 2 1
18 2 1
18 2 1
18 2 1
18 2 1
18 2 1
18 2 1
18 2 1
18 2 1
18 2 1
18 2 1
18 2 1
18 2 1
18 2 1
18 2 1
18 2 1
18 2 1
18 2 1
18 2 1
18 2 1
18 2 1
18 2 1
18 2 1
18 2 1
18 2 1
18 2 1
18 2 1
18 2 1
18 3 1
18 3 0
18 3 0
18 3 1
18 3 1
18 3 1
18 3 1
18 3 1
18 4 1
18 4 1
18 4 1
18 4 1
18 4 1
18 4 1
18 4 1
18 4 1
18 4 1
18 4 1
18 8 1
18 8 1
18 8 1
18 8 1
18 8 1
18 8 1
18 8 1
18 8 1
19 2 1
19 2 1
19 2 1
19 2 1
19 2 1
19 2 1
19 2 1
19 2 1
19 2 1
19 2 0
19 2 1
19 2 1
19 2 1
19 2 1
19 2 1
19 2 1
19 3 1
19 3 1
19 3 0
19 3 1
19 3 1
19 4 1
19 4 1
19 4 1
19 4 1
19 4 1
19 4 1
20 1 0
20 1 0
20 1 0
20 1 0
20 2 1
20 2 1
20 2 1
20 2 1
20 2 1
20 2 1
20 2 1
20 2 1
20 2 1
20 2 1
20 2 1
20 2 0
20 2 1
20 2 1
20 2 1
20 2 1
20 2 0
20 2 1
20 2 1
20 2 1
20 2 1
20 2 1
20 2 1
20 2 1
20 2 1
20 2 1
20 2 1
20 2 1
20 2 1
20 2 1
20 3 1
20 3 1
20 3 1
20 3 1
20 3 1
20 3 1
20 5 0
20 5 0
20 5 0
20 5 1
21 1 0
21 1 0
21 1 0
21 1 1
21 1 0
21 1 1
21 2 1
21 2 1
21 2 1
21 2 1
21 2 1
21 2 1
21 2 1
21 2 1
21 2 1
21 2 1
21 2 1
21 2 1
21 2 1
21 2 1
21 2 1
21 2 1
21 2 1
21 2 1
21 2 1
21 2 1
21 3 0
21 3 1
21 3 1
21 3 1
21 3 0
21 3 1
21 4 1
21 4 1
21 4 1
21 4 1
21 4 1
21 4 1
21 4 1
21 4 0
21 4 1
21 4 1
21 4 1
21 4 1
21 4 1
22 2 1
22 2 1
22 2 1
22 2 1
22 2 1
22 2 1
22 2 1
22 2 1
22 2 1
22 2 1
22 2 1
22 2 0
22 2 1
22 2 1
22 2 1
22 2 1
22 2 1
22 2 1
22 2 1
22 2 1
22 2 1
22 2 1
22 2 1
23 1 0
23 1 0
23 1 0
23 1 0
23 1 0
23 7 1
23 7 1
23 7 1
23 7 1
23 7 1
23 7 1
23 7 1
23 7 1
23 11 0
23 11 1
23 11 1
23 11 1
23 11 1
23 4 1
23 4 1
23 4 1
23 4 1
23 4 1
23 4 1
23 4 1
23 4 1
23 4 1
23 4 1
23 4 1
23 4 1
23 4 1
23 4 1
23 4 1
23 4 1
23 4 1
23 4 1
23 9 0
23 9 1
23 9 1
23 9 0
23 6 1
23 6 1
23 6 0
23 6 1
23 6 1
23 12 1
23 12 1
23 12 0
23 12 1
23 2 1
23 2 1
23 2 1
23 2 1
23 2 1
23 2 1
23 2 0
23 2 1
23 2 1
23 2 1
23 2 0
23 2 1
23 2 1
23 8 1
23 8 1
23 8 0
23 8 1
23 8 1
23 8 1
23 8 1
23 8 1
23 3 0
23 3 0
23 3 0
23 3 1
24 2 1
24 2 1
24 2 1
24 2 1
24 2 1
24 2 1
24 2 1
24 2 1
24 2 1
24 2 1
24 2 1
24 2 0
24 2 1
24 2 1
24 2 1
24 2 1
24 2 1
24 2 1
24 2 1
24 2 1
24 2 1
24 2 1
24 2 1
24 2 1
24 2 1
24 2 1
24 2 1
24 2 1
24 2 1
24 2 1
24 2 1
24 2 1
24 2 1
24 2 1
24 2 1
24 2 1
24 2 1
24 2 1
24 3 1
24 3 1
24 3 0
24 3 1
24 11 1
24 11 0
24 11 1
24 11 1
25 2 1
25 2 1
25 2 1
25 2 1
25 2 1
25 2 1
25 2 1
25 2 1
25 2 1
25 2 1
25 2 1
25 2 1
25 2 0
25 2 1
25 2 1
25 2 1
25 2 1
25 2 1
25 2 1
25 2 1
25 2 1
25 2 1
25 2 1
25 2 1
25 2 1
25 2 1
25 2 1
25 2 1
25 2 1
25 2 1
25 2 1
25 2 1
25 2 1
25 2 1
25 3 1
25 3 1
25 3 1
25 3 0
25 3 1
25 11 1
25 11 1
25 11 1
25 11 1
25 6 1
25 6 1
25 6 1
25 6 1
26 2 1
26 2 1
26 2 1
26 2 1
26 2 1
26 2 1
26 4 1
26 4 0
26 4 1
26 4 1
26 4 1
26 4 1
26 4 1
26 4 1
26 4 1
26 4 1
26 4 1
26 8 1
26 8 1
26 8 1
26 8 1
26 8 1
26 7 1
26 7 1
26 7 1
26 7 1
26 7 1
26 7 1
27 2 1
27 2 1
27 2 1
27 2 1
27 2 1
27 2 1
27 2 1
27 2 0
27 2 1
27 2 1
27 2 1
27 2 0
27 2 1
27 2 0
27 2 1
27 2 1
27 2 1
27 2 1
27 2 1
27 2 1
27 2 1
27 2 1
27 2 1
27 2 1
27 2 1
27 2 1
27 2 1
27 2 1
27 2 1
27 2 1
27 2 1
27 2 0
27 2 1
27 2 1
27 2 1
27 2 1
27 2 1
27 2 1
27 3 1
27 3 1
27 3 1
27 3 0
27 3 1
27 8 1
27 8 1
27 8 1
27 8 1
27 8 1
28 7 1
28 7 1
28 7 1
28 7 1
28 4 1
28 4 1
28 4 1
28 4 1
28 4 1
28 4 1
28 4 1
28 8 1
28 8 1
28 8 1
28 8 1
28 8 1
28 8 1
28 8 1
28 8 1
29 2 1
29 2 1
29 2 1
29 2 0
29 2 1
29 2 1
29 2 1
29 2 1
29 2 1
29 2 1
29 2 1
29 2 1
29 2 0
29 2 1
29 2 1
29 2 1
29 2 1
29 2 1
29 2 1
29 2 1
29 2 1
29 2 1
29 2 1
29 2 1
29 2 1
29 2 1
29 2 1
29 2 1
29 2 1
29 2 1
29 2 1
29 2 1
29 2 1
29 2 1
29 2 1
29 2 1
29 2 1
29 2 1
29 2 1
29 2 1
29 2 1
29 2 1
29 2 1
29 2 1
29 2 1
29 2 1
29 2 1
29 2 1
29 2 1
29 2 1
29 11 0
29 11 1
29 11 0
29 11 1
29 3 1
29 3 0
29 3 0
29 3 0
29 3 0
29 3 0
29 3 1
29 3 0
29 9 1
29 9 1
29 9 1
29 9 1
29 9 0
30 7 1
30 7 1
30 7 1
30 7 1
30 7 1
30 7 1
30 7 1
30 7 1
30 7 1
30 3 1
30 3 1
30 3 1
30 3 0
30 4 1
30 4 1
30 4 1
30 4 1
30 4 1
30 8 1
30 8 1
30 8 1
30 8 1
30 8 1
31 2 0
31 2 1
31 2 1
31 2 1
31 2 0
31 2 1
31 2 1
31 2 1
31 2 1
32 2 1
32 2 1
32 2 1
32 2 1
32 2 1
32 2 1
32 2 1
32 2 0
32 2 1
32 2 1
32 2 1
32 2 1
32 2 0
32 2 1
32 2 1
32 2 1
32 2 1
32 2 1
32 2 1
32 2 1
32 2 1
32 2 1
32 2 1
32 2 1
32 3 0
32 3 1
32 3 0
32 3 0
32 4 1
32 4 1
32 4 1
32 4 1
32 4 1
32 4 1
32 4 1
32 8 1
32 8 1
32 8 1
32 8 1
32 8 1
32 7 1
32 7 1
32 7 1
32 7 1
33 2 1
33 2 1
33 2 1
33 2 0
33 2 1
33 2 1
33 2 1
33 2 1
33 2 1
33 2 1
33 2 1
33 2 1
33 2 1
33 2 1
33 2 1
33 2 1
33 3 1
33 3 1
33 3 1
33 3 1
34 2 1
34 2 1
34 2 1
34 2 1
34 2 0
34 2 1
34 2 1
34 2 1
34 2 1
34 2 1
34 2 1
34 2 1
34 2 1
34 2 1
34 2 0
34 2 1
34 2 1
34 2 1
34 2 1
34 2 1
34 2 1
34 2 1
34 2 1
34 2 1
34 2 1
34 2 1
34 2 1
34 2 1
34 2 1
34 2 1
34 2 1
34 2 1
34 2 1
34 2 1
34 2 1
34 2 1
34 2 1
34 2 1
34 2 1
34 3 1
34 3 1
34 3 1
34 3 0
34 3 1
34 3 1
34 3 1
34 3 1
34 3 0
34 3 1
34 9 1
34 9 1
34 9 1
34 9 1
34 9 1
34 9 0
35 7 1
35 7 1
35 7 1
35 7 1
35 3 1
35 3 1
35 3 1
35 3 0
35 3 1
35 3 0
35 4 1
35 4 1
35 4 1
35 4 1
35 4 1
35 4 1
35 4 1
35 4 1
35 9 0
35 9 1
35 9 1
35 9 1
35 9 1
35 9 0
35 9 0
35 2 1
35 2 1
35 2 1
35 2 1
35 2 1
35 8 1
35 8 1
35 8 1
35 8 1
35 8 1
35 8 1
36 7 1
36 7 1
36 7 1
36 7 1
36 7 1
36 11 1
36 11 1
36 11 1
36 11 1
36 9 0
36 9 1
36 9 1
36 9 1
36 9 1
36 2 1
36 2 1
36 2 1
36 2 1
36 2 1
36 2 1
36 2 1
36 2 1
36 2 1
36 2 0
36 2 1
36 2 1
36 2 1
36 2 1
36 2 1
36 2 1
36 2 1
36 2 1
36 2 1
36 2 1
36 2 1
36 2 1
36 2 1
36 2 1
36 2 1
36 2 1
36 2 1
36 2 1
36 2 1
36 2 1
36 2 1
36 2 1
36 2 1
36 2 1
36 2 1
36 2 1
36 2 1
36 2 1
36 2 1
36 8 1
36 8 1
36 8 1
36 8 1
36 8 1
36 8 1
36 3 1
36 3 0
36 3 1
36 3 0
36 3 0
36 3 0
36 3 0
36 3 1
36 3 1
36 3 0
37 7 1
37 7 1
37 7 1
37 7 1
37 7 1
37 3 1
37 3 0
37 3 1
37 3 1
37 3 1
37 4 1
37 4 1
37 4 1
37 4 1
37 4 1
37 4 1
37 4 1
37 4 1
37 4 1
37 4 1
37 4 1
37 4 1
37 8 1
37 8 1
37 8 1
37 8 1
37 8 1
37 8 1
37 8 1
37 8 1
37 2 1
37 2 1
37 2 1
37 2 1
37 2 1
37 2 1
37 2 1
37 2 1
37 2 1
37 2 1
37 2 1
37 2 1
37 2 1
38 7 1
38 7 1
38 7 1
38 7 1
38 7 1
38 7 0
38 7 1
38 3 1
38 3 0
38 3 1
38 3 1
38 3 1
38 4 1
38 4 1
38 4 1
38 4 1
38 4 1
38 4 1
38 4 1
38 4 1
38 4 1
38 4 1
38 4 1
38 4 1
38 4 1
38 4 1
38 4 1
38 4 1
38 4 1
38 4 1
38 8 1
38 8 1
38 8 1
38 8 1
38 8 1
38 8 1
38 8 1
38 8 1
38 8 1
38 8 1
38 9 1
38 9 1
38 9 1
38 9 0
38 9 0
39 2 1
39 2 1
39 2 1
39 2 1
39 2 1
39 2 1
39 2 1
39 2 1
39 2 0
39 2 1
39 2 1
39 2 1
39 2 1
39 2 1
39 2 1
39 2 1
39 2 1
39 2 1
39 2 1
39 2 1
39 2 1
39 2 1
39 2 1
39 2 1
39 2 1
39 2 1
39 2 1
39 2 1
39 2 1
39 2 1
39 2 1
39 2 1
39 2 1
39 2 1
39 2 1
39 2 1
39 2 1
39 3 1
39 3 1
39 3 1
39 3 1
39 3 1
39 3 1
39 3 1
39 4 1
39 4 1
39 4 1
39 4 1
39 9 1
39 9 1
39 9 0
39 9 0
40 2 1
40 2 1
40 2 1
40 2 1
40 2 1
40 2 1
40 2 1
40 2 1
40 2 1
40 2 1
40 2 1
40 2 1
40 2 1
40 2 1
40 2 1
40 2 1
40 2 1
40 2 1
40 2 1
40 2 1
40 2 1
40 2 1
40 2 1
40 2 1
40 2 1
40 2 1
40 2 1
40 2 1
40 2 1
40 2 1
40 2 1
40 2 1
40 2 1
40 2 1
40 2 1
40 2 1
40 2 1
40 2 1
40 2 1
40 2 1
40 2 1
40 2 1
40 2 1
40 2 1
40 2 1
40 2 1
40 2 1
40 2 1
40 2 1
40 2 1
40 2 1
40 2 1
40 2 1
40 2 1
40 3 1
40 3 1
40 3 1
40 3 1
40 3 0
40 3 1
40 3 1
40 3 1
40 9 1
40 9 1
40 9 1
40 9 1
40 9 1
40 9 0
41 1 0
41 1 0
41 1 0
41 1 0
41 2 1
41 2 1
41 2 1
41 2 1
41 2 1
41 2 1
41 2 1
41 2 1
41 2 1
41 2 0
41 2 1
41 2 1
41 2 1
41 2 1
41 2 1
41 2 1
41 2 1
41 2 1
41 2 1
41 2 1
41 2 1
41 2 1
41 2 1
41 2 1
41 2 1
41 2 1
41 2 1
41 2 1
41 2 1
41 2 1
41 2 1
41 2 1
41 2 1
41 2 1
41 2 1
41 2 1
41 2 1
41 2 1
41 2 1
41 2 1
41 2 1
41 2 1
41 3 1
41 3 1
41 3 0
41 3 1
41 3 1
41 3 0
42 2 1
42 2 0
42 2 1
42 2 1
42 2 1
42 2 1
42 2 1
42 2 1
42 2 1
42 2 1
42 2 1
42 2 1
43 2 1
43 2 1
43 2 1
43 2 1
43 2 1
43 2 1
43 2 1
43 2 1
43 2 1
43 2 1
43 2 1
43 2 0
43 2 1
43 2 1
43 2 1
43 2 1
43 2 1
43 2 1
43 2 1
43 2 1
43 2 1
43 2 1
43 4 1
43 4 1
43 4 1
43 4 1
44 2 1
44 2 1
44 2 1
44 2 1
44 2 1
44 2 1
44 2 1
44 2 0
44 2 1
44 2 1
44 2 1
44 2 1
44 2 1
44 2 0
44 2 1
44 2 1
44 2 1
44 2 1
44 2 1
44 2 1
44 2 1
44 2 1
44 2 1
44 2 1
44 2 1
44 2 1
44 2 1
44 2 1
44 2 1
44 2 1
44 2 1
44 2 0
44 2 1
44 2 1
44 2 1
44 2 1
44 2 1
44 2 1
44 2 1
44 2 1
44 2 1
44 2 1
44 2 1
44 2 1
44 2 1
44 3 0
44 3 0
44 3 0
44 3 0
44 3 0
44 9 1
44 9 1
44 9 1
44 9 1
44 9 0
44 13 1
44 13 0
44 13 1
44 13 0
44 13 0
44 13 0
44 13 0
44 13 0
44 13 1
45 1 1
45 1 0
45 1 1
45 1 1
45 2 1
45 2 1
45 2 1
45 2 1
45 2 1
45 2 1
45 2 1
45 2 1
45 2 1
45 2 1
45 2 1
45 2 1
45 2 0
45 2 1
45 2 1
45 2 1
45 2 1
45 2 1
45 2 1
45 2 1
45 2 1
45 2 1
45 2 1
45 2 1
45 2 1
45 2 1
45 2 1
45 11 0
45 11 0
45 11 1
45 11 1
46 2 1
46 2 1
46 2 1
46 2 1
46 2 1
46 2 1
46 2 1
46 2 1
46 2 1
46 2 1
46 2 1
46 2 1
46 2 1
46 2 1
46 2 1
46 2 1
46 2 1
46 2 1
46 2 1
46 2 1
46 2 1
46 2 1
46 2 1
46 2 1
46 2 1
46 2 1
46 2 1
46 2 1
46 2 1
46 2 1
46 2 1
46 2 1
46 2 1
46 2 1
46 2 1
46 2 1
46 2 1
46 2 1
46 3 0
46 3 1
46 3 0
46 3 1
46 3 0
46 3 1
46 3 1
46 8 1
46 8 1
46 8 1
46 8 1
46 9 1
46 9 1
46 9 1
46 9 1
46 9 1
46 9 0
46 9 0
46 9 1
46 9 0
46 9 0
47 2 1
47 2 1
47 2 1
47 2 1
47 2 1
47 2 1
47 2 0
47 2 1
47 2 1
47 2 1
47 2 1
47 2 1
47 2 1
47 2 1
47 2 1
47 2 1
47 2 1
47 2 1
47 2 1
47 2 1
47 2 1
47 2 1
47 2 1
47 2 1
47 3 1
47 3 1
47 3 1
47 3 1
47 3 1
47 3 1
47 3 1
47 3 1
47 4 1
47 4 1
47 4 1
47 4 1
47 4 1
47 4 1
47 4 1
47 4 1
47 4 1
47 4 1
47 4 1
47 8 1
47 8 1
47 8 1
47 8 1
47 8 1
47 8 1
47 8 1
47 8 1
48 2 1
48 2 1
48 2 1
48 2 0
48 2 1
48 2 1
48 2 1
48 2 1
48 2 1
48 2 1
48 2 1
48 2 1
48 2 1
48 2 1
48 2 1
48 2 1
48 2 1
48 2 1
48 2 1
48 2 1
48 2 1
48 2 1
48 2 1
48 2 1
48 2 1
48 2 1
48 2 1
48 2 1
48 2 1
48 2 1
48 2 1
48 3 1
48 3 1
48 3 0
48 3 1
49 1 0
49 1 0
49 1 1
49 1 0
49 1 0
49 7 1
49 7 1
49 7 1
49 7 1
49 7 1
49 7 1
49 3 1
49 3 0
49 3 0
49 3 1
49 3 0
49 3 0
49 3 1
49 3 0
49 3 1
49 3 0
49 4 1
49 4 1
49 4 1
49 4 1
49 4 1
49 4 1
49 2 1
49 2 1
49 2 1
49 2 1
49 2 1
49 2 1
49 2 1
49 2 1
49 2 1
49 2 1
49 2 1
49 2 1
49 2 1
49 2 1
49 2 1
49 2 1
49 2 1
49 2 1
49 2 1
49 2 1
49 2 1
49 2 1
49 2 1
49 2 1
49 2 1
49 2 1
49 2 1
49 8 1
49 8 1
49 8 1
49 8 1
49 8 1
50 7 1
50 7 1
50 7 1
50 7 1
50 3 1
50 3 1
50 3 1
50 3 0
50 4 1
50 4 1
50 4 1
50 4 1
50 4 1
50 4 1
50 4 1
50 4 1
50 4 1
50 4 1
50 4 1
50 4 1
50 4 1
50 4 1
50 4 1
50 4 1
50 4 0
50 8 1
50 8 1
50 8 1
50 8 1
50 2 1
50 2 1
50 2 1
50 2 1
50 2 1
50 2 1
50 2 1
50 2 1
50 2 1
50 2 1
51 2 1
51 2 1
51 2 1
51 2 1
51 2 1
51 2 1
51 2 1
51 2 0
51 2 1
51 2 1
51 2 1
51 2 1
51 2 1
51 2 1
51 2 1
51 2 1
51 2 1
51 2 1
51 2 1
51 2 1
51 2 1
51 2 1
51 2 1
51 2 1
51 2 1
51 2 1
51 2 1
51 2 1
51 2 1
51 2 1
51 2 1
51 2 1
51 2 1
51 2 1
51 2 1
51 2 1
51 2 1
51 2 1
51 4 1
51 4 1
51 4 1
51 4 1
51 4 1
52 2 1
52 2 1
52 2 1
52 2 1
52 2 1
52 2 1
52 2 1
52 2 1
52 2 0
52 2 1
52 2 0
53 2 1
53 2 1
53 2 1
53 2 1
53 2 1
53 2 1
53 2 1
53 2 1
53 2 1
53 2 1
53 2 1
53 2 1
53 2 1
53 3 1
53 3 1
53 3 1
53 3 1
54 2 1
54 2 1
54 2 1
54 2 1
54 2 1
54 2 1
54 2 1
54 2 1
54 2 1
54 2 1
54 11 1
54 11 1
54 11 1
54 11 1
55 4 1
55 4 1
55 4 1
55 4 1
55 4 1
56 10 1
56 10 1
56 10 1
56 10 1
56 10 1
56 10 1
56 10 1
56 11 1
56 11 1
56 11 1
56 11 1
56 9 1
56 9 1
56 9 1
56 9 1
56 9 1
56 9 0
56 6 1
56 6 1
56 6 1
56 6 1
56 6 1
56 6 1
56 6 1
56 6 1
56 6 1
56 6 1
56 2 1
56 2 1
56 2 1
56 2 1
56 2 0
56 2 1
56 2 1
56 2 1
56 2 1
56 2 1
56 2 1
56 2 0
56 2 1
56 2 1
56 2 1
56 2 1
56 2 1
56 2 1
56 2 1
56 2 1
56 2 1
56 2 1
56 2 1
56 2 1
56 2 1
56 2 1
56 2 1
56 2 1
56 2 1
56 2 0
56 2 1
56 2 1
56 2 1
56 2 1
56 3 1
56 3 1
56 3 1
56 3 1
56 3 0
56 3 0
56 3 0
56 3 0
56 3 0
57 2 1
57 2 0
57 2 1
57 2 1
57 2 1
57 2 1
57 2 1
57 2 1
57 2 1
57 2 1
57 2 1
57 2 1
57 2 1
57 2 1
57 2 1
57 2 1
57 2 0
57 2 0
57 2 1
57 2 1
57 2 1
57 2 0
57 2 1
57 2 1
57 2 1
57 2 1
57 2 1
57 2 1
57 2 1
57 2 1
57 2 1
57 2 1
57 2 1
57 2 1
57 2 1
57 2 1
57 2 1
57 2 1
57 2 1
57 2 1
57 3 1
57 3 1
57 3 0
57 3 1
57 4 1
57 4 0
57 4 1
57 4 1
58 1 0
58 1 0
58 1 0
58 1 0
58 7 1
58 7 1
58 7 1
58 7 1
58 7 1
58 7 1
58 7 1
58 7 1
58 3 1
58 3 0
58 3 1
58 3 1
58 3 1
58 4 1
58 4 1
58 4 1
58 4 1
58 4 1
58 4 1
58 4 1
58 4 1
58 4 1
58 4 1
58 4 1
58 8 1
58 8 1
58 8 1
58 8 1
58 8 1
58 8 1
59 2 1
59 2 1
59 2 1
59 2 1
59 2 1
59 2 1
59 2 1
59 2 1
59 2 1
59 2 1
59 2 1
59 2 1
59 2 1
59 2 1
59 2 0
59 2 1
59 2 1
59 2 1
59 2 1
59 2 1
59 2 1
59 2 1
59 2 1
59 2 1
59 2 1
59 2 1
59 2 1
59 2 1
59 2 1
59 2 1
59 2 1
59 2 1
59 2 1
59 2 1
59 2 1
59 2 1
59 2 1
59 2 1
59 2 1
59 2 1
59 2 1
59 2 1
59 2 1
59 2 1
59 3 1
59 3 1
59 3 1
59 3 1
59 6 1
59 6 1
59 6 1
59 6 1
60 2 1
60 2 0
60 2 1
60 2 1
60 2 1
60 2 1
60 2 1
60 2 1
60 2 1
60 2 1
60 2 1
60 2 1
60 2 1
60 2 1
60 2 1
60 2 1
60 2 1
60 2 1
60 2 1
60 2 1
60 2 1
60 2 1
60 2 1
60 2 1
60 2 1
60 2 1
60 2 1
60 2 1
60 2 1
60 2 1
60 2 1
60 2 1
60 2 1
60 2 1
60 2 1
60 2 1
60 2 1
60 2 1
60 2 1
60 2 1
60 2 1
60 2 1
60 2 1
60 11 1
60 11 0
60 11 1
60 11 1
60 11 1
60 11 1
60 11 1
60 11 1
60 3 1
60 3 1
60 3 1
60 3 1
60 3 1
60 3 1
60 3 0
60 9 1
60 9 1
60 9 1
60 9 1
61 2 1
61 2 1
61 2 1
61 2 1
61 2 1
61 2 1
61 2 1
61 2 1
61 2 1
61 2 1
61 2 1
62 2 1
62 2 1
62 2 1
62 2 1
62 2 1
62 2 1
62 2 1
62 2 1
62 2 1
62 2 1
62 2 1
62 2 1
62 2 0
62 2 1
62 2 1
62 2 1
62 2 1
62 2 1
62 2 1
62 2 1
62 2 1
62 2 1
62 2 1
62 2 1
62 2 1
62 2 1
62 2 1
62 2 1
62 2 1
62 2 1
62 2 1
62 2 1
62 2 1
62 2 1
62 2 1
62 2 1
62 2 1
62 3 1
62 3 0
62 3 1
62 3 1
62 3 1
62 3 1
62 3 1
62 3 0
62 8 1
62 8 1
62 8 1
62 8 1
62 8 1
