1 2 0
1 2 1
1 2 1
1 2 1
1 2 1
1 3 1
1 3 1
1 3 1
1 3 1
1 3 1
1 3 1
1 5 1
1 5 1
1 5 1
1 5 1
1 5 1
1 5 0
1 1 1
1 1 1
1 1 1
1 1 1
1 1 0
2 2 0
2 2 1
2 2 1
2 2 1
2 2 1
2 2 1
2 2 0
2 2 1
2 2 1
2 2 1
2 2 1
2 3 1
2 3 1
2 3 1
2 3 1
2 3 1
2 3 1
2 3 1
2 3 1
2 3 1
2 3 1
2 3 1
2 3 1
2 5 1
2 5 1
2 5 1
2 5 0
3 2 1
3 2 1
3 2 1
3 2 1
3 4 1
3 4 1
3 4 1
3 4 1
3 5 0
3 5 1
3 5 0
3 5 1
3 5 0
3 5 0
3 5 0
3 3 1
3 3 1
3 3 1
3 3 1
3 3 1
3 3 1
3 3 1
3 3 1
3 3 1
3 3 1
3 7 1
3 7 1
3 7 1
3 7 1
4 2 1
4 2 0
4 2 1
4 2 1
4 2 1
4 7 0
4 7 1
4 7 1
4 7 1
5 5 1
5 5 1
5 5 1
5 5 1
5 6 1
5 6 1
5 6 1
5 6 1
5 1 1
5 1 1
5 1 0
5 1 1
5 1 0
6 2 0
6 2 1
6 2 1
6 2 0
6 2 0
6 3 1
6 3 1
6 3 1
6 3 1
6 3 1
6 3 1
6 3 1
6 3 1
6 3 1
6 3 0
6 3 1
6 5 1
6 5 1
6 5 0
6 5 0
6 5 0
6 5 1
7 2 1
7 2 1
7 2 1
7 2 1
7 2 1
7 2 0
7 3 1
7 3 1
7 3 1
7 3 1
7 3 1
7 3 1
7 3 1
7 3 1
7 3 1
7 3 1
7 3 1
7 3 1
7 3 1
7 3 1
7 3 1
7 3 1
7 3 1
7 3 1
7 5 1
7 5 1
7 5 1
7 5 1
7 5 0
7 5 1
8 3 1
8 3 1
8 3 1
8 3 1
8 3 1
8 3 1
8 3 1
8 3 0
8 6 1
8 6 1
8 6 1
8 6 1
9 1 1
9 1 1
9 1 1
9 1 1
10 3 1
10 3 1
10 3 1
10 3 1
10 3 1
10 3 1
10 3 1
11 2 1
11 2 1
11 2 1
11 2 1
11 2 0
11 3 1
11 3 1
11 3 1
11 3 0
11 3 1
11 3 1
11 3 1
11 3 1
11 3 1
11 3 1
11 3 1
11 8 1
11 8 1
11 8 1
11 8 1
12 2 1
12 2 0
12 2 0
12 2 1
12 2 1
12 2 0
12 11 1
12 11 1
12 11 1
12 11 1
12 11 1
12 5 1
12 5 1
12 5 0
12 5 0
12 6 1
12 6 1
12 6 1
12 6 1
12 1 1
12 1 1
12 1 1
12 1 1
12 1 1
12 1 1
12 1 1
12 1 1
13 2 1
13 2 1
13 2 0
13 2 1
13 2 1
13 6 1
13 6 1
13 6 1
13 6 1
13 6 1
14 3 1
14 3 1
14 3 1
14 3 1
14 3 1
14 3 1
14 3 1
15 2 0
15 2 0
15 2 1
15 2 1
15 2 0
15 3 1
15 3 1
15 3 1
15 3 1
15 3 1
15 3 1
15 3 1
15 3 1
15 3 1
15 3 1
15 3 1
15 3 1
15 3 1
15 5 1
15 5 0
15 5 1
15 5 1
16 2 0
16 2 1
16 2 0
16 2 1
16 2 1
16 3 1
16 3 1
16 3 1
16 3 1
16 3 1
16 3 1
16 3 1
16 3 1
16 3 1
16 3 1
16 3 1
16 3 1
16 3 1
16 3 0
16 3 1
16 3 1
16 5 0
16 5 0
16 5 1
16 5 1
16 1 1
16 1 1
16 1 0
16 1 1
17 2 0
17 2 1
17 2 1
17 2 1
17 2 1
17 2 0
17 3 1
17 3 1
17 3 1
17 3 1
17 3 1
17 3 1
17 3 1
17 3 1
17 3 1
17 1 1
17 1 1
17 1 1
17 1 1
17 1 1
18 3 1
18 3 0
18 3 1
18 3 1
18 3 1
18 3 1
18 3 1
18 3 1
18 3 1
18 3 1
18 3 1
19 3 1
19 3 1
19 3 1
19 3 1
19 3 1
19 3 1
19 3 1
19 3 1
19 3 1
19 3 1
19 3 1
19 3 1
19 3 1
19 3 1
20 3 1
20 3 1
20 3 1
20 3 1
20 3 1
21 2 0
21 2 0
21 2 1
21 2 1
21 2 1
21 3 1
21 3 1
21 3 1
21 3 1
21 3 1
21 3 1
21 3 0
21 3 1
21 3 1
21 3 1
21 3 1
21 3 1
21 3 1
21 3 1
21 3 1
21 3 1
21 3 1
21 5 1
21 5 1
21 5 1
21 5 0
21 4 1
21 4 1
21 4 1
21 4 1
21 4 0
22 4 0
22 4 1
22 4 1
22 4 1
22 4 1
22 4 1
22 4 1
22 4 1
22 5 1
22 5 1
22 5 1
22 5 1
22 5 1
22 5 0
22 7 1
22 7 1
22 7 1
22 7 1
22 2 1
22 2 1
22 2 1
22 2 1
22 2 1
22 2 1
22 3 1
22 3 1
22 3 1
22 3 1
22 3 1
22 3 1
22 3 1
22 3 1
22 3 1
22 3 1
22 1 1
22 1 1
22 1 1
22 1 1
22 1 1
22 1 1
22 1 1
22 1 1
22 1 1
22 1 1
22 1 1
22 1 1
23 2 0
23 2 1
23 2 0
23 2 1
23 2 0
23 2 0
23 1 1
23 1 1
23 1 0
23 1 1
23 1 1
24 2 0
24 2 1
24 2 1
24 2 1
24 2 1
24 2 0
24 2 0
24 11 1
24 11 1
24 11 1
24 11 1
24 3 1
24 3 1
24 3 1
24 3 1
24 3 1
24 3 1
24 3 1
24 4 1
24 4 1
24 4 1
24 4 0
25 2 1
25 2 1
25 2 1
25 2 1
25 2 0
25 2 1
25 7 1
25 7 1
25 7 1
25 7 0
25 7 1
25 5 1
25 5 1
25 5 1
25 5 1
25 5 1
25 5 1
25 3 1
25 3 1
25 3 1
25 3 1
25 3 1
25 3 1
25 3 1
25 3 1
25 3 1
25 3 1
25 3 1
25 3 1
25 3 1
25 3 1
25 3 1
25 3 1
25 3 1
25 3 1
25 3 1
25 3 1
25 3 1
26 2 0
26 2 1
26 2 1
26 2 1
26 2 1
26 3 1
26 3 1
26 3 1
26 3 1
26 3 1
26 3 1
26 3 0
26 3 1
26 1 1
26 1 1
26 1 0
26 1 1
26 1 1
26 1 1
26 1 1
26 1 1
26 1 1
26 1 1
27 10 1
27 10 1
27 10 1
27 10 0
27 10 0
27 10 1
27 10 1
27 10 0
27 10 1
27 10 1
27 3 1
27 3 1
27 3 1
27 3 1
27 3 1
27 3 1
27 3 1
27 3 1
27 3 1
27 3 1
27 3 1
27 3 1
27 5 1
27 5 1
27 5 1
27 5 1
27 9 1
27 9 0
27 9 1
27 9 1
28 2 1
28 2 1
28 2 1
28 2 1
28 2 0
28 3 1
28 3 1
28 3 1
28 3 1
28 3 1
28 3 1
28 3 1
28 3 1
28 3 1
29 2 0
29 2 1
29 2 1
29 2 0
29 3 1
29 3 1
29 3 1
29 3 1
29 3 1
29 3 1
29 3 1
29 3 1
29 3 1
29 3 1
29 5 1
29 5 0
29 5 0
29 5 1
29 1 1
29 1 1
29 1 1
29 1 1
29 1 1
29 1 1
29 1 1
29 1 1
29 1 1
30 3 1
30 3 1
30 3 1
30 3 1
31 2 0
31 2 0
31 2 1
31 2 1
31 2 1
31 2 0
31 3 1
31 3 1
31 3 1
31 3 1
31 3 1
31 3 1
31 5 1
31 5 1
31 5 1
31 5 0
32 2 1
32 2 1
32 2 1
32 2 1
32 3 1
32 3 1
32 3 1
32 3 0
33 3 1
33 3 1
33 3 1
33 3 1
33 3 1
33 3 1
33 3 1
33 3 1
33 3 1
33 3 1
33 3 1
33 3 1
33 3 1
33 3 1
34 3 1
34 3 1
34 3 1
34 3 1
