1 1 1
1 1 1
1 1 0
1 1 1
1 1 1
1 1 1
1 1 0
1 1 1
1 1 1
1 1 1
1 1 1
1 1 1
1 1 1
1 1 1
1 1 1
1 1 1
1 1 1
1 1 1
1 1 1
1 1 1
1 1 1
1 1 1
1 1 1
1 1 1
1 1 1
1 1 1
1 1 1
1 1 1
1 1 1
1 11 1
1 11 1
1 11 1
1 11 1
1 11 1
1 13 1
1 13 1
1 13 1
1 13 1
1 2 0
1 2 0
1 2 1
1 2 1
1 2 0
1 2 1
1 2 1
1 2 1
1 2 1
1 2 1
1 14 1
1 14 1
1 14 1
1 14 1
2 1 1
2 1 1
2 1 1
2 1 1
2 1 1
2 1 1
2 1 1
2 1 1
2 1 1
2 1 1
2 1 1
2 1 1
2 1 1
2 1 1
2 1 1
2 1 1
2 1 1
2 1 1
2 1 1
2 1 1
2 1 1
2 1 1
2 1 1
2 1 1
2 1 1
2 1 1
2 1 1
2 1 1
2 1 1
2 1 1
2 2 1
2 2 1
2 2 1
2 2 1
2 13 1
2 13 1
2 13 1
2 13 1
3 1 1
3 1 1
3 1 1
3 1 1
3 1 1
3 1 1
3 1 1
3 1 1
3 1 1
3 1 1
3 1 1
3 1 1
3 1 1
3 1 1
3 1 1
3 1 1
3 1 1
3 1 1
3 1 1
3 1 1
3 1 1
3 1 1
3 1 1
3 1 1
3 1 1
3 1 1
3 1 1
4 1 1
4 1 1
4 1 1
4 1 1
4 1 1
4 1 1
4 1 1
4 1 1
4 1 1
4 1 1
4 1 1
4 1 1
4 1 1
4 1 1
4 1 1
4 1 1
4 1 1
4 1 1
4 1 1
4 1 1
4 1 1
4 1 1
4 1 1
4 1 1
4 1 1
4 1 1
4 1 1
4 1 1
4 1 1
4 1 1
4 1 1
4 1 1
4 1 1
4 1 1
4 1 1
4 1 1
4 1 1
4 1 1
4 1 1
4 1 1
4 1 1
4 16 0
4 16 0
4 16 1
4 16 1
5 1 1
5 1 1
5 1 1
5 1 1
5 1 1
5 1 1
5 1 1
5 1 1
5 1 0
5 1 1
5 1 1
5 1 1
5 1 1
5 1 1
5 1 1
5 1 1
5 1 1
5 1 1
5 1 1
5 1 1
5 1 1
5 1 1
5 1 1
5 1 1
5 1 1
5 1 1
5 1 1
5 1 1
6 7 0
6 7 1
6 7 1
6 7 1
6 1 1
6 1 1
6 1 1
6 1 1
6 1 1
6 1 1
6 1 1
6 1 1
6 1 1
6 1 1
6 1 1
6 1 0
6 1 1
6 1 1
6 1 1
6 1 1
6 1 1
6 1 1
6 1 1
6 1 1
6 1 1
6 1 1
6 1 1
6 1 1
6 1 1
6 1 1
6 1 1
6 1 1
6 1 1
6 1 1
6 1 1
6 1 1
6 1 1
6 1 1
6 1 1
6 1 1
6 1 1
6 1 1
6 1 1
6 1 1
6 1 1
6 1 1
6 1 1
6 1 1
6 1 1
6 2 1
6 2 1
6 2 1
6 2 1
6 2 0
6 2 1
7 7 0
7 7 1
7 7 1
7 7 0
7 1 1
7 1 1
7 1 1
7 1 1
7 1 1
7 1 1
7 1 1
7 1 1
7 1 1
7 1 1
7 1 1
7 1 1
7 1 1
7 1 1
7 1 1
7 1 1
7 1 1
7 1 1
7 1 1
8 1 1
8 1 1
8 1 1
8 1 1
8 1 1
8 1 1
8 1 1
8 1 1
8 1 1
8 1 1
8 1 0
8 1 1
8 1 1
8 1 1
8 1 0
8 1 1
8 1 1
8 1 1
8 1 1
8 1 1
8 1 1
8 1 1
8 1 1
8 1 1
8 1 1
8 1 1
8 1 1
8 1 1
8 1 1
8 1 1
8 1 1
8 1 1
8 1 1
8 1 1
8 1 1
8 1 1
8 1 1
8 1 1
8 1 1
8 1 1
8 1 1
8 1 1
8 1 1
8 1 1
8 1 1
8 1 1
8 2 0
8 2 0
8 2 0
8 2 0
8 2 0
8 2 0
8 2 0
8 2 0
8 2 1
8 2 1
8 2 1
9 5 1
9 5 1
9 5 1
9 5 1
9 5 1
9 5 1
9 2 0
9 2 1
9 2 0
9 2 1
9 2 1
9 2 1
9 2 1
9 6 1
9 6 1
9 6 1
9 6 1
9 6 1
9 1 1
9 1 1
9 1 1
9 1 1
9 1 1
9 1 1
9 1 1
9 1 1
9 1 0
9 1 1
9 1 1
9 1 1
9 1 1
9 1 1
9 1 1
9 1 1
9 1 1
9 1 1
9 1 1
9 1 1
9 1 1
10 1 0
10 1 1
10 1 1
10 1 1
10 1 1
10 1 1
10 1 1
10 1 1
10 1 1
10 1 1
10 1 1
10 1 1
10 1 1
10 1 1
10 1 1
10 1 1
10 1 1
10 1 1
10 1 1
10 1 1
10 1 1
10 1 1
10 1 1
10 1 1
10 1 1
10 1 1
10 1 0
10 1 1
10 1 1
10 1 1
10 1 1
10 1 1
10 1 1
10 1 0
10 1 1
10 1 1
10 1 1
10 1 1
10 1 1
10 1 1
10 2 0
10 2 1
10 2 1
10 2 1
10 2 1
10 2 1
10 2 1
10 2 1
10 2 1
10 2 1
10 2 1
10 2 1
10 2 1
10 8 1
10 8 0
10 8 1
10 8 1
10 8 1
10 8 1
10 8 1
10 10 0
10 10 0
10 10 1
10 10 0
11 1 1
11 1 1
11 1 1
11 1 1
11 1 1
11 1 1
11 1 1
11 1 1
11 1 1
11 1 1
11 1 1
11 1 1
11 1 1
11 1 1
11 1 1
11 1 1
11 1 1
11 1 1
11 1 1
11 1 1
11 1 1
11 1 1
11 1 1
11 1 1
11 1 1
11 1 1
11 1 1
11 1 1
11 1 1
11 1 1
11 1 1
11 1 1
11 1 1
11 1 1
11 1 1
11 1 1
11 1 1
11 1 1
11 1 1
11 1 1
11 1 1
11 1 1
11 1 1
11 1 1
11 2 1
11 2 1
11 2 1
11 2 1
11 2 0
11 2 1
11 2 1
11 2 1
11 2 1
11 2 1
11 2 1
12 1 1
12 1 1
12 1 1
12 1 1
12 1 1
12 1 1
12 1 1
12 1 1
12 1 0
12 1 1
12 1 1
12 1 1
12 1 1
12 1 1
12 1 1
12 1 1
12 1 1
12 1 1
12 1 1
13 1 1
13 1 1
13 1 1
13 1 1
13 1 1
13 1 1
13 1 1
13 1 1
13 1 1
13 1 1
13 1 1
13 1 1
13 1 1
13 1 1
13 1 1
13 1 1
13 1 1
13 1 1
13 1 1
13 1 1
13 1 1
13 1 1
13 1 0
13 2 0
13 2 1
13 2 1
13 2 1
13 2 1
13 2 1
13 2 1
13 6 1
13 6 1
13 6 1
13 6 1
13 6 1
13 6 1
13 6 1
14 1 1
14 1 1
14 1 1
14 1 1
14 1 1
14 1 1
14 1 0
14 1 1
14 1 1
14 1 1
14 1 1
14 1 1
14 1 1
14 1 1
14 1 1
14 1 1
14 1 1
14 1 1
14 1 1
14 1 1
14 1 1
14 1 1
14 1 1
14 1 1
14 1 1
14 1 1
14 1 1
14 1 1
14 1 1
14 1 1
14 1 1
14 1 1
14 1 1
14 1 1
14 1 1
14 1 1
14 1 1
14 1 1
14 1 1
14 1 1
14 1 1
14 1 1
14 1 1
14 2 1
14 2 1
14 2 1
14 2 1
14 2 1
14 2 0
15 1 1
15 1 1
15 1 1
15 1 1
15 1 1
15 1 1
15 1 1
15 1 1
16 1 1
16 1 1
16 1 1
16 1 1
16 1 1
16 1 1
16 1 1
16 1 1
16 1 1
16 1 1
16 1 0
16 1 1
16 1 1
16 1 0
16 1 0
16 1 1
16 1 1
16 1 1
16 1 1
16 1 1
16 1 1
16 1 1
16 1 0
16 1 1
16 1 1
16 1 1
16 1 1
17 1 1
17 1 1
17 1 1
17 1 1
17 1 1
17 1 1
17 1 1
17 1 1
17 1 1
17 1 1
17 1 1
17 1 1
17 1 1
17 1 1
17 1 1
17 1 1
17 1 1
17 1 1
17 1 1
17 1 1
17 1 1
17 1 1
17 1 1
17 1 1
17 1 1
17 1 1
17 1 1
17 1 1
17 1 1
17 1 1
17 1 1
17 1 1
17 1 1
17 1 1
17 1 1
17 1 1
17 1 1
17 1 1
17 1 1
18 1 1
18 1 1
18 1 1
18 1 1
18 1 1
18 1 1
18 1 1
18 1 1
18 1 1
18 1 1
18 1 1
18 1 1
18 1 1
18 1 1
18 1 1
18 1 1
18 1 1
18 1 1
18 1 1
18 1 1
18 1 1
18 1 1
18 1 1
18 1 1
18 1 0
18 1 1
18 1 1
18 2 1
18 2 1
18 2 1
18 2 1
18 2 1
19 1 1
19 1 1
19 1 1
19 1 1
19 1 1
19 1 1
19 1 1
19 1 1
19 1 1
19 1 1
19 1 1
19 1 1
19 1 1
19 1 1
19 1 1
19 1 1
19 1 1
19 1 1
19 1 1
19 1 1
19 1 1
19 1 1
19 1 1
19 1 1
19 1 1
19 1 1
19 6 1
19 6 1
19 6 1
19 6 1
20 1 1
20 1 1
20 1 1
20 1 1
20 1 1
20 1 1
20 1 1
20 1 0
20 1 1
20 1 1
20 1 1
20 1 1
20 1 1
20 1 1
20 1 1
20 1 1
20 1 1
20 1 1
20 1 1
20 1 1
20 1 1
20 1 1
20 1 1
20 1 1
20 1 1
20 1 1
20 1 1
20 1 1
20 1 1
20 1 1
20 1 1
20 1 1
20 1 1
20 1 1
20 1 1
21 1 1
21 1 1
21 1 1
21 1 1
21 1 1
21 1 1
21 1 1
21 1 1
21 1 1
21 1 1
21 1 1
21 1 1
21 1 1
21 1 1
21 1 1
21 1 1
21 1 1
21 1 1
21 1 1
21 1 1
21 1 1
21 1 1
21 1 1
21 1 1
21 1 1
21 1 1
21 1 1
21 1 1
21 1 1
21 1 1
21 1 1
21 1 1
21 1 1
21 1 1
21 1 1
22 4 1
22 4 1
22 4 1
22 4 1
22 3 0
22 3 1
22 3 1
22 3 1
22 1 1
22 1 1
22 1 0
22 1 1
22 1 1
22 1 0
22 1 1
22 1 1
22 1 1
22 1 1
22 1 1
22 1 1
22 1 0
22 1 1
22 1 1
22 1 1
22 1 1
22 1 1
22 1 1
22 1 1
22 1 1
22 1 1
22 1 1
22 1 1
22 1 1
22 1 1
22 1 1
22 1 1
22 1 1
22 1 1
22 1 1
22 1 1
22 5 1
22 5 1
22 5 1
22 5 1
22 5 1
22 5 1
23 1 1
23 1 0
23 1 1
23 1 1
23 1 1
23 1 1
23 1 1
23 1 1
23 1 1
23 1 1
23 1 1
23 1 1
23 1 1
23 1 1
23 1 1
23 1 1
23 1 1
23 1 1
23 1 1
23 1 1
23 1 1
23 1 1
23 1 1
23 1 1
23 1 1
23 1 1
23 1 1
23 1 1
24 1 1
24 1 1
24 1 1
24 1 1
24 1 1
24 1 1
24 1 1
24 1 0
24 1 1
24 1 1
24 1 1
24 1 1
24 1 1
24 1 1
24 1 1
24 1 1
24 1 1
24 1 1
24 1 1
24 1 1
24 1 1
24 1 1
24 1 1
24 1 1
24 1 1
24 1 1
24 1 1
25 1 1
25 1 0
25 1 1
25 1 1
25 1 1
25 1 1
25 1 1
25 1 1
25 1 1
25 1 1
25 1 1
25 1 1
25 1 1
25 1 1
25 1 1
25 1 1
25 1 1
25 1 0
25 1 1
25 1 1
25 1 1
25 1 0
25 1 0
25 1 1
25 1 1
25 1 1
25 1 1
25 1 1
25 1 1
25 1 1
25 1 1
25 1 1
25 1 1
25 1 1
25 1 1
25 2 1
25 2 1
25 2 1
25 2 1
25 14 0
25 14 0
25 14 1
25 14 1
25 14 1
25 14 1
25 13 0
25 13 0
25 13 1
25 13 1
25 13 1
26 1 1
26 1 1
26 1 1
26 1 1
26 1 1
26 1 1
26 1 1
26 1 1
26 1 1
26 1 1
26 1 1
26 1 1
26 1 1
26 1 1
26 1 1
26 1 1
26 1 1
26 1 1
26 1 1
26 1 1
26 1 1
26 1 1
26 1 1
26 1 1
26 1 1
26 1 1
26 1 1
26 1 1
27 1 1
27 1 1
27 1 1
27 1 1
27 1 1
27 1 1
27 1 1
27 1 1
27 1 0
27 1 1
27 1 1
27 1 1
27 1 1
27 1 1
27 1 1
27 1 1
27 1 1
27 1 1
27 1 1
27 1 1
27 1 1
27 1 1
27 1 1
27 1 1
27 1 1
27 1 1
27 1 1
27 1 1
27 1 1
27 1 1
27 1 1
27 1 1
27 1 1
27 1 1
27 1 1
27 1 1
27 1 1
28 1 1
28 1 1
28 1 1
28 1 1
28 1 1
28 1 1
28 1 1
28 1 1
28 1 1
28 1 1
28 1 0
28 1 1
28 1 1
28 1 1
28 1 1
28 1 0
28 1 1
28 1 1
28 1 1
28 1 1
28 1 1
28 1 1
28 1 1
28 1 1
28 1 1
28 1 1
28 1 1
28 1 1
28 1 1
28 1 1
28 1 1
28 1 1
28 1 1
28 1 1
28 1 1
28 1 1
28 1 1
28 1 1
29 7 1
29 7 0
29 7 0
29 7 0
29 7 1
29 7 1
29 5 1
29 5 1
29 5 1
29 5 1
29 5 1
29 5 1
29 2 0
29 2 0
29 2 1
29 2 1
29 2 1
29 2 0
29 2 1
29 8 1
29 8 1
29 8 1
29 8 1
29 8 1
29 9 1
29 9 1
29 9 1
29 9 1
29 1 1
29 1 1
29 1 1
29 1 1
29 1 1
29 1 1
29 1 1
29 1 0
29 1 1
29 1 0
29 1 1
29 1 1
29 1 1
29 1 1
29 1 1
29 1 1
29 1 1
29 1 1
29 1 1
29 1 1
29 1 1
29 1 1
29 1 1
29 1 1
29 1 1
29 1 1
29 1 1
29 1 1
29 1 1
29 1 1
29 1 1
29 1 1
29 1 1
29 6 1
29 6 1
29 6 1
29 6 1
29 6 1
29 6 1
30 1 1
30 1 1
30 1 0
30 1 1
30 1 1
30 1 1
30 1 1
30 1 1
30 1 1
30 1 1
30 1 1
30 1 1
30 1 1
30 1 1
30 1 1
30 1 1
30 1 1
30 1 1
30 1 1
30 1 1
30 1 1
30 1 1
30 1 1
30 1 1
30 1 1
30 1 1
30 1 1
30 1 1
30 1 1
30 1 0
30 1 1
30 1 1
30 1 1
31 1 1
31 1 1
31 1 1
31 1 1
31 1 1
31 1 1
31 1 1
31 1 1
31 1 1
31 1 1
31 1 1
31 1 1
31 1 1
31 1 1
31 1 1
31 1 1
31 1 0
31 1 1
31 1 1
31 1 1
31 1 1
31 1 1
31 1 1
31 1 1
31 1 1
31 1 1
31 1 1
31 1 1
31 1 1
31 1 1
31 1 1
31 1 1
31 1 1
31 1 1
31 1 1
31 1 1
31 1 1
31 1 1
31 1 1
31 1 1
31 1 1
31 1 1
31 1 1
31 1 1
31 1 1
31 1 1
31 1 1
32 1 1
32 1 1
32 1 1
32 1 1
32 1 1
32 1 1
32 1 1
32 1 0
32 1 1
32 1 1
32 1 1
32 1 1
32 1 1
32 1 1
32 1 1
32 1 1
32 1 0
32 1 1
32 1 1
32 1 1
32 1 1
32 1 1
32 1 1
32 1 1
32 1 1
32 1 1
32 1 1
32 1 1
32 1 1
32 1 1
32 1 1
32 1 1
32 1 1
33 1 1
33 1 1
33 1 1
33 1 1
33 1 1
33 1 1
33 1 1
33 1 1
33 1 1
33 1 1
33 1 1
33 1 1
33 1 1
33 1 1
33 1 1
33 1 1
33 1 1
33 1 1
33 1 1
33 1 1
33 1 1
33 1 1
33 1 1
33 1 1
33 1 1
33 1 1
33 1 1
33 1 1
33 1 1
33 1 1
33 1 1
33 1 1
33 1 0
33 1 1
33 1 1
33 2 0
33 2 0
33 2 1
33 2 0
33 2 1
33 2 0
33 2 0
33 2 1
33 6 1
33 6 1
33 6 1
33 6 1
33 5 1
33 5 1
33 5 1
33 5 1
33 5 1
33 5 1
33 5 1
34 1 1
34 1 1
34 1 1
34 1 1
34 1 1
34 1 1
34 1 1
34 1 1
34 1 1
34 1 1
34 1 1
34 1 0
34 1 1
34 1 1
34 1 1
34 1 1
34 1 1
34 1 1
34 1 1
34 1 1
34 1 1
34 1 1
34 1 1
34 1 1
34 1 1
34 1 1
34 1 1
34 1 1
34 1 1
34 1 1
34 1 1
34 1 1
34 1 1
34 1 1
34 1 1
34 1 1
34 1 1
34 1 1
34 1 1
34 1 1
35 1 1
35 1 1
35 1 1
35 1 1
35 1 1
35 1 0
35 1 1
35 1 1
35 1 1
35 1 1
35 1 1
35 1 1
35 1 1
35 1 1
35 1 1
35 1 1
35 1 1
35 1 1
35 1 1
35 1 1
35 1 1
35 1 1
35 1 1
35 1 1
35 1 1
35 1 1
35 1 1
35 1 1
35 1 1
35 1 1
35 1 1
35 1 1
35 1 1
35 1 1
35 1 1
35 1 1
35 1 1
35 1 0
35 1 1
35 1 1
36 1 1
36 1 1
36 1 1
36 1 1
36 1 1
36 1 1
36 1 1
36 1 1
36 1 1
36 1 1
36 1 1
36 1 1
36 1 1
36 1 1
36 1 1
36 1 0
36 1 1
36 1 1
36 1 1
36 1 1
36 1 1
36 1 1
36 1 1
36 1 1
36 1 1
37 1 1
37 1 1
37 1 1
37 1 1
37 1 1
37 1 1
37 1 1
37 1 1
37 1 1
37 1 1
37 1 1
37 1 1
37 1 1
37 1 1
37 1 1
37 1 1
37 1 1
37 1 1
37 1 1
37 1 1
37 1 1
37 1 1
37 1 1
37 1 1
37 1 0
37 1 1
37 1 1
37 1 1
37 1 1
37 1 1
37 1 1
37 1 1
37 1 1
37 1 1
37 1 1
37 1 1
37 1 1
37 1 1
37 1 1
37 1 1
37 1 0
37 1 1
37 1 1
37 2 1
37 2 1
37 2 1
37 2 1
37 2 1
37 2 1
38 7 0
38 7 1
38 7 0
38 7 1
38 1 1
38 1 1
38 1 1
38 1 1
38 1 1
38 1 1
38 1 1
38 1 1
38 1 1
38 1 1
38 1 1
38 1 0
38 1 1
38 1 1
38 1 1
38 1 1
38 1 1
38 1 1
38 1 1
38 1 1
38 1 1
38 1 1
38 1 1
38 1 1
38 1 1
38 1 1
38 1 1
38 1 1
38 1 1
38 1 1
38 1 1
38 1 1
38 1 1
38 1 1
38 1 1
38 1 1
38 1 1
38 1 1
38 1 1
38 1 1
38 1 1
38 1 1
38 1 1
38 1 1
38 1 1
38 1 1
38 1 1
38 1 1
38 1 1
38 1 1
38 1 1
38 1 1
38 1 1
38 1 1
38 2 1
38 2 1
38 2 1
38 2 1
38 2 1
38 2 1
38 2 1
38 2 1
39 1 1
39 1 1
39 1 1
39 1 1
39 1 1
39 1 1
39 1 1
39 1 1
39 1 1
39 1 1
39 1 1
39 1 1
39 1 1
39 1 1
39 1 1
39 1 1
39 1 1
39 1 1
39 1 1
39 1 1
39 1 1
39 1 1
39 1 1
39 1 1
39 1 1
39 1 1
39 1 1
39 1 1
39 1 1
39 1 1
39 1 1
39 1 1
39 1 1
39 1 1
39 1 1
39 1 1
39 1 1
39 1 1
39 2 1
39 2 1
39 2 1
39 2 1
40 1 1
40 1 1
40 1 1
40 1 1
40 1 1
40 1 1
40 1 1
40 1 1
40 1 1
40 1 1
40 1 1
40 1 1
40 1 1
40 1 1
40 1 1
40 1 1
40 1 1
40 1 1
40 1 1
40 1 1
40 1 1
40 1 1
40 1 1
40 1 1
40 1 1
40 1 1
40 1 1
40 1 1
40 1 1
40 1 1
40 1 1
40 1 1
40 1 1
40 1 1
40 1 1
40 1 1
40 1 1
40 1 1
40 1 1
40 1 1
40 1 1
40 1 1
40 1 1
40 1 1
40 1 1
40 1 1
40 1 1
40 1 0
40 2 1
40 2 1
40 2 1
40 2 0
40 2 0
40 2 1
40 2 1
40 2 1
40 2 1
40 2 0
40 2 0
41 1 1
41 1 1
41 1 1
41 1 1
41 1 1
41 1 1
41 1 1
41 1 1
41 1 1
41 1 1
41 1 1
41 1 1
41 1 1
41 1 1
41 1 1
41 1 1
41 1 1
41 1 1
41 1 1
41 1 1
41 1 1
41 1 1
41 1 1
41 1 1
41 1 1
41 1 1
41 1 1
41 1 1
41 1 1
41 1 1
41 1 1
41 1 1
41 1 1
41 1 1
41 1 1
41 1 1
41 1 1
41 1 1
41 1 1
41 1 1
41 1 1
41 1 1
41 1 1
41 1 1
41 1 1
41 1 1
41 1 1
41 1 1
41 1 1
41 1 1
41 1 1
41 2 1
41 2 1
41 2 1
41 2 1
41 2 0
41 2 1
41 2 0
42 1 1
42 1 1
42 1 1
42 1 1
42 1 1
42 1 1
42 1 1
42 1 1
42 1 1
42 1 1
42 1 0
42 1 1
42 1 1
42 1 1
42 1 1
42 1 1
42 1 1
42 1 0
42 1 1
42 1 1
42 1 1
42 1 1
42 1 1
42 1 1
42 1 1
42 1 1
42 1 1
42 1 1
42 1 1
42 1 1
42 1 1
42 1 1
42 1 1
42 1 1
42 1 1
42 1 1
42 1 1
42 1 0
42 1 1
42 1 1
42 1 1
42 1 1
42 1 0
42 1 1
42 1 1
42 1 1
42 1 1
42 1 1
42 1 1
42 1 1
42 1 1
42 1 1
42 1 1
42 1 1
42 2 1
42 2 1
42 2 1
42 2 1
42 2 0
42 2 0
42 2 1
42 2 0
42 2 1
42 13 1
42 13 1
42 13 1
42 13 1
42 13 1
43 1 1
43 1 1
43 1 1
43 1 1
43 1 1
43 1 0
43 1 1
43 1 1
43 1 1
43 1 0
43 1 1
43 1 1
43 1 1
43 1 1
43 1 1
43 1 1
43 1 1
43 1 0
43 1 0
43 1 1
43 1 1
43 1 1
43 1 1
43 1 1
43 1 1
43 1 1
43 1 1
43 1 1
43 1 1
43 1 1
43 1 1
43 1 1
43 1 1
43 1 1
43 1 1
43 11 0
43 11 1
43 11 1
43 11 1
43 2 1
43 2 0
43 2 0
43 2 1
43 2 1
43 12 1
43 12 0
43 12 1
43 12 1
44 1 1
44 1 1
44 1 1
44 1 1
44 1 1
44 1 1
44 1 1
44 1 1
44 1 1
44 1 1
44 1 1
44 1 1
44 1 1
44 1 1
44 1 1
44 1 1
44 1 1
44 1 1
44 1 0
44 1 1
44 1 1
44 1 1
44 1 1
44 1 1
44 1 1
44 1 1
44 1 1
44 1 1
44 1 1
44 1 1
44 1 1
44 1 1
44 1 1
44 1 1
44 2 1
44 2 1
44 2 1
44 2 1
45 1 1
45 1 1
45 1 1
45 1 1
45 1 1
45 1 1
45 1 1
45 1 1
45 1 0
45 1 1
45 1 1
45 1 1
45 1 1
45 1 1
45 1 1
45 1 1
45 1 1
45 1 1
45 1 1
45 1 1
45 1 1
45 1 1
45 1 1
45 1 1
45 1 1
45 1 1
45 1 1
45 1 1
45 1 1
45 1 1
45 1 1
45 1 1
45 1 1
45 1 1
45 1 1
45 1 1
45 1 1
45 1 1
45 1 1
45 1 1
45 1 1
45 1 1
45 1 1
45 1 1
45 1 1
46 1 1
46 1 1
46 1 1
46 1 1
46 1 1
46 1 1
46 1 1
46 1 1
46 1 1
46 1 1
46 1 1
46 1 1
46 1 1
46 1 1
46 1 1
46 1 1
46 1 1
46 1 1
46 1 0
46 1 1
46 1 1
46 1 0
46 1 1
46 1 1
46 1 1
46 1 1
46 1 1
46 1 1
46 1 1
46 1 1
46 1 1
46 2 0
46 2 1
46 2 0
46 2 1
46 5 1
46 5 1
46 5 1
46 5 1
46 5 1
47 1 1
47 1 1
47 1 1
47 1 1
47 1 1
47 1 1
47 1 1
47 1 1
47 1 1
47 1 1
47 1 1
47 1 1
47 1 1
47 1 1
47 1 1
47 1 1
47 1 1
47 1 1
47 1 1
47 1 1
47 1 1
48 7 0
48 7 0
48 7 1
48 7 0
48 1 1
48 1 1
48 1 1
48 1 1
48 1 1
48 1 1
48 1 1
48 1 0
48 1 1
48 1 1
48 1 1
48 1 1
48 1 1
48 1 1
48 1 1
48 1 1
48 1 1
48 1 1
48 1 1
48 1 1
48 1 1
48 1 1
48 1 1
48 1 1
48 1 1
48 1 1
48 1 1
48 1 1
48 1 1
48 1 1
48 1 1
48 1 1
48 1 1
48 1 1
48 1 0
48 2 0
48 2 1
48 2 0
48 2 1
48 15 0
48 15 1
48 15 0
48 15 1
49 1 1
49 1 1
49 1 1
49 1 0
49 1 1
49 1 1
49 1 1
49 1 1
49 1 1
49 1 1
49 1 1
49 1 1
49 1 1
49 1 1
49 1 1
49 1 1
49 1 1
49 1 1
49 1 1
49 1 1
49 1 1
49 8 1
49 8 1
49 8 1
49 8 0
49 6 1
49 6 1
49 6 1
49 6 1
49 6 1
50 1 1
50 1 1
50 1 1
50 1 1
50 1 1
50 1 1
50 1 1
50 1 1
50 1 1
50 1 1
50 1 1
50 1 1
50 1 1
50 1 1
50 1 1
50 1 1
50 1 1
50 1 1
50 1 1
50 1 1
50 1 1
50 1 1
50 1 1
50 1 1
50 1 1
50 1 1
50 1 1
50 1 1
50 2 0
50 2 1
50 2 1
50 2 1
50 2 0
50 6 1
50 6 1
50 6 1
50 6 1
51 1 1
51 1 1
51 1 1
51 1 1
51 1 1
51 1 1
51 1 1
51 1 1
51 1 1
51 1 1
51 1 1
51 1 1
51 1 1
51 1 1
51 1 1
51 1 1
51 1 1
51 1 1
51 1 1
51 1 1
51 1 1
51 1 1
51 1 1
51 1 1
51 1 1
51 1 1
51 1 1
51 1 1
51 1 1
51 1 1
51 1 1
51 1 1
51 1 1
51 1 1
51 1 1
52 5 1
52 5 1
52 5 1
52 5 1
52 2 1
52 2 1
52 2 0
52 2 1
52 2 1
52 2 1
52 2 1
52 1 1
52 1 1
52 1 1
52 1 1
52 1 1
52 1 1
52 1 1
52 1 1
52 1 1
52 1 1
52 1 1
52 1 1
52 1 1
52 1 1
52 1 1
52 1 1
52 1 1
52 1 1
52 1 1
52 1 1
52 1 1
52 1 1
52 1 1
52 1 1
52 1 1
53 1 1
53 1 1
53 1 1
53 1 1
53 1 1
53 1 0
53 1 0
53 1 1
53 1 1
53 1 1
53 1 1
53 1 1
53 1 1
53 1 1
53 1 1
53 1 1
53 1 1
53 1 1
53 1 1
53 1 1
53 1 1
53 1 1
53 1 1
53 1 1
53 1 1
53 1 1
53 2 1
53 2 1
53 2 0
53 2 1
53 2 1
53 6 1
53 6 1
53 6 1
53 6 1
53 6 1
53 6 1
53 5 1
53 5 1
53 5 1
53 5 1
53 5 1
54 1 1
54 1 1
54 1 1
54 1 1
54 1 1
54 1 1
54 1 1
54 1 1
54 1 1
54 1 0
54 1 1
54 1 1
54 1 1
54 1 1
54 1 1
54 1 1
54 1 1
54 1 1
54 1 1
54 1 1
54 1 1
54 6 1
54 6 1
54 6 1
54 6 1
54 6 1
54 6 1
54 6 1
54 6 1
54 5 1
54 5 1
54 5 1
54 5 1
54 5 1
55 1 0
55 1 1
55 1 1
55 1 1
55 1 1
55 1 1
55 1 0
55 1 1
55 1 1
55 1 1
55 1 1
55 1 1
55 1 1
55 1 1
55 1 1
55 1 1
55 1 1
55 1 1
55 1 1
55 1 1
55 1 1
55 1 1
55 1 1
55 1 1
55 1 1
55 1 1
55 1 1
55 1 1
55 1 1
55 1 1
55 1 1
55 1 1
55 1 1
55 1 1
55 1 1
55 2 1
55 2 1
55 2 1
55 2 1
56 1 1
56 1 1
56 1 1
56 1 1
56 1 1
56 1 1
56 1 1
56 1 1
56 1 1
56 1 1
56 1 1
56 1 1
56 1 1
56 1 1
56 1 1
56 1 1
56 1 1
56 1 1
56 1 1
56 1 1
56 6 1
56 6 1
56 6 1
56 6 1
57 1 1
57 1 1
57 1 1
57 1 1
57 1 1
57 1 1
57 1 1
57 1 0
57 1 1
57 1 1
57 1 1
57 1 1
57 1 1
57 1 1
57 1 1
57 1 1
57 1 1
57 1 1
57 1 1
57 1 1
57 1 1
57 1 1
57 1 1
57 1 1
57 1 1
57 1 1
57 1 1
57 1 1
57 1 1
57 1 1
57 1 1
57 1 1
57 1 1
57 1 1
57 2 1
57 2 1
57 2 1
57 2 1
57 2 1
57 2 0
57 2 1
57 2 0
57 2 0
57 2 1
57 2 1
57 2 0
57 2 1
57 2 0
57 2 1
57 2 1
57 2 1
58 1 1
58 1 1
58 1 1
58 1 1
58 1 1
58 1 1
58 1 1
58 1 1
58 1 0
58 1 1
58 1 1
58 1 1
58 1 1
58 1 1
58 1 1
58 1 1
58 1 1
58 1 1
58 1 1
58 1 1
58 1 1
58 1 1
58 1 1
58 1 1
58 1 1
58 1 1
59 1 1
59 1 1
59 1 1
59 1 1
59 1 1
59 1 1
59 1 1
59 1 1
59 1 1
59 1 1
59 1 1
59 1 0
59 1 1
59 1 1
59 1 1
59 1 1
59 1 1
59 1 1
59 1 1
59 1 1
59 1 1
59 1 1
60 1 1
60 1 1
60 1 1
60 1 1
60 1 1
60 1 1
60 1 1
60 1 1
60 1 1
60 1 1
60 1 1
60 1 1
60 1 1
60 1 1
60 1 1
60 1 1
60 1 1
60 1 1
60 1 1
60 1 1
60 1 1
60 1 1
60 1 1
60 1 1
60 1 1
60 1 1
60 1 1
60 1 1
60 1 1
60 1 1
60 1 1
60 1 1
60 1 1
60 1 1
60 1 1
60 1 1
60 1 1
60 1 1
60 1 1
60 1 1
60 1 1
60 1 1
60 1 1
60 2 0
60 2 1
60 2 1
60 2 1
60 2 1
60 2 0
60 14 1
60 14 1
60 14 1
60 14 1
60 14 1
60 14 1
60 13 1
60 13 0
60 13 1
60 13 1
