1 1 1
1 1 1
1 1 1
1 1 1
2 1 1
2 1 1
2 1 1
2 1 1
3 4 1
3 4 1
3 4 0
3 4 0
3 1 1
3 1 1
3 1 1
3 1 1
3 1 1
3 1 1
3 1 1
3 1 1
3 1 1
3 1 1
3 1 1
3 1 1
3 1 1
3 1 1
3 1 1
3 2 1
3 2 1
3 2 1
3 2 0
3 5 1
3 5 1
3 5 1
3 5 1
3 5 1
3 5 1
3 5 1
3 5 1
4 1 1
4 1 1
4 1 1
4 1 1
4 1 1
4 1 1
4 1 1
4 1 1
4 1 1
4 1 1
4 1 1
4 1 1
4 1 1
4 1 1
4 1 1
4 2 1
4 2 1
4 2 1
4 2 1
5 1 1
5 1 1
5 1 1
5 1 1
5 1 1
6 6 1
6 6 0
6 6 0
6 6 0
6 1 1
6 1 1
6 1 1
6 1 1
6 1 1
6 1 1
6 1 1
6 1 0
6 1 1
6 1 1
6 1 1
6 1 1
6 1 1
6 1 1
6 1 1
6 1 1
6 1 1
6 1 1
7 1 1
7 1 1
7 1 1
7 1 1
7 1 1
7 1 1
7 1 1
7 1 1
7 1 1
7 1 1
7 1 1
7 1 1
7 1 1
7 2 1
7 2 1
7 2 1
7 2 1
7 5 1
7 5 1
7 5 1
7 5 1
7 5 1
8 1 1
8 1 1
8 1 1
8 1 1
9 1 1
9 1 1
9 1 1
9 1 1
10 1 1
10 1 1
10 1 1
10 1 1
10 1 1
10 1 1
10 1 1
10 1 1
11 1 1
11 1 1
11 1 1
11 1 1
11 1 1
11 1 1
12 1 1
12 1 1
12 1 1
12 1 1
12 1 1
13 1 1
13 1 1
13 1 1
13 1 1
13 1 1
13 1 1
13 1 1
13 1 1
13 1 1
13 1 1
13 1 1
13 1 1
13 2 1
13 2 0
13 2 1
13 2 1
14 1 1
14 1 1
14 1 1
14 1 1
14 1 1
15 1 1
15 1 1
15 1 0
15 1 0
15 1 1
15 1 1
15 1 1
15 1 1
15 1 1
15 2 0
15 2 1
15 2 1
15 2 1
16 1 1
16 1 1
16 1 1
16 1 1
16 1 1
16 1 1
16 1 1
16 1 1
16 1 1
16 1 1
16 1 1
16 1 1
16 1 1
16 1 1
16 2 1
16 2 1
16 2 0
16 2 1
17 1 1
17 1 1
17 1 1
17 1 1
17 1 1
17 1 1
17 1 0
17 1 1
17 1 1
17 1 1
17 2 1
17 2 1
17 2 0
17 2 1
17 2 1
18 1 1
18 1 1
18 1 1
18 1 1
19 2 0
19 2 1
19 2 1
19 2 1
19 3 1
19 3 1
19 3 1
19 3 0
19 3 1
19 3 1
19 3 1
20 4 0
20 4 1
20 4 0
20 4 0
21 1 1
21 1 1
21 1 1
21 1 1
21 1 1
21 1 0
21 1 1
21 1 1
21 1 1
21 1 1
21 1 1
21 1 1
21 2 1
21 2 1
21 2 0
21 2 1
21 2 1
22 1 1
22 1 1
22 1 1
22 1 1
22 1 1
22 1 1
22 1 1
23 1 1
23 1 1
23 1 1
23 1 1
23 1 1
23 1 1
23 1 1
23 1 1
23 1 1
23 1 1
23 1 1
23 1 1
23 2 1
23 2 1
23 2 1
23 2 1
24 1 1
24 1 1
24 1 1
24 1 1
24 1 1
24 5 1
24 5 1
24 5 1
24 5 1
25 1 0
25 1 1
25 1 1
25 1 1
25 1 1
26 1 1
26 1 1
26 1 1
26 1 1
26 1 1
27 1 1
27 1 1
27 1 1
27 1 1
27 1 1
27 1 1
27 1 1
27 1 1
27 1 1
27 1 1
27 1 1
27 1 1
27 1 1
27 1 1
27 1 1
27 1 1
27 1 1
27 1 1
27 1 1
27 2 0
27 2 0
27 2 1
27 2 0
28 1 1
28 1 1
28 1 1
28 1 1
28 1 1
28 1 1
28 1 1
28 1 1
28 1 1
