5564
303,247,106,236,344,318,144,45,68,22,22,22,22,22,2,2,2,2,2,2,2,2,2,2,2,2,2,2,2,2,2,2,2,2,2,352,313,340,327
0,0,1,1,1,1,1,0,1,1,1,0,1,1,1,0,0,0,1,1,1,0,0,1,1,1,1,1,1,1,0,0,1,1,0,0,0,0,0
2746
299,323,236,281,286,350,292,313,288,174,359,326,326,22,22,22,22,22,22,22,22,339,293,171,317,332,2,2,2,2,2,2,2,2,2,2,2,2,2,2,2,2,2,91
1,0,0,0,0,1,1,0,0,0,1,0,0,1,1,1,1,0,0,0,1,0,1,1,0,0,1,0,0,0,0,0,1,0,0,0,0,1,1,0,0,0,0,0
2747
319,281,22,2,2,2,2
0,0,1,0,0,1,0
2748
78,296,299,299,342,106,336,236,323,329,311,73,300,300,283,292,22,22,22,22,22,22,22,22,22,22,22,22,22,22,2,2,2,2,2,2,2,2,2,2,2,2,2,2,2,2,2,2,2,2,2,2,2,2,2,2,2,2,2,2,2,2,2,2,2,2,2,2,2,2,2,2,2,2,2,2,2,2,2,2,2,291,279,288,326,91
1,0,1,1,1,0,0,1,0,1,1,1,0,0,0,0,1,1,0,0,0,1,1,0,0,0,1,1,0,0,1,0,1,0,0,0,1,0,1,0,0,0,1,0,0,0,1,1,1,0,1,1,1,0,1,1,1,0,1,1,1,1,0,1,1,1,1,0,0,1,1,1,0,1,0,1,0,0,1,0,0,0,1,0,1,0
2749
296,236,297,46,252,355,283,22,22,22,22,22,22,322,146,78,364,144,67,319,285,2,2,2,2,2,2,2,2,2,2,2,2,2,2,2,2,2,2,2,2,2,2,2,2,2,2,2,2,2,2,2,2,2,2,2,2,2,2,2,2,2,2,2,2,2,2,2,2,2,2,2,2,2,2,2,2,2,2,2,2,303,279,307,326,368
0,1,1,1,1,1,1,1,0,0,1,1,1,1,1,1,1,0,1,0,0,0,0,1,0,0,1,1,1,0,0,0,1,1,1,0,1,1,1,0,1,1,0,0,1,1,0,1,1,1,1,1,1,1,1,1,1,1,1,1,1,0,1,1,1,1,1,1,1,1,1,1,1,1,1,1,1,1,0,0,0,0,1,1,1,0
2750
296,293,236,307,73,327,288,359,22,22,22,22,22,22,22,22,22,22,22,22,22,22,360,291,237,171,317,45,2,2,2,2,2,2,2,2,2,2,2,2,2,2,2,2,2,2,2,91
0,1,0,0,0,0,1,1,1,1,1,1,0,1,1,1,1,1,1,1,0,0,1,0,0,1,0,1,1,0,1,1,0,1,1,0,0,1,0,1,0,0,0,1,1,0,1,0
2751
302,247,22,333,41,2,2,2,300
0,0,0,0,0,0,1,0,0
2752
312,304,2,2,2,2,2,2
0,0,0,0,0,0,0,0
2753
367,351,236,297,286,46,247,22,22,22,22,22,22,22,22,22,22,341,317,332,308,362,73,320,199,329,182,333,348,68,359,310,291,65,171,2,2,2,2,2,2,2,2,2,2,2,2,2,2,2,2,2,2,2,2,2,2,2,2
1,0,1,1,0,1,0,1,0,1,0,1,1,1,0,0,0,0,0,1,0,1,0,1,1,0,1,0,1,1,0,1,0,0,1,1,1,0,0,0,0,1,0,0,1,0,0,0,0,1,1,1,1,0,0,1,0,0,0
2754
254,182,2,2,2,2
0,1,1,0,0,1
2755
22,22,22,22,22,22,22,2,2,2,2,2,2,2,2,2,2,2,2,2,2,2,2,2,2
0,0,0,1,0,1,0,0,1,0,1,0,0,0,0,0,1,1,1,1,1,0,0,1,0
2756
296,311,246,337,344,318,286,252,284,254,324,363,295,22,22,22,22,22,22,22,22,22,22,22,22,346,151,48,308,289,280,320,343,263,350,357,111,328,301,314,294,175,2,2,2,2,2,2,2,2,2,2,2,2,2,2,2,2,2,2,2,2,2,2,2,2,2,2,2,2,2,2,2,2,2,2,2,2,2,2,2,2,2,2,2,2,2,91
0,1,0,0,0,1,0,0,0,0,1,1,1,1,1,0,0,0,0,1,1,0,0,1,0,1,1,0,0,0,0,0,1,0,0,0,0,0,1,1,1,1,1,0,0,0,0,1,0,0,1,0,0,0,0,0,1,1,0,0,1,1,1,0,0,1,0,0,0,0,0,1,0,0,1,0,0,0,0,1,0,1,0,1,0,1,0,0
2757
2,2,308
1,0,0
2758
328,22,22,22,22,22,336,344,2,2,2,2,327
0,1,1,1,1,1,1,0,0,0,0,0,1
4048
310,177,366,236,236,46,333,324,359,328,22,22,22,22,22,22,22,291,171,317,45,2,2,2,2,2,2,2,2,2,2,2,2,2,2,2,2,2,2,2
1,0,1,0,0,1,1,1,0,0,0,0,1,1,1,1,1,1,0,0,0,0,0,0,0,0,1,0,0,0,0,0,1,1,0,0,1,1,1,1
2760
290,311,236,281,318,276,302,324,22,22,22,22,22,22,22,22,22,22,22,22,22,22,22,22,22,22,22,252,155,111,177,336,329,335,144,301,306,353,341,307,2,2,2,2,2,2,2,2,2,2,2,2,2,2,2,2,2,2,2,2,2,2,2,2,2,2,2,2,2,2,2,2,2,2,2,2,2,2,2,2,2,2,2,2,2,2,2,2,2,2,2,2,2,2,2,2,2,2,2,2,2,2,2,2,2,78,235,356,297,253,284,355,5,5,358,91,339,346,308,289,354,106,325,110,333,357,338,328,340,124,360,65,334,175,41
0,0,1,0,1,1,0,1,1,1,1,1,1,1,1,1,1,0,1,1,1,1,0,1,1,1,1,1,1,0,1,1,1,0,0,1,0,1,1,1,1,1,1,0,1,1,0,1,0,0,0,0,1,1,1,1,1,0,1,1,1,1,1,1,1,1,1,0,1,0,1,1,1,1,0,1,1,1,0,1,1,1,1,1,1,0,1,1,1,0,0,1,1,1,1,1,1,1,0,1,0,1,1,1,1,0,0,1,0,1,1,1,1,1,1,1,1,1,1,0,1,1,1,0,1,1,0,1,1,1,1,0,1,1,1
2761
2,22,236,313
0,1,1,1
2762
2,2,2,2,2,2,2,2,2,2,2,2,2,2,2,2,2,2,2,2,2,2,78,177,236,91,345,288,359,310,22,22,22,22,22,22,22,22,22,22,22,326,293,291,171,317,45,301,341
1,1,0,1,1,1,0,1,0,1,1,0,0,1,0,1,0,1,1,1,0,0,1,1,0,0,0,1,1,1,1,0,1,1,0,1,0,1,1,0,0,0,1,1,1,1,0,1,1
2763
289,311,246,351,337,344,318,46,363,22,22,22,22,22,22,22,22,22,22,22,22,22,22,22,22,22,22,22,22,22,22,22,22,22,22,22,22,22,22,219,339,293,56,361,361,347,362,312,315,320,369,316,333,291,65,171,45,2,2,2,2,2,2,2,2,2,2,2,2,2,2,2,2,2,2,2,2,2,2,2,2,2,2,2,2,2,2,2,2,2,2,2,2,2,2,2,2,2,2,2,2,2,2,2,2,2,2,2,2,2,2,2,2,2,2,2,2,2,2,2,2,2,2,2,2,2,368
1,1,0,0,0,1,0,1,1,1,1,1,1,1,1,1,1,1,0,1,1,1,1,1,1,1,1,1,1,1,1,1,1,1,0,1,1,1,1,1,0,1,1,1,1,0,1,0,1,0,1,1,0,1,0,0,0,0,1,1,0,0,1,0,0,0,1,1,0,1,1,0,1,1,1,1,1,1,1,1,0,1,1,0,0,1,1,1,1,1,1,0,1,1,1,0,0,1,1,0,0,1,0,1,1,1,1,1,1,1,0,1,0,0,0,0,0,1,1,0,0,0,0,0,0,0,1
2764
290,73,347,236,344,318,348,297,151,302,324,22,22,22,22,22,22,22,22,22,22,22,22,22,22,22,22,22,22,22,22,322,237,56,317,303,315,171,354,343,263,316,357,235,68,326,124,208,294,334,307,305,2,2,2,2,2,2,2,2,2,2,2,2,2,2,2,2,2,2,2,2,2,2,2,2,2,2,2,2,2,2,2,2,2,2,2,2,2,177
0,1,0,0,1,1,0,1,0,1,1,1,0,1,0,0,0,0,1,0,1,0,1,1,0,1,0,1,1,1,1,0,0,1,1,0,1,0,1,1,0,1,0,0,0,1,0,1,1,1,0,1,0,1,1,0,0,0,0,0,0,1,1,1,1,1,0,0,1,0,1,1,0,1,0,1,1,0,0,0,0,0,1,1,1,0,1,0,1,0
2765
362,315,56,236,301,46,311,45,292,22,22,22,22,22,22,22,22,293,171,317,313,2,2,2,2,2,2,2,2,91
1,1,0,1,0,1,0,0,1,1,0,1,1,0,0,1,1,1,1,0,1,0,1,0,1,0,1,1,1,0
2766
354,22,22,22,22,339,2,2,2,2,2,2,2,2,276,340,300
0,1,0,0,0,0,0,0,1,1,0,1,1,1,1,0,0
2767
311,354,236,301,5,45,359,295,22,22,22,22,22,22,22,22,22,171,317,313,2,2,2,2,2,2,2,2,2,2,2,2,2,2
1,1,1,0,1,1,0,0,1,0,0,1,0,0,0,0,1,1,0,1,0,0,1,0,1,0,1,0,1,1,0,0,0,0
2768
55,356,337,2,2,2,2,2,2,2,2,2,2,2,2,2,2,2,2,2,22
1,0,0,0,0,0,0,0,0,0,1,1,1,0,1,1,0,0,1,0,0
2769
2,236
1,1
2770
346,41,22,2,2,2,2,348
1,1,1,0,0,0,1,1
2771
78,296,299,299,236,344,318,46,73,22,22,22,22,22,22,298,298,291,237,279,2,2,2,2,2,2,2,2,2,2,2,2,91
1,0,1,1,1,1,0,0,1,0,1,1,1,1,1,1,1,0,1,1,0,0,1,0,0,0,0,1,1,1,1,0,0
2772
2
0
2773
2,2
1,0
2774
2,2,2,2,2,2,2,2,2,2,2,2,2,2,2,2,2,2,2,2,111,315,56,236,357,369,316,355,331,254,27,73,322,22,22,22,22,22,22,22,22,22,22,22,219,294,171,307,288,301
1,0,0,0,1,1,0,1,1,1,1,1,1,0,0,1,1,1,0,0,1,0,1,1,1,1,1,1,0,0,1,1,1,1,1,1,1,1,0,1,0,0,1,0,1,1,1,0,1,0
2775
324,2,2,2
0,0,1,1
2776
344,5,355,295,22,22,22,22,22,22,22,22,22,22,22,22,22,22,22,22,322,339,56,56,317,315,315,171,171,199,370,325,146,175,369,316,316,348,111,27,353,2,2,2,2,2,2,2,2,2,2,2,2,2,2,2,2,2,2,2,2,2,2,2,2,2,2,2,2,2,2,345,334,340,76
1,1,1,0,0,1,1,0,1,0,0,1,1,1,0,0,0,1,1,1,0,1,0,1,0,0,0,1,1,1,1,0,0,0,1,0,1,1,1,0,1,0,0,0,0,0,0,0,0,1,0,0,0,0,0,1,0,1,0,0,0,0,0,1,0,0,0,0,0,1,0,1,1,0,1
5131
290,246,351,236,344,286,254,45,292,263,22,22,22,22,22,22,22,22,22,22,22,22,22,22,22,22,22,22,22,22,22,22,22,22,22,22,22,22,22,22,22,22,22,22,22,22,22,22,22,22,22,282,293,352,317,338,338,334,106,336,91,91,325,146,335,144,302,288,319,319,359,76,110,291,48,171,305,2,2,2,2,2,2,2,2,2,2,2,2,2,2,2,2,2,2,2,2,2,2,2,2,2,2,2,2,2,2,2,2,2,2,2,2,2,2,2,2,2,2,2,2,2,2,2,2,2,2,2,2,2,2,2,2,2,2,2,2,2,2,2,2,2,2,2,2,2,2,2,2,2,2,2,2,2,2,2,2,2,2,2,2,2,2,2,2,2,2,2,2,2,2,2,2,2,2,2,2,2,2,2,2,2,321
0,1,1,1,1,1,1,1,1,0,1,1,0,0,1,1,1,1,0,1,1,1,0,1,1,1,1,1,0,1,1,1,1,1,1,1,1,0,0,1,0,0,1,0,1,1,1,1,1,1,1,1,1,1,0,0,0,1,1,1,0,1,1,1,1,1,1,1,0,0,1,1,1,1,0,1,1,1,1,1,1,0,1,0,0,1,1,1,1,1,1,1,1,1,0,1,1,1,1,1,1,1,1,1,1,0,1,1,1,1,1,0,1,0,1,1,1,1,1,1,1,1,0,1,0,1,1,1,1,0,1,1,0,1,1,0,1,0,0,1,0,1,0,1,1,0,1,1,1,1,1,1,0,1,0,1,1,0,1,1,1,0,1,1,1,1,1,1,1,0,0,1,1,1,1,1,1,1,0,1,1,1,1
2778
303,27,367,22,325,344,363,2,2,2,2,2,2,2,2,2,2,2,2
0,0,1,0,1,1,0,1,1,0,0,0,1,1,1,0,1,0,0
2779
22,22,22,22,2,2,2,2,2,2,2
0,0,1,1,1,1,0,0,1,1,0
2780
22,22,22,22,22,22,22,22,22,2,2,2,2,2,2,2,2,2,2,2,2,2,2,2,2,2,2,2
1,1,1,1,1,1,1,1,1,0,0,0,1,0,1,1,1,1,1,1,1,1,1,1,1,1,1,0
2781
289,247,236,344,297,5,283,324,363,22,22,22,22,22,22,22,22,22,22,339,352,341,78,320,343,301,330,357,319,27,328,76,208,294,2,2,2,2,2,2,2,2,2,2,2,2,2,2,2,2,2,2,2,2,2,2,2,2,2
0,0,1,0,1,0,1,1,1,1,0,0,0,1,1,1,0,1,0,1,1,1,1,0,0,1,1,1,1,1,0,0,0,1,1,1,1,1,0,1,1,1,1,0,1,0,0,0,0,1,0,1,1,0,0,0,0,1,1
2782
299,296,73,365,351,22,22,324,348,349,349,2,2,2,2,2,2,2,2,2,2,2,2,2,2,2,2,2,2,2,2,2,2,2,2,2,2,2,2,2,2,2,2,2,2,2,2,2,2,2,2,2,2,2,2,2,2,2,2,2,2,2,2,284
1,0,0,1,0,1,0,1,0,0,0,0,0,0,0,0,0,0,1,0,1,0,0,0,1,0,0,0,0,1,1,1,0,1,1,0,0,1,1,1,0,1,1,1,1,1,0,0,0,1,0,0,0,0,0,1,1,1,1,0,1,1,0,1
2783
78,323,365,263,358,5,357,285,284,295,22,22,22,22,22,22,345,339,282,65,174,146,331,2,2,2,2,2,2,2,2,2,2,2,2,2,2,2,2,2,2,2,2
0,0,1,1,0,0,0,0,0,0,1,1,1,0,0,0,0,1,0,0,0,1,0,1,1,0,0,1,0,0,1,0,1,0,0,1,0,0,0,0,0,1,0
2784
73,351,337,336,312,144,304,297,151,252,254,324,352,332,22,22,22,22,22,22,22,22,22,22,22,22,22,22,22,22,22,22,22,305,339,293,111,182,349,308,289,319,177,55,236,325,263,5,333,288,288,338,68,328,2,2,2,2,2,2,2,2,2,2,2,2,2,2,2,2,2,2,2,2,2,2,2,2,2,2,2,2,2,2,2,2,2,2,2,2,2,2,2,2,2,2,2,2,2,2,124,345,48,307,45,301
1,1,1,0,1,1,0,0,1,1,0,1,1,1,1,1,1,1,0,1,1,1,1,1,0,1,0,1,0,1,0,1,1,1,0,1,0,1,1,1,1,1,1,1,1,1,1,1,1,1,0,0,1,0,1,1,1,1,0,1,1,1,1,0,0,1,1,1,1,1,1,1,0,0,1,1,0,1,1,1,0,0,1,0,1,1,1,0,0,1,1,1,0,1,1,1,1,1,1,1,0,1,0,0,1,1
2785
73,351,337,236,46,276,5,355,254,288,332,22,22,22,22,22,22,22,22,22,22,22,22,22,22,305,339,293,237,352,317,171,155,341,78,283,280,55,354,336,175,41,300,348,111,326,2,2,2,2,2,2,2,2,2,2,2,2,2,2,2,2,2,2,2,2,2,2,2,2,2,2,2,2,2,2,2,2,2,2,2,2,2,2,2,2,2,2,2,2,2,2,2,2,2,2,2,2,2,2,2,2,360,208,291,48,279,45,301
1,1,1,1,1,1,1,1,0,1,1,0,0,0,1,1,0,1,1,0,1,1,1,1,1,1,1,1,1,1,1,1,1,1,1,1,1,1,1,1,1,1,1,1,0,1,1,1,0,1,0,1,1,1,0,1,1,1,1,1,1,0,0,1,1,0,1,1,0,0,1,1,1,1,1,1,1,1,1,1,1,1,0,1,1,0,1,1,1,1,1,1,1,1,0,0,0,1,1,0,1,0,1,0,1,0,1,1,1
6097
2,2
0,0
2787
22,22,2,2,2,2,2,2,2,2,2,2,2,2,2,2,2,2
0,1,0,0,0,0,0,0,0,0,1,0,0,0,0,0,0,0
2788
330,328,76,336,345,364,252,2,2,2,2,2,2,2,2,22,22,22
1,0,1,1,0,0,1,0,1,0,0,1,0,1,0,1,0,1
2789
362,263,236,350,253,41,284,288,302,292,22,22,22,293,291,45,2,2,2,2,2,2,2,2,2,2,2,2,2,2,2,2,2,2,2,91
1,0,1,0,1,0,0,0,0,1,0,1,1,1,1,1,0,0,0,0,0,1,0,1,0,0,0,1,1,0,1,1,0,1,0,0
2790
55,236,2,2,2
1,1,1,1,0
2791
111,22,22,287,279,332,2,2,2,2,2,2,2,2,2,2,2,2,2
0,1,1,1,0,0,1,1,1,1,1,1,1,1,1,1,0,1,1
2792
22,22,22,22,22,22,22,22,2,2,2,2,2,2,2,2
0,0,0,1,1,1,1,1,0,1,0,1,0,1,1,1
2793
2
0
2794
290,73,337,311,304,5,254,324,295,22,22,22,22,22,22,22,22,22,346,146,349,341,303,302,320,319,285,326,314,305,2,2,2,2,2,2,2,2,2,2,2,2,2,2,2,2,2,2,2,2,2,2,2,2,2,2,2,2,2,2,2,2,2,2,2,2,2,2
0,1,0,1,0,0,0,0,0,1,1,0,0,0,1,0,0,0,1,0,0,0,0,0,0,0,1,0,0,0,0,1,0,1,0,0,1,0,0,1,1,1,0,1,1,1,0,0,1,0,1,1,1,1,0,0,0,0,1,0,0,0,0,0,0,1,1,1
2795
290,359,310,22,22,22,22,22,22,22,22,22,236,91,171,317,45,2,2,2,2,2,2,2,2,2,2,2,2,368
0,0,1,1,0,0,0,0,0,0,0,1,1,0,0,0,1,0,1,0,1,1,1,1,1,0,0,0,0,1
2796
2
0
2797
73,351,236,236,281,350,348,297,315,287,358,282,288,22,22,22,22,22,22,22,22,22,22,22,22,22,22,22,322,293,237,56,317,313,177,343,329,5,316,349,357,68,174,2,2,2,2,2,2,2,2,2,2,2,2,2,2,2,2,2,2,2,2,2,2,2,2,2,2,2,2,2,2,2,2,2,2,2,2,2,2,2,2,2,2,2,247,171,307,45,301,301,321
0,0,1,1,0,1,1,0,1,0,0,0,0,1,1,0,1,1,0,0,1,1,0,1,1,0,1,0,0,1,0,1,0,1,0,0,1,0,1,0,0,1,0,0,0,0,1,1,0,1,0,0,1,1,1,0,1,0,0,0,1,1,0,0,0,0,0,0,0,0,1,0,0,0,1,0,0,0,0,0,0,0,0,1,0,1,0,0,0,1,0,0,0
2798
323,347,336,287,253,5,355,252,254,22,22,22,22,22,106,318,78,151,320,175,144,111,27,328,345,307,305,2,2,2,2,2,2,2,2,2,2,2,2,2,2,2,2,2,2,2,2,2,2,2,2,2
1,1,1,1,1,1,0,0,0,1,1,1,0,1,0,1,0,0,0,1,0,1,1,0,1,1,1,1,1,0,0,0,1,1,1,1,1,0,1,0,1,1,1,1,0,0,0,1,0,1,1,0
2799
22,22,22,22,22,22,22,2,2,2,2,2,2,2,2,2,2,2,2,2,2,2,2,2,2,2
0,1,1,1,1,1,1,1,1,0,0,0,0,0,1,0,0,1,1,1,0,1,1,0,0,0
2800
175
0
2801
22,2,2
0,1,0
2802
78,46,2,236,22,22
0,1,1,0,1,0
2803
296,337,336,344,41,5,5,5,295,22,22,22,22,22,22,22,22,22,22,22,22,22,22,22,339,237,352,182,332,78,111,177,175,144,348,319,366,326,208,279,2,2,2,2,2,2,2,2,2,2,2,2,2,2,2,2,2,2,2,2,2,2,2,2,2,2,2,2,2,2,2,2,2,2,2,2,2,2,2,2,2,2,2,2,2,2
0,0,0,1,0,0,0,1,0,0,0,0,0,0,0,0,1,0,0,0,0,1,1,0,1,1,1,0,0,0,0,1,0,1,1,0,0,1,0,0,1,0,0,0,0,0,0,0,0,0,0,0,0,0,0,0,0,0,1,0,0,1,1,1,0,0,0,1,0,0,1,0,0,1,1,0,0,0,1,0,0,1,1,1,0,1
2804
2,2,2,2
0,0,0,0
2805
312,235,254,320,325,252,284,174,302,358,295,22,22,22,22,22,124,351,357,349,2,2,2,2,2,2,2,2,2,76
1,0,1,0,0,1,1,0,0,0,0,0,0,0,1,0,0,0,1,0,1,0,1,0,1,0,0,0,0,0
2806
22,2
0,0
2807
323,311,347,336,324,22,22,22,22,22,22,22,22,22,22,22,22,22,22,22,22,22,22,22,322,146,155,331,364,335,300,111,285,76,110,307,305,327,289,247,344,5,5,5,358,254,91,346,352,182,343,78,151,320,199,354,263,350,288,338,329,328,2,2,2,2,2,2,2,2,2,2,2,2,2,2,2,2,2,2,2,2,2,2,2,2,2,2,2,2,2,2,2,2,2,2,2,2,2,2,2,2,2,2,2,2,2,2,2,2,2,2,360,48,175,301
1,1,0,1,1,0,1,0,0,1,0,0,1,1,1,1,0,1,1,0,1,1,1,1,1,1,1,0,1,1,1,0,0,1,1,1,1,1,1,1,1,1,0,0,1,1,0,1,1,1,1,0,0,0,0,1,0,1,1,0,1,0,1,0,0,1,0,1,0,0,1,1,1,0,1,1,0,1,1,1,1,0,0,1,1,1,1,1,1,1,1,1,1,0,1,0,1,0,1,1,0,0,1,1,1,1,1,1,0,1,1,1,1,0,1,1
2808
236,2,2,2,2,2,22
1,1,1,1,0,0,1
2809
22,22,22,22,22,22,2,2,2,2,2,2,2,2,2,2,2,2
0,0,0,0,1,1,1,0,0,1,1,1,1,1,0,0,0,0
2810
290,290,22,2
0,0,1,0
2811
367,351,247,297,252,5,302,330,22,22,22,22,22,22,22,22,22,22,22,22,320,237,349,308,78,177,354,343,144,363,300,327,334,2,2,2,2,2,2,2,2,2,2,2,2,2,2,2,2,2,2,2,2,2,2,2,2,2,2,2,76
0,1,1,1,1,0,0,0,0,0,1,1,0,1,1,1,1,1,1,1,0,1,0,1,1,1,1,1,1,0,0,0,1,1,0,0,1,1,1,0,1,1,0,1,1,0,1,0,1,1,1,1,0,1,1,0,1,1,1,1,0
2812
299,367,246,351,236,236,345,318,41,311,330,22,22,22,22,22,22,22,22,22,22,22,22,22,22,22,22,22,22,22,22,22,22,22,22,22,22,22,22,22,22,22,282,237,348,146,332,2,2,2,2,2,2,2,2,2,2,2,2,2,2,2,2,2,2,2,2,2,2,2,2,2,2,2,2,2,2,2,2,2,2,2,2,2,2,2,2,2,2,2,2,2,2,2,2,2,2,2,2,2,2,2,2,2,2,2,2,2,2,2,2,2,2,2,2,2,2,2,2,2,2,2,2,2,2,2,2,2,2,2,2,2,2,2,2,2,2,2,2,2,2,2,2,2,2,2,2,2,2,2,2,2,2,2,2,2,2,2,2,2,73,73,73,365,334,364,335,144,301,301,5,5,313,306,353,76,344,294,45,327,296,296,300,297,252,304,284,355,358,254,295,91,339,293,352,182,48,308,289,283,151,342,354,343,325,110,263,350,67,333,357,27,328,340,360,303,276,279,288,288,78
1,1,1,1,1,1,1,1,1,1,1,0,1,1,0,1,0,1,1,1,1,1,0,1,0,1,1,0,1,1,1,1,1,1,1,1,0,1,1,0,1,1,0,1,1,1,1,1,0,0,1,1,1,0,0,0,1,1,1,1,1,0,1,0,0,1,1,1,1,1,1,1,1,0,1,0,0,1,0,1,1,1,1,1,0,0,0,0,1,0,1,0,1,1,1,1,1,1,1,1,0,1,1,1,1,1,1,1,1,1,0,1,1,1,1,0,0,1,1,1,1,0,1,1,1,1,1,1,1,1,1,1,0,0,1,1,1,1,1,1,0,1,1,0,1,1,1,1,1,1,1,1,0,0,1,1,0,1,0,0,1,1,1,1,1,1,1,1,0,1,1,1,0,1,0,1,1,1,1,0,1,1,0,0,1,1,1,1,0,0,1,0,0,1,0,1,1,1,1,1,1,1,1,1,0,0,1,0,1,0,1,1,0,0,1,1,1,1,1,1,1
2813
363,246,328,287,253,279,2,2,2,2,2,174
0,0,0,1,0,1,1,1,1,1,1,0
2814
299,296,73,279,337,236,2,2,2,2,2,2,2,2,2,2,2,2,2,2,2,2,2,2,2,2,2,2,2,2,2,2,2,2,2,2,2,2,46,78,361,22,22,22,22
1,0,0,0,1,0,0,0,0,0,0,0,0,0,1,0,0,0,0,0,0,1,1,0,1,0,0,1,1,0,1,0,0,0,0,0,0,0,0,0,0,0,0,0,0
2815
323,367,315,253,284,355,174,302,288,91,322,352,283,312,177,55,343,331,329,182,56,316,5,357,111,285,309,2,2,2,2,2,2,2,2,2,2,2,2,2,2,2,2,2,2,2,2,2,2,2,2,2,2,2,2,65,171,305,326,22,22,22,22,22,22
0,0,1,1,0,1,0,0,0,0,1,0,1,1,1,0,0,0,1,1,1,1,1,1,0,0,1,1,0,0,0,1,0,0,1,0,0,1,0,1,0,1,0,1,0,0,1,1,0,1,1,0,0,0,0,1,1,1,1,1,0,1,1,1,0
2816
315,334,22,22,171,56,317,316,2,2,2,2,2,2
1,1,1,0,1,0,0,0,0,0,0,0,0,0
2817
289,312,151,356,106,199,350,276,311,367,363,328,22,22,22,22,22,22,22,22,22,314,339,282,2,2,2,2,2,2,2,2,2,2,2,2,2,2,307,155,341
0,1,0,1,1,1,1,0,1,1,0,0,0,0,0,1,1,0,0,0,1,1,0,0,1,1,0,1,0,0,0,1,0,1,0,1,1,1,1,1,1
2818
68,65,22,2,2,2,2,2,2
0,0,0,1,1,0,0,0,1
2819
78,296,299,299,289,236,331,86,301,318,5,73,349,313,306,174,22,22,22,22,22,22,22,22,22,22,22,22,22,279,182,288,288,2,2,2,2,2,2,2,2,2,2,2,2,2,2,2,2,2,2,2,2,2,2,2,2,2,2,2,2,2,2,2,2,2,2,2,2,2,2,2,2,2,2,2,2,2,2,2,2,2,2,2,2
1,0,1,1,1,0,0,0,0,1,1,1,1,1,1,0,0,0,1,1,0,0,0,0,0,1,1,1,0,1,0,1,1,1,0,0,1,1,0,1,0,0,1,0,0,0,0,0,1,1,1,0,0,0,1,1,1,0,0,1,1,1,1,0,1,0,1,1,1,0,0,1,1,0,1,1,1,1,1,1,0,0,1,1,0
2820
321,356,320,301,68,279,295,2,2,2,2,2,2,2,2,2,2,2,2,155,22,22,22
1,1,1,0,1,0,1,1,1,1,0,0,0,1,1,0,0,1,1,1,1,0,1
2821
290,247,337,236,344,286,5,254,45,365,22,22,22,22,22,22,22,22,22,22,22,22,22,22,22,22,22,22,22,293,357,317,313,303,312,280,279,343,334,329,182,301,305,27,359,76,294,171,288,288,2,2,2,2,2,2,2,2,2,2,2,2,2,2,2,2,2,2,2,2,2,2,2,2,2,2,2,2,2,2,2,2,2,2,2
0,0,0,0,1,0,0,1,1,1,1,1,1,1,0,1,1,1,1,1,1,0,1,1,0,0,0,1,1,1,1,0,1,1,1,0,1,1,0,1,0,0,1,0,1,0,1,1,1,0,1,0,1,1,0,0,0,1,1,1,1,1,0,1,0,1,0,1,0,0,0,1,1,1,0,0,0,1,1,1,1,1,1,1,0
2822
292,354,22,22,22,22,22,22,22,22,236,291,171,171,350,5,2,2,2,2,2,2,2,2,2,2,2,2,45
1,0,0,1,0,1,1,1,1,0,0,1,0,1,0,0,1,0,0,0,0,1,1,1,0,0,0,0,1
2823
290,323,73,246,347,318,276,311,324,330,22,22,22,22,22,22,22,22,22,22,22,22,22,22,22,22,22,22,22,22,22,357,146,312,177,68,329,175,144,285,309,294,307,305,2,2,2,2,2,2,2,2,2,2,2,2,2,2,2,2,2,2,2,2,2,2,2,2,2,2,2,2,2,2,2,2,2,2,2,2,2,2,2,2,2,2,2,2,2,2,2,2,2,2,2,2,2,78,247,5,5,358,283,339,346,349,341,303,254,151,325,333,348,86,328,124,280,331,321
0,0,0,1,0,1,1,0,1,1,1,0,0,1,1,0,1,0,0,0,1,0,0,1,0,1,0,0,1,0,0,0,0,0,1,1,1,0,0,0,1,0,0,0,0,1,1,1,1,0,1,0,0,0,1,1,0,0,0,0,0,0,1,1,1,1,0,1,1,1,1,1,1,1,0,1,1,1,0,1,0,0,1,1,0,0,0,1,0,0,1,1,0,1,0,0,1,1,0,1,1,1,1,1,1,0,1,0,1,0,0,0,0,0,1,1,0,0,1
2824
353,347,22,337,2,2,2,2,91
1,0,1,1,1,1,1,1,0
2825
290,323,347,236,318,41,302,324,199,22,22,22,22,22,22,22,22,22,22,22,22,22,22,22,22,22,22,22,22,22,22,22,22,22,22,22,22,22,22,22,22,332,337,362,312,365,144,5,276,111,353,359,76,314,328,171,252,45,2,2,2,2,2,2,2,2,2,2,2,2,2,2,2,2,2,2,2,2,2,2,2,2,2,2,2,2,2,2,2,2,2,2,2,2,2,2,2,2,2,2,2,2,2,2,2,2,2,2,2,2,2,2,2,2,2,2,2,2,2,2,2,2,2,2,2,2,2,2,2,2,2,2,2,2,2,2,2,2,2,2,2,2,2,2,2,2,2,2,2,2,2,2,2,2,2,2,2,2,2,2,2,2,2,2,2,2,2,2,2,2,2,2,2,2,2,2,2,2,2,296,297,253,345,46,284,174,358,293,317,65,341,303,342,106,343,333,348,68,366,124,360,78,288,340,321
0,0,0,0,1,0,0,0,0,1,0,0,0,0,0,1,1,0,0,1,1,0,0,0,1,0,1,0,1,0,1,1,0,1,1,1,1,1,0,0,1,0,0,1,0,0,0,0,0,0,0,0,0,0,1,1,0,1,0,1,0,0,1,1,0,1,1,1,1,1,0,0,1,1,0,0,0,1,0,1,0,0,1,0,0,0,1,1,1,1,0,0,0,0,0,0,0,1,0,1,1,1,0,1,0,1,1,1,0,1,0,1,0,0,0,1,1,1,1,1,1,1,1,1,1,1,0,1,1,1,1,1,1,1,1,0,1,1,0,0,1,0,1,1,0,0,1,0,0,0,1,1,1,1,1,0,0,1,0,1,1,1,0,1,0,1,1,0,0,0,1,1,0,0,0,1,1,1,1,0,0,0,0,1,0,0,0,1,0,0,0,0,1,1,0,1,0,1,1,0,1,1,0,0,1
2826
22,22,2
1,1,1
2827
306,367,55,328,22,22,22,22,22,22,287,334,276,332,2,2,2,2,2,2,2,2,2,2,2,2,2,2,2,2,2,2,341
1,1,0,1,0,1,0,0,0,0,1,1,0,1,1,1,0,0,0,0,1,0,0,0,0,0,0,0,0,0,0,0,1
2828
78,347,236,144,177,355,302,365,91,2,2,2,2,2,2,2,2,2,2,2,2,2,2,2,2,2,2,2,2,2,2,2,2,2,2,2,2,2,2,2,2,2,2,2,2,2,2,2,55,349,362,111,315,334,343,110,369,316,288,22,22,22,22,22,22,22,22,22,22,22,22,22,310,326,303,65,171,307,307,45,340,368
0,0,1,1,0,1,1,1,0,0,1,1,1,1,0,0,0,1,0,0,1,1,0,1,0,0,0,1,1,1,1,1,1,1,1,0,0,1,1,0,0,1,0,0,0,0,0,0,0,0,1,0,1,0,0,0,1,0,0,1,1,1,1,1,1,1,1,0,0,0,1,1,1,0,0,0,0,0,0,1,0,1
2829
290,323,311,246,351,347,236,236,287,318,297,235,284,330,22,22,22,22,22,22,22,22,22,22,22,22,22,22,22,22,22,22,22,22,22,22,22,22,22,22,22,22,22,22,22,22,22,22,22,22,22,22,22,22,22,305,237,313,155,337,111,177,336,364,182,175,321,144,5,5,5,300,319,285,353,359,76,314,294,171,45,2,2,2,2,2,2,2,2,2,2,2,2,2,2,2,2,2,2,2,2,2,2,2,2,2,2,2,2,2,2,2,2,2,2,2,2,2,2,2,2,2,2,2,2,2,2,2,2,2,2,2,2,2,2,2,2,2,2,2,2,2,2,2,2,2,2,2,2,2,2,2,2,2,2,2,2,2,2,2,2,2,2,2,2,2,2,2,2,2,2,2,2,2,2,2,2,2,2,2,2,2,2,2,2,2,2,2,2,2,2,2,2,2,2,2,2,2,2,2,2,360,296,247,344,312,340,276,252,335,358,355,174,283,363,295,91,339,293,352,317,65,341,78,253,279,320,343,280,110,263,350,367,357,338,329,328,326,124,345,208,303,48,334,288,288,301,368
0,0,0,0,0,0,0,1,0,1,0,0,1,0,0,0,0,0,1,0,0,0,1,1,0,1,0,0,1,0,1,0,1,0,1,0,0,1,0,0,0,1,0,1,0,0,1,1,0,0,1,0,0,0,1,0,0,0,1,1,0,0,0,0,0,0,1,0,0,0,1,0,0,0,1,0,1,1,0,0,1,1,0,0,0,1,0,0,0,0,0,1,0,0,1,0,0,0,1,0,0,0,1,0,0,0,0,0,0,1,0,0,0,0,1,1,0,1,0,0,0,1,0,0,0,0,1,0,1,0,1,0,0,1,0,1,1,0,1,0,1,1,0,0,1,1,1,1,0,1,0,1,1,0,0,0,1,0,0,0,0,0,0,1,0,1,1,0,0,1,0,1,0,0,0,0,0,0,1,0,0,0,1,0,1,1,0,1,0,0,0,1,0,0,1,0,0,1,1,0,0,0,1,1,1,0,0,0,1,0,0,0,0,0,0,0,0,0,0,1,1,0,0,0,0,1,0,0,0,0,0,1,0,0,0,0,0,0,0,1,1,1,0,1,0,0,1,0
2830
309,22,22,2,2,2,2,2,2
1,0,0,1,1,0,1,0,0
2831
323,367,351,337,336,287,276,73,22,22,22,22,22,22,22,22,22,22,22,22,22,22,22,22,22,22,22,22,22,22,22,357,155,347,280,365,364,335,5,300,319,281,353,309,76,2,2,2,2,2,2,2,2,2,2,2,2,2,2,2,2,2,2,2,2,2,2,2,2,2,2,2,2,2,2,2,2,2,2,2,2,2,2,2,2,2,2,2,2,2,2,2,2,2,2,2,2,2,2,2,2,2,2,2,2,2,2,2,2,2,2,2,2,2,2,2,235,356,253,304,284,355,252,358,288,295,55,349,342,320,348,68,345,65,334,331
1,1,1,1,1,1,1,1,0,1,1,1,1,0,1,1,0,1,0,1,1,1,1,1,1,1,0,1,1,1,1,1,1,1,0,0,1,1,1,1,1,1,1,1,1,1,1,1,1,1,1,1,1,1,0,1,1,1,1,1,1,1,1,1,1,1,0,1,0,1,1,1,1,0,1,1,1,1,0,1,1,1,1,1,0,1,1,1,1,1,1,1,1,1,0,1,1,1,0,1,1,1,1,1,0,1,1,1,1,1,1,1,1,1,1,1,0,1,1,0,1,1,1,1,1,0,0,1,1,1,1,1,1,0,1,1
2832
323,171,236,370,301,292,359,22,22,22,22,22,22,293,48,279,317,288,2,2,2,2,2,2,2,2,2,2,2,2,321
0,0,1,1,1,0,0,0,0,0,0,1,0,0,0,0,0,0,0,0,1,1,1,0,0,0,0,0,1,1,0
2833
330,22,22,22,2,2,2,2,2
0,0,1,1,1,0,0,0,0
8682
78,247,106,236,252,67,254,328,22,22,22,22,22,22,22,22,307,2,2,2,2,2,2,2,2,2,2,2,2,2,2,2,2,2,2,321
0,0,1,0,1,0,0,0,0,0,0,0,0,0,0,0,0,0,0,1,0,1,0,0,0,1,0,0,1,0,0,0,1,0,0,0
2835
296,236,287,297,5,355,284,91,339,282,56,317,313,315,364,175,144,316,68,301,171,45,2,2,2,2,2,2,2,2,2,2,2,2,2,2,2,22,22,22,22,22,22,22,22,22,22,22
1,0,1,1,0,1,1,1,0,1,1,0,0,1,0,0,1,1,1,0,1,1,1,0,1,0,0,1,1,0,1,1,1,1,1,0,1,1,1,1,1,0,1,1,1,1,1,1
2836
2
1
2837
22,22,22,22,2,2,2,2,2
0,0,0,1,1,0,0,0,1
2838
315,22,22,22,22,236,291,56,369,2,2,2,2,2,2,2
0,0,1,1,1,0,0,0,0,0,0,0,0,1,0,0
2839
296,320,337,323,364,344,335,5,284,357,338,91,345,339,106,2,2,2,2,2,2,2,2,2,2,2,2,2,2,2,2,2,349,340,22,22,22,22,22,22,22
0,1,1,1,0,1,1,1,1,1,0,1,1,1,1,1,0,1,0,0,0,1,1,0,1,1,0,1,1,1,1,1,0,0,0,0,0,1,0,0,0
2840
2,2,2,2,2,2,2
0,0,0,1,0,0,0
2841
299,338,367,73,22,22,236,286,332,2,2,2,2
1,0,1,1,1,0,0,0,1,0,1,0,0
2842
291,236,2,2,2,2,45
0,1,0,0,1,0,1
2843
296,367,356,236,344,318,276,5,5,284,254,292,22,22,22,22,22,22,22,22,22,22,22,22,22,22,22,22,22,22,22,282,293,55,294,78,283,177,199,288,288,319,285,309,327,124,360,208,65,279,252,45,2,2,2,2,2,2,2,2,2,2,2,2,2,2,2,2,2,2,2,2,2,2,2,2,2,2,2,2,2,2,2,2,2,2,2,2,2,2,2,2,2,2,2,2,2,2,2,2,2,2,2,2,2,2,2,2,2,2,2,2,2,2,2,2,2,2,2,2,2,2,2,2,2,2,2,2,2,2,2,2,2,2,2,2,2,91
1,0,0,1,1,1,1,1,0,1,0,1,1,1,1,1,1,1,1,0,0,1,1,1,0,1,1,0,0,0,1,1,1,1,1,1,1,1,1,1,0,0,1,0,1,0,1,0,1,0,1,1,1,1,1,0,1,0,1,0,0,0,0,0,1,1,1,1,0,1,0,0,1,1,1,0,1,0,0,1,1,1,0,1,0,0,1,0,1,1,1,1,1,1,1,1,1,1,1,1,0,1,0,1,1,1,1,1,1,1,0,1,1,1,1,1,1,1,1,0,1,0,1,0,1,1,1,1,0,1,1,1,1,0,0,0,1,1
2844
182,2,2,2,2,2,2,2,2,2
0,0,1,1,0,0,1,0,1,0
2845
2
0
2846
290,323,280,320,347,364,344,253,348,330,357,363,353,332,22,22,22,22,22,22,174,318,2,2,2,2,2,2,2,2,2,2,2,2,2,2,2,321
0,1,1,0,1,0,0,1,1,1,0,1,1,0,1,1,1,0,0,1,1,1,0,1,0,0,1,0,0,0,1,0,1,1,1,0,0,0
2847
290,347,236,344,322,252,292,22,22,22,22,22,22,22,22,22,22,22,219,293,56,317,332,303,315,55,343,175,175,316,45,291,65,171,288,2,2,2,2,2,2,2,2,2,2,2,2,2,2,2
0,0,1,1,0,1,0,0,1,0,1,0,1,0,0,0,0,0,1,1,0,1,0,1,1,1,0,0,1,1,0,1,0,1,0,0,1,0,0,0,1,0,0,0,1,1,0,0,0,1
4760
290,247,246,281,345,5,106,292,295,22,22,22,22,22,22,22,22,22,22,22,22,22,22,22,22,22,22,22,22,22,322,293,237,56,317,341,289,315,171,320,364,316,2,2,2,2,2,2,2,2,2,2,2,2,2,2,2,2,2,2,2,2,2,2,2,2,2,2,2,2,2,2,2,2,2,2,2,2,2,2,2,2,2,2,2,2,2,2,2,2,2,2,2,314,279,288,326,91
0,1,1,0,0,0,0,0,0,1,0,1,0,1,1,1,0,0,0,0,1,1,1,1,0,0,0,1,1,1,0,1,0,1,0,0,1,0,1,0,0,1,0,0,0,0,0,0,0,0,0,1,0,0,0,0,0,0,0,1,1,0,1,0,0,0,0,1,0,0,0,1,1,1,0,0,1,0,0,1,1,0,0,0,0,1,0,1,1,1,1,1,0,1,1,0,0,1
2849
359,292,22,22,22,22,22,22,22,22,22,22,22,22,22,22,22,22,22,22,22,22,236,293,291,288,45,2,2,2,2,2,2,2,2,2,2,2,2,2,2,2,2,2,2,2,2,2,2,2,2,2,2,2,2,2,2,2,2,2,2,2,2,2,2,2,2,2,2,2,2,2,2,2,2,2,2,2,2,2,2,2,2,2,91
0,1,0,1,0,1,1,0,0,1,1,1,1,1,0,0,1,0,1,1,1,1,1,1,1,1,1,0,1,0,1,1,0,0,0,0,0,1,1,1,1,1,0,0,1,0,0,1,0,0,0,1,0,0,1,1,0,0,1,0,1,1,0,0,1,1,1,0,1,1,0,0,1,1,1,0,1,1,0,0,0,0,0,1,1
2850
323,279,22,22,22
0,1,1,0,1
2851
171,359,317,22,22,22,22,22,22,22,22,22,22,22,22,22,22,2,2,2,2,2,2,2,2,2,2,2,2,2,2,2,2,2,2,2,2,2,2,2,2,2,2,2,2,2,2,2
1,1,0,1,0,0,1,1,0,0,1,1,0,0,0,1,1,1,1,0,1,0,0,0,0,0,0,0,0,0,0,1,0,1,1,1,0,1,0,1,0,1,0,1,1,0,0,1
2852
363,336,2,2,2,2,2,22,22
1,1,1,0,1,1,1,1,1
2853
22,22,22,22,2,2,2,2,2,2
0,1,1,0,1,1,1,0,0,0
2854
311,246,347,281,344,360,41,358,276,5,282,22,22,22,22,22,22,22,22,22,22,22,22,22,22,22,297,346,367,151,55,146,86,337,177,364,175,333,300,285,309,326,124,345,208,65,331,2,2,2,2,2,2,2,2,2,2,2,2,2,2,2,2,2,2,2,2,2,2,2,2,2,2,2,2,2,2,2,2,2,2,2,2,2,2,2,2,2,2,2,2,2,2,2,2,91
1,1,0,0,1,1,0,0,1,0,1,1,1,0,0,0,0,0,1,1,0,0,1,1,1,0,0,1,0,0,1,1,0,0,0,0,0,0,0,0,1,0,0,0,0,0,0,0,0,0,0,1,0,1,0,1,1,1,0,0,0,1,0,0,0,1,0,1,1,1,0,1,0,0,0,0,1,0,0,0,1,0,1,1,0,1,0,0,1,1,1,0,1,0,1,0
8185
351,236,281,344,41,5,292,22,22,22,22,22,22,22,22,22,22,22,22,22,22,22,297,293,346,317,294,315,175,316,45,285,285,208,291,48,48,48,171,288,2,2,2,2,2,2,2,2,2,2,2,2,2,2,2,2,2,2,2,2,2,2,2,2,2,2,2,2,2,2,2,2,2,2,2,2,2,2,2,2,2,2,2,2,2,2,2,2,2,2,2,2,2,2,2,2,2,2,2,2,2,2,2,2,2,2,2,2,2,2,91
1,1,0,1,1,0,1,0,1,0,1,0,0,0,0,0,1,0,1,0,1,0,0,1,1,1,1,1,0,1,1,0,0,0,1,0,0,1,0,1,0,0,0,0,0,1,0,1,0,0,1,1,0,0,0,1,1,1,0,1,0,0,0,0,0,0,0,0,0,0,0,0,0,0,1,1,1,1,0,0,0,0,1,1,0,0,0,1,0,1,1,1,1,0,0,0,0,0,1,0,0,0,0,1,0,0,0,1,0,0,0
2856
294,311,22,22,320,199,263,368,331,2,2,2,2,2,2,2,2,2,2,2,2,2,5
0,0,1,1,1,1,1,1,0,1,1,1,0,0,0,0,0,0,1,0,1,1,1
2857
111,280,360,106,236,323,288,368,316,355,348,254,292,22,22,22,22,22,22,22,293,291,171,317,45,2,2,2,2,2,2,2,2,2,2,2,91
0,0,1,1,1,1,0,0,1,0,0,0,0,1,1,0,1,0,0,1,0,0,0,1,1,1,1,0,0,0,0,0,0,1,1,1,0
2858
22,2
0,0
2859
362,315,253,253,316,5,45,292,295,22,22,22,22,293,171,317,288,2,2,2,2,2,2,2,2,2,2,2,2,2,2,2,2,2,2,2,2,91
1,1,0,0,0,0,1,1,0,0,1,1,0,1,0,1,0,0,0,0,0,0,0,1,0,0,0,0,0,0,1,0,1,0,0,1,1,0
2860
346,22,2,2
1,1,1,0
2861
290,351,336,253,41,5,5,355,358,363,91,326,318,174,182,280,343,175,333,300,68,328,327,360,309,65,288,2,2,2,2,2,2,2,2,2,2,2,2,2,2,2,2,2,2,2,2,2,2,2,2,2,2,2,2,2,2,22,22,22,22,22,22,22,22,22,22,22
0,1,1,1,1,0,0,0,1,0,1,0,1,1,0,0,0,0,1,0,1,0,0,1,1,0,0,0,1,1,0,1,1,1,1,0,1,0,0,1,1,1,0,0,0,0,1,1,0,0,1,0,0,1,1,0,0,1,0,0,1,0,0,0,1,1,1,1
2862
78,286,305,2,2,2,2
1,0,0,1,0,0,1
2863
73,295,2
0,0,0
2864
283,329,247,289,22,22,287,2,2,2,2,2,2,2,2
0,1,0,1,0,0,1,0,1,0,1,0,0,1,1
2865
22,2,2
0,0,0
2866
2,2,2,321
1,0,0,0
2867
287,363,327,2,2,2,22
0,0,1,0,0,1,0
2868
288,2,2,2,2,2,2,2,2,2,2,2,2,236,293,316,313,301,22,22,22,22,22
0,0,0,0,0,1,1,0,0,1,1,1,0,1,0,1,1,0,0,1,1,1,0
2869
327,2
0,1
2870
290,323,247,336,344,276,284,355,174,302,22,22,22,22,22,22,352,332,341,312,254,144,333,325,353,2,2,2,2,2,2,2,2,2,2,2,2,2,2,2,2,2,2,2,2,2,2,2,2,2,2,2,2,2,2,2,2,124,124,345,48,307,288,326
0,0,1,1,1,0,0,1,1,1,1,0,0,0,1,1,1,0,1,1,1,1,1,1,1,1,1,1,0,1,1,1,1,1,1,1,1,1,1,1,1,0,0,1,1,0,1,1,0,1,1,1,0,0,0,1,1,0,1,1,0,0,1,1
2871
22,22,2,2,2,2,2,2,2
1,0,1,1,1,1,1,0,1
2872
299,177,22,22,22,22,22,22,298,247,346,350,367,2,2,2,2,2,2,2,2,2,2,2,2,2,2,2,2,2,2,2,2,2,2,2,2,2,2,2,2,2,2,2,2,2,2,2,2,2,2,2,2,2,2,2,2,2,2,2,2,2,2,2,2,2,2,2,2,2,2,2,2,2,2,2,2,2,2,2,2,2,2,199
1,0,0,1,1,1,0,1,1,0,1,0,1,0,0,1,0,0,0,0,1,0,1,1,0,0,0,0,1,1,1,0,1,1,1,1,1,1,1,0,1,1,1,0,1,0,1,0,0,0,1,1,1,1,0,0,0,1,1,0,1,1,0,0,1,1,0,1,1,1,1,1,1,1,1,1,0,1,0,0,1,1,1,0
2873
323,235,236,318,286,297,367,22,22,22,22,22,22,22,22,22,22,22,22,22,22,22,22,22,22,22,22,22,22,182,327,334,329,317,350,288,359,309,2,2,2,2,2,2,2,2,2,2,2,2,2,2,2,2,2,2,2,2,2,2,2,2,2,2,2,2,2,2,2,2,2,2,2,2,2,2,2,2,2,291,65,171,45,340,340,321
0,0,0,1,0,0,0,1,1,1,1,1,0,1,0,1,1,0,0,0,1,1,0,1,0,0,1,1,0,1,0,1,0,0,0,0,0,0,0,1,0,0,0,0,1,0,0,0,0,1,0,0,0,0,1,0,1,1,1,0,1,1,0,0,0,0,0,0,1,1,0,1,0,0,1,1,0,1,1,1,1,1,1,0,1,1
2874
78,367,356,351,236,344,318,322,235,5,5,283,246,22,22,22,22,22,22,22,22,22,22,22,22,22,22,22,22,22,22,298,293,237,300,317,313,362,151,280,171,343,331,364,175,301,349,288,353,359,366,76,124,279,335,2,2,2,2,2,2,2,2,2,2,2,2,2,2,2,2,2,2,2,2,2,2,2,2,2,2,2,2,2,2,2,2,2,2,2,2,2,2,2,2,2,2,2,2,321
1,0,1,1,1,1,1,0,0,0,1,1,1,1,1,1,1,0,1,1,1,0,0,0,0,1,0,1,1,1,1,1,1,0,0,0,1,1,0,0,1,0,0,0,1,1,0,0,0,1,1,0,1,1,0,1,0,1,0,0,1,1,0,0,0,1,0,1,1,1,1,1,0,0,1,1,1,1,1,0,0,1,1,1,1,1,1,0,0,0,0,1,1,1,1,0,0,0,0,0
2875
254,309,22,22,22,282,2,2,2,2,2,2,2,2,2,2,144,301
0,0,1,0,0,0,0,0,0,0,0,0,1,0,0,0,1,0
2876
290,323,367,289,351,340,336,287,318,297,73,302,324,22,22,22,22,22,22,22,22,22,22,22,22,22,22,22,22,22,22,22,22,22,22,22,22,22,22,22,22,22,22,322,282,146,332,306,280,335,5,5,5,300,319,285,174,76,304,341,307,305,326,296,247,356,344,345,358,355,284,283,363,342,295,91,339,346,55,182,65,308,78,254,151,334,354,325,110,263,350,333,348,68,328,2,2,2,2,2,2,2,2,2,2,2,2,2,2,2,2,2,2,2,2,2,2,2,2,2,2,2,2,2,2,2,2,2,2,2,2,2,2,2,2,2,2,2,2,2,2,2,2,2,2,2,2,2,2,2,2,2,2,2,2,2,2,2,2,2,2,2,2,2,2,2,2,2,2,2,2,2,2,2,2,2,2,2,2,2,2,2,2,2,2,2,124,360,276,321,281,41,368
0,0,1,1,1,1,1,1,1,1,1,0,1,0,0,0,0,1,1,1,1,0,0,1,1,1,1,1,1,0,1,1,1,0,0,1,1,0,1,1,0,1,1,1,1,0,1,1,1,0,1,1,0,0,1,1,1,0,0,0,1,1,1,0,1,1,1,0,1,1,1,1,1,1,1,0,1,1,1,1,1,1,1,1,1,1,1,1,1,0,1,1,0,1,1,1,0,0,0,0,1,1,0,0,1,1,0,1,0,0,1,0,0,1,1,1,0,0,1,1,0,0,0,1,0,1,1,1,1,1,0,1,1,0,1,0,1,0,1,1,1,1,1,0,1,0,1,1,1,1,1,1,1,0,1,1,0,1,1,0,1,1,1,1,1,1,0,1,1,1,0,1,1,0,1,1,1,0,0,1,0,0,0,1,1,0,1,1,1,1,0,0,1
2877
299,73,76,287,298,5,174,254,91,322,2,2,2,2,2,2,2,2,2,2,2,2,2,2,2,2,2,2,2,2,2,2,2,2,2,2,2,2,2,2,2,2,2,2,2,2,2,2,2,2,2,2,2,2,2,2,2,2,2,2,2,2,2,2,2,2,2,2,2,2,2,2,2,2,2,2,2,2,2,2,2,2,2,2,2,2,2,2,2,2,2,2,2,2,2,2,2,2,2,2,2,2,2,2,2,2,2,2,2,182,312,279,320,343,111,309,326,124,247,321,331,301,22,22,22,22,22,22,22,22,22,22,22,22,22,22,22,22,22,22,22,22,22,22,22,22,22,22,22,22,22,22,22,22,22,22,22,22,22
1,1,1,1,1,1,1,0,1,1,1,1,1,1,0,1,1,0,1,1,1,1,0,1,1,1,0,1,1,1,1,1,1,0,1,1,1,1,1,1,0,1,1,1,0,0,1,1,1,1,1,1,1,1,0,0,1,0,0,1,1,1,1,1,1,1,1,1,1,1,1,1,1,1,1,1,1,1,1,0,1,1,1,1,1,1,1,0,1,1,1,1,0,1,1,1,1,1,1,1,1,1,1,1,1,1,1,1,0,1,1,1,1,1,0,1,1,1,1,1,1,1,1,1,1,1,1,1,1,1,1,1,1,1,1,1,1,1,1,1,0,1,1,1,1,1,1,1,1,1,1,1,1,1,1,1,0,1,1
2878
78,280,91,86,345,297,367,333,349,111,330,2,2,2,2,2,2,2,2,2,2,2,2,2,2,2,2,2,2,2,2,2,2,346,282,334,182,305,301,22,22,22,22,22,22
1,1,1,0,0,1,1,1,0,0,1,0,0,1,1,1,0,0,1,1,1,1,1,1,0,0,1,1,1,1,1,1,1,1,1,1,1,1,1,1,1,1,1,1,1
2879
78,356,337,236,344,41,5,5,174,254,295,22,22,22,22,22,22,22,22,22,22,22,22,22,22,22,22,22,22,22,22,368,339,293,352,317,294,341,289,302,334,329,110,325,359,328,124,360,65,171,288,2,2,2,2,2,2,2,2,2,2,2,2,2,2,2,2,2,2,2,2,2,2,2,2,2,2,2,2,2,2,2,2,2,2,2,2,2,2,2,2,2,2,2,2,2,2,2,321
0,1,0,0,1,0,0,0,0,0,0,0,0,0,1,1,0,0,1,0,1,1,1,0,0,1,0,1,1,1,0,0,0,0,1,0,0,1,1,0,1,1,1,0,0,0,0,1,0,1,0,0,0,0,1,0,0,1,0,0,0,0,0,0,0,0,0,0,1,0,0,1,0,0,1,1,0,0,0,1,0,1,0,1,0,0,0,0,1,0,1,1,0,0,0,0,0,0,1
2880
78,296,290,22,22,22,22,22,22,22,236,301,301,279,288,288,2,2,2,2,2,2,2,2,2,2,2,2,2,2,2,2,2,2,2,2,2,2,2,2,2,2,2,2,2,2,2,2,2,2,299
1,0,0,0,0,1,0,1,0,0,0,0,1,1,0,0,1,1,1,1,0,0,0,1,0,1,0,0,1,0,0,1,0,1,0,0,0,0,0,1,0,1,0,0,0,0,0,0,0,0,1
2881
290,311,356,351,5,300,111,68,365,22,22,22,22,354,48,308,146,331,2,2,2,2,2,2,2,2,2,2,2,2,2,2,2,2,2,2,2,2,368
0,1,0,1,1,0,1,0,1,0,1,0,0,1,0,1,1,0,0,0,1,1,1,0,0,1,1,0,1,1,1,1,0,0,1,0,1,1,0
2882
111,151,56,22,22,22,22,22,22,22,236,253,171,317,316,2,2,2,2,2,2,2,2,2,2,2,2,313
1,0,1,1,1,0,1,1,0,0,1,0,1,0,0,0,1,1,0,0,0,0,0,1,0,0,0,0
2883
299,362,369,298,46,111,310,22,22,22,22,22,22,22,22,22,22,22,22,22,22,22,22,22,22,22,22,22,22,22,22,22,219,2,2,2,2,2,2,2,2,2,2,2,2,2,2,2,2,2,2,2,2,2,2,2,2,2,2,2,2,2,2,2,2,2,2,2,2,2,2,2,2,2,2,2,2,2,2,2,2,2,2,2,2,2,2,2,2,2,2,305,361,306
1,1,1,1,1,1,1,0,0,1,1,1,1,1,1,1,1,1,1,1,1,1,1,1,1,1,1,1,1,1,1,1,1,1,1,1,1,1,0,1,1,1,1,1,1,0,1,1,1,1,1,1,1,1,1,1,1,1,0,1,1,1,1,1,1,1,1,1,1,1,1,1,1,1,0,1,0,1,0,1,1,0,1,1,1,1,1,1,1,1,1,0,1,1
2884
78,296,247,310,22,22,22,22,22,22,361,253,279,298,313,2,2,2,2,2,2,2,2,2,2,2,2,2,2,2,2,2,2,2,2
0,0,0,1,0,1,0,0,1,0,1,0,0,1,1,1,0,0,1,1,1,1,0,0,0,1,0,0,0,1,1,0,1,0,0
2885
362,354,253,236,344,175,46,46,106,355,306,324,359,310,22,22,22,22,22,22,22,22,22,22,22,22,22,22,22,22,22,22,22,22,22,22,22,22,366,48,171,317,313,2,2,2,2,2,2,2,2,2,2,2,2,2,2,2,2,2,2,2,2,2,2,2,2,2,2,2,2,2,2,2,2,2,2,2,2,2,2,2,2,2,2,2,2,2,2,2,2,2,2,2,2,2,2,2,2,2
1,1,0,0,1,1,1,1,1,1,1,1,0,1,1,0,1,0,1,1,1,1,1,1,1,1,1,1,1,1,1,1,1,1,1,1,1,1,1,0,1,0,0,0,0,1,1,1,1,1,1,1,0,1,1,1,1,1,1,1,1,1,1,1,1,1,1,1,1,1,1,0,1,1,1,1,0,1,1,0,1,0,1,1,0,1,1,1,1,1,1,1,0,0,1,1,0,1,1,0
2886
22,22,22,22,22,22,22,22,2,2,2,2,2,2,2,2,2,2,2,2,2,2,2,2
0,0,0,0,0,0,1,0,0,0,0,0,0,0,0,1,1,1,0,0,1,0,0,1
2887
299,323,367,246,347,345,281,286,73,327,174,358,356,22,22,22,22,22,22,22,22,22,22,22,22,22,22,22,22,22,22,298,339,346,237,352,332,155,308,308,289,365,354,329,68,86,357,331,111,285,348,76,309,301,247,307,305,2,2,2,2,2,2,2,2,2,2,2,2,2,2,2,2,2,2,2,2,2,2,2,2,2,2,2,2,2,2,2,2,2,2,2,2,2,2,2,2,2,2,2,2,2,2,2,2,2,2,2,2,2,2,2,2,2,2,2,2,2,2,2,2,2,2,2,2,2,2,2,2,2,2,2,2,2,2,2,2,2,2,2,2,2,2,2,2,2,2,2,2,2,2,2,2,2,2,2,2,2,2,2,2,2,2,2,2,2,2,2,2,368
1,1,1,1,0,1,0,1,0,1,1,1,1,1,1,1,1,0,0,0,0,0,0,0,1,1,1,1,1,1,0,1,0,1,0,1,1,1,0,1,1,1,1,1,0,0,1,0,1,0,1,1,1,0,1,1,1,0,1,0,1,0,1,1,0,0,0,0,1,1,1,0,1,0,0,0,1,0,1,1,1,1,1,1,1,1,1,1,1,0,0,0,0,1,1,1,0,1,1,1,0,1,1,1,1,1,1,0,1,1,0,1,1,1,1,1,1,1,1,0,0,1,1,1,1,1,1,1,1,0,1,1,1,0,1,1,0,1,1,1,1,1,0,0,1,1,1,1,1,1,1,1,1,1,1,1,1,1,1,1,1,1,1,0,1,1,1,1,1,1
2888
289,111,356,361,357,306,353,359,22,22,22,22,22,22,22,22,22,22,22,22,22,22,22,22,22,314,291,346,171,368,317,45,2,2,2,2,2,2,2,2,2,2,2,2,2,2,2,2,321
1,0,1,1,0,0,1,1,0,0,0,1,1,0,0,1,0,1,1,1,1,1,1,1,1,1,0,1,1,1,0,0,0,1,1,1,0,0,0,1,1,0,1,0,1,1,0,0,0
2889
247,177,174,254,45,292,22,22,22,22,22,22,22,22,22,22,22,22,22,22,322,293,56,317,332,308,302,315,365,91,182,175,357,316,333,348,285,291,171,288,2,2,2,2,2,2,2,2,2,2,2,2,2,2,2,2,2,2,2,2,2,2,2,2,2,2,2,2,2,368
0,0,0,0,0,0,0,1,0,1,0,0,1,1,0,1,1,0,1,0,0,1,1,0,0,0,0,1,0,1,1,0,1,1,0,1,0,0,0,1,0,0,0,0,1,1,1,0,0,0,1,0,0,1,0,0,1,0,1,1,1,1,0,1,0,0,0,0,1,1
2890
283,76,106,22,22,22,22,22,22,345,65,279,297,151,2,2,2,2,2,2,2,2,2,2,2,2,2,2,2,2,327
1,0,1,0,1,1,1,0,1,1,0,0,1,0,1,1,0,0,1,0,0,1,1,1,1,0,0,1,1,1,1
2891
22,22,22,22,22,22,22,22,2,2,2,2,2,2,2,2,2,2,2,2,2,2,2,2,2,2,2,2,2,2,2,2
0,1,1,1,1,0,0,1,0,1,0,1,0,0,0,1,1,0,0,1,0,1,0,1,0,1,0,1,1,1,1,1
2892
344,354,288,2,2,2,2,2
0,1,0,1,1,0,0,0
2893
22,2
1,1
2894
65,246,337,236,318,322,41,235,302,22,22,22,22,22,22,22,22,22,22,22,22,22,22,22,22,22,22,22,22,22,22,22,22,346,282,252,146,313,155,347,177,336,364,182,175,353,359,294,171,307,45,2,2,2,2,2,2,2,2,2,2,2,2,2,2,2,2,2,2,2,2,2,2,2,2,2,2,2,2,2,2,2,2,2,2,2,2,2,2,2,2,2,2,2,2,2,2,2,2,2,2,2,2,2,2,2,2,2,2,2,2,2,2,2,2,303,247,340,276,253,358,355,284,254,363,339,293,55,317,349,341,78,106,325,263,348,68,328,327,345,48,334,288,301
0,0,1,1,1,0,0,0,0,1,1,1,0,0,1,1,0,1,0,1,1,0,1,1,0,0,1,0,1,1,1,0,1,1,0,1,1,1,1,0,0,1,1,1,0,1,1,0,1,1,1,1,0,0,1,1,0,0,0,0,1,0,0,1,1,0,1,0,1,1,0,0,0,1,0,0,1,0,1,0,1,1,0,0,0,1,1,0,0,1,1,1,1,1,1,1,1,1,0,1,0,1,1,1,0,0,0,0,1,1,0,1,1,0,1,1,1,0,1,1,0,1,1,1,1,1,1,1,0,0,0,1,1,1,0,1,1,0,0,1,1,1,0,1
2895
111,155,171,171,236,175,5,333,333,174,332,68,363,363,359,359,328,22,22,22,22,22,22,22,22,22,22,22,22,22,22,313,293,2,2,2,2,2,2,2,2,2,2,2,2,2,2,2,2,2,2,2,2,2,2,2,2,2,2,2,2,2,2,317,317,288,301,321
0,0,1,1,1,1,0,0,1,1,0,1,0,1,0,1,0,0,0,0,0,0,1,0,1,1,1,1,1,1,0,1,1,1,0,1,1,1,1,0,0,1,0,0,0,0,1,0,0,0,0,1,0,1,0,1,0,0,1,0,0,0,0,0,1,1,0,1
2896
316
1
2897
323,247,356,351,344,235,46,5,5,252,302,22,22,22,22,22,22,22,22,22,22,22,22,22,22,22,22,22,22,22,22,22,22,22,22,22,2,2,2,2,2,2,2,2,2,2,2,2,2,2,2,2,2,2,2,2,2,2,2,2,2,2,2,2,2,2,2,2,2,2,2,2,2,2,2,2,2,2,2,2,2,2,2,2,2,2,2,2,2,2,2,2,2,2,2,2,2,2,367,346,55,182,349,155,289,283,177,334,106,73,300,111,285,340,360,208,253,279,318,301
1,0,1,1,1,0,0,0,0,0,0,1,1,0,0,1,0,0,1,1,0,1,1,1,1,1,1,1,1,1,1,1,1,1,1,1,0,0,0,0,1,1,1,1,1,0,1,0,0,1,1,1,1,1,1,0,1,1,0,1,1,1,1,1,1,1,1,1,1,1,1,1,0,1,1,1,0,1,1,1,1,0,1,1,0,1,1,1,1,1,0,1,1,1,1,0,1,1,1,1,1,1,0,1,0,1,1,1,1,0,0,1,1,0,1,0,1,0,1,0
2898
22,2
1,0
2899
2,2,2
1,1,1
2900
367,343,252,321,358,2,2,2,2,2,2,2,2,22,22,22
1,0,1,1,0,1,1,0,1,0,0,0,0,0,1,1
2901
338,2
0,0
2902
302,299,367,67,22,22,22,298,286,332,2,2,2,2,2,2,2,2,2,2,2,5
0,1,1,0,0,0,0,1,1,1,0,0,1,0,1,0,1,1,0,1,0,0
2903
247,144,22,22,22,22,22,2,2,2,2,2,2,2,2,2,2,2,2,2
0,0,0,0,1,1,1,0,0,0,1,1,0,1,0,1,1,1,1,0
2904
22,2,2
0,0,0
2905
254,285,247,246,22,22,22,296,175,334,332,2,2,2,2,2,2,2,2,2,2,2,2,2,2,2,2,2,2,2,2,2,2,341
0,0,1,1,0,0,0,1,0,1,1,1,0,1,0,1,0,1,1,1,0,0,1,1,1,1,0,1,1,0,1,0,0,0
2906
110,350,345,297,76,368,322,346,294,2,2,2,2,2,2,2,2,2,2,2,2,2,2,2,2,2,2,2,2,2,2,2,155,22,22,22,22,22,22,22,22
1,0,0,0,0,0,0,1,0,1,1,0,0,0,1,0,0,0,0,0,0,0,0,0,1,0,0,0,0,0,0,0,0,1,1,0,0,1,0,0,0
2907
78,299,310,310,22,22,22,22,22,22,22,22,22,236,298,298,279,288,2,2,2,2,2,2,2,2,2,2,2,2,2
1,1,0,0,0,1,0,0,0,1,1,1,1,0,1,1,0,0,1,1,1,0,1,0,1,1,1,1,0,1,1
2908
311,246,351,337,287,284,22,22,22,22,22,22,22,22,22,22,22,22,22,22,22,22,22,22,22,22,282,237,357,155,347,312,280,364,300,285,309,76,327,303,235,356,253,5,5,355,174,254,358,295,339,320,182,349,199,78,283,151,106,343,325,263,348,338,2,2,2,2,2,2,2,2,2,2,2,2,2,2,2,2,2,2,2,2,2,2,2,2,2,2,2,2,2,2,2,2,2,2,2,2,2,2,2,2,2,2,2,2,2,2,2,2,2,2,2,2,2,2,2,2,2,2,2,2,2,2,2,2,2,2,124,345,279,331,340,321
1,1,1,1,1,1,1,1,1,0,1,1,1,1,1,1,0,1,1,1,0,1,1,0,1,0,0,0,1,1,0,1,0,1,0,0,1,1,1,1,0,1,1,1,0,1,1,1,1,0,0,1,1,0,1,1,0,0,1,0,1,1,0,0,1,1,1,1,0,1,1,0,0,0,0,1,1,0,1,1,1,0,1,0,1,1,0,0,0,1,1,0,0,0,1,1,1,1,1,1,1,0,0,1,1,1,1,1,0,1,1,1,0,0,1,1,1,0,0,0,1,0,0,0,0,1,0,1,1,0,0,1,1,0,1,1
2909
289,336,344,5,284,283,22,22,22,339,55,146,303,151,175,78,348,174,328,2,2,2,2,2,2,2,2,2,2,2,345,334,340,177
0,1,0,0,1,1,0,0,0,1,1,0,0,0,1,1,0,1,0,1,1,0,0,0,0,0,0,0,1,1,1,1,0,0
2910
22,22,361
1,1,1
2911
330,351,22,320,253,5,2,2,2,2,2,2,199
1,1,0,1,1,1,1,1,1,1,0,1,1
2912
296,311,281,318,276,252,174,22,22,22,22,22,22,22,22,22,322,346,341,289,111,151,365,348,319,285,309,2,2,2,2,2,2,2,2,2,2,2,2,2,2,2,2,2,2,328,326,321
0,1,0,1,1,1,1,1,1,0,0,1,0,0,1,0,1,1,0,1,0,1,1,1,0,0,1,0,0,0,1,1,1,1,0,0,1,1,1,0,0,1,0,1,1,0,0,0
2913
303,352,320,343,336,322,333,348,2,2,2,2,2,2,2,2,2,2,2,2,2,2,2,2,2,2,2,2,2,2,2,2,2,2,2,2,2,2,2,2,2,2,2,2,2,2,2,2,2,22,22,22,22,22,22,22,22,22,22,22
0,1,0,0,0,0,1,0,0,1,1,1,1,1,0,0,1,0,0,0,1,0,1,0,0,1,1,1,0,0,0,0,0,1,1,0,0,0,1,0,0,0,0,0,0,0,0,0,0,1,0,0,0,1,1,1,0,0,1,0
2914
279,2,2,2
0,0,1,0
2915
367,367,286,345,144,175,314,276,22,22,22,22,22,22,298,282,332,2,2,2,2,2,2,2,2,2,2,2,2,2,2,2,2,2,2,2,2,2,2,308
1,1,0,0,0,1,1,1,1,0,0,1,0,1,1,1,1,0,1,0,0,1,1,0,1,0,1,0,1,0,1,0,0,0,1,0,0,0,0,0
2916
296,305,236,358,45,22,22,22,22,22,22,22,22,293,346,56,317,308,315,171,91,325,316,348,68,301,291,279,288,2,2,2,2,2,2,2,2,2,2,2,2,2,2,2,2,2,2,2,2,2,2,2,2,2,2,368
1,1,1,0,1,1,0,1,1,0,0,1,1,1,1,0,1,0,1,0,0,0,1,0,0,0,1,1,1,0,0,0,1,1,1,0,1,1,1,1,0,0,0,0,1,0,1,1,0,0,1,1,0,1,0,0
2917
78,22,2,2,2,2
1,0,0,0,1,0
2918
296,235,246,351,347,297,41,5,355,22,22,22,22,22,22,22,22,22,22,22,22,22,22,341,341,2,2,2,2,2,2,2,2,2,2,2,2,2,2,2,2,2,2,2,2,2,2,2,2,2,2,2,2,2,2,2,2,2,2,2,2,2,2,2,2,2,2,2,2,2,2,2,2,2,2,2,2,2,2,2,2,2,2,2,2,2,2,2,2,2,2,2,2,2,2,2,2,2,2,2,2,2,2,2,2,2,2,2,2,2,2,2,2,2,2,2,2,2,2,2,2,327,177,106,263,144,305,111,326,124,65,334,288,301,76
1,0,1,1,1,1,0,1,1,1,1,1,1,0,0,0,0,0,0,0,0,1,1,0,0,1,1,1,1,1,1,1,1,0,0,0,0,1,0,0,0,0,0,0,0,0,0,1,1,1,1,0,0,1,0,1,1,1,0,0,1,0,1,1,1,1,1,1,0,1,1,1,1,1,1,0,1,0,1,0,0,0,1,1,1,1,1,1,1,1,1,1,1,1,0,0,0,1,1,1,1,1,1,0,1,1,1,1,1,1,0,1,1,1,1,1,0,0,1,1,0,1,1,0,1,0,0,0,0,0,0,1,0,0,0
2919
290,347,236,287,297,284,302,292,22,22,22,22,22,22,22,22,22,22,22,22,22,22,22,322,282,317,155,341,283,334,336,86,263,144,364,359,2,2,2,2,2,2,2,2,2,2,2,2,2,2,2,2,2,2,2,2,2,2,2,2,2,2,2,2,2,2,2,2,2,2,2,291,65,171,307,305,301,91
0,0,1,0,1,1,0,1,0,1,1,1,1,1,1,1,0,1,0,1,1,1,0,1,1,0,1,1,1,1,1,1,1,0,1,1,0,1,1,1,0,0,1,1,0,0,0,0,1,1,1,1,1,0,1,1,0,1,1,1,1,1,0,1,0,1,1,1,1,1,1,0,1,1,0,1,0,0
2920
2,2,2,2,2,2
1,0,0,1,1,0
2921
367,351,236,236,311,5,5,283,292,22,22,22,22,22,22,22,22,22,22,22,22,293,182,155,171,199,279,325,317,263,359,291,334,45,2,2,2,2,2,2,2,2,2,2,2,2,2,2,2,2,2,2,2,2,2,2,2,2,2,2,2,2,2,2,2,2,2,2,2,2,2,2,91
1,0,1,1,1,0,0,0,1,0,0,1,1,0,0,1,1,1,0,0,0,1,0,1,0,1,0,0,1,0,1,0,0,1,0,0,0,1,1,1,0,1,1,0,0,0,0,0,1,0,0,0,1,0,1,0,0,0,0,1,1,1,0,1,1,0,0,0,0,0,1,1,1
2922
289,323,337,2,2,2,2,2,2,2,2
1,0,0,0,1,0,1,1,1,0,0
2923
362,315,351,236,46,367,316,310,22,22,22,22,22,22,22,22,22,22,22,22,22,22,22,22,22,22,56,317,45,2,2,2,2,2,2,2,2,2,2,2,2,2,2,2,2,2
1,0,1,1,1,0,1,1,0,0,0,1,0,1,1,0,1,1,1,1,1,1,1,1,1,1,1,0,0,1,1,1,1,0,0,1,1,1,0,1,1,1,1,1,1,1
2924
73,73,347,236,236,287,318,41,302,322,237,332,155,56,329,317,335,319,285,307,305,305,2,2,2,2,2,2,2,2,2,2,2,2,2,2,2,2,2,2,2,2,2,2,2,2,2,2,2,2,2,2,2,2,2,2,2,2,2,2,2,2,2,2,2,2,2,2,2,2,2,2,2,2,2,2,2,2,2,2,2,2,2,2,2,2,2,2,2,2,2,2,2,2,2,2,2,2,2,2,2,2,2,2,2,2,2,2,2,2,2,2,2,2,2,2,2,2,2,2,2,2,2,2,2,2,2,2,2,2,296,253,284,174,254,358,292,91,352,349,341,289,315,354,350,348,328,326,124,280,208,48,48,301,368,290,367,246,337,336,336,276,247,330,22,22,22,22,22,22,22,22,22,22,22,22,22,22,22,22,22,22,22,22,22,22,22,22,22,22,22,22,22,22,22,22,312,177,364,175,321,316,294,171,45,235,356,304,304,252,281,281,5,5,5,363,295,355,291,293,55,182,78,151,279,106,325,333,27,340,303,334,288,288
1,1,0,1,1,1,1,0,1,1,1,1,0,1,1,1,1,1,0,1,1,1,0,0,1,1,1,0,0,0,1,1,1,1,1,1,1,0,0,0,1,0,1,1,1,1,1,0,0,1,1,1,1,1,1,1,1,1,1,0,1,1,1,1,1,0,1,0,1,0,1,1,0,1,0,0,0,1,1,0,0,1,1,0,1,0,1,0,0,1,0,1,0,0,1,1,1,0,1,1,1,1,1,1,1,0,0,0,1,1,1,1,1,1,1,1,1,1,0,1,0,1,1,1,1,1,1,1,1,0,1,1,0,1,1,1,1,0,1,0,1,1,1,1,1,0,1,1,1,1,0,0,1,1,1,0,1,1,1,0,1,1,1,1,1,1,0,1,1,1,0,0,0,1,0,1,0,1,1,0,0,1,1,0,0,1,1,0,0,0,0,1,0,1,1,0,0,1,1,0,1,1,0,1,1,0,1,1,1,1,0,1,1,0,1,1,1,1,1,1,1,1,1,0,0,1,0,0,1,0,1,1,1,1
5862
247,247,336,318,297,315,284,324,288,22,22,22,22,22,22,22,22,320,236,56,146,313,341,312,280,171,106,343,86,317,316,357,319,48,334,45,2,2,2,2,2,2,2,2,2,2,2,2,2,2,2,2,2,2,2,2,2,2
0,0,0,1,1,1,1,0,0,1,1,0,1,1,0,1,0,0,1,1,0,1,1,1,0,1,0,0,0,0,1,1,0,1,0,1,0,1,0,0,1,1,1,0,0,0,0,0,0,1,0,0,1,1,0,1,0,0
2926
356,236,286,5,5,5,283,363,292,91,91,308,78,329,350,316,331,319,353,340,345,291,45,2,2,2,2,2,2,2,2,2,2,2,2,2,2,2,2,2,2,2,2,2,2,2,22,22,22,22,22,22,22,22
1,0,1,0,0,1,1,0,0,0,0,1,1,1,1,1,0,0,0,0,1,1,1,0,1,0,0,1,1,1,1,1,1,1,1,0,1,1,1,1,1,1,0,1,1,0,0,0,1,0,1,1,0,1
2927
319,299,367,22,22,22,22,73,2,2,2,2,2,2,2,2,2,2,2,2,2,2,2,2,2,2,2,2,2,2,2,2,2,2,2,2,2,2,2,2,2,2,2,2,2,2,2,2,2,2,2,2,2,2,2,2,2,2
0,1,1,1,1,0,0,1,0,1,0,0,0,0,0,1,1,1,1,1,0,1,1,1,0,1,0,1,1,0,1,0,0,1,1,1,1,0,1,0,1,0,0,1,1,1,1,0,0,0,1,1,1,1,1,0,0,0
2928
333,73,342,320,236,287,280,281,284,254,285,174,22,22,22,22,22,22,22,22,22,22,22,22,22,22,151,237,279,182,2,2,2,2,2,2,2,2,2,2,2,2,2,2,2,2,2,2,2,2,2,2,2,2,2,2,2,2,2,2,2,2,2,2
1,1,1,0,1,1,0,0,1,1,1,0,0,0,1,0,1,0,0,1,0,1,1,1,1,0,0,0,0,1,1,1,1,1,1,1,0,0,0,0,0,1,1,0,1,1,1,1,1,0,1,1,0,1,0,0,1,0,1,1,1,0,1,1
2929
296,289,236,323,344,360,284,177,5,5,302,332,22,22,22,22,22,22,22,22,22,22,22,22,346,283,65,78,312,151,334,343,350,300,319,68,328,301,124,280,303,294,279,288,2,2,2,2,2,2,2,2,2,2,2,2,2,2,2,2,2,2,2,2,2,2,2,2,2,2,2,2,2,2,2,2,2,2,2,2,2,2,2,2,2,2,2,2,2,2,2,2,2,2,2,2,2,2,2,2,2,2,2,2,2,2,2,2,2,2,2,2,2,2,2,2,2,2,2,2,2,2,2,2,2,2,2,321
0,1,1,0,1,1,1,1,0,1,0,0,0,0,1,0,0,0,0,1,0,1,1,1,1,0,0,1,1,1,1,0,1,1,1,1,1,1,0,1,1,1,1,1,0,0,0,0,1,1,1,1,1,1,1,1,1,1,1,1,1,0,1,1,1,1,1,1,1,1,1,1,1,1,1,1,0,1,0,1,0,1,1,1,1,0,0,1,0,1,1,1,0,1,0,0,1,1,1,0,1,0,1,1,0,1,1,1,1,1,0,1,1,1,1,1,1,1,1,1,1,0,1,1,0,0,0,1
2930
303,235,337,323,281,22,22,22,22,22,22,22,22,22,22,22,22,22,22,22,22,22,22,22,22,22,22,5,5,280,91,322,346,237,352,155,327,362,111,177,320,343,285,325,263,331,306,68,2,2,2,2,2,2,2,2,2,2,2,2,2,2,2,2,2,2,2,2,2,2,2,2,2,2,2,2,2,2,2,2,2,2,2,2,2,2,2,2,2,2,2,2,2,2,2,2,2,2,2,2,360,338,335,301,368
1,0,1,0,0,0,1,1,1,1,1,1,0,1,0,0,0,0,1,0,1,0,0,1,1,0,0,0,0,1,0,1,1,1,0,1,0,1,0,0,0,1,0,0,0,0,1,0,1,1,0,1,1,1,1,1,1,1,1,1,1,0,1,1,0,1,1,1,0,0,0,0,0,0,0,0,1,1,1,0,0,0,0,0,0,0,0,0,0,0,0,0,0,1,0,1,0,0,0,1,1,0,0,0,1
2931
236,287,318,45,330,91,2,2,2,2,2,2,2,2,2,2,2,2,2,2,2,2,2,2,2,2,2,2,2,2,2,2,2,2,2,2,2,2,2,2,2,56,313,341,78,315,334,106,175,300,301,208,171,288,326,22,22,22,22,22,22,22,22,22,22,22
1,1,1,1,1,1,0,0,1,1,0,0,1,0,0,0,1,0,1,0,0,0,1,0,0,1,1,0,1,1,0,0,1,0,1,1,1,1,0,0,0,1,0,1,1,1,1,1,0,0,0,0,0,1,0,1,1,0,1,1,1,0,0,1,1,1
2932
78,310,22,22,361,46,2,2,2,2,2,2,2,2,2,2
1,1,1,1,1,1,0,0,0,1,0,1,1,1,1,1
2933
91,357
1,0
2934
78,296,236,364,276,5,333,313,283,283,22,22,22,22,22,22,22,294,279,288,2,2,2,2,2,2,2,2,2,2,2,2,2,2,2,2,2,2,2,2,2,2,2,2,2,2,2,2,2,2,2,2,2,2,2,2
1,0,0,0,1,1,1,0,0,0,1,0,1,1,1,0,0,1,1,0,0,1,1,1,0,0,0,0,1,0,1,0,1,0,0,0,1,1,0,0,1,0,0,1,1,0,0,1,1,0,1,1,0,0,1,1
2935
106,175,276,22,22,22,22,2,2,2,2,2,2,2,2,2
0,0,1,1,1,0,1,0,1,1,1,1,0,1,0,0
2936
22,22,22,22,22,22,22,22,22,22,2,2,2,2,2,2,2,2,2,2,2,2,2,2,2
0,1,0,1,0,0,0,0,1,0,1,1,1,0,0,0,1,1,0,1,1,1,1,0,0
8873
78,246,22,22,236,293,301,288,313,2,2,2,2,2,2,2,2,2,2,2,2,2,45
0,0,1,1,1,1,0,0,1,1,0,1,0,0,0,0,0,0,0,1,1,0,1
2938
303,151,331,337,236,281,301,318,41,5,313,288,309,22,22,22,22,22,22,22,22,22,22,22,22,22,22,22,22,22,22,22,22,22,22,22,22,22,22,22,22,247,293,282,174,45,2,2,2,2,2,2,2,2,2,2,2,2,2,2,2,2,2,2,2,2,2,2,2,2,2,2,2,2,2,2,2,2,2,2,2,2,2,2,2,2,2,2,2,2,2,2,2,2,2,2,2,2,2,2,2,2,2,2,2,2,2,2,2,2,2,2,2,2,2,2,2,2,2,2,2,2,2,2,2,2,2,347
0,0,0,1,1,0,0,1,0,1,0,1,0,1,0,0,0,0,0,0,0,0,1,1,0,0,1,0,1,1,1,1,1,1,1,0,1,0,0,0,0,1,1,0,0,0,1,1,0,0,1,0,0,0,1,1,1,0,0,0,0,1,1,0,0,1,0,1,0,0,0,0,1,1,0,1,0,0,0,0,0,1,1,1,1,0,0,0,1,1,0,1,0,0,1,0,0,0,0,0,1,0,0,1,1,1,0,1,0,0,0,0,1,0,0,0,1,0,1,1,0,1,1,0,1,0,1,0
2939
73,2,298
1,0,1
2940
318,286,337,236,253,288,276,252,45,292,359,22,22,22,22,22,22,293,291,65,171,317,263,263,2,2,2,2,2,2,2,2,2,2,2,2,2,2,2,2,2,2,2,2,91
1,0,0,1,1,0,1,1,1,0,1,1,0,1,0,1,0,1,1,0,1,0,0,1,0,1,0,1,1,0,1,0,1,1,1,1,1,1,0,1,0,0,1,1,1
8341
78,331,351,236,253,345,46,5,252,22,22,22,22,22,22,22,22,22,22,22,22,22,22,22,22,22,22,22,282,282,293,56,317,303,315,199,325,335,316,333,45,111,2,2,2,2,2,2,2,2,2,2,2,2,2,2,2,2,2,2,2,2,2,2,2,2,2,2,2,2,2,2,2,2,2,2,2,2,2,2,2,2,2,2,2,2,2,2,2,2,2,2,2,2,2,2,2,2,2,2,2,2,2,314,291,171,288,301
1,0,0,1,1,1,1,0,1,0,1,1,1,0,0,1,0,0,0,1,0,1,0,0,1,0,0,1,0,1,1,0,1,0,0,0,0,1,1,1,1,0,1,0,0,0,1,0,1,0,0,0,1,0,1,1,1,1,0,1,0,0,0,0,1,1,1,1,1,0,1,1,0,0,0,0,0,1,0,0,1,0,0,1,1,0,1,1,0,1,1,0,0,1,0,1,1,1,1,1,1,1,0,1,1,1,0,0
2942
2,2,2,2,2,2,2,2,2,2,2,2,2,2,2,2,2,2,236,321,5,284,45,319,359,332,22,22,22,22,22,22,22,22,22,22,313,293,171,317,288,301,341
0,0,0,0,1,1,0,0,1,1,1,1,0,0,1,0,1,0,1,0,1,1,0,0,0,0,1,0,1,1,0,0,1,0,0,0,1,0,1,0,0,1,1
2943
48,331,336,358,304,304,41,151,284,302,324,363,288,288,288,332,22,22,22,22,22,22,22,22,22,22,22,22,22,22,22,22,22,22,305,293,56,317,349,73,315,55,27,364,263,316,357,68,353,310,2,2,2,2,2,2,2,2,2,2,2,2,2,2,2,2,2,2,2,2,2,2,2,2,2,2,2,2,2,2,2,2,2,2,2,2,177,65,171,45,301,368
1,0,0,1,0,0,1,1,0,1,1,1,0,0,1,0,1,1,1,0,1,1,0,0,1,1,1,0,1,0,0,1,0,1,1,1,0,1,0,1,1,1,0,1,1,0,0,0,0,1,1,0,1,1,1,0,0,0,0,0,1,1,1,0,0,1,1,0,1,0,1,0,1,1,1,0,1,0,1,0,1,1,0,0,1,0,1,1,1,0,0,1
2944
22,2,2,2
1,1,0,1
2945
2,2,2,2,2,2,2,2,2,2,2,2,2,2,2,315,171,236,336,46,316,313,292,332,22,22,22,22,22,293,56,317,45,301
0,0,0,0,0,1,0,1,0,1,0,1,0,1,1,0,1,0,0,1,0,0,1,0,1,0,1,1,0,1,1,0,1,0
5887
236,276,358,252,45,22,22,22,22,22,22,22,22,22,22,22,22,22,22,22,22,22,22,22,22,22,22,22,293,174,317,313,289,177,301,5,305,359,340,124,314,171,288,2,2,2,2,2,2,2,2,2,2,2,2,2,2,2,2,2,2,2,2,2,2,2,2,2,2,2,2,2,2,2,2,2,2,2,2,2,2,2,2,2,2,2,2,2,2,2,2,2,2,2,2,2,2,2,2,2,2,2,2,2,2,2,2,2,2,2,2,91
1,0,0,0,1,0,1,1,1,0,0,1,0,1,1,0,0,1,1,1,0,1,1,0,1,0,1,1,1,0,0,1,1,0,1,0,1,1,0,0,0,0,1,0,0,0,0,0,1,0,1,0,0,0,1,1,0,0,0,0,0,1,1,0,0,1,1,0,0,0,0,0,1,1,0,0,0,0,0,1,0,0,1,1,1,0,0,0,0,1,1,1,1,1,0,1,0,1,0,0,0,0,0,1,1,0,1,0,1,0,1,0
2947
323,311,356,337,281,286,280,284,22,22,22,22,22,22,22,22,22,22,22,22,151,237,55,182,111,177,329,110,5,5,367,235,27,2,2,2,2,2,2,2,2,2,2,2,2,2,2,2,2,2,2,2,2,2,2,2,2,2,2,2,2,2,2,2,2,2,2,2,2,2,2,2,2,2,2,2,2,2,2,2,2,2,2,2,2,2,2,2,2,2,2,2,2,2,2,2,2,2,2,2,2,2,2,2,2,2,2,2,2,2,2,2,2,2,2,2,2,2,2,2,2,2,2,2,2,2,2,2,2,2,2,2,2,2,2,2,2,2,2,2,2,360,65,327,321
1,1,1,1,0,1,1,1,1,0,1,1,1,1,1,0,0,1,1,1,1,1,1,1,1,1,1,0,1,1,1,0,1,1,1,1,1,1,1,0,1,1,1,1,1,0,1,1,0,1,1,1,0,1,1,0,0,1,1,0,0,1,0,1,1,0,0,0,0,1,1,1,1,0,1,1,0,1,1,1,1,1,1,1,1,1,0,0,1,0,1,1,0,1,1,1,1,0,1,0,1,1,1,1,1,0,1,1,1,1,0,0,1,1,1,1,0,0,1,1,1,1,1,1,1,1,1,1,0,1,1,0,0,1,1,1,1,1,1,1,1,1,1,1,1
2948
315,56,236,336,91,86,263,288,316,348,45,292,326,22,22,22,22,22,22,22,22,22,22,293,171,317,313,2,2,2,2,2,2,2,2,2,2,2,2,2,2,2,2,2,2,2,2,2,2,2,2,2,2,2,2,2,2,2,2,2,2,2,2,2,2,2,2,2,2,2,321
1,1,1,0,1,0,1,0,1,0,0,1,0,1,0,1,0,0,1,0,0,0,0,1,0,0,0,1,0,0,0,0,1,0,0,1,0,1,0,1,1,0,1,0,0,0,0,0,0,0,0,0,0,0,0,0,0,0,0,0,0,0,1,0,1,0,0,1,0,0,1
2949
73,22,110,41,263,276,335,2,2,2,2,2,2,2,2,2,2,2,2,2,2,2,2,2,2,2,2,2,2,2,2,2,2,2,2,2,2,2,2,2,2,2,2,2,2,2,2,2,2,2,2,2,2,2,2,2,2,2,2,2,2,2,2,2,2,2,2,2,2,2,2,2,2,2,2,2,2,2
0,1,0,0,0,1,0,0,0,1,1,0,1,0,0,1,0,1,0,0,0,0,0,1,1,0,1,0,1,1,1,1,0,0,0,0,0,1,0,0,0,0,0,1,0,0,0,0,0,1,0,0,1,0,0,1,0,1,0,1,1,1,0,0,1,0,1,1,1,1,1,1,1,0,1,0,0,1
2950
247,347,329,253,304,144,252,355,349,319,285,2,2,2,2,2,2,2,2,2,2,2,2,2,2,2,2,2,339,237,263,340,22,22
0,0,1,0,0,1,1,1,1,0,0,0,1,1,0,1,1,0,1,1,0,1,1,0,1,1,1,1,1,0,0,0,1,0
2951
208,175,22,22,2,2
0,0,1,0,0,0
2952
323,367,351,347,236,318,286,41,330,199,22,22,22,22,22,22,22,22,22,22,22,22,22,22,22,22,22,22,22,22,22,22,22,22,22,22,22,22,22,322,357,312,68,364,144,5,5,5,5,319,314,308,307,305,2,2,2,2,2,2,2,2,2,2,2,2,2,2,2,2,2,2,2,2,2,2,2,2,2,2,2,2,2,2,2,2,2,2,2,2,2,2,2,2,2,2,2,2,2,2,2,2,2,2,2,2,2,2,2,2,2,2,2,2,2,2,2,2,2,2,2,2,2,2,2,2,2,2,2,2,2,2,2,2,2,2,2,2,2,2,2,2,2,2,2,2,2,2,2,2,2,2,2,2,2,2,2,2,2,2,2,2,2,2,2,296,235,344,360,284,358,254,295,91,339,55,341,78,283,343,86,263,350,333,348,325,327,124,345,279,331,301
0,0,1,0,1,1,0,1,1,1,1,0,1,1,0,1,0,0,1,1,1,1,1,0,1,1,1,1,1,1,1,1,1,1,1,1,0,1,0,1,0,0,0,0,1,0,0,0,1,0,1,0,1,1,0,1,1,1,1,0,1,0,1,0,0,1,0,0,1,1,0,1,1,0,1,1,0,1,1,0,0,0,1,0,1,0,0,0,1,1,0,0,0,0,0,1,0,1,1,1,1,0,1,1,0,1,1,0,0,0,0,0,0,1,0,1,1,0,1,1,0,0,1,0,0,1,1,1,1,1,1,1,1,1,0,1,0,0,1,1,0,1,1,1,0,0,1,1,1,1,1,0,0,1,1,1,1,1,1,1,0,1,0,1,0,1,0,0,1,1,1,0,1,0,0,1,0,0,1,0,0,1,1,1,0,1,0,0,0,0,0,1
2953
339
0
2954
22,22,22,22,22,2,2,2,2,2,2,2,2
0,0,1,1,0,1,1,1,1,1,1,0,0
2955
22,22,22,22,22,22,22,22,22,27,304,337,296,298,2,2,2,2,2,2,2,2,2,2,2,2,2,2,2,2,2,2,2,2,2,2,2,146,78,355,76
0,0,1,1,0,1,1,1,0,0,1,0,1,1,0,0,1,0,0,1,1,1,0,0,1,0,0,0,1,1,0,0,1,0,0,0,0,0,0,1,0
2956
351,300,236,236,287,304,177,355,355,302,106,22,22,22,22,22,22,22,22,22,22,22,322,346,56,317,317,332,308,111,315,315,352,320,175,45,316,316,313,306,68,328,2,2,2,2,2,2,2,2,2,2,2,2,2,2,2,2,2,2,2,2,2,2,2,2,2,2,2,2,2,2,2,2,2,2,2,2,2,2,2,2,171,307,288,301
0,0,0,0,0,0,1,0,0,0,1,1,1,0,1,1,1,0,1,1,1,0,0,0,1,1,1,0,0,0,1,1,0,0,0,1,1,1,0,1,0,0,0,0,0,0,0,0,0,1,0,0,0,0,0,1,0,0,0,0,0,1,0,0,1,0,0,0,0,0,0,0,0,1,0,0,1,0,0,0,0,1,1,0,0,1
2957
22,22,2,2,2,2,2,2,2,2,2,2,2,2,2,2,2,2,2,2,2,2,2,2,2
0,1,1,1,1,0,0,0,0,0,0,1,1,1,0,1,1,1,0,1,0,0,0,0,1
2958
329,346,253,182,2,2,2
1,1,0,0,1,0,0
2959
236,279,22,22,22,2,2,288
0,1,1,1,0,1,0,0
2960
2,2,2,2,2,2,2,2,2,2,2,2,2,2,315,171,236,146,322,316,288,332,353,340,22,22,22,22,22,22,22,22,304,291,339,293,56,317,45,301
0,1,0,1,0,1,1,1,0,0,1,0,0,0,1,0,1,0,0,0,1,0,1,0,1,1,0,0,1,1,0,1,1,1,0,1,1,1,0,0
2961
302,22,2,2,2,2,2,2,2
0,0,0,0,0,0,1,1,0
2962
303,78,177,246,337,236,318,357,144,300,283,301,304,322,279,2,2,2,2,2,2,2,2,2,2,2,2,2,2,22,22
0,1,0,1,0,1,1,0,1,0,0,1,0,0,1,0,0,0,0,1,1,0,1,1,0,0,1,0,1,1,1
2963
342,22,22,22,253,304,349,2,2,2,2
1,0,1,1,0,1,0,0,0,1,0
2964
299,312,73,351,364,344,318,286,254,324,22,22,22,22,22,22,22,22,22,22,22,22,322,338,253,279,325,2,2,2,2,2,2,2,2,2,2,2,2,2,2,2,2,2,2,2,2,2,2,2,2,2,2,2,2,2,2,2,2,2,2,2,2
1,1,1,0,1,0,1,1,0,0,1,0,1,1,0,0,1,1,1,1,1,0,1,0,0,0,0,1,0,1,0,1,1,1,1,1,1,0,0,1,0,1,1,1,0,1,1,0,0,1,0,0,1,1,0,1,1,1,1,0,0,0,0
2965
2,2
1,1
2966
361,2,2,2,2,2,2,2
1,1,1,1,0,0,0,0
2967
356,76,236,236,304,276,5,284,283,358,365,22,22,22,22,22,22,22,22,22,22,22,22,22,22,22,22,22,22,22,282,55,317,313,341,171,320,343,182,335,321,67,333,175,111,353,359,309,2,2,2,2,2,2,2,2,2,2,2,2,2,2,2,2,2,2,2,2,2,2,2,2,2,2,2,2,2,2,2,2,2,2,2,2,2,2,2,2,2,2,2,2,2,2,345,48,334,307,305,301,368
0,1,1,1,0,0,0,0,0,0,1,1,0,0,0,1,0,0,1,1,0,1,0,1,0,1,0,1,1,1,0,0,0,1,1,1,0,0,0,0,0,1,0,0,1,0,0,0,0,0,0,0,0,0,1,0,0,0,1,0,1,0,0,0,1,1,1,0,1,1,0,0,0,1,1,0,0,1,1,1,1,1,0,0,0,0,0,0,1,1,1,1,0,0,0,0,1,0,1,1,0
2968
22
0
2969
171,359,359,317,22,22,22,22,22,22,22,2,2,2,2,2
1,1,1,0,0,1,0,1,1,1,1,1,1,1,0,0
2970
334,22,22,2,2,2,2,2
0,1,1,0,1,1,1,1
2971
22,22,22,22,22,22,22,22,22,22,2,2,2,2,2,2,2,2,2,2,2,2,2,2,2
0,0,0,0,0,0,0,0,0,0,0,0,0,0,0,0,1,0,0,0,0,0,0,0,0
2972
311,304,295,22,22,281,282,334,41,5,2,2,2,2,2,2,2,2,2,2,2
1,0,0,1,0,0,0,1,0,0,1,0,1,0,1,1,0,1,0,0,1
2973
335,324,330,22,22,22,22,22,22,318,2,2,2,2,2,2,2,2,2,2,2,2,2,2,2,2,2,2,2,2,2,2,2,2,2,2,2,2,2,2,2,2,2,2,2,2,2,2,2,2,2,2,2,2,2,2,2,2,2,2,2,2,2,2,2,2,2,2,2,2,2,2,2,2,2,2,2,2,2,2,2,2,2,2,2,2,2,2,2,2,2,2,2,2,2,2,2,2,2,2,2,2,2,2,2,2,2,2,2,2,2,2,2,2,2,2,2,2,2,2,2,2,2,2,367,301,76
1,1,1,0,1,0,1,1,1,1,1,1,0,1,1,0,1,1,0,1,1,1,0,1,0,0,0,1,0,1,0,1,1,0,1,0,1,0,1,1,1,1,1,1,1,1,0,1,1,1,0,1,1,1,1,1,0,1,0,0,0,0,0,1,0,1,0,1,1,0,1,0,1,1,0,1,1,1,0,1,1,1,1,0,1,1,0,1,1,1,0,1,1,1,1,1,0,1,0,1,1,1,1,1,0,1,0,0,1,1,1,1,1,1,1,1,0,1,1,1,1,1,1,0,0,0,0
2974
311,351,347,236,281,318,297,73,302,324,322,237,146,332,155,329,335,144,319,285,353,309,76,308,307,305,2,2,2,2,2,2,2,2,2,2,2,2,2,2,2,2,2,2,2,2,2,2,2,2,2,2,2,2,2,2,2,2,2,2,2,2,2,2,2,2,2,2,2,2,2,2,2,2,2,2,2,2,2,2,2,2,2,2,2,2,2,2,2,2,2,2,2,2,2,2,2,2,2,2,2,2,2,2,2,2,2,2,2,2,2,2,2,2,2,2,2,2,2,2,2,2,2,2,2,2,2,2,2,2,2,2,2,2,2,2,2,2,2,2,2,2,2,2,2,2,2,2,2,2,2,2,2,296,41,253,5,5,5,5,287,174,254,358,339,106,352,349,341,289,354,343,86,110,263,350,348,68,328,326,124,360,208,65,331,340,321,290,323,367,246,337,336,286,276,235,284,330,22,22,22,22,22,22,22,22,22,22,22,22,22,22,22,22,22,22,22,22,22,22,22,22,22,22,22,22,22,22,22,22,22,22,22,22,22,22,22,22,22,22,22,22,22,282,357,312,280,364,175,300,111,294,327,247,356,344,304,177,355,252,283,363,295,346,55,182,48,78,151,334,320,199,325,333,27,301,345,303,279,288
1,1,0,1,0,1,1,0,1,1,1,0,0,0,1,1,1,1,0,0,1,1,1,1,0,1,1,0,0,0,1,1,1,1,1,0,1,0,1,1,0,1,1,0,0,1,0,0,0,1,1,1,1,0,0,0,1,1,1,1,0,0,0,1,0,1,0,1,1,1,0,1,1,1,1,0,1,0,1,1,0,1,1,1,0,0,1,0,1,1,1,1,0,1,1,1,0,1,1,1,1,1,1,0,0,0,1,1,1,1,1,1,1,1,1,0,0,0,1,1,0,1,1,0,0,0,1,1,1,1,0,1,1,1,1,0,1,1,1,0,1,1,0,0,1,1,1,0,1,0,1,1,1,1,0,1,1,1,0,0,0,1,1,0,1,1,1,0,1,1,1,0,0,1,1,1,1,1,0,0,0,1,0,1,0,1,0,0,1,1,1,1,1,0,1,1,0,1,0,1,1,1,1,1,0,1,1,1,1,0,0,0,1,1,0,0,0,1,1,0,0,1,1,0,0,1,0,1,0,1,1,0,0,1,0,1,1,0,0,1,1,1,1,1,1,1,0,1,1,0,0,0,1,1,1,0,0,0,1,1,0,1,1,1,0,1,0,0,0,1,0,1,1,1,0,1,1,1,1,1
2975
333,22,2,2,2
0,0,0,1,1
2976
323,247,155,354,337,336,86,253,311,5,5,348,355,324,284,22,22,22,22,22,22,22,22,22,22,338,294,174,335,2,2,2,2,2,2,2,2,2,2,2,2,2,2,2,2,2,2,2,2,2,2,341
1,1,0,1,1,1,1,1,1,1,0,1,1,1,1,1,1,1,0,1,1,0,1,0,1,0,1,1,1,0,1,1,1,1,0,0,0,1,1,1,1,0,1,1,0,0,0,1,0,1,1,1
2977
315,22,22,22,22,22,22,22,22,370,56,369,316,2,2,2,2,2,2,2
1,1,1,1,1,1,1,0,1,1,1,1,1,0,1,1,1,0,1,0
2978
22,22,22,2,2,2
0,1,0,1,1,0
2979
302,319,247,22,68,339,335,283,311,2,2,2,2,2,2,2,2,2,2,2,2,2
0,1,1,1,1,1,1,0,0,1,1,0,1,1,1,0,0,1,0,1,0,0
2980
290,302,247,356,320,236,110,304,297,283,68,22,22,22,22,22,22,22,322,303,146,2,2,2,2,2,2,2,2,2,2,2,2,2,2,2,2,2,2,2,308
0,1,0,1,0,1,0,0,0,0,0,0,1,0,1,0,1,1,1,1,1,0,0,0,0,0,1,0,1,0,0,0,1,1,0,1,0,1,1,0,0
2981
323,367,356,336,344,318,46,235,355,358,302,330,295,22,22,22,22,22,22,22,22,22,22,22,22,22,22,22,22,22,22,22,22,322,354,237,352,317,349,341,78,315,365,320,343,329,282,106,300,111,353,328,76,345,303,65,171,307,2,2,2,2,2,2,2,2,2,2,2,2,2,2,2,2,2,2,2,2,2,2,2,2,2,2,2,2,2,2,2,2,2,2,2,2,2,2,2,2,2,2,2,2,2,2,2,2,2,2,2,2,2,2,2,2,2,2
0,1,1,0,1,0,0,0,0,0,0,0,1,0,1,0,0,1,0,1,1,0,0,0,0,0,0,0,1,0,1,0,0,0,1,0,0,0,1,0,1,0,1,0,0,0,0,0,0,0,0,0,0,0,1,1,1,0,0,0,0,0,0,0,1,0,0,0,0,0,1,1,1,1,1,0,0,0,1,1,1,0,0,1,0,1,0,0,0,1,1,1,0,1,1,0,0,1,1,0,0,0,1,0,1,0,0,0,0,1,1,0,1,1,0,0
2982
236,236,287,253,252,5,302,332,22,22,22,22,22,22,22,22,22,22,22,22,22,22,22,22,22,22,22,22,22,22,22,22,22,339,282,56,317,313,303,312,315,364,263,350,316,349,288,288,328,301,124,171,45,45,2,2,2,2,2,2,2,2,2,2,2,2,2,2,2,2,2,2,2,2,2,2,2,2,2,2,2,2,2,2,2,2,2,2,2,2,2,2,2,2,2,2,2,2,2,2,2,2,2,2,2,2,2,2,2,2,2,2,2,2,2,2,2,2,2,2,2,2,2,2,2,2,2,2,2,2,2,2,2,2,2,2,2,2,2,2,2,2,2,2,2,2,91
1,1,0,1,1,0,1,1,1,0,1,1,1,1,1,0,1,1,1,0,1,1,1,1,1,1,1,1,1,1,0,1,0,0,1,1,1,0,1,0,1,1,1,1,1,0,0,1,1,0,0,0,1,1,0,1,0,1,1,0,1,1,0,1,1,1,1,1,1,0,1,1,1,0,1,0,0,0,1,1,1,0,1,0,1,1,0,1,0,0,1,1,1,0,1,0,1,0,0,1,0,0,0,1,0,1,1,1,1,1,1,1,1,1,1,1,1,1,0,1,0,1,1,0,0,1,0,0,1,1,1,1,1,1,1,0,0,0,0,1,1,1,1,1,1,1,0
2983
289,306,22,2,2,2,2,2,2,174
1,0,0,1,1,1,0,1,0,0
2984
323,236,344,318,330,292,22,22,22,22,22,22,22,293,56,317,332,308,111,315,316,45,306,310,291,294,171,288,2,2,2,2,2,2,2,2,2,2,2,2,2,2,2,2,2,2,91
0,1,0,1,0,1,1,1,1,1,0,0,1,0,1,0,0,1,0,1,0,1,1,1,0,0,0,0,0,1,0,1,1,0,0,0,0,1,0,0,0,0,0,1,0,0,0
2985
22,22,22,22,22,22,2,2,2,2,2,2,2,2,2,2,2,2,2,2,2,2
1,0,0,1,1,1,0,0,1,1,1,0,0,1,0,0,1,0,1,0,0,1
2986
2,2,2,2,2,2,2,2,2,2,2,2,2,2,2,2,2,2,2,2,2,2,2,2,2,2,2,2,2,2,2,2,296,280,354,347,236,312,350,253,46,316,288,22,22,22,22,22,22,22,22,22,320,293,171,317,313,301,327
0,0,1,0,1,1,0,0,1,0,0,0,0,1,1,0,1,0,1,1,0,1,0,0,0,1,1,0,0,0,1,0,1,1,0,1,0,0,0,0,1,0,0,1,0,1,0,1,1,0,0,0,1,0,0,0,0,0,0
2987
235,359,236,236,304,41,67,5,45,302,363,292,22,22,22,313,293,48,288,2,2,2,2,2,2,2,2,2,2,2,2,2,2,2,2,2,2,2,2,2,2,2,2,2,2,91
1,0,1,1,0,0,0,0,1,0,0,1,1,0,0,0,1,0,0,1,0,0,0,1,0,0,0,0,0,0,0,1,0,1,0,0,1,0,0,0,1,0,1,1,0,0
2988
296,365,22,2,2,2,2,343
1,1,1,1,1,0,1,0
2989
22,22,236,329,318,304,2,2,2,2,300
1,0,1,0,1,0,0,0,1,1,0
2990
340,2,2
0,0,1
2991
290,323,280,171,320,76,236,286,357,359,22,22,22,22,22,22,22,22,22,22,22,22,22,22,22,346,106,368,317,2,2,2,2,2,2,2,2,2,2,2,2,2,2,2,2,2,2,2,2,2,2,2,2,2,2,2,2,2,2,91
0,0,0,1,0,0,0,1,1,1,1,0,1,0,0,1,1,0,0,0,0,1,1,0,1,0,1,0,0,1,1,0,1,1,0,0,0,0,0,0,0,1,1,0,1,0,0,1,1,0,0,0,1,0,1,1,1,1,0,0
2992
22,22,2,2
0,0,0,0
2993
323,315,171,320,280,364,307,253,297,5,27,330,22,22,22,22,22,22,22,22,22,22,22,345,339,346,65,56,317,2,2,2,2,2,2,2,2,2,2,2,2,2,2,2,2,2,2,2,2,2,2,2,2,2,2,2,2,2,2,76
0,1,1,0,0,0,1,0,0,1,0,0,0,0,1,1,1,1,1,1,0,0,0,1,0,1,0,1,0,0,0,0,0,0,0,1,1,1,1,0,0,1,1,0,0,0,0,1,0,1,1,1,0,0,0,0,0,0,0,0
2994
362,2,2,2,2,2,2
1,0,1,1,0,0,1
2995
296,235,235,236,236,287,318,297,5,358,283,292,91,339,293,341,354,175,319,76,345,291,65,288,2,2,2,2,2,2,2,2,2,2,2,2,2,2,2,2,2,2,2,2,2,2,2,2,2,2,2,2,2,2,2,2,2,2,2,2,2,2,2,2,2,2,2,2,2,2,2,2,2,2,2,2,2,2,2,2,2,2,2,2,2,2,2,2,2,2,2,2,2,2,2,2,2,2,2,2,2,2,2,2,2,2,2,22,22,22,22,22,22,22,22,22,22,22,22,22,22,22,22,22,22,22,22,22,22,22,22,22
0,1,1,0,0,0,1,0,0,0,1,0,0,0,0,0,1,1,1,0,0,0,0,1,1,1,0,0,0,0,0,1,1,1,1,1,0,0,1,0,0,0,0,1,1,0,0,0,0,0,0,0,0,1,1,0,0,0,0,1,0,1,0,0,0,1,1,1,0,0,0,1,0,0,1,0,0,0,0,1,0,0,0,1,0,1,0,0,1,1,1,0,1,0,0,0,0,0,1,1,1,0,0,0,1,1,1,1,1,0,0,0,0,0,0,0,0,1,1,1,0,1,1,1,1,1,1,1,1,1,0,1
2996
235,351,236,286,358,252,302,22,22,22,22,22,22,22,22,22,22,22,22,22,22,22,22,22,22,22,22,346,282,326,317,349,341,280,354,263,301,348,27,359,76,314,65,171,305,2,2,2,2,2,2,2,2,2,2,2,2,2,2,2,2,2,2,2,2,2,2,2,2,2,2,2,2,2,2
0,0,0,0,0,1,0,0,0,0,1,0,0,0,0,0,1,0,1,1,0,0,0,0,1,0,1,1,0,0,1,1,0,0,0,0,0,1,0,1,0,0,0,1,0,0,1,1,1,0,1,0,0,0,1,0,0,1,0,0,0,0,1,0,0,0,0,0,0,1,0,0,0,0,0
2997
359,22,22,22,22,236,325,291,171,317,45,2,2,2,2,2,2,2,2,2
0,1,0,1,1,1,0,1,1,0,1,1,0,0,0,0,0,0,1,1
2998
364,247,2,2,2
1,0,0,0,0
2999
289,303,246,236,110,41,316,288,288,285,22,22,22,22,22,22,22,22,2,2,2,2,2,2,2,2,2,2,2,2,2,339,171,313,301,321
0,1,1,1,0,0,1,0,0,0,1,0,0,1,1,1,1,0,1,0,0,0,0,0,0,0,1,1,1,0,0,1,1,0,0,1
3000
306,289,296,22,22,22,22,22,22,22,22,236,298,298,332,2,2,2,2,2,2,2,2,2,2,2,2,2,2,2,2,2,2,2,2,2,2,2,2,2,2,2,2,2,2,2,2,2,2,2,2,2,2,2,2,2,2,2,2,2,2
1,1,0,1,1,1,0,1,1,1,0,1,1,1,0,1,0,0,0,0,1,0,1,1,0,0,0,0,0,0,0,0,1,1,0,0,0,0,0,0,0,0,0,0,0,1,1,1,0,1,1,0,1,0,1,0,0,0,0,0,0
3001
312,358,2,2,2,2,2
0,0,0,0,0,0,0
3002
324,276,252,2,2,2,2,2,2,2,2,2,2,2,2,2,2,2,2,2,2,2,2,2,2,2,2,22,22,22
0,0,1,0,0,1,0,1,0,0,1,0,0,0,0,0,0,1,1,0,0,0,0,0,1,0,0,0,1,0
3003
344,276,284,358,22,22,22,22,22,22,22,22,22,322,352,182,65,2,2,2,2,2,2,2,2,2,2,2,2,2,2,2,2,2,2,2,2,2,2,2,2,2,343,263,350,294,338,285,340,360,48,307,305,41,321
0,1,0,0,1,1,0,1,0,0,0,0,0,0,1,0,0,0,1,0,0,0,1,0,1,0,0,0,1,0,0,0,0,1,1,0,0,1,0,1,1,1,0,1,1,0,0,1,0,1,0,0,1,0,1
3004
22,22,22,2,2,2,2,2,2,2,2,2,2,2,2,2,2,2
0,0,1,1,0,0,1,0,1,0,0,0,0,0,0,1,0,0
3005
22,22,22,22,22,22,22,22,2,2,2,2,2,2,2,2,2,2,2,2,2,2,2,2,2,2,2
1,0,1,0,1,1,1,1,0,1,0,0,1,1,1,1,0,0,1,1,1,1,0,1,1,1,1
3006
22,22,2,2,2,2,2,199
0,0,0,1,0,0,0,0
3007
151,106,350,263,276,348,285,340,22,22,22,22,22,22,22,22,22,314,2,2,2,2,2,2,2,2,2,2,2,2,2,2,2,2,2,326,327
1,1,0,1,0,1,0,0,0,1,0,1,1,0,1,1,0,1,0,1,0,1,1,0,0,1,0,1,1,1,1,1,0,1,1,1,1
3008
290,296,299,299,253,236,46,335,353,297,73,73,67,363,22,22,22,22,22,22,22,22,22,22,22,298,291,279,305,2,2,2,2,2,2,2,2,2,2,2,2,2,2,2,2,2,2,2,2
0,0,1,1,1,1,1,1,1,0,0,1,1,0,1,0,1,1,1,0,0,1,0,1,1,1,0,1,1,1,1,1,0,0,1,1,0,0,0,0,0,1,1,1,1,0,1,1,0
3009
78,296,290,236,287,144,281,348,27,22,22,22,22,22,22,22,2,2,2,2,2,2,2,2,2,2,2,2,2,2,2,2,2,2,2,2,2,2,2,2,2,2,2,2,2,2,2,2,2,2,2,2,2,2,2,2,2,2,2,2,2,2,2,2,2,279,288,301,368
0,0,0,0,1,0,0,1,0,0,0,0,0,1,0,0,0,0,1,0,0,0,1,1,0,0,0,0,1,0,1,0,1,0,0,0,1,1,1,0,0,1,0,1,1,1,0,0,1,1,0,1,0,1,1,1,1,1,1,0,0,1,1,1,0,1,1,1,1
3010
299,299,22,22,22,22,22,2,2,2,2,2,2,2,2,2,2,2,2,2,2,2,2,2,2,2,2,2,2,2,2,2,2,2
1,1,1,1,1,0,0,0,0,1,1,1,0,1,1,0,1,1,1,0,0,1,0,0,0,0,1,0,1,1,0,0,1,0
3011
336,2,2
0,1,1
3012
68,177,236,2,2,2,2,2,2,2,2,2,2,2,2,2,2,2,2,2,2,2,2,2,2,2,2,2,2,2,2,2,124,263,343,46,235,301,22,22,22
1,1,1,1,0,0,0,1,0,1,1,0,0,0,1,1,1,0,1,0,0,1,0,0,1,1,1,1,1,0,0,1,0,0,0,1,0,0,1,0,1
3013
289,247,295,22,146,353,2,2,2,2,2,2,2,2,2,2,2,327
1,1,0,1,0,0,0,1,1,1,1,1,1,1,1,0,0,1
3014
311,342,199,177,283,283,246,22,22,22,22,22,22,22,22,22,22,22,22,22,22,308,146,332,2,2,2,2,2,2,2,2,2,2,2,2,2,2,2,2,2,2,2,2,2,2,2,2,2,2,2,2,2,2,2,2,2,2,2,2,2,2,2,2,2,2,2,2,2,2,2,2,2,2,2,2,2,2,2,2,337
0,1,1,0,0,0,1,1,1,1,0,0,1,1,1,1,0,1,0,0,0,0,0,0,1,1,0,1,0,1,1,1,1,1,0,0,0,1,1,0,0,1,1,0,0,1,0,1,1,1,0,0,1,0,0,0,0,0,1,0,1,0,1,0,0,0,0,0,1,0,1,1,1,1,1,1,1,0,0,0,1
3015
246,351,347,287,344,253,286,297,284,5,302,22,22,22,22,22,22,22,22,237,308,312,280,354,144,111,76,307,2,2,2,2,2,2,2,2,2,2,2,2,2,2,2,2,2,2,2,2,2,2,2,2,2,2,2,2,2,2,2,2,177
1,0,0,0,1,1,0,0,1,0,1,0,0,1,0,1,0,0,1,0,0,0,0,0,1,0,0,0,1,1,1,0,0,0,0,1,0,0,1,0,1,0,0,1,0,0,0,0,0,0,1,0,0,0,1,1,0,1,0,0,0
3016
78,367,22,308,2,2,2,2,300
0,0,0,0,0,0,0,0,0
3017
2
0
3018
78,296,299,299,361,2,2,2,2,2,2,2,2,2,2,2,2,2,298,73,302,22,22,22,22,22,22,282,303,279,326
0,0,1,1,1,0,0,0,1,1,1,1,0,0,0,1,0,0,1,0,0,1,0,0,1,0,1,0,0,1,0
3019
302,296,22,22,22,22,282,237,321,5,2,2,2,2,2,2,2,2,2,2,2,2,2,2,2,2,2,368
0,0,0,1,0,0,0,0,1,1,0,0,0,0,1,0,0,1,1,0,1,0,1,1,0,0,1,0
3020
290,324,311,22,22,22,22,91,357,294,55,284,2,2,2,2,2,2,2,2,2,2,2,2,2,2,2,5,5
0,1,1,0,1,1,0,0,1,1,1,0,0,0,0,1,1,1,0,1,1,1,1,0,1,0,1,1,1
3021
22,22,22,22,22,22,22,22,22,325,341,144,331,2,2,2,2,2,2,2,2,2,2,2,2,2,2,2,2,2,284
0,1,0,1,1,1,1,1,1,1,1,1,0,1,1,1,0,1,1,0,0,1,1,0,0,1,0,1,1,0,1
3022
296,315,236,293,110,288,350,316,45,292,22,22,22,22,22,22,22,314,282,48,171,317,313,2,2,2,2,2,2,2,2,2,2,2,2,2,2,2,2,2,2,321
1,1,1,1,0,1,0,0,1,1,1,0,0,1,0,1,1,1,1,0,1,0,1,0,0,1,0,0,0,0,0,0,0,0,1,0,1,1,1,1,0,1
3023
299,323,73,246,351,347,236,281,318,286,41,305,302,22,22,22,22,22,22,22,22,22,22,22,22,22,22,22,22,22,22,22,22,22,22,22,22,22,22,22,22,22,22,22,22,22,22,22,22,22,22,22,22,22,22,298,146,332,155,312,177,365,336,335,144,316,313,319,290,294,171,45,327,247,340,344,253,358,355,174,346,292,91,91,293,56,317,349,308,78,315,320,199,110,263,357,68,326,2,2,2,2,2,2,2,2,2,2,2,2,2,2,2,2,2,2,2,2,2,2,2,2,2,2,2,2,2,2,2,2,2,2,2,2,2,2,2,2,2,2,2,2,2,2,2,2,2,2,2,2,2,2,2,2,2,2,2,2,2,2,2,2,2,2,2,2,2,2,2,2,2,2,2,2,2,2,2,2,2,2,2,2,2,2,2,2,2,2,2,2,2,2,2,2,2,2,2,2,2,2,2,2,2,2,2,2,2,2,2,2,2,2,2,124,345,65,334,288,301,368
1,0,1,1,1,0,1,0,1,1,1,1,0,0,1,1,1,1,1,1,0,1,1,1,1,0,1,1,0,1,0,0,1,1,0,1,0,1,1,1,1,0,1,1,1,1,0,1,1,1,0,1,1,1,1,1,0,1,0,1,1,0,1,1,1,1,1,1,0,1,1,1,1,1,1,1,1,0,1,1,1,1,1,0,1,1,1,1,1,1,1,1,1,0,1,1,1,1,1,1,0,1,1,1,1,0,1,0,0,0,0,0,1,1,1,1,1,1,1,1,1,1,0,0,0,0,0,1,1,1,1,1,1,1,1,1,1,1,1,0,1,0,1,0,1,1,0,1,1,0,0,0,1,1,1,1,1,0,1,1,1,1,1,1,0,1,1,1,1,1,1,1,1,1,1,1,1,0,1,0,0,1,1,1,0,1,0,1,1,0,1,1,1,1,1,1,1,1,1,1,1,1,0,0,1,1,0,1,1,1,0,0,1,0,1,1,1,1,1,1
3024
78,296,290,290,236,287,297,301,313,68,363,328,22,22,22,22,22,22,22,22,22,124,346,279,279,288,2,2,2,2,2,2,2,2,2,2,2,2,2,2,2,2,2,2,2,2,2,2,2,2,2,2,2,2,2,2,2,2,2,2,2,2,2,2,2,2,2,2,2,2,2,2,2,2,2,2,2,2,2,2,2,2,2,2,2,2
0,1,0,0,0,1,0,1,1,0,0,0,1,0,0,0,1,0,0,0,0,0,1,0,0,0,0,0,1,0,0,0,0,0,1,0,1,0,0,1,0,1,1,0,1,0,0,0,1,0,0,1,1,1,1,1,1,0,0,0,1,0,1,0,1,0,0,0,0,1,0,0,0,1,0,1,1,1,1,0,0,1,1,0,1,0
3025
22,22,22,22,22,2,2,2,2,2,2,2,2
1,1,0,0,0,1,1,1,0,0,0,1,0
3026
353,22,22,325,300,276,2,2,2,2,2,2,348
1,0,0,1,0,1,0,0,0,0,1,0,1
3027
27,247,22,322,175,2,2,2,2
0,0,1,0,1,1,1,1,1
3028
336,5,254,292,91,293,56,317,361,308,315,354,316,45,310,2,2,2,2,2,2,2,2,2,2,2,291,171,307,288,326,326,22,22,22,22,22
0,1,0,1,0,1,0,1,1,0,1,0,1,1,1,0,1,1,0,1,0,0,0,0,1,0,1,0,0,0,0,0,0,1,1,1,1
3029
299,363,363,363,22,22,22,22,22,22,298,334,334,2,2,2,2,2,2,2,2,2,2,2,2,2,2,2,2,2,2,2,2,2,2,2,2,2,2,2,2,2,2,2,2,2,2,2,2,2,2,2,2,2,2,2,2,2,2,2,2,2,2,2,2,2,2,2,2,2,2,2,2,2,2,2,2,2,2,2,2,2,2,2,2,2,2,2,2,2,2,2,347
1,0,0,0,0,0,1,0,0,0,1,0,0,0,0,0,0,0,0,1,1,0,0,1,0,0,0,0,1,0,0,0,0,0,0,0,0,0,0,0,0,0,0,0,0,0,0,0,0,0,0,1,1,1,1,1,1,1,1,0,0,1,0,0,0,0,1,1,1,0,0,0,0,0,0,0,0,1,0,0,0,1,0,0,0,0,0,0,0,0,0,0,0
3030
22,22
1,0
3031
308,247,337,314,144,280,357,363,295,22,22,22,345,279,2,2,2,2,2,2,2,2,2,2,2,2,2,2,2,2,2,2,2,2,327
1,0,0,1,1,1,0,0,0,1,0,0,1,1,0,0,0,1,1,0,1,1,0,1,1,0,0,0,1,1,0,0,1,1,1
3032
303,22,236,345,279,2,2,2,2
1,1,0,0,0,0,0,0,0
3033
22,22,22,22,22,236,314,279,297,288,2,2,2,2,2,2,2,2,2,2,2,2,2,2,2,2,2,2,2,2,2,2,2,2,2,2,2,2,2,2,2,2,2,2,2,2,2,2,2
1,0,1,1,0,1,1,1,1,0,0,1,1,0,1,1,0,0,1,1,0,0,1,1,1,1,0,1,1,1,1,1,0,1,0,1,1,0,1,1,1,0,1,1,0,1,0,0,1
3034
284,2,2,2,2,2,2,2,2,2,2,22,22
0,1,0,1,0,0,1,0,0,0,0,0,1
3035
2,2,2,2
0,1,0,0
3036
289,290,367,365,106,199,312,345,280,73,254,363,22,22,22,22,22,22,22,22,22,22,22,22,22,22,22,22,22,22,22,22,22,22,22,22,22,22,360,151,237,305,2,2,2,2,2,2,2,2,2,2,2,2,2,2,2,2,2,2,2,2,2,2,2,2,2,2,2,2,2,2,2,2,2,2,2,2,2,2,2,2,2,2,2,2,2,2,2,2,2,2,2,2,2,2,2,2,2,2,2,2,2,2,2,2,2,2,2,2,2,2,2,2,2,2,2,2,2,2,2,2,2,2,2,2,2,2,2,2,2
1,0,0,1,1,1,0,1,1,1,0,0,1,1,0,1,0,1,0,0,0,1,1,0,1,0,1,0,0,1,1,1,1,1,0,1,0,1,0,0,1,1,1,1,1,0,0,0,0,0,1,0,1,0,1,0,1,1,0,1,0,1,1,0,1,0,1,0,1,1,0,1,1,1,0,1,1,0,1,0,1,1,1,1,1,0,0,0,1,0,0,0,1,0,1,1,0,1,0,0,1,0,1,1,0,1,1,0,1,1,0,1,0,1,0,1,0,0,0,0,0,1,1,0,1,0,0,0,1,1,1
3037
78,296,73,236,287,301,5,333,299,68,363,292,22,22,22,22,22,22,22,22,279,288,2,2,2,2,2,2,2,2,2,2,2,2,2,2,2,2,2,2,2,2,2,2,2,2,2,2,2,2,2,2,2,2,2,2,2,2,2,2,2,2,2,2,2,2,2,2,2,2,2,2,2,2,2,2,2,2,2
1,0,1,0,0,0,1,0,1,1,0,0,0,1,0,1,0,0,1,1,1,1,0,0,0,1,0,1,0,0,0,0,0,0,0,0,0,0,0,0,1,1,1,0,1,0,1,0,1,1,1,1,1,0,1,1,0,1,0,1,1,0,1,0,1,1,0,0,1,0,1,1,0,0,1,0,0,0,0
3038
2,2,2,2,2,2,2,2,2,2,363,22,22,22,22,352,333,174
1,0,0,0,1,1,0,1,0,1,0,1,0,1,1,1,1,0
3039
22,2
1,0
3040
22,22,2
0,1,0
3041
182,22,22,2,2,357
0,0,0,0,0,1
3042
280,56,351,344,315,316,319,330,330,22,22,22,22,22,22,22,22,22,339,171,317,2,2,2,2,2,2,2,2,2,2,2,2,2
0,0,0,1,1,0,0,0,0,0,0,1,0,0,1,0,0,1,1,1,0,1,0,1,0,0,1,0,0,0,0,0,0,0
3043
279,174
1,0
3044
299,323,73,351,347,281,318,286,297,367,367,324,22,22,22,22,22,22,22,22,22,22,22,22,22,22,22,22,22,22,22,22,22,22,22,22,22,22,298,282,237,348,146,332,332,155,312,27,175,144,5,5,322,285,353,290,76,314,309,294,307,305,327,296,235,356,276,253,335,358,358,355,252,254,363,288,295,339,346,55,182,349,341,303,354,311,86,110,333,357,68,328,2,2,2,2,2,2,2,2,2,2,2,2,2,2,2,2,2,2,2,2,2,2,2,2,2,2,2,2,2,2,2,2,2,2,2,2,2,2,2,2,2,2,2,2,2,2,2,2,2,2,2,2,2,2,2,2,2,2,2,2,2,2,2,2,2,2,2,2,2,2,2,2,2,2,2,2,2,2,2,360,65,368,331,321
1,1,1,1,0,1,1,1,0,1,1,1,1,1,0,1,1,1,1,1,1,1,1,1,1,1,1,1,1,1,1,1,1,1,1,0,1,1,1,1,1,1,1,1,1,1,1,1,1,1,1,1,1,1,1,1,1,1,1,1,1,1,1,1,0,1,0,1,1,1,1,1,1,1,1,1,1,1,1,1,1,1,1,1,1,1,0,1,1,1,1,0,1,1,0,1,1,1,1,1,1,1,1,1,1,0,1,1,1,0,1,0,0,1,1,1,1,1,1,1,1,1,1,1,1,1,1,1,1,1,1,1,1,1,1,1,1,1,1,1,1,1,0,1,0,1,1,1,0,0,1,1,1,1,1,1,1,1,1,1,1,0,1,1,1,0,1,1,0,1,1,1,1,0,0,1
3045
319,350,2,2,2,2
1,1,0,0,0,0
3046
235,2,22,22,22,318
0,0,1,0,0,1
3047
290,323,311,356,351,337,236,281,318,286,325,5,355,174,254,347,22,22,22,22,22,22,22,22,22,22,22,22,22,22,22,247,346,237,348,332,341,303,302,320,199,68,285,329,175,357,27,353,314,307,288,2,2,2,2,2,2,2,2,2,2,2,2,2,2,2,2,2,2,2,2,2,2,2,2,2,2,2,2,2,2,2,2,2,2,2,2,2,2,2,2,2,2,2,321
0,1,1,1,1,0,0,1,1,1,1,1,1,1,0,1,0,0,0,0,0,0,1,1,1,0,1,1,0,0,1,1,1,1,1,1,1,0,1,0,1,0,0,1,1,1,0,0,0,1,0,0,0,0,1,1,0,1,0,1,0,0,1,1,0,1,1,1,0,1,0,0,1,1,1,1,0,1,1,1,1,0,1,1,0,0,0,1,0,1,1,1,0,1,1
3048
367,342,2,2,2,2,2,322
1,0,1,1,1,1,0,0
3049
2,2
0,0
4562
296,182,337,236,323,368,5,355,324,292,295,91,293,317,365,110,333,45,319,68,359,208,291,171,305,2,2,2,2,2,2,2,2,2,2,2,2,2,2,2,2,2,2,2,2,2,2,2,2,2,2,2,2,2,2,2,2,22,22,22,22,22,22,22,22,22,22,22
0,0,0,0,0,1,1,0,0,1,0,0,1,0,1,1,0,1,1,0,1,0,1,0,0,0,1,0,0,1,0,0,0,0,0,1,0,0,0,0,1,0,0,0,0,0,0,0,1,1,1,1,1,1,0,0,0,0,0,0,1,0,1,0,0,1,0,1
3051
253,22,2,2
1,0,0,0
3052
351,236,253,288,355,284,324,292,22,22,22,22,22,22,22,22,22,22,22,22,22,22,22,22,22,22,22,22,22,282,293,318,317,317,349,362,177,320,325,144,348,359,359,2,2,2,2,2,2,2,2,2,2,2,2,2,2,2,2,2,2,2,2,2,2,2,2,2,2,2,2,2,2,2,2,2,2,280,294,171,171,307,331,301,76
0,1,0,0,0,0,0,0,1,0,1,1,0,1,1,0,0,0,1,1,1,1,0,0,1,0,0,0,0,0,0,1,0,0,1,1,1,0,0,0,1,0,0,0,0,1,1,1,0,0,1,0,1,0,0,0,1,1,0,0,0,0,1,0,1,0,0,0,0,1,1,1,0,0,0,0,1,0,0,0,0,0,0,0,0
3053
2,2,2,2,2
0,1,0,0,0
3054
297,330,320,358,2,2,2,2
0,1,0,0,0,1,1,1
3055
76,2,2,2,2,2,2
0,0,0,1,1,1,1
3056
319,303,247,22,22,68,208,312,279,2,2,2,2,2,2,2,2,2,2,2,2,2,2,341
0,0,0,1,0,0,0,1,1,0,1,0,0,0,0,0,0,1,1,1,0,0,0,0
3057
324,22,22,2,2,357
1,0,1,1,0,1
8525
22,22,22,22,22,22,22,236,314,110,237,334,313,2,2,2,2,2,2,2,2,2
0,1,1,0,1,1,1,1,0,0,0,0,1,1,0,0,0,1,1,0,0,1
