3688
2,2,2,2,2,2,2,2,2,2,2,2
0,1,0,1,0,0,0,1,1,1,0,0
4576
2,2
0,0
3690
296,311,340,345,5,358,146,288,22,22,22,22,22,22,22,22,22,22,22,22,22,22,22,22,346,293,56,317,313,361,338,315,320,263,110,175,357,144,316,367,300,111,68,349,326,2,2,2,2,2,2,2,2,2,2,2,2,2,2,2,2,2,2,2,2,2,2,2,2,2,2,2,2,2,2,2,2,2,2,2,2,314,48,171,45,301
1,0,0,0,0,1,0,0,1,0,0,1,1,0,1,0,0,1,0,0,0,1,0,0,0,0,1,0,0,1,0,1,0,0,0,0,0,0,1,1,0,0,0,0,0,1,0,0,0,0,1,0,1,0,0,0,1,0,0,0,0,0,0,0,0,0,0,1,1,0,0,1,0,0,0,0,0,0,0,1,0,0,0,1,0,1
3691
303,319,280,320,236,344,300,111,22,2,2,2,2,2,2,2,346,65,279,326
1,0,1,1,0,1,1,1,1,1,1,1,1,1,1,1,1,1,1,1
3692
331,106,337,287,297,252,357,330,359,359,22,22,22,22,22,22,22,22,22,22,22,22,22,22,22,22,22,339,65,171,171,317,317,48,2,2,2,2,2,2,2,2,2,2,2,2,2,2,2,2,2,2,2,2,2,2,2,2,2,2,2,2,2,2,2,2,2,2,2,2,2,2
0,0,0,1,1,1,0,0,1,0,0,0,0,0,0,0,0,0,0,1,1,1,1,0,0,0,0,0,0,1,1,1,0,0,0,1,0,0,1,1,0,0,0,0,1,1,1,1,1,1,1,1,1,1,1,1,1,1,0,1,1,1,1,0,0,0,1,0,0,1,0,0
3693
299,296,73,289,351,236,297,247,174,324,363,22,22,22,22,22,22,22,22,22,22,22,22,298,346,237,55,182,313,78,334,106,325,301,5,331,338,68,349,326,124,124,303,279,288,2,2,2,2,2,2,2,2,2,2,2,2,2,2,2,2,2,2,2,2,2,2,2,2,2,2,2,2,2,2,2,2,2,2,2,2,2,2,2,2,2,2,2,2,2,2,2,2,2,2,2,2,2,2,2,2,2,2,2,2,2,2,2,2,2,2,2,2,2,2,2,2,2,2,2,2,2,2,2,2,2,2,2,2,2,2,2,2,2,2,2,2,2,2,2,2,2,2,2,2,2,2,2,2,2,2,2,2,2,2,2,2,2,2,2,76
1,1,1,0,1,1,1,1,1,1,0,1,1,1,0,1,1,1,1,1,0,1,1,1,1,0,1,1,1,1,1,0,1,1,0,0,0,1,0,0,0,0,1,1,1,1,1,1,1,1,1,0,0,1,1,0,1,1,1,1,1,0,0,1,1,1,1,1,1,1,1,0,1,1,1,1,0,1,1,1,1,1,1,1,1,1,1,1,1,1,1,1,1,1,1,1,1,1,1,1,1,0,1,0,1,1,1,1,1,0,1,1,1,1,1,1,0,1,1,1,1,1,1,1,1,1,1,1,1,1,0,1,1,1,0,1,1,0,1,1,1,1,1,1,1,1,1,1,1,1,1,1,1,1,1,1,1,0,1,0,1
3694
22,22,22,22,291,294,171,317,2,2,2,2,2,2,2,2
1,1,0,0,0,0,1,0,1,1,0,0,1,1,1,1
3695
151,22,2,2,2
0,1,1,0,1
3696
235,253,335,297,252,302,330,22,22,22,22,22,22,22,22,22,22,22,2,2,2,2,2,2,2,2,2,2,2,2,2,2,2,2,2,2,2,2,2,2,2,2,2,2,2,2,2,2,2,2,2,308,289,283,280,365,175,144,363,288,319,285,340,307,305,301,368
0,0,0,1,1,1,1,1,1,0,1,1,0,1,1,0,0,0,1,0,1,1,1,1,1,1,1,1,0,0,1,1,0,1,1,1,0,0,1,0,1,1,1,1,1,0,0,1,1,0,0,1,0,0,1,1,1,0,1,1,0,1,0,1,0,0,1
3697
48,359,22,22
0,0,0,0
3698
236,253,288,68,292,359,22,22,22,22,22,22,22,22,22,22,293,291,171,317,45,2,2,2,2,2,2,2,2,2,2,2,2,2,2,2,2,2,2,2,2,2,2,2,2,2,2,2,2,91,91
0,1,1,1,1,0,1,0,1,1,1,1,1,0,0,0,1,1,1,1,1,0,1,1,0,1,0,1,1,1,1,1,0,0,1,0,0,0,1,0,1,1,0,1,0,0,0,0,0,0,1
3699
368,311,246,351,347,236,236,296,287,318,286,276,73,73,302,324,330,22,22,22,22,22,22,22,22,22,22,22,22,22,22,22,22,22,22,22,22,22,22,22,22,22,22,22,353,346,332,155,312,365,336,336,182,144,316,319,174,309,76,314,171,45,326,303,247,356,322,41,56,304,304,252,355,5,5,5,254,363,292,295,91,91,293,352,317,308,78,297,354,86,263,350,305,305,338,328,2,2,2,2,2,2,2,2,2,2,2,2,2,2,2,2,2,2,2,2,2,2,2,2,2,2,2,2,2,2,2,2,2,2,2,2,2,2,2,2,2,2,2,2,2,2,2,2,2,2,2,2,2,2,2,2,2,2,2,2,2,2,2,2,2,2,2,2,2,2,2,2,2,2,2,2,2,2,2,2,2,2,124,360,208,291,48,48,334,288,288,321
0,1,1,1,0,1,1,1,1,1,0,0,1,1,1,1,1,0,1,1,1,1,1,0,1,1,1,1,0,1,1,1,1,1,1,1,0,1,1,1,0,1,1,1,0,1,1,1,1,1,1,1,1,1,1,1,1,1,1,1,1,1,1,1,1,1,1,1,1,1,0,1,0,0,1,0,1,1,1,1,1,1,1,0,1,1,1,1,1,1,0,1,1,1,1,1,1,0,1,0,1,1,1,1,1,1,1,1,1,1,1,0,1,1,0,1,1,0,1,0,0,1,1,1,0,0,1,1,1,1,0,1,1,0,1,0,1,1,1,1,0,0,1,1,1,0,1,1,0,1,1,1,1,1,0,1,1,1,0,1,1,1,1,1,1,1,1,1,0,1,1,1,1,1,1,1,0,1,1,1,1,1,1,1,1,1,1,1
3700
22,22,22,2,2,2,2,2,2,2,2,2,2,2,2,2
1,0,1,1,1,1,1,0,0,0,0,0,0,0,0,0
3701
333,367,22,22,22,22,22,22,22,2,2,2,2,2,2,2,2,2,2,2,2,2,2,2,2,2,2,2,2,2,2,2,2,2,2,314
0,1,0,0,1,1,1,1,0,0,1,0,1,0,0,0,0,1,1,0,1,1,0,1,1,0,1,1,0,0,1,0,1,0,0,1
3702
367,336,318,5,5,324,22,22,22,22,22,22,22,22,22,22,22,22,22,282,303,111,151,365,236,325,67,333,338,353,328,2,2,2,2,2,2,2,2,2,2,2,2,2,2,2,2,2,2,2,2,2,2,2,2,2,2,2,2,2,2,2,294,340,91
1,0,1,1,0,0,1,1,0,1,1,1,0,1,1,0,0,1,1,1,1,0,0,1,1,0,1,0,0,0,0,0,1,0,1,0,1,0,1,1,1,0,1,0,1,0,0,0,0,1,1,1,0,1,1,1,1,1,1,0,1,1,0,0,0
3703
111,111,151,22,22,236,65,67,2,2,2,2,2,2
0,0,0,0,0,1,0,1,1,0,1,0,1,1
3704
315,356,236,316,171,292,22,22,22,22,22,291,294,56,317,45,2,2,2,2,2,2,2,2,2,2,2,2,2
1,1,1,1,0,0,1,1,0,1,1,1,0,1,1,1,0,1,1,1,0,0,0,0,0,1,1,0,1
3705
367,55,22,22,346,304,2,2,2
1,0,0,0,0,1,1,0,0
3706
289,311,356,351,236,344,304,276,247,5,302,324,330,22,22,22,22,22,22,22,22,22,22,22,322,151,326,303,312,280,335,350,367,175,27,353,309,76,124,294,334,331,2,2,2,2,2,2,2,2,2,2,2,2,2,2,2,2,2,2,2,2,2,2,2,2,2,2,2,2,2,2,2,2,2,2,2
1,0,1,1,1,1,1,1,1,1,0,0,1,1,0,0,0,0,1,0,0,1,0,1,1,0,0,0,0,1,0,0,0,1,0,0,1,0,0,1,1,0,0,0,0,1,0,1,1,0,0,0,0,0,0,1,0,0,1,0,1,0,0,0,1,0,0,0,0,1,0,0,0,0,0,0,0
3707
22
0
3708
22,22,22,22,22,22,2,2,2,2,2,2,2,2,2,2,2,2,2,2,2,2,2,2,2,2,2,2
0,0,1,0,1,1,0,0,0,1,0,1,0,0,1,0,1,0,1,1,1,1,1,0,1,0,1,1
3709
289,279,329,252,144,5,358,285,174,364,328,2,2,2,2,2,2,2,2,2,314,342,352,301,22,22,22,22
0,0,0,1,1,0,0,0,0,0,0,0,0,0,1,0,0,1,1,1,1,1,1,0,0,1,0,1
3710
359,22,22,22,22,22,22,22,22,22,22,22,22,22,22,2,2,2,2,2,2,2,2,2,2,2,2,2,2,2,2,2,2,2,2,2,2,2,2,2,2,2,2,2,2,2,2,2,2,2,2,2,2,2,2,2,2,2,2,2,2,2,2,2,2,2,2,2
0,0,1,0,1,1,0,1,0,1,0,1,1,1,0,0,1,1,1,1,1,0,0,1,0,1,1,0,0,1,1,0,0,1,1,0,0,0,1,0,0,1,0,1,0,0,0,1,0,1,1,1,1,0,0,0,1,1,0,1,1,0,0,1,1,1,1,0
3711
289,235,337,345,344,286,46,284,174,254,363,22,22,22,22,22,22,22,22,22,22,22,293,339,282,237,352,283,341,78,312,280,342,343,329,335,333,68,353,310,2,2,2,2,2,2,2,2,2,2,2,2,2,2,2,2,2,2,2,2,2,2,2,2,2,2,2,2,2,2,2,2,2,2,2,2,2,2,2,2,2,2,2,2,2,2,2,360,208,307,263,301
0,0,0,1,1,0,0,0,0,0,0,0,1,1,1,1,0,1,0,1,0,0,1,0,1,0,1,0,0,1,0,0,0,0,0,0,1,1,0,1,0,1,1,0,0,0,1,0,1,0,0,0,0,1,0,0,1,0,0,0,0,1,0,1,1,0,0,0,1,1,0,0,1,0,0,0,0,0,1,0,1,1,1,0,0,0,1,0,0,0,1,0
3712
27,307,316,2,2,2,2,2,2,2,2,2,2,2,2,2,2,2,2,22,22
0,0,1,1,0,0,0,0,1,0,0,0,0,1,1,0,1,1,0,0,1
3713
22,345,281,263,358,2,2,2,2,2,2,2,348
1,1,0,1,0,0,1,0,1,0,1,1,1
3714
296,311,351,236,287,345,284,5,283,346,292,22,22,22,22,22,22,22,22,22,22,22,22,22,22,22,22,22,22,22,22,322,293,357,155,78,106,325,335,350,288,288,111,327,360,291,294,279,45,2,2,2,2,2,2,2,2,2,2,2,2,2,2,2,2,2,2,2,2,2,2,2,2,2,2,2,2,2,2,2,2,2,2,2,2,2,2,2,2,2,2,2,2,2,2,2,2,2,2,2,2,2,2,2,2,2,2,2,2,2,2,2,2,2,2,2,2,2,2,2,2,2,2,2,2,2,2,2,2,2,2,2,91
0,1,1,1,1,1,1,1,1,1,1,1,0,1,0,1,1,0,0,1,1,0,1,1,1,0,1,1,0,1,1,1,1,1,1,1,1,1,1,1,1,1,1,1,1,1,1,1,1,1,1,1,1,1,1,1,1,1,0,0,0,0,1,0,1,1,1,1,1,1,1,1,1,0,1,1,1,1,0,1,1,1,0,0,0,1,1,1,1,0,1,0,1,1,1,1,1,1,1,1,1,0,1,1,1,1,1,1,1,1,1,1,1,1,1,1,1,1,1,1,0,0,1,1,1,1,1,1,1,0,1,0,1
3715
325,55,22,2,2,2,2,2,2
0,1,0,1,1,0,0,1,0
3716
27,177,22,22,22,22,22,22,22,22,22,22,22,237,2,2,2,2,2,2,2,2,2,2,2,2,2,2,2,2,2,327
1,0,1,1,1,0,1,1,1,1,1,1,1,0,0,0,1,1,0,0,1,0,0,0,1,0,1,0,0,1,1,0
3717
302,338,155,22,22,22,22,22,22,22,27,325,318,2,2,2,2,2,2,2,2,2,2,2,2
0,1,0,0,1,1,0,1,0,1,1,1,1,1,0,1,1,0,0,0,0,1,0,0,1
4626
337,236,286,276,22,22,22,22,22,22,22,22,22,22,22,22,22,22,22,22,22,22,22,22,22,22,22,22,22,22,22,22,22,22,22,22,322,146,155,347,319,280,352,364,175,321,144,111,285,174,359,359,171,171,307,305,2,2,2,2,2,2,2,2,2,2,2,2,2,2,2,2,2,2,2,2,2,2,2,2,2,2,2,2,2,2,2,2,2,2,2,2,2,2,2,2,2,2,2,2,2,2,2,2,2,2,2,2,2,2,2,2,2,2,2,2,2,2,2,2,2,2,2,2,2,2,2,2,2,2,78,344,252,284,5,5,254,358,295,55,317,317,349,341,289,151,354,325,350,67,338,328,124,360,65,279,368
0,0,0,1,1,0,0,0,1,1,0,0,0,0,0,0,0,0,0,1,1,0,0,0,0,1,0,0,0,0,0,1,0,1,0,0,1,1,1,0,0,0,0,0,1,1,0,0,0,0,0,0,1,1,0,1,1,1,1,1,1,0,0,0,1,0,1,1,1,0,1,0,0,1,0,0,0,0,0,0,1,0,0,0,1,0,1,1,0,0,0,0,0,0,0,0,1,0,0,0,0,1,1,0,1,0,0,0,0,0,1,1,0,0,0,0,1,0,0,1,0,1,0,1,1,1,1,0,1,1,0,0,1,0,1,0,0,0,0,1,0,0,0,1,1,0,0,1,0,1,0,0,0,0,0,0,1
3719
346,2,2,2,2,2,2,2,2,2
1,1,1,1,1,1,1,1,1,1
3720
22,22,22,2,2,2,2,2,2,2,2,2,2,2,2,2,2,2,2,2,2,2,2,2,2
0,1,0,0,1,1,1,0,0,1,1,0,1,1,0,0,1,1,0,1,1,1,1,0,0
3721
355,76,322,65,297,335,2,2,2,2,2,2,2,2,2,2,2,2,2,2,22,22,22
1,0,1,1,1,0,0,0,0,1,1,1,0,1,1,1,0,0,1,0,0,1,0
3722
323,246,343,350,5,2,2,2,2,2,2,2,2,2,2,22,22,22,22,22,22
0,0,1,1,0,1,1,1,1,1,1,1,0,0,0,1,1,0,1,1,1
3723
359,22,22,22,22,22,370,219,171,317,2,2,2,2,2,2,2
0,0,1,1,1,0,1,1,1,0,0,0,0,0,1,1,0
3724
293,236,344,263,355,288,283,292,359,22,22,22,22,22,22,22,22,22,22,22,219,291,171,317,45,2,2,2,2,2,2,2,2,2,2,2,2,2,2,2,2,2,2,2,2,2,341
1,1,1,1,1,0,1,1,1,1,0,1,0,0,0,0,0,0,1,0,1,1,0,1,1,0,0,0,0,1,0,0,0,0,0,0,0,1,0,1,0,0,0,0,0,0,0
3725
177,279,22,2,2,5
0,1,1,0,0,1
3726
290,289,365,22,22,22,110,237,48,2,2,2,2,2,2,2,2,2,2,2,2,2,2,2,2,2,331
0,1,0,0,1,0,0,1,1,0,1,0,0,0,1,0,0,0,0,1,1,0,0,0,0,0,0
3727
78,296,22,236,279,2,2,2,2,2
1,0,0,0,0,0,0,0,1,1
3728
22,2
0,1
3729
22,22,22,22,22,22,2,2,2,2,2,2,2,2,2,2,2,2,2,2,2,2,2,2,2,2,2,2,2,2,2,2,2,2,2,2,2
0,0,0,1,0,1,1,0,0,0,0,0,0,0,1,1,0,0,0,0,0,0,0,0,0,0,0,0,0,0,0,1,1,0,1,0,1
3730
330,307,22,2,314
1,1,0,0,1
3731
56,22,22,236,291,171,317,316,2,2,2,2,2
1,0,1,1,0,1,0,1,0,0,0,0,0
3732
315,56,343,336,297,155,350,280,316,295,22,22,22,22,22,22,22,22,345,171,317,2,2,2,2,2,2,2,2,2,2,2,2,2,2,2,2
1,1,0,1,0,0,0,1,1,0,0,1,0,1,0,0,0,0,1,1,1,1,0,0,1,1,0,0,0,0,0,0,0,0,0,0,0
3733
280,342,344,237,297,335,2,2,2,2,2,2,2,2,2,2,2,2,2,2,2,2,2,2,2,2,2,2,2,2,2,2,2,2,2,2,2,2,2,2,2,2,2,2,2,2,2,2
1,1,1,0,0,1,0,1,0,0,0,0,1,0,1,1,0,1,1,1,0,1,0,1,0,0,0,1,1,1,0,1,0,1,1,1,1,1,0,1,1,1,1,1,1,1,1,1
3734
323,311,356,296,253,276,284,5,5,288,22,22,22,22,22,22,22,22,22,22,22,22,22,361,78,365,354,333,348,111,328,155,345,294,318,2,2,2,2,2,2,2,2,2,2,2,2,2,2,2,2,2,2,2,2,2,2,2,2,2,2,2,2,2,2,2,2,2,2,2,2,2,2,2,2,2,2,2,2,2,2,2,2,2,2,2,2,2,2,2,2,2,2,2,2,2
0,1,1,0,0,1,0,0,1,0,0,1,1,0,1,1,0,1,1,1,1,0,0,1,1,1,0,0,0,0,1,0,1,1,0,1,1,0,1,0,0,0,0,0,0,0,1,1,0,0,0,0,0,1,0,1,1,1,1,0,0,0,1,1,0,0,0,0,0,1,1,1,0,1,0,1,1,1,0,0,0,1,0,1,0,1,1,0,1,1,0,0,1,0,0,0
3735
299,338,73,22,22,297,2,2,2,2,2,2,2,2,2,2,2
1,0,0,1,1,0,0,1,0,0,1,0,1,0,1,0,0
3736
22,22,22,22,22,2,2,2,2,2,2,2,2,2
0,0,1,1,1,1,0,0,1,1,1,1,1,1
3737
78,296,367,279,22,22,334,2,2,2
0,0,0,1,0,1,0,1,0,0
3738
361
0
3739
2,2,2,2
0,1,0,0
3740
22,22,22,22,22,22,22,22,22,22,22,2,2,2,2,2,2,2,2,2,2,2,2,2,2
1,1,1,1,1,1,1,1,1,1,1,1,0,1,1,1,1,1,0,1,0,1,0,1,1
3741
352,276,2
1,1,0
3742
337,236,236,287,318,330,356,22,22,22,22,22,22,22,22,22,22,22,22,22,22,22,22,22,22,22,22,22,22,22,22,22,22,22,22,22,22,22,22,22,22,22,22,298,282,237,332,362,306,280,365,182,175,5,313,111,366,171,305,2,2,2,2,2,2,2,2,2,2,2,2,2,2,2,2,2,2,2,2,2,2,2,2,2,2,2,2,2,2,2,2,2,2,2,2,2,2,2,2,2,2,2,2,2,2,2,2,2,2,2,2,2,2,2,2,2,2,2,2,2,2,2,2,2,2,2,2,2,2,2,2,2,2,2,2,2,2,2,2,2,2,2,2,2,2,2,2,2,2,2,2,2,2,2,2,2,2,2,2,296,247,293,312,253,304,46,177,174,363,346,352,317,349,341,342,343,350,67,310,326,124,345,65,279
0,0,0,0,1,0,0,1,1,1,0,1,1,1,1,1,1,1,1,0,0,1,0,1,0,0,1,1,0,0,1,0,1,0,1,0,1,0,0,1,0,1,0,1,1,0,0,1,1,0,0,0,1,0,0,0,1,1,0,0,0,1,1,0,1,0,0,0,0,0,0,1,1,1,0,0,0,0,1,0,1,1,1,0,1,0,1,0,0,0,1,0,1,1,1,1,0,0,1,0,1,0,1,1,1,0,0,0,1,1,0,1,0,0,0,1,0,0,0,0,1,1,0,1,0,1,1,0,0,0,1,0,0,1,1,0,1,0,1,1,0,0,1,0,0,0,1,1,1,1,1,1,0,0,0,0,0,1,0,0,0,0,0,1,1,1,0,0,0,1,1,1,0,1,1,0,1,1,1,0,0,1,0,0
3743
350,335,276,22,22,22,22,2,2,2,2,2
0,0,0,0,0,0,0,1,1,0,0,1
3744
2
0
3745
299,312,311,320,199,296,329,344,253,297,174,283,340,22,22,22,22,22,22,22,22,22,22,22,22,22,22,2,2,2,2,2,2,2,2,2,2,2,2,2,2,2,2,2,2,2,2,2,2,2,2,2,2,2,2,2,2,2,2,2,2,2,2,2,65,279,263,326,343
1,1,0,0,0,0,0,1,1,0,0,1,0,1,1,1,0,0,1,0,1,1,1,0,1,1,1,0,0,1,0,0,1,0,0,1,1,0,0,0,0,0,0,0,0,0,1,0,1,0,1,0,0,1,1,1,0,0,0,1,0,1,1,0,0,1,0,1,0
3746
342,2,2
0,0,0
3747
2
1
3748
293,288,328,22,22,22,22,236,345,301,2,2,2,2,2,2,2,2,2,2,2,2,313,326,45
1,0,0,1,1,0,1,1,0,1,0,1,1,1,0,0,0,1,0,1,0,0,0,0,1
3749
355,2
0,1
3750
315,171,22,22,236,208,56,317,2,2,2,2,2,300
1,0,0,0,0,0,1,0,0,0,0,0,0,0
3751
302,353,347,22,22,22,22,2,2,2,2,348
0,0,1,0,0,0,1,0,0,1,0,0
3752
359,22,22,22,22,236,291,171,317,45,2,2,2,2,2
0,0,0,0,1,1,1,1,0,0,0,1,0,1,0
3753
320,351,276,22,22,2,2,2
1,0,1,1,0,1,0,1
3754
68,22,2,2,2,2,2,2,347
0,1,0,0,1,1,0,0,0
3755
362,45,236,2,2,2,2,313
1,1,0,0,0,0,0,1
3756
356,22,22,22,22,22,22,22,22,22,343,325,304,2,2,2,2,2,2,2,2,2,2,2,2,2,2,2,2,2,2,2,2,2,348
1,0,0,1,1,0,1,1,0,1,0,1,0,1,1,1,0,0,1,0,0,0,0,1,0,0,1,1,1,0,0,0,1,0,1
3757
22,22,22,22,22,22,22,22,2,2,2,2,2,2,2,2,2,2,2,2,2,2,2,2,2
0,1,0,1,1,0,0,0,0,1,0,0,1,0,0,1,0,0,0,1,1,0,0,0,0
3758
283,78,177,254,320,343,339,110,247,2,2,2,2,2,2,2,2,2,2,2,2,2,2,2,2,2,2,2,2,2,22,22,22,22,22,22,22,22,22,22
1,1,1,0,0,0,0,0,0,0,0,0,0,0,0,1,0,0,0,0,0,1,0,0,0,0,0,0,0,1,0,1,1,0,1,1,0,1,1,1
3759
78,296,299,199,236,252,73,292,22,22,22,22,22,22,22,22,22,293,291,48,279,288,288,2,2,2,2,2,2,2,2,2,2,2,2,2,2,2,2,2,2,2,2,2,2,2,2,2,2,2,91
1,0,1,0,1,0,1,1,1,1,0,1,0,0,1,1,1,1,1,0,1,1,0,1,0,0,0,1,0,1,1,1,0,0,0,1,1,1,0,0,1,0,1,1,1,0,1,1,1,0,1
3760
311,328,333,2,2
1,1,0,0,1
3761
111,2
0,1
3762
2,2
0,0
3763
296,235,356,351,311,253,155,177,358,330,22,22,22,22,22,22,22,22,22,22,22,22,22,22,22,22,22,22,22,22,22,22,282,339,293,349,317,313,361,361,78,151,171,343,68,5,300,73,288,111,27,348,309,76,304,280,345,303,367,334,45,2,2,2,2,2,2,2,2,2,2,2,2,2,2,2,2,2,2,2,2,2,2,2,2,2,2,2,2,2,2,2,2,2,2,2,2,2,2,2,2,2,2
1,0,1,1,1,1,1,1,1,1,1,1,0,0,0,0,1,1,0,1,0,0,1,1,0,0,1,1,0,0,0,0,0,1,1,1,1,1,0,1,0,0,1,0,1,1,0,1,1,1,1,1,1,0,0,1,0,1,1,1,1,0,1,1,1,0,1,1,0,0,1,1,0,0,1,1,0,1,1,1,1,1,1,1,1,1,1,1,1,0,0,1,1,1,0,1,0,0,0,1,0,1,1
3764
304,106,329,286,355,359,359,22,22,22,22,22,22,22,22,22,22,22,22,22,22,22,22,339,346,171,171,317,317,288,2,2,2,2,2,2,2,2,2,2,2,2,2,2,2,2,2,2,2,2,2,2,2,2,2,2,76
0,0,0,0,0,0,0,1,1,0,1,0,1,0,0,0,1,0,0,1,0,0,0,1,1,0,1,1,1,0,0,1,0,0,1,1,1,1,1,1,0,0,1,0,1,0,0,0,1,1,0,1,1,0,0,1,0
3765
319,335,22,22,22,2,2,2
0,0,0,0,0,1,0,0
3766
2
0
3767
299,303,73,304,311,286,297,235,5,295,22,22,22,22,22,22,22,22,339,346,146,289,312,151,331,331,182,335,357,294,307,288,2,2,2,2,2,2,2,2,2,2,2,2,2,2,2,2,2,2,2,2,2,2,2,2,2,2,2,2,2,2,2,2,2,2,2,2,2,2,2,2,2,2,2,2,2,2,2,2,2,2,2,2,2,2,2,2,2,2,2,2,2,2,2,2,2,2,2,2,2,2,2,2,2,2,2,2,2,2,2,2,2,2,2,2,2,2,2,2
1,0,0,0,0,0,1,0,1,0,0,1,0,1,0,0,1,0,1,1,1,1,1,1,0,0,1,1,1,1,1,0,1,0,0,1,1,0,1,1,0,1,0,1,0,1,1,1,1,1,0,0,0,1,1,0,0,1,1,0,1,1,1,1,1,1,1,1,1,1,1,1,1,0,0,0,1,0,0,1,1,0,1,1,1,0,1,0,1,1,1,0,1,0,0,1,0,1,0,1,1,1,1,1,0,1,1,0,0,0,0,0,0,1,1,1,0,0,1,1
3768
289,22,22,22,22,22,22,22,22,22,22,22,22,22,22,22,22,2,2,2,2,2,2,2,2,2,2,2,2,2,2,2,2,2,2,2,2,2,2,2,2,2,2,2,2,2,2,2,2,2,2,2,2,2,2
1,1,1,1,1,1,1,1,1,0,1,1,1,1,0,1,0,1,1,1,1,0,1,1,0,1,1,0,0,0,0,1,0,0,0,1,1,1,1,1,0,0,0,0,1,1,0,1,1,0,0,1,1,0,0
3769
308,359,236,288,292,295,22,22,22,22,22,22,22,22,22,291,171,317,45,2,2,2,2,2,91
0,1,1,0,1,0,1,1,0,0,0,1,0,0,0,1,0,1,1,0,0,0,1,1,0
3770
332,2,2,2,2,2,2
0,1,0,0,1,1,0
3771
363,340,294,2,2,358,327,22,22,22
0,0,0,1,0,0,0,0,1,0
3772
2
0
3773
55,2,2,2
1,0,0,0
3774
151,356,287,110,5,333,363,328,22,22,22,22,22,22,22,22,22,22,22,22,22,22,22,22,332,2,2,2,2,2,2,2,2,2,2,2,2,2,2,2,2,2,2,2,2,2,2,2,2,2,2,2,2,2,2,2,2,2,2,76
1,1,1,0,1,0,0,1,0,0,1,1,1,0,1,1,1,1,1,0,0,1,1,1,0,1,0,1,1,1,1,0,0,0,1,1,0,1,1,0,1,0,1,1,1,0,0,1,0,1,1,1,1,0,0,0,0,1,0,0
3775
322,246,22,22,360,2,2,2,2,2,2,2,333,368
1,1,1,0,1,0,0,0,0,1,0,1,0,1
5715
311,347,236,236,318,41,302,324,322,237,146,332,155,329,335,144,319,285,353,309,76,308,305,2,2,2,2,2,2,2,2,2,2,2,2,2,2,2,2,2,2,2,2,2,2,2,2,2,2,2,2,2,2,2,2,2,2,2,2,2,2,2,2,2,2,2,2,2,2,2,2,2,2,2,2,2,2,2,2,2,2,2,2,2,2,2,2,2,2,2,2,2,2,2,2,2,2,2,2,2,2,2,2,2,2,2,2,2,2,2,2,2,2,2,2,2,2,2,2,2,2,2,2,2,2,2,2,2,2,2,2,2,2,2,2,2,2,2,2,2,2,2,2,2,2,2,2,2,2,2,2,2,2,2,2,2,2,2,2,2,2,2,2,2,2,2,2,2,2,2,2,2,2,2,2,2,2,2,2,2,2,2,2,2,2,2,296,297,253,5,174,254,358,292,91,91,339,349,341,289,354,343,110,350,357,68,328,326,124,124,208,48,301,368,290,367,246,337,336,286,276,22,22,22,22,22,22,22,22,22,22,22,22,22,22,22,22,22,22,22,22,22,22,22,22,22,22,22,22,22,22,22,22,22,22,22,22,22,22,22,22,22,22,22,22,22,22,22,22,22,282,348,280,364,175,321,300,111,359,171,45,327,356,304,177,252,346,291,293,55,317,78,342,320,199,325,345,303,334,288
1,0,1,1,1,0,0,0,1,0,0,1,1,1,1,1,1,1,1,0,1,0,1,1,1,0,0,0,0,1,1,0,0,0,1,0,1,0,0,1,1,1,1,0,0,1,0,1,0,1,0,0,1,0,0,0,1,1,0,0,1,0,1,0,1,1,1,1,0,1,1,1,1,1,1,1,1,1,0,1,0,0,1,0,0,1,0,0,0,0,1,0,0,1,0,1,0,0,0,1,0,0,1,0,0,0,0,0,1,0,1,1,1,0,1,0,0,0,1,1,0,0,1,1,1,0,1,1,1,0,1,1,0,1,0,0,1,0,1,0,0,0,1,1,0,0,0,1,1,0,0,1,0,0,0,0,0,0,0,0,1,1,0,1,0,0,1,1,0,1,1,0,1,0,1,1,0,1,0,0,0,1,1,0,1,0,1,0,0,0,1,1,1,0,0,0,0,0,1,1,1,0,0,0,1,0,0,1,0,0,0,0,0,1,0,1,1,1,1,1,1,0,1,1,0,1,1,1,0,1,1,0,0,0,1,1,0,1,0,0,0,1,0,0,1,1,1,1,0,1,1,1,1,0,0,1,0,1,0,0,0,0,1,1,0,1,0,1,1,0,1,0,0,1,0,1,0,0,0,0,1,0,1,0,1,1,1,0,1,1,1,1,1,0,0,1,1,1,1,1
3777
76
0
3778
78,296,290,310,124,236,279,288,288,2,2,2,22,22,22
1,0,0,0,0,0,1,0,0,0,0,0,1,1,0
3779
78,2,2,2
0,1,0,0
3780
319,280,246,155,360,339,2,2,2,2,2,2,2,2
1,0,1,1,1,1,1,1,0,1,0,0,0,1
3781
333,296,356,22,22,22,281,276,307,284,2,2,2,2,2,2,2,2,2,2,2
0,0,1,0,0,0,0,1,0,0,0,0,0,1,0,0,0,0,1,0,0
3782
279,22,22,22,287,318,304,2,2,2,2,2,2,2,2,2,2,2,2,2,2,2,2,2,2,2,2,2,2,2,2,2,2,2,2,2,2,2,2,2,2,2,2,2,2,2,2,2,2,2,2,2,2,2,2,2,2,2,2,2,2,2,2,2,2,2,2,2,2,2,2,2,2,2,2,2,2,2,2,2,2,2,2,2,2,343
1,0,0,0,0,1,0,0,0,0,1,1,0,1,1,1,1,1,0,1,1,1,1,1,1,0,1,1,1,1,0,1,1,1,1,1,1,0,1,1,0,1,1,0,1,1,1,1,1,1,0,1,0,0,1,0,0,1,1,1,1,1,0,1,0,1,1,1,0,1,1,0,1,1,1,1,1,1,1,1,1,0,1,1,1,1
3783
22,2,2,2,2,2,357
0,1,1,1,0,0,1
3784
111,315,336,311,41,177,316,254,363,330,295,76,48,182,305,2,2,2,2,2,2,2,2,2,2,2,2,2,2,2,2,2,2,2,2,2,2,2,2,2,2,2,2,2,2,2,2,2,2,2,2,2,2,2,2,2,2,2,2,2,2,2,2,2,2,2,22,22,22,22,22,22,22,22,22,22,22,22,22,22,22,22,22,22,22,22
1,1,1,0,0,0,0,0,0,1,0,1,1,0,1,1,0,0,1,0,1,0,0,0,0,0,1,1,0,1,1,1,1,1,0,1,0,1,0,1,0,0,0,1,1,1,1,0,1,0,0,0,0,0,0,1,0,1,0,1,0,1,0,1,0,0,0,0,1,1,1,1,0,1,1,0,1,1,0,1,1,0,0,1,1,0
3785
323,311,246,351,347,236,287,288,367,284,22,22,22,22,22,22,22,22,22,22,22,22,22,22,22,22,22,22,22,22,22,151,282,237,332,332,73,335,352,336,336,175,321,144,316,300,285,328,171,45,2,2,2,2,2,2,2,2,2,2,2,2,2,2,2,2,2,2,2,2,2,2,2,2,2,2,2,2,2,2,2,2,2,2,2,2,2,2,2,2,2,2,2,2,2,2,2,2,2,2,2,2,2,2,2,2,2,2,2,2,2,2,2,2,2,2,2,2,2,296,356,305,344,304,304,5,5,358,283,292,91,293,56,317,254,315,320,86,365,263,350,357,68,366,345,291,48,334,331,368
1,0,1,1,0,1,1,1,0,1,1,1,1,1,1,0,1,1,1,1,1,0,0,1,0,1,1,1,1,1,1,1,1,0,0,0,1,1,1,1,1,1,1,0,1,0,1,1,1,1,1,1,1,0,0,1,1,0,0,0,1,1,1,1,0,0,1,1,1,0,0,0,1,1,1,1,0,1,0,1,1,1,0,1,0,0,1,1,0,1,0,0,0,1,0,1,0,0,1,0,1,0,1,1,0,1,1,0,1,1,1,1,0,1,1,0,0,0,1,1,1,1,1,0,0,1,1,0,1,1,0,1,0,1,1,1,0,0,0,0,0,1,1,1,1,1,1,1,1,1
3786
290,235,22,325,294,247,2,2,2,2,2
0,0,1,1,0,1,0,0,0,1,0
3787
355,2
0,0
3788
22,22,22,22,22,22,22,22,22,2,2,2,2,2,2,2,2,2,2,2,2,2,2,2,2
0,0,0,0,0,1,1,0,0,0,1,1,0,1,0,0,0,0,0,0,1,0,1,0,0
3789
22,22,22,22,22,22,22,22,22,22,22,2,2,2,2,2,2,2,2,2,2,2,2,2,2
1,1,0,1,1,0,0,0,0,1,0,0,1,1,1,1,1,0,0,0,0,0,0,0,0
3790
290,320,276,5,5,333,358,330,330,328,22,22,22,22,22,22,22,22,22,48,2,2,2,2,2,2,2,2,2,2,2,2,2,326
0,1,1,1,0,0,0,0,0,1,1,0,1,0,0,1,0,0,0,0,1,1,0,1,1,0,0,0,0,0,1,1,1,1
3791
362,336,318,46,22,22,22,22,22,293,282,237,56,146,332,78,315,354,236,317,316,2,2,2,2,2,2,2,2,2,2,2,2,2,2,2,2,2,2,291,171,45,301
1,0,0,1,1,0,1,0,1,0,0,0,1,0,0,0,1,1,1,0,0,0,1,0,0,0,0,0,0,0,1,0,0,1,0,0,0,1,0,0,0,0,1
3792
78,296,296,296,352,236,297,330,330,310,22,22,22,22,22,22,22,22,22,22,22,298,298,279,305,2,2,2,2,2,2,2,2,2,2,2,2,2,2,2,2,2,2,2,2,2,2,2,2,2,2,2,2,2,2,2,2,2,2,2
1,0,0,0,1,0,0,0,0,0,0,1,1,1,0,1,1,1,1,1,1,1,1,0,0,0,0,0,0,0,1,1,0,0,1,0,0,0,0,1,1,1,0,0,1,1,1,0,0,1,1,0,0,0,0,0,0,0,1,1
3793
323,311,246,351,337,281,304,5,254,363,347,22,22,22,22,22,22,22,22,22,22,22,22,22,22,332,155,341,78,312,354,329,110,302,348,319,76,301,303,294,368,2,2,2,2,2,2,2,2,2,2,2,2,2,2,2,2,2,2,2,2,2,2,2,2,2,2,2,321
1,1,0,1,1,0,1,1,1,0,0,1,0,1,1,1,0,0,1,0,1,1,1,0,1,0,1,1,1,1,1,1,0,0,0,0,1,0,1,1,1,1,0,1,1,1,1,0,1,1,1,1,1,0,0,0,0,0,1,0,1,0,1,1,1,1,1,1,1
3794
338,2,2,2,2
0,1,0,0,0
3795
27,330,22,22,307,276,2,2,2,2,2,2,2,2,2,2,2,2,337
1,0,0,1,1,0,1,0,1,1,0,0,1,0,1,1,1,1,1
3796
367,284,337,318,276,252,355,5,324,91,352,146,48,308,55,354,199,86,335,350,301,349,325,2,2,2,2,2,2,2,2,2,2,2,2,2,2,2,2,2,2,2,2,2,2,2,2,2,2,2,2,2,2,2,2,2,2,2,2,2,2,2,2,2,2,2,2,2,2,2,2,2,2,124,124,208,294,305,327,22,22,22,22,22,22,22,22,22,22,22
1,0,1,1,0,1,1,0,1,0,1,1,0,1,1,0,1,0,1,0,0,0,0,0,1,0,0,1,0,1,1,1,1,1,0,1,1,1,1,0,1,1,0,1,1,1,1,1,0,1,1,1,1,1,0,1,1,1,0,0,1,1,1,1,1,0,1,1,1,1,1,1,0,1,0,1,0,1,1,0,1,0,1,1,1,1,1,0,1,0
3797
73,56,320,236,354,348,246,316,55,288,254,292,22,22,22,22,22,22,22,22,22,22,22,22,22,22,22,22,22,22,22,22,22,22,22,293,291,291,171,317,45,2,2,2,2,2,2,2,2,2,2,2,2,2,2,2,2,2,2,2,2,2,2,2,2,2,2,2,2,2,2,2,2,2,2,2,2,2,2,2,2,2,2,2,2,2,2,2,2,2,2,2,2,2,2,91
1,0,0,1,1,1,0,1,1,0,1,1,1,0,0,0,1,1,1,1,1,0,0,1,0,0,0,0,1,1,1,0,0,1,0,0,0,1,1,0,1,0,1,1,0,1,1,0,0,0,0,1,0,1,1,0,0,0,0,0,0,1,1,0,0,0,0,0,0,0,0,1,0,1,0,0,1,1,1,0,1,1,0,0,1,1,1,0,1,1,0,1,1,1,1,0
3798
290,311,246,351,337,236,236,287,286,297,367,55,330,22,22,22,22,22,22,22,22,22,22,22,22,22,22,22,22,22,22,22,22,22,22,22,22,22,22,22,22,22,22,22,22,22,368,322,282,237,348,146,332,155,280,365,303,27,329,335,144,73,319,285,353,359,309,336,294,171,305,305,2,2,2,2,2,2,2,2,2,2,2,2,2,2,2,2,2,2,2,2,2,2,2,2,2,2,2,2,2,2,2,2,2,2,2,2,2,2,2,2,2,2,2,2,2,2,2,2,2,2,2,2,2,2,2,2,2,2,2,2,2,2,2,2,2,2,2,2,2,2,2,2,2,2,2,2,2,2,2,2,2,2,2,2,2,2,2,2,2,2,2,2,2,2,2,2,2,2,2,2,2,2,2,2,296,247,293,358,252,304,304,284,355,5,5,283,45,363,292,295,91,91,339,346,341,352,317,288,308,78,199,86,110,333,357,235,325,328,291,48,279,331,301,321
0,1,1,1,1,1,1,1,0,0,1,1,1,0,0,1,0,1,1,0,1,1,1,1,1,1,1,1,1,0,0,0,0,0,1,1,1,0,1,1,1,1,1,1,1,1,1,1,0,0,1,1,1,0,1,1,0,0,1,1,0,1,0,1,1,0,1,1,1,1,1,1,0,1,1,1,1,0,0,1,1,0,1,1,1,1,1,1,0,1,1,1,1,0,0,1,1,1,1,0,0,1,1,0,1,1,1,1,1,0,1,0,1,1,1,1,0,1,1,1,1,1,1,1,1,1,1,1,1,0,0,0,0,1,1,1,1,1,0,1,1,1,0,1,1,1,0,1,1,1,0,0,0,1,0,0,1,1,1,1,1,1,1,0,0,1,1,1,1,1,1,1,1,1,1,1,1,1,1,0,1,0,0,1,1,1,1,1,1,1,1,1,1,1,1,1,1,1,0,1,0,0,1,0,1,1,1,0,0,1,1,1,1,0,0,1
3799
289,331,351,337,236,304,235,363,295,22,22,22,22,22,22,22,22,22,22,22,22,22,22,22,22,22,22,22,313,293,352,317,332,155,308,303,177,171,294,288,301,124,314,65,334,307,45,2,2,2,2,2,2,2,2,2,2,2,2,2,2,2,2,2,2,2,2,2,2,2,2,2,2,2,2,2,2,2,2,2,2
0,0,1,1,1,1,0,1,0,1,1,1,1,0,0,1,1,0,0,1,1,1,0,1,1,1,1,0,1,1,1,0,0,1,1,1,1,1,1,1,1,1,1,1,1,0,1,1,1,1,1,0,1,0,0,0,0,1,0,0,0,0,0,1,0,1,1,1,0,0,1,1,1,0,0,1,0,1,0,0,1
3800
319,323,22,339,335,305,2
0,0,1,0,0,0,0
3801
22,22,22,22,22,22,22,22,22,22,22,22,22,22,22,22,2,2,2,2,2,2,2,2,2,2,2,2,2,2,2,2,2,2,2,2,2,2,2,2,2,2,2,2,2,2,2,2
1,1,1,1,1,1,1,1,1,1,1,1,1,1,1,1,1,1,1,1,1,1,1,1,1,1,1,1,1,1,1,0,0,1,1,1,1,1,1,1,0,1,0,1,1,1,1,1
3802
171,317,22,22,22,2,2,2
0,1,0,1,1,1,1,1
3803
289,303,280,356,253,297,355,348,302,68,237,22,22,22,22,22,22,339,294,2,2,2,2,2,2,2,2,2,2,2,2,2,2,2,2,2,2,2,2,2,2,2,2,2,2,2,2,2,2,2,48,327
1,1,1,1,1,1,1,1,1,1,0,1,1,1,1,0,1,1,0,1,1,1,1,0,0,0,1,1,1,1,1,0,1,1,1,1,0,1,1,1,1,0,0,1,1,1,0,1,1,1,0,1
3804
312,2,2,2,2,2
0,0,0,0,0,0
3805
22,22,22,2
0,0,0,0
3806
367,351,236,344,276,174,324,330,22,22,22,22,22,22,22,22,22,22,22,22,237,146,151,364,110,175,67,333,300,338,285,263,2,2,2,2,2,2,2,2,2,2,2,2,2,2,2,2,2,2,2,2,2,2,2,2,2,2,2,2
0,1,1,1,0,1,1,1,1,1,1,0,0,0,0,0,0,0,0,1,0,0,1,1,0,0,0,0,0,0,1,0,1,1,1,0,0,0,0,0,0,1,1,0,0,1,0,1,0,1,1,1,0,1,0,0,1,1,0,1
3807
236,45,292,359,22,22,22,22,22,22,22,22,22,22,22,22,22,22,313,293,171,317,288,2,2,2,2,2,2,2,2,2,2,2,2,2,2,2,2,2,2,2,2,2,2,2,2,2,2,91
0,0,1,0,1,1,0,1,0,0,0,0,1,1,1,1,0,0,0,1,0,0,1,0,0,0,0,1,0,1,0,0,0,0,0,0,0,0,0,1,1,0,1,1,0,0,0,1,1,0
3808
364,367,365,351,337,329,344,254,281,182,340,22,22,22,22,22,22,22,314,346,294,307,2,2,2,2,2,2,2,2,2,2,2,2,2,2,2,2,2,2,2,2,2,2,2,2,2,2,308
0,0,1,0,0,0,0,0,0,1,0,0,1,0,0,0,1,0,1,1,0,0,1,0,0,0,0,1,1,1,1,0,0,0,1,1,1,0,1,1,0,0,0,0,0,1,0,0,0
3809
299,246,347,236,293,46,292,22,22,22,22,22,22,22,22,22,22,22,22,22,22,22,22,22,22,22,22,22,22,298,282,146,362,315,263,110,335,369,316,327,124,291,171,305,305,2,2,2,2,2,2,2,2,2,2,2,2,2,2,2,2,2,2,2,2,2,2,2,2,2,2,2,2,2,2,2,2,2,2,2,2,2,2,2,2,2,2,2,2,2,2,2,2,2,2,2,2,2,2,2,2,2,2,2,2,2,2,2,2,2,2,2,321
1,1,0,0,0,0,0,1,0,1,0,0,1,1,0,1,1,1,1,1,1,0,0,1,0,0,0,1,1,1,0,0,1,0,0,0,0,1,0,0,0,1,0,0,1,1,1,1,1,0,1,0,0,0,0,0,0,1,0,0,0,0,0,0,1,1,0,1,1,1,1,1,1,0,0,1,1,0,0,1,0,1,1,0,1,1,1,0,0,0,0,0,0,1,0,1,1,0,1,0,0,0,1,1,1,0,0,0,1,1,1,0,0
3810
290,351,347,236,276,302,324,22,22,22,22,22,22,22,22,22,22,22,22,22,322,237,327,319,336,144,111,76,308,305,326,235,344,253,304,284,5,295,91,339,346,341,352,349,199,78,151,354,343,325,110,350,338,328,2,2,2,2,2,2,2,2,2,2,2,2,2,2,2,2,2,2,2,2,2,2,2,2,2,2,2,2,2,2,2,2,2,2,2,2,2,2,2,2,2,2,2,2,2,2,124,345,368
0,0,0,1,1,1,1,1,1,0,1,0,1,0,1,1,1,1,1,1,1,1,1,0,1,1,1,1,1,1,1,0,1,1,0,0,1,1,1,1,1,1,1,1,1,1,1,1,1,1,0,1,1,1,1,0,1,0,0,1,1,1,1,1,1,1,1,1,1,1,1,1,1,1,1,1,1,1,0,1,0,1,0,1,1,1,0,1,1,1,0,1,1,1,1,1,1,1,1,1,1,1,1
3811
290,323,73,73,347,236,287,288,276,367,324,330,22,22,22,22,22,22,22,22,22,22,22,22,22,22,22,22,22,22,22,22,22,22,22,22,22,282,237,146,155,312,177,329,317,175,144,335,174,359,314,294,171,307,305,2,2,2,2,2,2,2,2,2,2,2,2,2,2,2,2,2,2,2,2,2,2,2,2,2,2,2,2,2,2,2,2,2,2,2,2,2,2,2,2,2,2,2,2,2,2,2,2,2,2,2,2,2,2,2,2,2,2,2,2,2,2,2,2,2,2,2,2,2,2,2,2,2,2,2,2,2,2,289,286,344,253,304,252,5,283,45,363,292,91,91,293,55,182,349,343,303,151,354,199,263,350,106,348,27,328,326,124,360,65,279,331,368
0,1,1,0,0,1,1,1,1,0,1,1,1,0,1,0,1,0,1,0,1,1,1,0,0,0,0,1,1,1,1,1,1,0,0,1,1,0,0,0,0,1,1,1,1,0,1,1,1,0,1,0,1,1,1,0,0,1,0,0,1,0,0,1,0,1,1,1,1,1,1,1,1,1,0,1,0,1,0,0,1,0,1,1,1,0,1,1,0,0,0,1,1,0,1,0,0,1,1,1,1,0,1,1,1,1,1,1,1,1,1,1,1,1,1,1,1,0,1,1,1,1,1,1,0,1,1,0,1,1,1,0,1,1,0,1,0,1,1,1,0,1,1,1,1,0,1,1,0,0,0,0,1,1,1,0,0,1,1,1,1,1,1,1,1,1,0,0
3812
323,246,337,236,296,286,324,22,22,22,22,22,22,22,22,22,22,22,22,22,22,22,22,22,22,22,22,22,322,282,155,347,319,280,365,335,144,300,111,353,309,76,314,294,307,2,2,2,2,2,2,2,2,2,2,2,2,2,2,2,2,2,2,2,2,2,2,2,2,2,2,2,2,2,2,2,2,2,2,2,2,2,2,2,2,2,2,2,2,2,2,2,2,2,2,2,2,2,2,2,2,2,2,2,2,2,177,78,247,356,5,5,252,283,358,295,91,346,55,182,48,341,303,151,354,199,333,348,124,360,208,65,334,175
0,1,0,1,0,1,1,1,1,1,1,1,1,0,0,1,0,1,1,1,1,1,1,1,1,1,0,0,1,1,1,1,1,1,1,1,0,0,1,1,1,0,1,0,0,0,1,0,0,1,1,1,0,1,1,1,1,0,1,1,0,0,1,1,0,1,1,0,1,0,1,1,1,0,1,1,0,1,1,0,0,1,1,1,1,1,1,1,0,1,1,1,1,1,1,1,0,0,1,1,1,1,0,1,1,1,1,1,1,0,0,1,1,1,1,1,0,1,1,1,0,1,1,1,1,1,1,1,0,1,0,0,1,1
3813
351,337,319,287,324,324,22,22,22,22,22,22,22,22,22,22,22,22,22,22,22,22,22,22,22,22,22,146,313,312,55,65,364,175,5,300,111,285,353,359,359,309,76,171,45,2,2,2,2,2,2,2,2,2,2,2,2,2,2,2,2,2,2,2,2,2,2,2,2,2,2,2,2,2,2,2,2,2,2,2,2,2,2,2,2,2,2,2,2,2,2,2,2,2,2,2,296,356,344,344,252,284,254,363,293,352,317,349,349,78,151,354,354,325,325,106,348,310,345,48,334,334,288,301
0,0,0,1,1,1,1,1,0,0,1,1,1,1,1,1,1,0,1,1,0,1,0,0,1,1,0,1,0,0,1,0,1,1,0,1,1,0,1,0,0,1,1,0,1,1,0,1,1,0,0,1,0,0,1,0,0,0,1,1,0,1,1,0,0,0,1,0,0,0,1,1,0,0,0,1,1,0,1,0,1,0,1,0,1,0,0,1,1,1,1,1,1,1,0,0,0,0,1,1,0,1,0,1,0,0,1,0,0,1,1,1,1,0,0,1,1,0,0,0,1,1,0,0
3814
22,22,22,22,2,2,2
0,0,0,0,0,0,0
3815
67,2,2,2,2,2,2,2,2,2,2,2
1,1,1,0,1,0,0,1,1,1,0,1
3816
289,78,299,286,106,236,280,301,357,276,73,349,111,22,22,22,22,22,22,22,22,2,2,2,2,2,2,2,2,2,2,2,2,2,2,2,2,2,2,2,2,2,2,2,2,2,2,2,2,2,2,2,2,2,2,2,2,2,2,2,2,2,2,2,2,2,2,2,2,2,2,2,2,2,2,2,2,2,2,2,2,2,2,2,2,2,2,2,2,2,2,2,2,2,2,350,279,288,326
1,0,1,0,1,0,1,0,0,0,0,0,0,0,0,1,1,0,1,0,0,0,0,0,0,0,0,0,0,0,1,0,0,0,0,0,1,1,0,0,1,0,1,0,0,0,1,1,1,0,1,0,1,0,1,0,1,0,0,1,0,1,1,1,0,1,1,1,0,0,0,0,1,1,1,1,1,1,1,0,0,1,0,1,1,1,0,1,1,1,1,0,1,0,1,0,0,1,1
3817
296,236,318,304,358,355,284,283,292,91,339,55,155,308,289,312,336,329,110,5,333,45,306,325,314,291,65,334,252,288,2,2,2,2,2,2,2,2,2,2,2,2,2,2,2,2,2,2,2,2,2,2,2,2,2,2,2,2,2,2,2,2,2,2,2,2,22,22,22,22,22,22,22,22,22,22,22,22,22,22,22,22,22,22
0,1,1,1,0,1,0,1,0,0,1,1,1,1,1,0,0,1,0,1,0,1,1,1,1,0,1,0,1,0,1,0,1,1,1,0,0,0,0,0,1,0,0,0,0,0,1,1,1,1,0,1,1,0,1,0,1,1,0,1,0,0,0,0,0,0,0,0,0,1,0,0,0,1,0,1,0,1,0,0,0,1,0,1
3818
124,354,337,236,360,291,174,252,2,2,2,2,2,2,2,2,2,2,2,2,2,22,22,22,22,22,22
0,0,0,0,0,1,0,1,1,1,0,0,0,0,0,0,0,1,1,1,1,1,0,1,0,1,0
3819
279,5,2,2,2,2,2,2,2,2,2,2,2,2,2,2,2,2,2,2,2,2,2,2,2,2,2,2,2,2,2,2,2,2,2,2,2,2,2,2,2,2,2,2,2,2
0,0,0,1,0,0,1,0,1,1,1,0,1,1,0,0,1,1,0,1,0,0,1,1,1,0,1,1,1,1,1,1,0,1,1,1,1,1,0,1,1,1,1,1,1,0
3820
364,151,2,2
1,0,0,0
3821
276,174,254,363,295,22,22,22,22,22,22,22,22,22,22,22,22,22,22,22,22,22,22,22,22,22,22,22,22,322,352,182,332,303,280,320,329,263,321,300,208,48,279,2,2,2,2,2,2,2,2,2,2,2,2,2,2,2,2,2,2,2,2,2,2,2,2,2,2,2,2,2,2,2,2,2,2,2,2,2,2,2,2,2,2,2,2,2,2,2,2,2,2,368
1,1,0,0,1,0,1,0,1,1,0,1,0,0,1,0,0,0,1,1,1,1,1,1,0,1,1,0,1,1,1,0,0,0,1,0,1,1,1,0,0,1,1,0,1,1,0,0,0,1,1,0,0,0,0,1,1,0,1,0,1,1,1,1,0,1,0,1,1,1,0,0,0,0,0,0,1,1,1,1,0,0,1,1,0,1,1,1,0,0,0,0,0,0
3822
314
1
5290
323,315,56,354,236,279,301,252,316,313,288,22,22,22,22,22,22,22,22,22,22,22,22,22,22,22,22,22,22,22,22,22,345,293,65,171,317,45,2,2,2,2,2,2,2,2,2,2,2,2,2,2,2,2,2,2,2,2,2,2,2,2,2,2,2,2,2,2,2,2,2,2,2
0,0,0,0,1,0,1,0,1,1,0,0,0,0,0,1,1,1,0,1,1,0,1,0,0,1,1,0,1,0,0,0,1,0,0,1,0,1,1,1,0,1,0,0,1,1,1,0,0,1,1,0,1,0,1,1,0,0,1,0,0,0,0,0,1,0,1,0,0,0,1,0,1
3824
111,55,340,22,22,22,22,322,335,360,144,2,2,2,2,2,2,2,2,2,2,2,2,2,2
0,1,0,0,1,1,0,1,1,1,1,1,1,0,1,1,0,1,0,1,0,1,0,0,1
3825
296,235,347,110,304,367,254,22,22,22,22,22,22,22,22,22,22,2,2,2,2,2,2,2,2,2,2,2,2,2,2,2,2,2,332,327,308
0,0,1,0,0,1,0,1,0,1,0,1,1,0,0,0,1,1,1,1,0,1,0,0,1,1,1,1,0,1,1,0,0,1,0,1,1
3826
78,296,177,365,41,332,353,22,22,2,2,2,279,288,301
0,0,1,1,0,1,0,1,0,0,0,1,0,0,0
3827
282,330,22,2,2,2,2
0,0,0,0,0,0,0
3828
362,315,56,337,236,236,46,316,306,324,292,295,22,22,22,22,22,22,22,22,293,291,171,317,305,2,2,2,2,2,2,2,2,2,2,2,2,2,2,2,347
1,0,0,0,0,0,1,0,0,1,1,0,0,1,0,1,0,1,0,1,1,0,1,1,1,0,0,0,0,1,1,1,1,1,0,1,0,0,1,0,0
3829
22,22,22,22,22,22,2,2,2,2,2,2,2,2,2,2,2
0,0,1,1,0,1,0,0,0,1,0,0,0,1,1,0,0
3830
359,22,22,22,22,22,22,304,219,171,369,2,2,2,2,2,2,2,2,2,2,2,2,2,2,2,2
0,1,1,1,0,0,0,0,1,1,1,1,0,0,1,0,1,1,0,0,1,0,0,1,1,0,0
7708
290,323,367,246,351,337,336,287,318,276,22,22,22,22,22,22,22,22,22,22,22,22,22,22,22,22,22,22,22,22,22,22,22,22,22,22,22,22,22,22,22,22,22,22,22,22,22,22,22,22,22,22,22,22,22,22,368,282,332,155,343,177,182,335,300,319,285,359,76,294,308,307,2,2,2,2,2,2,2,2,2,2,2,2,2,2,2,2,2,2,2,2,2,2,2,2,2,2,2,2,2,2,2,2,2,2,2,2,2,2,2,2,2,2,2,2,2,2,2,2,2,2,2,2,2,2,2,2,2,2,2,2,2,2,2,2,2,2,2,2,2,2,2,2,2,2,2,2,2,2,2,2,2,2,2,2,2,2,2,2,2,2,2,2,2,2,2,2,2,2,2,2,2,2,2,2,2,2,2,2,2,2,2,2,2,2,2,296,356,344,253,5,5,355,284,283,358,295,91,339,354,174,317,341,289,171,106,199,86,110,350,348,328,327,124,345,48,334,301,321
0,0,1,1,0,1,1,1,1,1,0,1,1,1,1,0,1,1,1,0,0,0,0,1,0,0,1,1,0,1,1,1,1,1,0,0,1,0,0,1,0,0,1,1,1,0,1,1,0,0,1,0,0,1,1,0,1,1,1,0,0,1,1,0,0,1,0,0,0,0,0,0,1,1,1,1,1,0,1,0,0,0,1,0,1,0,1,1,1,0,0,1,1,0,0,0,0,0,1,1,1,0,0,1,1,1,1,1,1,1,0,1,1,0,1,0,1,1,0,0,1,0,0,1,1,0,1,0,1,1,1,0,0,1,0,0,1,1,1,1,0,1,1,1,1,1,1,0,0,1,1,1,1,1,0,1,1,1,0,1,1,0,1,1,1,1,1,0,0,1,0,0,1,1,1,1,1,1,0,1,1,1,1,1,1,1,0,1,1,1,0,1,0,0,0,1,0,1,1,1,1,0,0,1,1,1,1,1,0,0,0,1,0,1,1,1,0,1,1,1
3832
323,311,246,236,304,297,5,5,355,254,45,363,292,22,22,22,22,22,22,22,22,22,22,22,22,22,22,22,22,22,22,22,22,322,339,151,279,146,349,308,289,73,171,343,91,325,110,335,144,305,306,68,124,291,334,307,288,2,2,2,2,2,2,2,2,2,2,2,2,2,2,2,2,2,2,2,2,2,2,2,2,2,2,2,2,2,2,2,2,2,2,2,2,2,2,2,2,2,2,2,2,2,2,2,2,2,2,2,2,2,2,2,368
0,0,1,1,0,1,0,1,1,1,1,0,1,1,1,1,1,1,0,1,1,1,1,1,0,1,1,0,1,0,0,1,0,1,1,0,1,1,0,1,1,1,1,1,1,0,0,1,1,1,1,1,1,1,1,1,1,0,1,1,1,1,1,1,1,1,1,0,0,1,1,1,0,0,0,0,1,0,0,1,1,0,0,1,1,1,1,0,1,1,1,0,1,1,1,1,1,1,1,1,1,0,0,1,1,1,1,1,1,1,1,1,1
3833
299,296,356,337,236,46,302,324,330,22,22,22,22,22,22,22,22,22,22,22,22,22,22,22,22,336,298,298,282,182,155,78,343,86,325,309,124,366,279,2,2,2,2,2,2,2,2,2,2,2,2,2,2,2,2,2,2,2,2,2,2,2,2,2,2,2,2,2,2,2,2,2,2,2,2,2,2,2,2,2,2,2,2,2,2,2,2,2,2,2,2,2,2,2,2,2,2,2,2,2,2,91
1,1,1,0,1,0,0,0,0,0,0,1,0,0,0,0,1,1,1,1,1,1,0,0,0,0,1,1,1,0,0,0,0,0,0,0,0,1,0,0,1,0,0,0,0,0,0,0,0,1,0,0,0,1,1,0,1,1,1,1,1,0,0,0,1,0,1,0,0,1,0,1,0,0,1,0,1,1,1,1,1,0,0,1,1,0,0,1,0,0,1,1,0,0,1,0,1,0,1,1,1,0
3834
282,301,41,22,2,2,2,2
0,0,0,0,0,0,0,0
3835
2,2
0,0
3836
348,86,55,307,2,2,2,2,2,357
1,0,0,1,0,0,0,0,1,0
3837
359,366,22,22,22,22,22,22,236,293,291,171,317,45,2,2,2,2,2,2,288
0,1,1,0,1,1,0,0,0,0,1,1,0,1,0,0,1,0,0,0,0
3838
78,296,290,236,357,297,332,285,330,22,22,22,22,368,303,279,279,288,2,2,2,2,2,2,2,2,2,2,2,2,2,2,2,2,2,2,2,2,2,2,2,2,2,2,2,2,2,2,2,2,2,2,2,308
1,1,0,1,1,0,0,0,1,1,1,0,1,1,1,0,1,0,1,1,1,0,1,1,1,1,0,1,1,1,0,0,1,0,1,0,1,1,1,1,0,1,1,1,1,1,1,1,1,1,1,1,0,1
3839
78,296,22,22,236,279,288,2,2,2,2,2,2,2,2,2,2,2,2,2,2,2,2,2,2,2,2,2,2,2,2,2,2,2,2,2,2,2,2,2,2,2,2,2,2,2,2,2
1,0,1,0,1,0,0,0,0,1,1,0,1,0,1,0,1,1,1,1,0,0,1,1,1,0,0,0,0,0,0,1,1,1,1,1,0,0,1,0,1,1,1,0,1,0,1,1
3840
2
1
3841
299,246,236,283,45,330,292,22,22,22,22,22,22,22,22,22,22,22,22,22,22,22,22,293,56,146,78,254,315,171,199,324,317,357,2,2,2,2,2,2,2,2,2,2,2,2,2,2,2,2,2,2,2,2,2,2,2,2,2,2,2,2,2,2,2,2,2,2,2,2,2,2,345,291,279,288,327,91
1,0,1,1,1,1,1,0,1,1,1,1,1,1,0,1,0,0,0,0,0,1,0,1,1,0,1,0,1,0,1,1,1,1,0,0,1,0,0,1,1,1,0,1,1,0,1,0,1,0,0,1,0,1,0,0,1,1,1,0,0,0,0,1,1,1,1,0,1,0,1,1,1,1,0,0,1,0
3842
78,296,22,22,22,279,46,2,2
1,0,1,1,0,0,0,0,1
3843
323,247,347,296,287,350,304,174,363,22,22,22,22,22,22,22,22,22,22,22,22,22,22,22,22,22,22,314,237,55,317,349,337,78,280,320,329,110,175,144,332,319,285,353,359,2,2,2,2,2,2,2,2,2,2,2,2,2,2,2,2,2,2,2,2,2,2,2,2,2,2,2,2,2,2,2,2,2,2,2,2,2,2,2,2,2,2,2,360,208,171,288,301,368
0,0,0,1,1,0,1,1,0,1,1,0,0,1,1,0,0,0,0,0,1,1,1,1,0,0,0,1,1,1,0,0,0,1,0,0,1,0,0,0,0,0,0,0,1,1,1,0,0,1,1,0,0,1,0,0,1,1,1,0,1,1,1,0,1,1,1,0,0,0,1,1,0,1,0,0,1,0,0,0,1,1,0,1,0,0,1,0,1,1,1,0,0,0
3844
303,362,73,351,236,344,318,286,41,155,45,328,22,22,22,22,22,22,22,22,22,22,22,22,124,314,293,2,2,2,2,2,2,2,2,2,2,2,2,2,2,2,2,2,2,2,2,2,2,2,2,2,2,2,2,2,2,2,2,2,2,2,313,301
0,1,0,0,0,1,1,0,0,0,1,1,1,1,1,0,0,0,1,0,1,1,1,1,0,0,0,0,0,0,0,0,0,0,1,0,0,0,1,0,0,0,0,0,1,0,0,0,0,0,0,0,0,1,0,0,0,0,0,1,0,1,0,0
3845
306,177,337,309,287,110,175,41,5,283,86,353,328,22,22,22,22,22,22,22,22,22,282,65,182,288,2,2,2,2,2,2,2,2,2,2,2,2,2,2,2,327
0,1,0,1,1,0,1,1,0,0,0,1,0,1,1,1,1,1,0,0,0,1,0,1,0,0,1,0,1,1,1,0,0,0,1,0,0,1,0,0,1,0
3846
330,360,22,22,22,2,2,2,2,2,2,2,2,300
0,0,0,0,0,0,0,0,0,1,1,1,1,0
3847
280,354
0,0
3848
22,301,236,2,2,2,2,2,2,2,45
1,0,1,1,1,0,0,1,0,0,1
3849
2,2,2,2,2,2,2,2,2,2,2,2,2,2,2,2,2,2,2,2,2,315,315,351,236,329,335,348,41,316,316,288,22,22,22,22,22,22,22,22,22,22,22,313,171,171,317,317,45,301
0,0,0,0,0,0,0,0,1,1,0,0,0,0,0,0,0,1,0,1,0,0,1,0,1,0,0,1,0,0,0,0,1,0,0,0,1,0,0,0,1,0,1,0,0,0,0,0,0,0
3850
350,22,2,2,2
1,1,0,0,0
3851
299,73,246,287,253,304,358,355,288,295,22,22,22,22,22,22,22,22,22,22,22,22,22,22,22,22,22,22,22,22,22,22,22,22,22,22,22,22,22,22,237,155,318,343,263,333,357,340,2,2,2,2,2,2,2,2,2,2,2,2,2,2,2,2,2,2,2,2,2,2,2,2,2,2,2,2,2,2,2,2,2,2,2,2,2,2,2,2,2,2,2,2,2,2,2,2,2,2,2,2,2,2,2,2,2,2,2,2,2,2,2,2,2,2,2,2,2,335,326
1,1,1,1,1,1,1,1,0,1,1,1,1,1,0,0,0,1,1,1,1,1,1,1,0,1,1,0,0,1,1,1,1,1,1,0,1,0,0,0,0,1,1,1,1,0,1,0,0,0,0,0,1,0,0,0,1,1,1,1,1,0,0,1,1,1,0,1,0,1,1,1,1,1,0,0,1,0,0,1,1,1,1,1,1,1,0,1,1,1,1,1,1,0,1,1,0,1,1,0,0,1,1,1,1,1,1,1,1,1,0,0,1,1,0,1,0,1,1
3852
312,247,106,337,236,146,353,284,5,302,285,330,22,22,22,22,22,336,345,351,348,182,2,2,2,2,2,2,2,2,2,2,2,2,2,2,2,2,2
0,0,0,0,1,0,0,0,0,0,0,0,0,0,0,1,1,0,0,0,0,1,0,0,0,1,1,1,1,1,1,0,1,1,0,1,0,0,0
3853
331,347,318,286,368,283,292,22,22,22,22,22,22,22,22,22,22,22,22,22,22,22,22,22,22,22,22,22,22,22,22,22,22,22,22,22,22,22,22,22,22,22,22,22,22,339,293,237,56,317,361,106,315,334,354,341,343,86,300,144,316,45,76,291,65,171,288,2,2,2,2,2,2,2,2,2,2,2,2,2,2,2,2,2,2,2,2,2,2,2,2,2,2,2,2,2,2,2,2,2,2,2,2,2,2,2,2,2,2,2,2,2,2,2,2,2,2,2,2,2,2,2,2,2,2,2,2,2,2,2,2,2,2,2,2,91
0,0,1,1,0,0,1,1,0,0,0,1,1,1,1,0,1,1,1,1,1,1,1,1,1,1,1,1,1,1,1,1,0,1,1,1,0,1,1,0,0,1,1,1,1,1,1,0,1,1,1,0,1,1,1,1,0,0,1,1,1,1,1,0,1,1,0,1,0,1,1,0,1,0,0,0,1,1,1,1,1,1,0,1,1,0,0,1,1,1,1,1,0,1,1,0,1,0,1,1,1,0,1,1,0,1,1,1,1,1,1,1,1,1,1,1,1,1,0,1,1,1,0,1,1,0,0,1,1,1,0,1,1,0,0,1
3854
2
0
3855
339,344,65,22,22,22,2,2,2,2,2,2,2
0,1,0,1,0,0,0,1,1,1,0,1,1
3856
367,246,236,41,297,284,302,330,292,22,22,22,22,22,22,22,22,22,22,22,22,293,56,317,349,78,312,171,320,316,45,338,111,291,334,288,288,2,2,2,2,2,2,2,2,2,2,2,2,2,2,2,2,2,2,2,2,2,2,2,2,2,2,2,2,2,2,2,2,2,2,91
1,0,1,0,1,1,1,1,0,0,0,0,0,1,1,1,0,0,1,1,1,1,1,0,0,1,1,1,1,1,1,0,0,1,0,0,0,1,1,0,1,0,1,1,0,0,0,1,0,0,0,1,1,1,1,1,1,1,0,1,0,1,1,1,1,1,0,0,1,1,0,0
3857
45,359,22,22,22,22,236,298,301,171,317,288,288,2,2,2,2,2,2,2,2,2,2,2,2,2,2,2,2,2,2,2,313
0,0,0,0,0,0,1,1,0,0,0,0,0,0,0,0,0,0,0,0,1,0,0,0,1,1,0,1,1,0,1,0,1
3858
326
0
3859
296,325,175,5,348,319,68,174,22,22,22,294,352,2,2,2,2,2,2,2,2,2,2,2,2
1,0,0,0,1,1,1,1,0,0,1,0,1,0,1,0,0,0,0,1,0,0,1,1,0
3860
78,247,246,351,236,296,335,368,302,352,364,91,293,56,317,48,155,289,283,177,55,320,263,86,301,175,316,357,329,309,2,2,2,2,2,2,2,2,2,2,2,2,2,2,2,2,2,2,2,2,2,2,2,2,2,2,2,2,2,2,2,2,2,2,2,2,2,2,2,2,2,2,2,2,2,2,2,2,2,2,124,291,65,171,288,340,22,22,22,22,22,22,22,22,22,22,22,22,22,22,22,22,22,22,22,22,22,22,22,22,22,22,22,22
1,0,1,1,1,1,1,1,1,1,1,1,1,1,0,1,1,1,1,1,1,1,1,0,0,1,1,1,1,1,0,0,0,1,1,1,1,1,1,1,0,0,0,1,1,1,1,0,1,1,1,0,1,0,1,1,1,0,0,0,0,1,1,1,1,1,1,1,1,1,1,1,1,0,0,1,1,0,1,0,0,1,1,1,1,0,0,1,1,1,1,0,1,1,1,1,1,0,1,1,0,1,1,0,1,1,1,1,0,1,1,1,0,0
3861
323,367,246,337,336,336,287,286,297,73,86,302,22,22,22,22,22,22,22,22,22,22,22,22,322,282,146,332,312,280,285,364,175,301,301,111,281,76,294,307,45,326,235,304,305,344,252,360,177,5,91,339,293,352,349,341,289,325,350,333,357,338,68,328,2,2,2,2,2,2,2,2,2,2,2,2,2,2,2,2,2,2,2,2,2,2,2,2,2,2,2,2,2,2,2,2,2,2,2,2,2,2,2,2,2,2,2,2,124,124,345,291,48,48,334,288,288,340
1,1,1,1,0,1,1,1,1,1,0,1,0,1,1,1,0,1,1,0,1,0,0,0,1,0,0,1,1,1,0,1,1,1,1,1,0,0,1,1,1,1,0,0,1,1,1,1,1,1,1,1,1,0,0,1,1,0,1,0,0,0,1,1,0,1,1,1,1,1,1,0,1,0,1,1,1,0,0,0,1,0,1,0,1,1,1,1,1,1,1,1,1,1,0,0,1,1,1,1,1,1,1,1,0,1,0,1,0,0,0,0,0,1,1,1,1,0
3862
318,22,22,22,22,22,22,22,22,22,22,22,22,253,2,2,2,2,2,2,2,2,2,2,2,2,2,2,2,2,2,2,2,2,2,284,340,76
1,1,0,1,1,0,0,1,0,1,1,0,1,0,1,1,1,1,0,0,1,0,0,0,0,1,1,0,0,1,1,0,1,0,1,1,0,0
3863
2,2,2,2,2,2,2,2
1,1,0,0,0,0,0,0
5348
2,2,2,2,2,2,2,2,2,2,2,2,2,2,2,2,171,236,316,45,22,22,22,22,313,293,56,317,288,301
0,0,1,1,0,0,1,1,1,1,1,1,0,1,1,1,1,1,1,1,1,1,1,1,1,1,1,1,0,1
3865
254,76,246,309,22,22,22,356,110,276,2,2,2,2,2,2,2,348
1,1,0,1,0,1,1,1,0,1,1,1,0,0,1,0,0,0
3866
246,67,2
0,1,0
3867
289,356,347,236,27,5,358,284,348,302,285,22,22,22,333,65,357,349,2,2,2,2,2,2,2,2,2,2,2,2,2,2,2
0,1,0,1,0,0,0,0,0,1,1,1,0,1,0,1,0,0,0,1,0,0,1,0,0,1,0,1,0,0,1,0,1
3868
22,22,22,22,22,22,22,22,22,2,2,2,2,2,2,2,2,2,2,2,2,2,2,2,2
0,1,1,0,0,1,1,0,1,1,0,0,0,1,0,0,1,0,0,1,0,1,0,0,0
3869
290,246,344,284,5,5,302,356,295,22,22,22,339,332,289,312,280,199,254,335,144,333,348,345,48,2,2,2,2,2,2,2,2,2,2,2,2,2,2,2,2,2
0,1,1,0,1,1,0,0,0,0,0,0,0,1,1,0,1,0,0,0,0,0,1,0,0,0,0,1,1,1,1,0,1,1,1,0,0,0,0,0,1,0
3870
320,22,22,2,2,2,2,2
0,1,1,0,0,0,0,1
3871
311,352,320,347,287,358,367,5,283,339,330,295,22,22,22,22,22,22,22,22,22,22,22,22,22,363,177,65,55,146,305,2,2,2,2,2,2,2,2,2,2,2,2,2,2,2,2,2,2,2,2,2,2,2,2,2,2,2,2,2,199
1,0,0,0,0,0,1,1,1,1,0,0,0,0,1,0,0,0,0,1,0,0,0,1,0,1,0,1,0,0,0,1,0,1,1,0,0,0,0,0,0,0,0,1,1,0,0,0,0,1,0,0,1,0,0,1,1,1,1,0,1
3872
281,22,22,22,22,2,2,2,2,2
0,1,1,0,0,1,1,1,0,0
3873
296,22,22,22,236,279,288,2,2,2,2,2,2,2,2,2,2,2,2,2,2,2,2,2,2,2,2,2,2,2,2,2,2,2,2,2,2,2,2,2,2,2,2,2,2,2,2
0,0,0,0,1,1,1,0,1,0,1,1,0,1,0,0,0,1,1,0,1,0,1,0,1,0,0,1,1,0,1,0,0,0,1,1,1,1,1,1,0,0,1,1,1,1,0
3874
323,351,236,345,287,318,41,41,324,324,22,22,22,22,22,22,22,22,22,22,22,151,282,348,146,313,155,335,316,285,353,294,171,252,45,2,2,2,2,2,2,2,2,2,2,2,2,2,2,2,2,2,2,2,2,2,2,2,2,2,2,2,2,2,2,2,2,2,2,2,2,2,2,2,2,2,2,2,2,2,2,2,2,2,2,2,2,2,2,2,2,2,2,2,2,2,2,2,2,2,2,2,2,2,2,2,2,296,356,344,344,253,304,5,284,363,295,293,56,317,349,349,341,315,354,354,307,307,106,357,68,360,65,334,288,288,288,301,301
0,0,0,0,0,1,0,1,1,1,1,0,1,1,0,0,0,0,1,1,0,0,1,0,1,1,0,0,1,1,0,1,0,1,1,0,0,0,0,1,0,0,0,0,0,1,0,1,0,1,0,0,0,0,0,0,0,0,0,0,0,0,0,0,0,0,0,0,0,1,1,1,1,0,0,1,0,1,1,0,0,0,1,1,1,0,0,0,0,1,1,1,0,1,0,1,0,1,1,1,1,1,1,1,0,1,0,0,1,1,1,1,0,0,1,0,0,0,0,0,0,1,0,1,0,1,0,0,1,0,0,1,1,0,0,0,1,1,0
3875
290,311,337,236,236,287,318,324,22,22,22,22,22,22,22,22,22,22,22,22,22,22,22,22,322,282,313,343,312,336,68,329,175,144,316,285,171,45,2,2,2,2,2,2,2,2,2,2,2,2,2,2,2,2,2,2,2,2,2,2,2,2,2,2,2,2,2,2,2,2,2,2,2,2,2,2,2,2,2,2,2,2,2,2,2,2,2,2,2,2,2,2,2,296,247,253,304,304,252,358,295,293,56,317,65,341,78,151,334,354,199,110,263,350,357,338,27,328,301,315,279,288,340
0,1,1,1,1,1,1,1,1,1,0,1,1,0,1,1,1,0,1,1,0,0,0,1,1,0,1,0,1,0,1,1,0,1,1,0,1,1,1,1,0,0,1,1,1,1,0,1,0,1,0,1,1,1,0,1,1,0,0,1,1,1,1,0,1,1,1,1,0,1,1,0,1,0,1,0,0,0,0,0,1,1,1,1,0,0,1,1,1,0,1,1,1,1,0,1,0,0,1,1,0,1,1,0,1,1,1,1,0,0,1,1,1,1,1,1,0,1,0,1,1,0,0
3876
296,236,236,318,304,41,292,295,22,22,22,22,22,22,22,22,22,22,22,182,341,171,354,329,317,350,288,359,76,124,360,291,334,45,2,2,2,2,2,2,2,2,2,2,2,2,2,91
1,1,1,1,1,0,0,0,1,1,1,1,1,1,1,1,1,0,1,0,0,1,1,1,1,0,0,0,1,0,1,1,0,1,0,1,0,0,0,1,1,0,0,1,0,1,1,1
3877
323,247,351,236,296,287,276,235,46,284,284,283,292,91,339,293,146,349,361,362,338,285,2,2,2,2,2,2,2,2,2,2,2,2,2,2,2,2,2,2,2,2,2,2,2,2,2,2,2,2,2,2,2,2,2,65,301,22,22,22,22,22,22,22,22,22,22,22,22,22,22,22
0,0,0,1,1,1,1,0,1,0,1,0,1,0,0,1,1,1,1,1,0,1,1,1,1,1,1,1,0,1,1,1,1,1,1,1,0,1,1,1,1,1,1,1,1,1,0,1,1,1,0,0,0,1,1,1,0,1,1,0,0,0,0,1,1,0,0,0,0,1,0,0
3878
290,73,236,41,304,276,284,45,332,22,22,22,22,22,22,22,22,22,293,237,357,317,313,320,336,144,288,359,124,171,305,2,2,2,2,2,2,2,2,2,2,2,2,2,2,2,2,2,2,2,2,2,2,321
0,1,1,0,0,0,1,1,1,1,1,1,0,1,0,1,0,0,1,1,1,0,1,0,0,0,0,0,0,1,1,1,1,0,1,0,1,1,0,1,1,1,0,0,0,1,0,1,0,1,1,1,0,0
3879
22,22,2,2,2,2
0,1,1,0,1,0
3880
351,236,182,175,304,41,331,338,309,22,22,22,22,22,345,208,48,307,263,2,2,2,2,2,2,2,2,2,2
0,1,1,1,1,0,0,1,1,0,1,1,1,1,1,0,1,0,1,1,1,1,0,1,0,0,1,0,1
3881
289,22,2,321
1,0,0,0
3882
247,334,22,22,22,22,22,22,22,22,22,22,22,22,22,22,22,281,304,144,358,2,2,2,2,2,2,2,2,2,2,2,2,2,2,2,2,2,357
0,1,1,0,0,0,0,1,0,1,0,0,0,1,1,1,1,0,1,0,0,1,1,0,0,0,1,1,0,1,1,0,1,0,1,1,0,0,0
3883
351,236,236,287,304,284,288,288,22,22,22,22,22,22,22,22,22,22,22,22,22,22,282,293,56,56,317,313,308,289,315,315,354,336,343,182,369,300,285,2,2,2,2,2,2,2,2,2,2,2,2,2,2,2,2,2,2,2,2,2,2,2,2,2,2,2,2,2,2,2,2,2,2,2,2,2,2,2,2,2,2,2,2,2,2,171,171,307,45,301,177
1,0,1,0,0,0,0,1,0,1,0,1,1,0,1,0,0,1,0,1,0,0,0,1,0,1,0,1,1,1,0,0,1,1,1,0,1,1,0,0,1,0,0,0,1,0,0,1,1,1,1,0,1,0,0,0,1,0,1,0,0,0,1,1,1,0,0,1,1,0,0,0,0,0,0,1,0,0,1,1,0,0,1,1,0,1,1,1,1,0,1
3884
235,347,22,22,22,22,22,22,22,22,22,22,22,236,45,45,2,2,2,2,2,2,2,2,2,2,2,2,2,2,2,2,2,2,2,2,2,2,2,2,2,2,2,2,2,2,2,2,2,2,2,2,2,2,2,2,2,2,2,2,2,2,2,2,2,313
0,0,1,1,1,1,0,1,0,0,0,1,0,0,0,0,0,1,0,1,1,0,1,1,0,0,0,1,1,1,1,0,1,0,1,1,0,0,1,1,0,0,0,0,0,1,0,0,0,0,1,0,0,0,1,0,0,0,0,0,1,0,0,1,1,0
3885
283,73,22,22,22,22,329,5,2,2,2,2,2,2,2,2,2,2
0,0,1,1,1,0,0,0,1,1,0,0,0,0,0,0,0,0
8302
246,236,328,318,333,305,254,45,310,22,22,346,339,291,352,307,288,2,2,2,2,2,2,2,2,2,2,2,2,2,2,2,2,91
1,0,0,1,0,1,0,1,1,1,1,1,0,1,1,1,0,0,0,1,1,0,0,1,1,1,0,0,1,0,0,1,0,0
3887
247,351,336,253,286,276,5,5,284,283,295,22,22,22,22,22,22,22,22,22,22,55,146,332,289,254,151,320,364,328,335,357,350,348,319,68,326,2,2,2,2,2,2,2,2,2,2,2,2,2,2,2,2,2,2,2,2,2,2,2,2,2,2,2,2,2,2,2,2,2,2,2,2,2,2,2,325,177,279,318,340,321
0,0,1,0,1,1,0,1,0,1,1,1,1,1,0,1,0,0,1,0,0,0,1,0,1,1,1,0,0,0,1,1,0,0,1,0,0,0,1,0,0,1,0,0,1,0,0,1,1,1,1,0,1,1,0,0,0,0,0,1,1,1,0,1,0,1,0,0,1,1,0,1,1,1,1,1,1,1,1,1,0,1
3888
2,2
1,1
3889
310,22,22,236,291,45,2,2,2,337
1,0,1,1,0,1,1,0,0,0
3890
2
0
3891
65
0
3892
22,22,22,22,22,22,22,22,22,22,22,22,22,22,22,22,22,2,2,2,2,2,2,2,2,2,2,2,2,2,2,2,2,2,2,2,2,2,2,2,2,2,2,2,2,2,2,2,2,2,2,2,2,2,2,2,2,2,2,2
0,1,1,1,0,1,1,0,1,1,0,0,1,0,0,1,1,0,0,0,0,0,0,0,0,0,1,1,0,0,1,1,0,1,0,0,0,0,0,0,0,1,0,1,0,0,1,0,0,0,0,0,0,0,1,1,0,1,0,1
3893
2,2
1,0
3894
2
0
3895
151,309,67,2,2,2,2,2,22,22,22
1,1,1,0,0,1,1,0,0,1,1
3896
254,22,22,364,55,5,2,2,2,2
0,0,0,0,0,1,0,0,1,1
3897
22,2,2,2,5
1,0,0,1,0
6849
289,235,246,199,236,364,41,253,304,144,177,367,348,356,22,22,22,22,22,297,308,2,2,2,2,2,2,2,2,2,2,2,2,2,2,2,2,2,2,2,2,2,2,2,2,2,368
1,1,1,1,1,0,0,1,0,1,1,1,1,1,1,1,0,0,0,0,0,1,1,0,0,0,0,1,0,0,0,0,0,0,1,1,0,1,0,1,1,1,0,0,1,0,1
3899
199,2,2
1,0,1
3900
299,324,73,73,22,22,298,305,2,2,2,2,2,2,2,2,2,2
1,0,1,1,1,1,1,0,0,0,0,1,1,1,0,1,0,1
3901
68,144,2,2,2,2,2,2,360
1,0,1,1,1,0,0,0,1
3902
22,2,2,2,2
0,0,0,0,0
5864
367,367,236,276,235,360,41,5,284,252,254,22,22,22,22,22,22,22,22,22,22,22,22,22,22,22,322,339,106,357,182,349,341,283,151,354,336,86,301,335,300,333,348,306,353,309,302,345,208,334,307,305,2,2,2,2,2,2,2,2,2,2,2,2,2,2,2,2,2,2,2,2,2,2,2,2,2,2,2,2,2,2,2,2,2,2,2,2,2,2,2,2,2,2
1,1,1,0,0,1,0,1,1,1,0,0,1,1,1,0,1,0,1,0,1,1,1,1,1,1,1,1,1,1,1,1,1,1,0,1,1,0,1,0,0,1,1,1,1,1,1,1,1,1,0,1,1,1,0,0,0,0,1,1,0,1,1,1,1,0,0,1,1,1,1,1,1,1,1,1,1,1,1,0,1,1,1,0,1,1,1,0,1,0,1,0,1,1
3904
282,22,22,22,2,2,2
0,0,1,0,0,0,1
3905
337,2
0,0
3906
330,276,305,2,22
0,1,0,0,0
3907
323,367,337,345,344,311,304,235,5,302,288,22,22,22,22,22,22,22,22,22,22,22,22,22,22,22,22,22,22,357,289,319,318,365,320,296,350,353,300,111,285,174,328,327,124,360,309,294,334,307,331,2,2,2,2,2,2,2,2,2,2,2,2,2,2,2,2,2,2,2,2,2,2,2,2,2,2,2,2,2,2,2,2,2,2,2,2,2,2,2,2,2,2,2,2,2,2,2,2,2,2,2,91
0,0,1,1,1,0,0,0,1,0,0,0,1,0,0,1,0,0,0,1,0,1,0,0,1,1,0,0,1,0,0,0,1,1,0,1,0,1,1,0,0,1,1,0,0,1,0,1,1,0,0,1,1,0,0,0,0,1,0,1,1,0,1,0,0,1,0,0,0,0,1,0,1,0,1,1,0,0,1,0,0,1,1,0,0,1,1,1,1,1,1,0,0,0,0,0,0,1,1,0,0,1,1
3908
2,2,2,2,2,2,2,315,171,253,301,45,324,353,22,22,22,22,22,305,313,293,56,317,288,361
0,1,0,0,0,0,0,1,1,0,0,0,1,0,1,0,1,0,0,0,0,0,0,0,1,1
3909
315,315,56,354,236,301,301,367,316,316,339,288,288,22,22,22,22,22,22,22,22,22,22,313,171,171,317,317,45,45,2,2,2,2,2,2,2,2,2,2,2,2,2,2,2,2,2,2,2,2
1,0,0,0,1,0,0,0,1,0,0,0,0,0,1,0,1,1,0,1,0,1,1,0,1,1,0,0,0,0,0,0,1,1,0,0,0,0,0,0,1,0,0,1,0,0,1,0,1,0
3910
299,73,347,287,314,235,327,111,283,363,22,22,22,22,22,22,22,22,22,22,22,22,22,22,22,22,22,22,22,22,22,22,22,22,22,22,22,22,22,22,22,22,322,339,282,282,56,182,332,337,78,312,315,171,343,330,280,325,146,321,350,316,367,348,338,285,174,301,345,208,334,2,2,2,2,2,2,2,2,2,2,2,2,2,2,2,2,2,2,2,2,2,2,2,2,2,2,2,2,2,2,2,2,2,2,2,2,2,2,2,2,2,2,2,2,2,2,2,2,2,2,2,2,2,2,2,2,2,2,2,2,2,2,2,2,2,2,2,2,2,2,2,2,2,2,2,2,2,2,2,2,2,2,2,2,2,2,2,2,2,2,2,2,2,2,2,2,2,2,368
1,1,1,1,1,0,1,0,0,0,0,0,1,1,1,1,1,1,0,1,0,0,1,0,1,1,0,0,1,1,1,1,1,0,1,0,0,1,0,1,0,0,0,1,0,0,1,0,0,0,0,1,1,1,0,0,1,0,0,1,0,1,1,1,0,0,1,0,0,0,1,0,1,1,1,0,0,1,0,0,0,0,0,0,1,0,1,1,0,1,1,0,0,0,0,1,0,0,1,0,0,0,1,1,0,1,1,1,0,1,1,1,0,0,0,0,1,0,1,1,0,0,0,1,1,0,0,1,1,0,0,1,1,0,1,0,0,1,0,0,1,1,0,0,1,1,1,0,1,0,1,0,1,1,0,0,0,1,0,0,0,0,1,1,1,0,1,1,0,1
3911
312,367,365,329,304,355,174,319,324,328,22,22,22,22,22,22,322,146,2,2,2,2,2,2,2,2,2,2,2,2,2,2,2,2
1,1,1,0,0,1,1,1,1,1,1,0,0,1,0,1,1,1,1,0,0,0,0,0,1,1,0,0,0,1,0,0,1,1
3912
290,367,236,236,281,318,286,276,73,302,22,22,22,22,22,22,22,22,22,22,22,22,22,22,22,237,332,312,280,335,144,316,5,353,344,171,45,2,2,2,2,2,2,2,2,2,2,2,2,2,2,2,2,2,2,2,2,2,2,2,2,2,2,2,2,2,2,2,2,2,2,2,2,2,2,2,2,2,2,2,2,177,296,235,175,252,304,315,355,174,363,292,295,91,91,293,56,317,341,151,279,343,350,333,288,288,338,345,208,291,48,334,331,321
1,0,1,1,0,1,1,1,1,1,1,1,1,1,1,1,0,1,1,1,0,0,0,0,1,0,1,0,1,1,1,1,0,1,1,1,0,1,1,1,0,1,0,0,1,0,1,1,0,1,1,1,0,0,1,1,1,1,1,0,1,1,0,1,1,0,1,1,1,1,1,1,1,1,0,0,0,1,0,1,1,1,1,0,1,1,0,1,1,1,0,0,1,1,0,0,1,1,0,1,0,0,1,0,1,1,0,1,0,0,0,1,1,1
3913
22,2,2
0,0,0
3914
290,323,73,246,351,347,287,286,41,367,324,22,22,22,22,22,22,22,22,22,22,22,22,22,322,68,364,276,319,353,294,308,2,2,2,2,2,2,2,2,2,2,2,2,2,2,2,2,2,2,2,2,2,2,2,2,2,2,2,2,2,2,2,2,2,2,2,2,2,2,2,2,2,2,2,2,2,2,2,2,2,2,2,2,2,2,2,2,2,2,2,2,2,2,2,344,304,5,5,174,283,320,182,349,341,78,334,354,343,325,263,348,338,329,301,124,65,279,331,340
0,0,0,1,1,0,1,1,0,0,1,0,0,1,1,0,1,1,0,1,1,0,0,0,1,1,0,0,0,1,1,0,1,1,0,1,0,0,1,0,1,1,0,0,1,0,1,1,0,1,1,1,1,0,1,0,0,1,0,1,0,1,1,0,1,1,0,0,0,0,1,1,1,1,0,1,1,1,1,0,1,0,1,0,1,1,1,0,0,0,0,0,0,0,0,1,1,1,0,1,1,1,0,0,1,0,1,1,1,1,0,1,0,1,0,0,1,1,0,0
3915
263,2,2
0,0,0
3916
22,22,22,22,22,22,124,237,55,263,2,2,2,2,2,2,2,2,2,2,2,2,2,2,2,2,2,2,2,2
1,1,0,0,0,1,0,1,1,1,1,1,0,1,0,0,1,1,0,0,1,0,0,0,0,0,1,1,0,0
3917
325,283,22,2,2,2,2,2,2
0,1,1,0,1,1,1,0,0
3918
2,2,2,2,2,2,2,2,2,2,2,2,2,2,2,2,2,2,2,2,2,2,2,2,2,2,2,2,2,2,2,2,2,2,362,73,354,236,370,276,46,46,338,359,310,22,22,22,22,22,22,22,22,22,22,22,22,22,171,317,361,361,343
0,0,1,0,0,1,1,0,0,0,0,0,1,1,1,1,1,1,0,0,1,1,1,1,1,1,1,1,1,1,1,1,1,0,1,1,0,0,1,1,1,1,0,1,1,0,0,1,0,1,1,1,1,1,0,0,1,1,1,0,1,1,0
3919
283,22,22,22,22,237,182,2,2,2,2,2,2,2,2,2,337
0,0,0,0,0,0,0,0,0,0,0,0,0,1,1,0,1
3920
321,2,2,348
0,0,0,0
3921
367,236,287,318,286,235,284,174,254,292,91,298,346,55,317,332,332,308,308,78,312,293,365,320,325,175,5,333,45,353,359,309,301,208,291,65,171,288,288,288,2,2,2,2,2,2,2,2,2,2,2,2,2,2,2,2,2,2,2,2,2,2,2,2,2,2,2,2,2,2,2,2,2,2,2,2,2,2,2,2,2,2,2,2,2,2,2,2,2,2,2,2,2,2,2,2,2,2,2,2,2,22,22,22,22,22,22,22,22,22,22,22,22,22,22,22,22,22,22,22
0,0,1,1,0,0,1,0,0,0,0,1,1,1,0,0,1,0,0,0,0,0,1,0,0,0,0,1,1,0,0,0,0,0,1,1,0,0,0,0,1,0,1,0,1,0,0,1,1,0,0,0,0,0,0,0,0,0,0,0,0,0,0,0,0,0,0,0,1,1,1,1,0,0,0,1,0,1,0,0,0,0,1,0,1,1,0,0,1,0,0,0,1,1,1,0,0,1,0,0,1,1,0,0,0,0,1,1,1,0,0,0,1,1,0,1,0,1,0,1
3922
289,236,358,174,302,45,363,182,22,22,22,22,22,22,22,22,22,22,22,22,22,22,22,282,293,348,317,317,313,78,254,171,171,110,5,305,27,359,359,301,365,334,288,288,2,2,2,2,2,2,2,2,2,2,2,2,2,2,2,2,2,2,2,2,2,2,2,2,2,2,2,2,2,368
0,0,0,1,0,0,0,1,1,1,0,0,0,1,1,1,1,1,1,0,1,1,1,1,0,1,0,1,0,1,0,1,1,0,0,0,1,0,1,0,0,1,0,0,0,1,0,0,0,0,1,1,1,0,0,0,1,1,0,0,1,1,0,1,0,1,0,1,0,1,0,0,0,1
3923
323,247,351,336,281,318,276,5,5,355,288,295,22,22,22,22,22,22,22,22,22,22,22,22,22,22,22,22,346,282,237,182,349,78,151,364,146,335,144,333,348,353,326,360,208,65,334,307,331,2,2,2,2,2,2,2,2,2,2,2,2,2,2,2,2,2,2,2,2,2,2,2,2,2,2,2,2,2,2,2,2,2,2,177
1,1,1,1,0,1,0,1,1,1,0,0,0,1,1,0,1,1,1,1,1,1,1,0,1,0,1,0,1,1,1,0,0,1,1,0,1,0,1,0,1,1,0,1,1,0,1,0,0,1,1,0,1,1,0,0,0,1,1,0,1,0,1,1,0,1,0,1,1,0,1,1,0,0,1,1,1,1,1,1,1,1,1,1
3924
289,235,359,287,318,46,301,45,324,288,22,22,22,22,22,22,22,22,22,22,22,2,2,2,2,2,2,2,2,2,2,2,2,2,2,2,2,313,361
0,1,1,0,1,1,0,1,1,1,0,1,1,1,0,0,1,1,0,0,0,0,0,0,1,1,0,0,0,1,0,0,0,1,0,1,1,1,1
3925
78,296,299,246,236,236,46,73,357,292,22,22,22,22,22,22,22,22,22,22,22,22,22,291,279,45,2,2,2,2,2,2,2,2,2,2,2,2,2,2,2,2,2,2,2,2,2,2,2,2,2,2,2,2,2,2,2,2,2,2,2,2,2,2,2,2,2,2,2,2,2,2,2,2,2,2,2,2,2,2,91
1,0,1,1,1,1,0,0,0,1,0,1,1,1,0,0,1,0,1,1,1,0,0,1,1,0,0,0,1,1,1,0,0,0,0,1,0,0,0,0,0,1,0,0,0,1,0,0,0,0,0,0,1,0,1,1,1,0,1,1,1,1,1,1,1,1,1,1,1,1,1,1,1,1,1,0,0,0,0,0,1
3926
111,333,2,2,2,2,2,345
0,1,0,0,1,0,0,1
3927
22,2,2,2,313
0,0,0,0,0
5428
351,236,253,315,5,295,22,22,22,22,22,22,22,22,22,22,22,317,293,300,182,313,151,106,110,316,45,332,2,2,2,2,2,2,2,2,2,2,2,2,2,2,2,2,2,2,2,2,2,2,2,2,2,2,2,2,2,2,2,2,2,2,2,171,307,288,301
0,1,1,1,1,1,1,1,1,0,0,0,0,1,0,0,0,0,0,0,0,1,1,0,0,1,1,0,1,1,1,0,1,0,0,0,1,1,1,1,1,1,0,0,0,0,0,0,1,1,0,0,1,0,0,0,0,0,0,0,1,1,1,1,0,0,1
3929
246,22,2,2,2
1,0,1,0,1
3930
171,359,317,22,22,22,22,22,22,22,22,22,22,2,2,2,2,2,2,2,2,2,2,2,2
1,0,1,0,0,0,1,1,1,1,0,0,1,1,1,1,1,0,1,1,1,1,0,0,1
3931
367,356,347,336,344,322,252,5,246,22,22,22,22,22,22,22,22,22,22,22,22,22,22,22,22,298,352,332,78,177,342,354,350,67,348,111,326,2,2,2,2,2,2,2,2,2,2,2,2,2,2,2,2,2,2,2,2,2,2,2,2,2,2,2,2,2,2,2,2,2,2,2,2,2,2,2,2,2,2,2,2,2,2,2,2,2,2,2,2,2,2,2,2,2,2,2,2,2,2,2,2,2,2,2,2,2,2,2,2,2,2,2,2,2,2,2,2,2,2,2,2,2,294,340
0,1,0,0,0,0,1,0,0,1,1,1,1,1,1,1,0,1,0,0,0,0,1,0,1,1,0,0,1,1,1,0,0,1,0,0,0,1,1,0,1,0,0,1,0,0,0,1,0,0,1,0,1,1,1,1,0,0,0,1,1,0,0,1,0,1,1,1,0,1,0,0,0,1,0,0,1,0,1,0,1,0,0,0,0,0,1,1,1,1,0,0,1,0,0,1,1,0,0,1,0,0,1,0,0,1,1,1,1,1,1,1,1,0,1,0,0,1,0,0,0,0,0,0
3932
290,323,246,351,347,236,287,276,302,22,22,22,22,22,22,22,22,22,22,22,22,22,22,22,22,22,22,22,22,22,22,22,22,22,22,293,282,237,252,146,155,337,280,365,336,182,175,316,111,174,309,314,171,307,45,2,2,2,2,2,2,2,2,2,2,2,2,2,2,2,2,2,2,2,2,2,2,2,2,2,2,2,2,2,2,2,2,2,2,2,2,2,2,2,2,2,2,2,2,2,2,2,2,2,2,2,2,2,2,2,2,2,2,2,2,2,2,303,356,253,304,284,355,5,5,363,292,91,91,346,56,317,341,289,315,106,199,86,110,263,331,68,345,291,48,288
0,0,1,1,1,1,1,1,0,1,1,1,0,1,0,1,1,1,1,1,0,1,0,1,1,1,1,1,1,1,0,1,1,0,1,0,0,0,1,1,1,1,1,1,1,1,1,1,0,1,1,1,1,0,1,1,1,1,1,0,1,0,0,1,1,1,1,1,1,1,1,0,1,1,0,0,0,1,0,0,0,0,0,0,0,0,1,1,1,0,1,1,1,1,0,1,0,1,0,0,0,1,1,1,1,1,0,0,1,0,1,1,1,0,1,1,1,0,0,1,0,1,0,1,0,1,0,0,1,0,1,1,1,1,1,1,1,0,0,1,0,1,0,0,1,1
3933
290,22,22,22,22,22,22,22,22,22,337,2,2,2,2,2,2,2,2,2,2,2,2,2,2,2,2,2,276,357,355,321
0,1,0,1,0,0,1,0,0,1,0,0,0,0,0,1,0,0,1,0,1,0,1,1,0,0,0,0,1,0,0,0
3934
236
1
3935
236,2,2,2,313
0,0,0,0,1
3936
2,2,2
0,0,0
3937
315,279,318,288,297,316,5,5,292,22,22,22,22,22,22,22,22,22,293,171,317,45,2,2,2,2,2,2,2,2,2,2,2,2,2,2,2,2,2,2,2,2,2,91
1,0,0,0,0,0,0,0,0,0,1,1,1,0,0,1,1,1,1,0,0,0,0,1,0,1,0,0,0,0,0,1,1,1,1,1,0,0,1,1,1,1,1,1
3938
292,359,22,22,22,22,22,22,236,293,291,171,317,45,2,2,2,2,2,2,2,2,2,2,305
0,0,0,0,1,0,0,1,0,0,0,0,0,0,0,0,0,0,0,1,0,0,0,1,0
3939
22,22,22,22,22,22,22,22,22,22,2,2,2,2,2,2,2,2,2,2,2,2,2,2,2,2,2
1,1,1,0,1,0,0,1,1,1,1,0,0,0,0,0,1,1,0,0,1,1,1,0,0,1,0
3940
315,171,22,22,56,317,316,2,2,2,2,308
1,0,1,0,0,0,1,0,0,0,0,1
3941
2,2,2,2,2,2,2,2,2,2,2,2,2,2,151,315,56,106,236,307,316,355,313,288,22,22,22,22,22,22,282,293,171,317,45,301
0,1,0,1,1,1,0,0,1,0,0,0,0,0,0,1,1,0,1,0,1,1,1,1,0,1,0,1,0,1,0,1,1,1,0,1
3942
299,177,286,345,298,67,5,332,283,358,328,22,22,22,22,22,22,22,22,322,208,305,2,2,2,2,2,2,2,2,2,2,2,2,2,2,2,2,2,2,2,2,2,2,2,2,2,2,2,2,2,2,2,2,2,2,2,2,2,2,2,2,2,2,2,2,2,2,2,2,2,2,2,2,2,2,2,2,2,2,2,2,2,2,2,2,2,2,2,2,2,2,2,2,341
1,0,0,1,1,1,0,0,0,1,0,1,1,1,1,0,1,1,1,0,0,0,1,1,1,0,1,1,1,1,1,0,0,0,1,0,0,1,1,1,1,1,1,0,0,0,1,1,1,1,0,1,1,1,1,1,1,0,1,0,0,1,1,0,1,1,1,1,1,0,0,0,0,0,1,0,1,0,0,1,0,1,1,1,1,1,1,1,0,1,1,0,1,1,0
3943
22,2,2
0,1,1
3944
309,2,2,2,2
1,1,1,1,0
3945
22,22,22,2,2
0,0,1,1,1
3946
299,296,151,279,236,301,252,78,300,306,330,288,22,22,22,22,22,22,22,22,22,22,22,298,313,346,348,146,332,2,2,2,2,2,2,2,2,2,2,2,2,2,2,2,2,2,2,2,2,2,2,2,2,2,2,2,2,2,2,2,2,2,2,2,2,2,2,2,2,2,2,2,2,2,2,2,2,2,2,2,2,2,2,2,2,2,2,2,2,2,2,2,2,2,2,2,2,2,2,2,2,2,2,2,2,2,2,2,2,2,2,2,2,2,2,2,2,2,2,2,2,2,2,2,2,2,2,2,2,2,2,2,2,2,2,2
1,0,0,1,1,0,1,1,0,1,0,0,1,1,1,1,1,1,1,0,1,0,0,1,0,1,0,0,0,1,1,0,1,0,1,0,1,1,1,0,1,1,1,0,1,1,1,1,1,0,0,0,1,0,1,1,1,1,1,1,1,1,1,0,1,1,1,0,1,1,1,1,1,1,1,1,1,1,0,1,0,1,1,0,1,0,1,1,0,0,1,0,1,0,1,0,1,1,1,0,0,1,1,0,1,1,1,1,0,1,0,1,0,0,1,1,0,0,1,1,1,1,0,1,1,1,1,0,0,1,0,0,1,0,0,1
3947
2,2,2,2,2,2,2,2,2,2,2,2,2,2,2,2,2,2,2,2,2,2,2,2,2,2,2,2,2,2,2,2,2,2,2,2,2,2,2,2,2,2,2,2,2
0,1,1,0,0,0,1,1,0,0,0,1,1,1,1,1,0,1,1,1,0,1,0,0,0,1,1,1,1,0,1,1,0,1,1,0,1,1,0,1,1,1,0,1,0
3948
290,367,281,344,276,174,22,22,22,22,22,322,339,237,146,332,308,321,300,353,328,124,345,208,279,2,2,2,2,2,2,2,2,2,2,2,2,2,2,2,2,2,2,2,2,2,2,2,2,2,2,2,2,368
0,0,0,1,1,0,0,1,0,1,0,1,0,0,0,1,1,1,1,1,0,1,0,0,0,1,1,0,1,1,0,0,0,1,1,1,0,1,1,1,1,1,0,0,0,0,1,1,1,1,1,1,0,0
3949
290,296,235,347,323,281,281,286,252,252,5,5,283,283,283,324,199,295,22,22,22,22,22,22,22,22,22,22,22,22,22,22,22,22,22,22,22,22,22,322,348,65,155,341,254,280,343,86,175,357,319,319,309,345,294,279,305,2,2,2,2,2,2,2,2,2,2,2,2,2,2,2,2,2,2,2,2,2,2,2,2,2,2,2,2,2,2,2,2,2,2,2,2,2,2,2,2,2,2,2,2,2,2,2,2,2,2,2,2,2,2,2,2,2,2,2,2,2,2,2,2,2,2,2,2,2,2,2,2,2,2,2,2,2,2,2,2,2,2,2,2,2,2,2,2,2,2,2,2,2,2,2,2,2,2,2,2,321
0,0,0,0,0,0,1,0,1,1,1,0,1,0,1,1,1,0,1,1,0,0,0,1,1,1,0,1,1,0,0,1,1,1,1,0,0,0,1,1,0,0,1,1,1,1,1,0,1,1,1,1,1,0,0,1,1,0,0,0,1,1,0,0,0,1,0,1,1,0,0,1,0,0,1,0,0,1,1,1,0,1,1,1,1,1,0,1,1,1,1,1,1,1,1,1,1,0,1,0,1,1,1,1,1,1,0,0,1,0,1,1,1,1,1,0,1,0,1,1,1,1,1,1,1,1,0,0,1,1,1,1,0,1,0,1,1,1,1,1,1,0,0,0,0,1,1,1,1,1,1,1,1,1,0,1,0,1
3950
312,5,288,2,2,22
0,0,0,0,0,0
3951
22
1
3952
2
0
3953
312,155,22,22,2,2,2,2
0,1,1,1,0,0,1,0
3954
299,323,285,320,320,22,22,298,328,322,5,5,2,2,2,2,2,2,2,2,280
1,0,1,0,0,1,0,1,0,1,0,1,1,0,0,0,1,0,0,1,0
3955
2,2,2,2,2,2,2,2,2,2,2,2,236
0,0,1,1,1,1,1,0,1,0,1,0,0
3956
296,356,351,337,236,287,344,252,5,48,91,346,293,300,300,146,313,347,151,334,354,317,333,45,338,338,285,353,349,309,2,2,2,2,2,2,2,2,2,2,2,2,2,2,2,2,2,2,2,2,2,2,2,2,2,2,2,2,2,2,2,2,2,2,2,2,2,65,171,288,288,301,301,22,22,22,22,22,22,22,22,22,22,22,22,22,22,22,22,22
0,1,0,1,1,1,1,0,0,1,0,1,1,1,0,0,1,0,1,1,0,0,0,1,0,0,0,0,1,0,0,0,1,0,0,0,1,0,0,0,0,1,0,0,0,1,0,0,0,0,1,1,1,0,1,1,1,1,1,0,1,0,0,0,0,0,0,1,1,0,0,0,0,0,0,0,1,0,1,0,1,0,0,0,0,0,0,0,1,0
3957
22
0
3958
106,22,2,2
1,0,0,0
3959
318,67,2,2,2,2,2,2,2,22,22,22
1,1,0,0,1,0,1,1,0,0,0,0
3960
41,2
0,0
3961
299,289,151,356,336,364,144,311,350,235,357,324,309,22,22,22,22,22,346,174,331,2,2,2,2,2,2,2,2,2,2,2,2,2,2,2,2,2,2,2,2,2,321
1,1,1,1,1,1,0,1,1,0,1,1,0,1,1,1,1,1,1,1,0,1,1,1,1,1,0,0,0,1,0,0,1,1,1,1,1,1,1,1,1,0,1
3962
299,311,356,344,318,304,276,5,5,5,5,174,302,330,22,22,22,22,22,22,22,22,22,22,22,22,22,22,22,368,298,317,349,78,177,365,354,301,335,363,333,357,353,359,328,76,124,360,171,307,331,2,2,2,2,2,2,2,2,2,2,2,2,2,2,2,2,2,2,2,2,2,2,2,2,2,2,2,2,2,2,2,2,2,2,2,2,2,2,2,321
1,1,0,1,1,0,1,0,0,0,0,0,1,0,1,0,1,1,0,0,0,0,1,1,1,1,0,0,1,1,1,1,1,0,0,1,0,0,0,0,0,0,0,0,0,0,0,1,0,0,0,1,1,0,0,0,1,0,1,0,0,1,0,0,1,1,0,1,0,1,0,1,1,0,0,0,0,0,1,0,0,1,0,1,1,1,1,1,0,1,1
3963
363,22,331,177,335,5,2,2,2,2,2,2,2,2,2,2,300
0,0,0,0,0,1,0,1,0,1,0,1,1,0,1,1,0
3964
290,296,235,304,236,287,288,276,151,5,292,22,22,22,22,22,22,22,22,22,22,22,22,22,22,22,22,368,339,293,56,317,308,315,91,329,329,263,175,338,309,76,124,328,294,171,45,2,2,2,2,2,2,2,2,2,2,2,2,2,2,2,2,2,2,2,2,2,2,2,2,2,2,2,2,2,2,2,2,2,2,2,2,2,2,2,2,2,2,2,2,2,2,2,2,2,2,2,2,2,321
0,0,0,0,1,0,0,1,1,1,0,1,0,0,1,0,0,0,1,0,0,0,1,0,1,1,0,1,0,0,0,1,0,0,0,0,1,0,0,0,0,1,0,0,0,1,1,0,1,0,0,0,0,0,0,0,1,0,0,0,0,0,0,0,0,1,0,0,0,0,0,0,0,0,1,0,0,1,1,1,1,0,0,0,0,0,0,0,0,0,0,0,1,0,1,0,0,0,1,0,0
3965
299,323,367,329,110,73,331,331,290,22,22,22,22,22,22,344,151,55,146,332,2,2,2,2,2,2,2,2,2,2,2,2,2,2,2,2,2,368
1,1,0,1,1,1,0,1,0,1,0,1,1,0,0,1,1,1,0,1,1,0,1,0,1,1,1,1,1,1,0,1,0,0,1,1,0,0
3966
354,2,2
0,1,0
3967
22,2,2,2,2,2,2,2,2,2,2,2,2,2,2,2,2,2,2,2,2,2,2,2,2
1,1,1,1,1,1,1,1,0,1,1,1,1,1,1,0,1,1,0,1,1,1,1,1,1
3968
323,367,367,304,347,236,236,344,286,46,46,73,177,67,302,330,292,91,298,339,320,56,317,332,332,289,319,315,171,106,175,321,5,316,333,357,306,349,2,2,2,2,2,2,2,2,2,2,2,2,2,2,2,2,2,2,2,2,2,2,2,2,2,2,2,2,2,2,2,2,2,2,2,2,2,2,2,2,2,2,2,2,2,2,2,2,2,2,2,2,2,2,2,2,2,2,2,2,2,2,2,2,2,2,2,2,2,2,2,2,2,2,2,2,2,2,2,2,2,2,2,2,2,2,2,2,2,2,2,2,2,2,2,2,2,2,2,2,2,2,2,2,2,2,2,2,2,2,2,2,2,2,2,2,2,2,2,2,2,2,2,2,2,2,2,2,2,2,2,2,291,276,279,45,340,22,22,22,22,22,22,22,22,22,22,22,22,22,22,22,22,22,22,22,22,22,22,22,22,22,22,22,22,22,22
0,1,1,0,1,0,0,1,0,1,1,0,0,1,0,0,0,0,1,0,1,0,0,0,0,1,0,0,0,0,1,0,0,0,0,1,1,0,0,0,0,1,1,1,0,0,1,0,1,0,0,0,1,0,1,0,1,0,1,1,1,1,1,0,1,1,1,1,1,1,1,1,1,0,1,1,0,1,0,1,1,1,1,1,1,1,1,1,1,0,1,1,1,1,1,1,1,0,1,0,1,1,1,1,1,1,1,1,1,1,1,1,1,1,1,0,1,1,1,1,1,1,0,1,1,1,1,1,1,1,1,0,0,1,0,0,0,1,0,0,1,1,0,0,1,0,0,0,0,1,1,1,0,0,1,1,0,0,0,0,0,1,0,0,0,1,1,1,1,0,1,1,0,1,0,1,1,1,1,1,0,1,1,1,1,1,1,1,1,1,1,1,1,1,1,1,1,1,1,1,0,0,1,0,1
3969
254,253,351,343,236,324,287,263,45,235,357,283,68,22,22,22,22,22,22,22,339,291,48,2,2,2,2,2,2,2,2,2,2,2,2,313,326,199
1,1,1,1,1,1,0,1,0,0,1,1,1,1,0,1,1,0,1,1,0,0,0,0,1,1,0,1,1,1,0,1,1,0,0,0,1,1
3970
22,22,22,22,2,2,2,2,2,2,2,2,2,2,2,2,2,2,2,2,2,2,2,2,2
0,1,0,0,1,1,0,1,0,0,0,1,0,1,1,0,0,0,1,0,0,0,1,1,1
3971
2
0
3972
362,310,22,22,22,22,22,22,361,291,276,366,2,2,2,2,2,2,2,2,2,2,2,2,2,2
1,0,1,1,0,1,1,1,1,1,1,1,0,0,0,1,1,1,1,1,1,1,0,1,1,0
3973
339,303,22,22,2,2,2,2,2
0,0,1,1,0,0,0,0,0
3974
22,22,22,22,22,22,22,22,22,2,2,2,2,2,2,2,2,2,2,2,2,2,2,2
1,1,0,0,0,1,0,0,0,0,0,1,0,0,0,1,1,0,0,0,1,1,1,0
3975
22,22,22,22,22,22,2,2,2,2,2,2,2,2,2,2,2,2,2,2
0,0,1,0,1,1,0,1,0,1,1,1,0,1,1,0,0,0,0,0
3976
2,314
0,1
3977
302,311,246,343,296,22,22,22,22,22,22,252,355,5,283,363,288,295,301,2,2,2,2,2,2,2,2,2,2,2,2,2,2,2,2,2,2,2,2,349,327,341
1,0,1,1,1,0,1,0,0,0,1,1,1,1,1,0,0,1,1,1,1,0,1,1,1,1,0,0,1,0,0,0,0,1,1,1,0,0,1,0,1,0
3978
315,171,171,336,364,369,175,46,316,316,68,22,22,22,22,22,22,22,22,22,22,22,56,317,2,2,2,2,2,2,2,2,2,2,2,2,2,2,2,2,2,2,2,2,2,2,2,2,2,2
0,1,1,0,0,1,0,0,0,0,0,0,1,1,0,0,1,0,0,0,0,0,1,0,0,0,0,0,0,1,0,0,1,0,0,0,1,0,0,0,1,0,0,0,1,1,0,1,0,0
3979
22,22,2,2,2
0,1,1,0,1
3980
22,22,22,22,22,22,22,22,22,22,22,2,2,2,2,2,2,2,2,2,2,2,2,2,2,2,2,2,2,2,2,2,2,2,2
1,1,1,1,1,1,0,1,1,1,1,1,1,1,0,1,0,1,1,0,1,1,1,1,1,0,1,1,1,1,1,1,1,1,1
3981
22,22,22,2,2,2,2,2,2,2,2,2,2,2,2,2,2,2,2,2,2,2,2,2,2
0,1,0,0,0,0,1,0,0,1,0,1,1,0,1,0,0,0,1,0,0,1,1,0,0
3982
323,367,246,347,281,344,304,252,355,330,295,22,22,22,22,22,22,22,22,22,22,314,352,343,289,55,320,199,301,288,353,340,345,294,334,331,2,2,2,2,2,2,2,2,2,2,2,2,2,2,2,2,2,2,2,2,2,2,2,2,2,2,2,2,2,2,2,2,2
0,1,1,0,0,1,0,0,1,0,0,1,1,0,0,1,1,0,1,1,1,1,1,0,1,1,0,1,1,0,0,0,1,0,0,0,0,0,1,1,0,0,1,1,1,0,1,0,0,1,0,0,1,0,1,1,0,1,1,0,1,1,1,0,0,1,0,1,1
3983
299,323,367,246,347,236,345,286,73,73,355,174,254,22,22,22,22,22,22,22,22,298,352,332,199,78,312,151,365,343,68,334,110,335,319,285,328,301,360,294,279,2,2,2,2,2,2,2,2,2,2,2,2,2,2,2,2,2,2,2,2,2,2,2,2,2,2,2,2,2,2,2,2,2,2,2,2,2,2,2,2
1,0,1,1,0,1,1,1,1,0,1,1,0,0,1,1,1,1,0,1,0,0,1,0,0,1,1,1,0,0,1,1,0,1,0,0,1,0,0,0,1,0,1,1,1,0,1,1,1,0,1,0,1,1,0,1,1,0,1,0,0,0,1,1,1,0,1,1,0,1,1,1,0,0,0,0,1,0,1,1,0
3984
330,304,307,22,2,2
0,0,1,1,0,1
3985
338,280,199,236,323,301,276,284,5,319,339,22,22,22,22,22,22,22,22,22,22,22,22,22,22,22,360,208,294,174,2,2,2,2,2,2,2,2,2,2,2,2,2,2,2,2,2,2,2,2,2,2,2,2,2,2,2,2,2,2,2,2,2,2,2,2,2,2,2,2,308
0,0,0,0,0,1,0,0,0,0,1,0,0,0,0,1,1,1,0,0,0,0,0,0,0,0,1,0,0,0,0,0,1,0,0,0,0,0,1,0,0,1,0,0,0,0,1,0,1,0,0,1,0,0,0,0,1,0,0,1,1,0,0,1,1,1,0,0,0,0,0
3986
333,22,22,22,22,22,22,22,22,22,22,22,22,22,22,2,2,2,2,2,2,2,2,2,2,2,2,2,2,2,2,2,2,2,2,2,2,2,2,2,2,2,2,2,2,2,2,2,2,2,2,199
0,0,1,0,0,0,1,1,1,0,0,0,0,0,1,0,0,1,0,0,1,0,1,0,0,1,1,1,0,1,0,1,0,0,0,1,1,0,0,0,0,0,1,0,1,0,1,0,1,1,1,1
3987
2,2,2,2,2,2
1,1,1,1,1,0
3988
111,323,2,2,2,2,2,2,124,22
1,0,1,0,0,1,0,0,0,0
3989
2,2,2,2
0,0,1,0
8455
235,22,22,22,22,91,308,2,2,2,2,2,2,2,2,2,300
0,1,1,0,1,0,0,1,0,1,0,1,0,0,1,1,0
6490
253,328,328,22,22,22,2,2,2,2,2,2,2,2,2,2,2,2,2,2,2,2,2,2,2,358
0,0,0,1,1,0,0,0,0,0,0,0,0,0,0,0,0,1,0,0,0,0,1,1,0,0
3992
78,323,302,329,318,284,355,111,287,330,2,2,2,2,2,2,2,2,2,2,2,2,65,335,301,22,22
0,1,0,0,1,1,0,0,0,1,0,1,1,0,1,0,0,0,1,0,0,1,0,1,0,0,1
3993
111,356,2,2
0,1,0,0
3994
111,247,22,22,352,2,2,2,2,2,2,2,2,2,2,2,2,2,2,2,2,368
0,0,1,1,0,0,1,0,1,1,1,1,1,0,1,1,1,0,1,1,0,1
3995
2,2
1,0
3996
2,2,2
1,1,0
3997
2,2,2,2,2,2,2,2,2,2,2,2,2,2,2,2,2,2,2,2,2,2,2,2,2,2,2,2,2,2,2,2,2,2,2,2,2,2,2,2,2,2,2,2,2,2,2,2,2,2,2,2,2,2,2,2,2,2,2,2,2,2,2,2,2,2,2,2,2,2,2,2,2,2,2,2,2,2,2,2,2,2,2,2,2,2,2,323,354,325,263,286,174,348,22,22,22,22,22,22,22,22,294,279,335,91,321
1,0,0,1,0,0,1,1,0,0,1,0,1,0,0,1,0,0,0,1,1,0,1,0,0,0,1,1,0,1,1,1,1,1,0,0,0,1,0,1,1,1,0,0,1,1,1,0,0,1,1,1,0,1,1,1,1,1,1,1,1,1,1,1,1,1,1,1,0,1,1,1,1,1,1,1,1,0,0,1,0,1,1,1,1,0,1,0,0,0,0,0,1,0,0,0,1,1,1,0,0,1,1,1,0,1,1
3998
299,296,296,22,22,22,22,22,22,22,283,307,288,2,2,2,2,2,2,2,2,2,2,2,2,2,2,2,2,2,2,2,2,2,2,2,2,2,2,2,2,2,2,2,2,2,2,2,2,2,2,2,2,300
1,1,0,1,1,1,1,1,1,1,1,1,0,0,0,0,1,0,0,1,1,0,0,0,0,0,0,1,0,0,1,1,0,1,0,1,1,0,0,1,0,1,1,0,0,1,0,0,0,1,0,0,1,0
3999
78,303,235,22,22,22,22,22,22,22,304,5,2,2,2,2,2,2,2,2,2,199
1,0,0,0,1,1,0,0,0,0,1,0,0,0,1,1,0,0,0,0,0,1
4000
315,56,317,22,2
1,1,1,1,1
4001
311,351,281,344,253,286,297,5,5,287,252,254,330,22,22,22,22,22,22,22,22,22,22,22,22,282,346,41,73,312,280,86,350,357,27,353,328,301,124,314,276,307,307,2,2,2,2,2,2,2,2,2,2,2,2,2,2,2,2,2,2,2,2,2,2,2,2,2,2,2,2,2,2,2,2,2,2,2,2,2,2,2,2,2,2,2,2,2,2,2,2,2,2,2,2,2,2,2,2,2,2,2,2,2,2,2,2,2,2,2,2,2,2,2,2,2,2,2,2,2,2,2,2,2,2,2,2,2,2,2,2,2,2,2,2,2,2,2,2,2,2,2,2,2,2,2,2,2,2,2,2,177
0,1,0,1,1,0,1,0,0,0,1,0,0,1,1,1,0,1,1,0,1,0,1,0,0,1,1,0,0,0,1,0,1,1,1,1,1,0,0,0,1,0,1,0,1,1,1,1,1,1,0,0,1,0,0,1,0,1,0,1,1,1,0,1,1,1,1,1,1,0,0,0,0,0,1,1,1,1,1,0,1,1,1,1,1,1,1,1,1,0,1,1,1,1,1,1,1,1,1,1,1,1,1,1,1,1,1,0,1,1,0,0,0,1,0,1,1,1,1,1,1,1,0,0,1,1,0,1,0,1,1,1,1,1,1,1,1,1,1,1,1,1,1,1,1,1,1,1,0,0,1,1
4002
22,22,22,22,22,22,22,2,2,2,2,2,2,2,2,2,2,2,2,2,2,2,2
0,0,1,0,1,0,1,1,0,1,1,0,1,1,0,0,1,1,0,0,1,0,1
4003
339,22,22,22,2,2,2,2
1,0,0,0,0,1,0,0
4004
299,299,73,22,22,22,2,2,2,2,2,2,2,2,2
1,1,1,1,1,1,0,0,1,0,1,1,1,1,0
4005
290,296,311,347,281,344,304,297,252,284,5,358,22,22,22,22,22,22,22,22,22,22,22,22,22,22,22,22,22,22,22,22,22,329,339,151,352,182,308,280,346,320,343,285,325,333,300,319,68,353,328,2,2,2,2,2,2,2,2,2,2,2,2,2,2,2,2,2,2,2,2,2,2,2,2,2,2,2,2,2,2,2,2,2,2,2,2,2,2,2,2,2,2,2,2,2,2,2,2,2,2,2,2,2,2,2,2,2,2,2,2,2,2,2,2,2,2,2,2,2,2,2,2,2,2,2,2,2,2,2,2,2,2,2,2,2,2,2,2,2,2,2,2,2,2,2,2,2,2,2,2,2,2,2,2,2,2,2,2,2,2,2,2,2,2,2,2,2,2,2,2,2,2,2,2,2,2,2,2,2,2,2,314,334,334,305,301,301,91
0,0,0,0,0,1,0,1,1,1,1,0,1,1,1,0,1,1,0,1,0,0,0,1,1,1,0,1,1,0,1,1,1,1,1,0,1,1,1,0,1,0,0,0,1,1,0,0,1,1,1,1,0,0,1,1,1,0,0,1,0,1,1,1,0,1,1,1,1,1,1,1,1,1,1,1,1,1,1,1,1,1,1,1,1,1,0,1,1,0,1,1,1,1,0,0,1,1,1,1,0,1,1,1,0,1,1,1,0,1,1,0,1,1,1,1,1,1,0,0,0,0,1,1,1,1,1,1,1,1,0,0,1,0,1,0,0,0,1,1,0,1,1,0,0,0,1,0,1,1,0,1,0,1,1,1,1,1,1,1,1,1,1,1,1,0,1,1,1,0,0,1,0,1,1,0,1,1,0,1,1,1,1,0,0,0,0,1,0
4006
333,236,22,22,22,22,22,22,22,22,22,22,22,22,22,22,2,2,2,2,2,2,2,2,2,2,2,2,2,2,2,2,2,2,2,2,2,2,2,2,2,2,2,2,2,2,2,2,2,2,2,2,2,2,2
1,0,0,1,0,1,0,1,1,0,1,0,1,0,1,0,1,0,0,1,0,0,1,0,0,0,1,0,0,0,1,0,0,0,0,1,0,0,0,0,1,0,0,1,0,1,0,0,0,0,1,0,0,0,1
4007
73,246,351,337,236,281,286,22,22,22,22,22,22,22,22,22,22,22,22,22,282,237,332,182,175,144,319,294,171,307,45,2,2,2,2,2,2,2,2,2,2,2,2,2,2,2,2,2,2,2,2,2,2,2,2,2,2,2,2,2,2,2,2,2,2,2,2,2,2,2,2,2,2,2,2,2,2,2,2,2,2,78,252,358,355,5,5,283,363,292,91,91,91,339,293,317,349,289,254,315,320,328,208,291,48,279,288,321
0,0,1,1,1,0,0,0,1,1,1,0,1,1,1,0,1,1,0,1,1,0,0,1,0,1,0,0,1,0,1,1,1,0,1,1,0,0,0,0,0,1,0,0,0,1,0,0,0,0,0,0,1,0,0,1,0,1,0,1,1,0,1,0,0,1,1,0,0,1,1,0,0,0,1,1,0,1,0,1,0,1,1,1,1,0,0,0,0,0,0,0,0,1,1,0,0,1,0,1,0,0,0,1,0,1,0,1
4008
254,323,177,22,22,22,110,325,344,279,5,2,2,2,2,2,2,2,2,2
0,0,1,1,1,0,0,0,1,1,0,1,0,0,1,1,1,1,1,1
4009
294,304,236,5,2,2,2,2,2
1,0,0,0,1,0,0,0,1
4010
236,322,276,5,254,292,22,22,22,22,22,22,22,22,22,22,22,22,22,346,293,56,283,332,106,312,315,55,320,336,317,316,45,111,111,2,2,2,2,2,2,2,2,2,2,2,2,2,2,2,2,2,2,2,2,2,2,2,2,2,2,2,2,171,307,288,340
1,0,0,0,0,0,0,1,1,0,0,0,1,0,0,1,0,0,0,1,0,1,0,1,1,1,1,0,0,1,0,0,1,0,0,0,0,0,0,0,1,1,1,0,0,0,1,1,0,1,1,1,0,0,0,1,0,1,0,0,0,1,0,1,0,1,0
4011
171,359,317,22,22,22,22,2,2,2
0,1,1,1,0,1,1,0,0,0
4012
22,22,2,2,2,2
1,0,0,0,0,1
4013
296,236,22,22,2,2,2,288
0,0,1,1,1,1,0,0
4014
175,2,2
1,0,1
4015
311,337,287,286,276,73,302,324,22,22,22,22,22,22,22,22,22,22,22,22,22,22,22,22,22,22,22,322,282,146,325,343,312,280,27,175,5,5,300,285,314,308,307,2,2,2,2,2,2,2,2,2,2,2,2,2,2,2,2,2,2,2,2,2,2,2,2,2,2,2,2,2,2,2,2,2,2,2,2,2,2,2,2,2,2,2,2,2,2,2,296,284,355,358,288,295,339,354,352,182,341,78,151,320,199,86,350,333,357,338,68,328,208,65,279,335,301,321
1,1,1,1,1,1,1,1,1,1,1,1,1,1,1,1,1,1,1,1,1,0,1,0,1,1,1,1,1,0,1,1,1,1,1,1,1,1,1,1,1,1,1,1,1,1,1,1,0,1,0,1,1,1,0,1,0,1,1,1,1,1,1,1,0,1,0,1,1,1,0,1,1,1,1,0,1,0,1,1,1,1,1,1,1,1,0,1,1,0,1,1,1,1,1,1,1,1,1,1,1,1,1,0,1,0,1,1,1,1,1,1,1,1,1,1,1,1
4016
2,2,236
0,0,0
4017
288,22,22,236,293,301,45,2,2,2,2,313
0,0,1,1,0,0,1,1,0,0,0,1
4018
323,247,352,294,347,311,287,253,321,284,5,5,283,325,330,22,22,22,22,22,22,22,22,22,22,106,237,279,65,2,2,2,2,2,2,2,2,2,2,2,2,2,2,2,2,2,2,2,2,2,2,2,2,2,2,2,300
1,0,1,1,0,0,1,1,1,0,0,1,1,0,1,0,1,0,0,1,1,0,0,0,0,0,0,1,0,0,1,0,0,0,1,0,0,0,1,1,1,0,1,1,0,0,1,1,1,1,0,1,1,1,1,1,0
4019
359,236,318,348,288,45,292,22,22,22,22,22,22,22,293,237,171,317,313,2,2,2,2,2,2,2,2,2,2,91
1,1,1,0,0,1,1,1,1,1,1,1,0,0,1,1,1,0,0,1,0,0,1,1,1,0,1,0,0,0
4020
337,236,330,22,22,22,22,22,22,22,22,22,22,22,22,22,22,22,22,22,322,332,347,312,280,336,336,343,353,76,314,294,305,305,2,2,2,2,2,2,2,2,2,2,2,2,2,2,2,2,2,2,2,2,2,2,2,2,2,2,2,2,2,2,2,2,2,2,2,2,2,2,2,2,2,2,2,2,2,2,2,2,2,303,247,304,5,174,292,91,339,293,56,349,341,289,151,334,106,199,263,288,27,326,360,291,48,321,331,368
1,1,0,0,1,1,0,0,1,0,1,0,1,1,0,0,1,0,1,1,1,0,0,1,0,0,1,0,1,0,1,0,1,0,0,1,1,1,1,0,0,0,0,1,0,1,1,1,1,1,1,1,0,0,1,1,0,1,1,0,1,1,1,0,1,1,1,1,1,1,1,0,1,1,0,1,1,1,0,0,0,0,0,1,1,0,1,1,1,1,1,1,1,1,1,1,1,0,1,1,1,0,1,0,1,1,1,1,0,1
4021
68,177,288,2,2,2,2,2,2,2,2,2,2,2,2,2,2,76
0,1,0,1,1,0,1,0,1,0,1,1,0,0,0,0,0,0
4022
2,2,2,2,2,2,2,2,2,2,2,2,2,2,2,2,2,2,2,2,2,2,2,2,2,2,2,2,2,2,2,2,283,235,351,76,307,345,368,301,327,302,359,309,326,219,341,171,171,317,317,349,155,22,22,22,22,22,22,22,22,22,22,22,22,22,22,22
1,1,0,1,1,0,0,1,1,0,1,0,0,0,1,1,1,1,1,1,1,0,0,1,0,0,1,0,1,1,1,0,1,0,1,0,0,1,0,0,0,1,1,1,0,1,0,0,0,0,0,1,1,0,1,1,0,1,0,1,1,0,0,1,1,1,0,1
4023
290,22,22,22,2,2,2,2,2,2,2,2,2
0,1,1,0,0,0,1,0,0,0,0,0,1
4024
315,56,316
1,1,1
