2153
296,235,336,287,253,41,367,358,302,22,22,22,22,22,22,22,22,22,22,22,339,55,146,349,341,303,312,342,111,311,329,350,333,300,338,281,328,301,124,360,65,334,252,2,2,2,2,2,2,2,2,2,2,2,2,2,2,2,2,2,2,2,2,2,2,2,2,2,2,2,2,2,2,2,2,2,2,2,2,2,2,2,2,2,2,2,2,2,2,2,2,2,2,2,2,76
0,0,0,0,0,0,1,1,0,0,0,0,0,0,0,0,0,0,1,0,0,1,0,0,0,0,0,0,0,1,0,0,0,0,0,0,0,0,0,1,0,1,1,0,1,0,0,0,1,0,0,0,1,0,1,1,0,0,0,0,0,0,0,0,0,1,0,0,0,0,0,0,0,0,0,1,0,0,1,0,0,0,0,0,0,0,0,0,0,0,0,0,0,1,0,0
2154
276,309,2,2,346
0,1,0,1,1
7999
247,236,253,41,367,254,330,295,22,22,22,22,22,22,22,22,22,22,22,22,22,22,22,22,346,106,349,312,342,354,263,111,235,340,320,331,2,2,2,2,2,2,2,2,2,2,2,2,2,2,2,2,2,2,2,2,2,2,2,2,2,2,2,2,2,2,2,2,2,2,2,2,2,2,2,2,2,91
0,0,0,0,0,0,0,0,0,1,1,0,0,1,0,1,0,0,0,1,1,0,1,1,1,0,0,0,1,0,1,0,0,0,0,0,1,0,0,0,1,1,0,0,1,0,1,0,0,1,0,1,0,0,0,1,1,0,1,0,1,1,1,0,1,0,1,1,0,0,0,0,1,0,1,0,0,0
2156
362,323,171,236,175,253,144,355,355,288,319,292,359,310,22,22,22,22,22,22,22,293,366,294,334,45,2,2,2,2,2,2,2,2,2,2,2,2,2,2,2,2,2,2,2,2,2,2,2,2,2,2,91
1,0,0,0,0,0,0,0,0,0,1,0,1,1,1,0,0,0,0,1,0,0,1,1,1,1,1,1,0,0,1,1,0,1,0,1,1,1,1,1,0,0,0,0,1,1,0,1,1,0,0,1,1
2157
254,311,22,22,22,22,65,326,253,2,2,2,2,2,2,2,2
1,1,0,1,1,1,1,1,1,1,1,1,1,1,1,1,1
2158
344,362,73,246,337,236,338,55,286,5,355,45,292,22,22,22,22,22,22,22,22,22,22,22,22,22,22,22,22,22,22,22,22,22,22,22,22,22,22,22,22,22,22,22,22,22,22,336,346,352,48,343,303,319,342,199,263,300,369,67,357,357,111,328,124,345,291,294,368,288,2,2,2,2,2,2,2,2,2,2,2,2,2,2,2,2,2,2,2,2,2,2,2,2,2,2,2,2,2,2,2,2,2,2,2,2,2,2,2,2,2,2,2,2,2,2,2,2,2,2,2,2,2,2,2,2,2,2,2,2,2,2,2,2,2,2,2,2,2,2,2,2,2,2,2,2,2,2,2,2,2,2,2,2,2,2,2,2,2,2,2,2,2,2,2,2,2,2,2,2,2,2,2,2,2,2,2,2,2,2,2,2,2,2,2,91
1,1,0,1,0,1,0,1,0,0,0,0,0,0,0,0,0,1,1,1,1,1,1,1,1,1,1,1,1,1,0,1,1,1,1,1,1,1,1,1,1,0,1,1,1,1,1,0,1,1,1,0,0,0,1,0,0,0,1,1,0,0,0,1,0,0,1,0,1,0,0,1,0,1,1,1,1,1,0,1,0,0,0,0,1,1,1,0,1,0,1,1,1,1,1,1,1,1,1,1,0,1,1,1,1,1,1,1,1,1,1,1,1,1,1,1,1,1,1,1,1,1,1,1,1,1,1,1,1,1,1,1,1,1,1,1,1,1,1,1,1,1,0,1,0,1,1,1,1,1,1,1,1,1,1,1,1,0,1,1,1,0,1,0,0,0,0,0,1,0,0,0,1,1,1,0,0,0,0,1,1,1,1,1,1,0
2159
296,235,236,236,281,253,286,41,247,5,254,45,182,22,22,22,22,22,22,22,22,22,22,22,22,22,22,22,22,22,22,22,22,22,22,305,339,333,317,289,320,146,175,301,367,357,359,2,2,2,2,2,2,2,2,2,2,2,2,2,2,2,2,2,2,2,2,2,2,2,2,2,2,2,2,2,2,2,2,2,2,2,2,2,2,2,2,2,2,110,303,65,171,288,288,78
0,1,1,1,0,0,0,1,0,0,0,1,0,0,0,0,1,0,1,1,1,1,1,0,1,0,0,0,0,1,0,1,0,1,0,1,0,0,0,1,0,0,0,1,0,0,0,1,0,1,0,0,1,0,0,0,1,0,0,0,0,0,1,0,0,1,0,0,0,0,0,1,0,0,1,0,0,1,1,1,1,1,0,1,0,1,0,0,0,0,0,0,1,0,0,0
2160
289,311,236,287,318,297,73,302,322,146,332,332,365,317,306,285,353,309,308,307,305,2,2,2,2,2,2,2,2,2,2,2,2,2,2,2,2,2,2,2,2,2,2,2,2,2,2,2,2,2,2,2,2,2,2,2,2,2,2,2,2,2,2,2,2,2,2,2,2,2,2,2,2,2,2,2,2,2,2,2,2,2,2,2,2,2,2,2,2,2,2,2,2,2,2,2,2,2,2,2,2,2,2,2,2,2,2,2,2,2,2,2,2,2,2,296,41,253,284,174,254,358,292,91,91,106,56,341,303,303,315,343,110,350,348,338,68,328,326,360,208,48,331,301,323,367,246,337,336,276,330,22,22,22,22,22,22,22,22,22,22,22,22,22,22,22,22,22,22,22,22,22,22,22,22,22,22,22,22,22,22,22,22,22,22,22,22,282,357,312,177,175,294,171,45,235,356,344,304,304,252,355,5,5,5,283,346,295,293,182,65,78,151,279,320,280,67,27,340,345,291,334,288
1,1,1,1,1,1,1,0,1,1,1,0,1,1,0,0,0,1,1,1,1,1,1,1,1,1,1,1,1,1,1,1,0,1,0,1,1,1,0,0,0,1,1,1,1,1,1,1,1,1,1,1,1,1,1,1,1,1,1,1,1,1,1,1,1,1,1,1,1,1,0,1,0,1,1,0,1,1,1,1,0,0,0,1,0,1,1,1,1,1,1,1,1,0,1,1,1,1,1,1,1,1,1,1,1,1,0,1,1,0,0,0,1,1,0,1,1,1,1,1,1,1,1,1,1,1,1,1,1,1,1,1,1,1,1,1,1,1,1,1,1,0,0,0,1,1,1,1,1,0,1,1,1,1,1,1,1,1,1,1,1,1,1,1,1,1,1,1,1,1,0,1,1,1,0,1,1,1,0,1,1,1,1,1,1,1,1,1,1,0,1,1,1,1,1,1,1,1,1,0,1,1,1,1,1,1,1,1,1,1,1,1,1,1,1,1,1,0,1,1,1,0,0
2161
246,336,276,314,297,22,22,22,22,22,22,22,22,22,22,22,22,339,326,182,332,329,263,288,319,68,328,2,2,2,2,2,2,2,2,2,2,2,2,2,2,2,2,2,2,2,2,2,2,2,2,2,2,2,2,2,2,2,2,2,2,2,2,360,309,294,175,340,91
1,1,0,1,1,1,1,0,1,1,0,1,0,1,1,0,1,1,0,1,0,1,1,0,0,1,0,1,1,0,1,1,0,1,0,1,1,0,0,0,1,1,0,1,1,1,1,1,0,0,0,0,1,1,0,0,1,0,1,1,1,0,0,0,1,1,1,0,0
2162
73,73,344,286,276,358,5,283,330,333,298,354,237,174,332,155,289,111,320,199,91,110,363,367,288,306,353,328,124,208,48,321,305,2,2,2,2,2,2,2,2,2,2,2,2,2,2,2,2,2,2,2,2,2,2,2,2,2,2,2,2,2,2,2,2,2,2,2,2,2,22,22,22,22,22,22,22,22,22
1,1,1,1,0,0,1,1,0,1,1,1,1,0,0,1,0,1,0,1,0,1,0,1,1,1,1,1,1,0,0,1,1,1,0,1,0,0,1,1,1,0,1,1,1,1,1,0,1,0,1,1,0,1,1,1,0,1,1,1,0,0,1,1,1,1,0,1,0,1,1,1,0,1,1,1,1,1,1
2163
2
1
2164
289,111,311,343,329,314,41,358,319,22,22,22,22,22,22,360,294,182,288,2,2,2,2,2,2,2,2,2,2,2,2,2,2,2,2,2,2,2,2,2,2,2,2,2,2,2,2,2,2,2
1,1,0,0,1,1,0,1,0,1,0,1,0,1,1,1,1,0,1,1,1,1,1,1,1,1,1,1,0,0,1,1,0,1,0,0,1,1,1,1,0,0,1,1,0,1,0,0,0,1
2165
299,347,336,304,284,22,22,22,22,22,22,22,22,22,22,22,22,22,22,22,22,22,317,155,308,111,177,365,354,343,334,334,364,263,338,359,328,360,309,171,335,2,2,2,2,2,2,2,2,2,2,2,2,2,2,2,2,2,2,2,2,2,2,2,2,2,2,2,2,2,2,2
1,0,0,1,0,0,0,0,1,0,0,0,0,0,0,0,1,0,1,0,0,0,0,0,1,0,0,1,0,0,0,1,0,1,0,1,1,0,1,1,0,0,1,0,0,1,0,1,0,1,0,0,1,0,0,0,1,0,0,0,1,0,1,1,1,0,0,1,0,1,0,0
2166
2,2
1,0
2167
2,124,360
0,0,1
2168
359,22,22,22,22,22,236,171,317,2,2,2,2,2,2
0,0,1,1,1,1,1,1,1,1,0,1,1,0,0
2169
328,22,2,2,2,2,300
1,0,0,1,0,0,1
2170
290,323,357,174,363,359,22,22,314,171,317,2,2,2,2,2,2,327
0,0,1,0,0,0,1,1,1,0,1,1,1,1,0,0,0,0
2171
208,328,22,22,2,2,2,2,2
0,0,0,0,0,1,1,1,1
4628
311,365,236,334,41,276,367,45,22,22,22,22,22,22,22,352,146,332,2,2,2,2,2,2,2,2,2,2,2,2,2,2,2,2,2,2,2
0,1,1,1,1,1,1,0,0,1,0,1,1,1,1,0,0,0,1,1,0,0,1,1,0,1,0,0,1,1,1,0,1,0,0,0,0
2173
367,246,236,281,41,297,5,5,174,22,22,22,22,22,22,22,22,22,22,305,55,146,289,312,335,357,357,111,309,340,65,175,2,2,2,2,2,2,2,2,2,2,2,2,2,2,2,2,2,2,2,2,2
0,1,1,0,1,0,1,0,0,0,1,0,1,1,0,1,1,1,1,0,1,0,0,0,1,1,1,0,1,0,1,1,1,0,1,0,0,1,0,1,1,0,0,0,0,0,1,1,0,0,0,1,0
2174
124,22,22,22,2,2,2,2,2,2
0,1,0,0,1,0,0,1,0,0
2175
236,359,22,22,22,22,22,22,22,2,2,2,2,2,2,2,2,2,2,2,2,2,2,2,2,2,2,2,2,2,2,2,2,5
0,0,1,1,1,1,0,0,1,0,1,1,0,0,0,1,0,1,0,0,0,0,0,0,0,0,1,0,0,0,1,0,1,0
2176
290,78,311,246,280,325,253,350,367,355,348,324,363,328,22,22,22,22,22,22,22,22,22,22,22,314,334,349,2,2,2,2,2,2,2,2,2,2,2,2,2,2,2,2,2,2,2,2,2,2,2,2,2,2,2,2,2,2,2,2,2,2,2,2,2,2,2,2,2,2
0,1,0,0,0,0,0,1,0,1,0,1,1,0,1,1,1,0,0,0,0,0,1,1,1,1,0,0,0,1,0,1,1,1,1,1,1,0,0,0,0,0,1,0,0,0,0,0,1,0,0,1,0,0,0,1,0,1,0,1,1,0,0,0,1,1,0,0,0,0
2177
367,246,337,336,91,281,253,360,41,247,355,284,22,22,22,22,22,22,22,22,22,22,22,22,22,22,22,22,22,22,305,354,237,55,332,155,65,280,106,343,68,364,110,335,144,300,5,348,111,329,353,349,124,345,177,294,27,318,2,2,2,2,2,2,2,2,2,2,2,2,2,2,2,2,2,2,2,2,2,2,2,2,2,2,2,2,2,2,2,2,2,2,2,2,2,2,2,2,2,321
1,0,1,1,0,0,0,1,0,1,0,1,1,0,0,1,0,1,1,0,0,0,0,1,0,0,1,1,0,1,0,0,0,1,1,0,1,1,1,0,1,1,1,0,1,0,1,0,0,1,1,0,0,0,0,0,0,1,0,1,1,1,0,0,1,0,1,0,1,0,0,0,0,1,0,1,1,1,0,0,1,1,1,0,1,1,0,0,1,1,1,1,1,1,1,1,0,0,0,1
2178
315,56,106,236,236,316,22,22,22,22,22,291,346,294,171,317,45,2,2,2,2,2,2,2,2,2,2,91
1,1,0,1,1,1,1,1,1,0,0,1,1,0,0,0,0,0,0,0,0,0,1,1,0,0,0,0
2179
78,296,296,73,73,236,2,2,2,2,2,2,2,2,2,2,2,2,2,2,2,2,2,2,2,2,2,2,2,2,2,2,2,2,2,2,2,2,2,2,2,2,2,2,2,2,2,2,2,2,2,2,2,2,2,2,304,327,338,27,22,22,22,22,22,22,22,22,22,22,22,22,298,298,282,237,279,288,301,91
1,0,1,1,1,1,1,1,0,0,1,1,1,1,1,1,0,1,1,0,0,1,1,1,0,1,0,0,1,1,1,0,1,1,0,1,1,1,1,1,1,1,1,1,1,1,1,0,1,1,1,1,0,1,0,0,1,1,0,1,0,0,1,1,0,0,1,1,0,1,1,1,1,1,0,0,1,1,0,0
2180
22,22,22,22,22,22,2,2,2,2,2,2,2,2,2,2,2,2,2,2,2,2,2,2,2,2,2,2,2
1,1,0,1,0,1,0,0,0,1,1,1,1,1,1,1,1,0,1,0,0,1,1,1,1,0,1,1,1
2181
78,344,336,2,2,2,2,2,323
1,1,1,1,0,1,1,0,1
2182
290,296,305,340,236,352,286,5,355,174,254,363,292,22,22,22,22,22,22,22,22,22,22,22,22,22,22,22,22,22,22,22,22,22,22,22,22,22,22,22,22,22,22,22,22,22,22,322,293,346,56,317,332,337,315,365,336,334,284,316,333,348,199,310,301,124,360,291,171,288,2,2,2,2,2,2,2,2,2,2,2,2,2,2,2,2,2,2,2,2,2,2,2,2,2,2,2,2,2,2,2,2,2,2,2,2,2,2,2,2,2,2,2,2,2,2,2,2,2,2,2,2,2,2,2,2,2,2,2,2,2,2,2,2,2,2,2,2,2,2,2,2,2,2,2,2,2,2,2,2,2,2,2,2,2,2,2,2,2,2,2,2,2,2,2,2,2,2,2,2,2,321
0,0,1,0,1,0,0,0,0,0,0,0,0,0,1,1,1,1,0,0,1,0,1,1,0,0,1,1,0,1,0,1,1,1,1,1,0,0,1,1,0,1,0,1,0,0,0,0,1,1,0,0,0,0,0,1,0,1,0,0,1,1,1,1,0,0,0,0,0,0,0,0,0,1,0,1,1,0,1,0,0,0,0,0,1,0,1,1,0,1,0,0,0,0,0,1,0,0,1,0,0,1,1,1,0,1,1,1,1,1,0,1,0,0,0,1,1,0,0,0,0,1,0,0,0,1,1,1,0,1,1,0,1,0,0,0,0,1,1,0,0,1,0,1,1,0,1,0,0,0,1,0,0,0,1,0,0,0,0,1,0,1,0,0,0,1,1,1,0,1,1,1
2183
296,246,236,253,41,146,292,91,293,56,317,317,313,315,315,325,110,45,2,2,2,2,2,2,2,2,2,2,2,2,2,2,2,2,2,2,2,2,2,2,2,2,2,2,48,171,171,288,288,340,340,22,22,22,22,22,22,22
0,0,1,0,0,0,0,0,1,1,0,0,1,1,0,0,0,0,0,0,1,0,0,0,0,0,1,0,0,1,0,0,0,0,0,0,1,1,1,1,0,1,1,0,0,0,0,0,0,0,0,1,0,0,0,1,0,0
8053
311,337,236,236,287,369,276,235,302,324,330,22,22,22,22,22,22,22,22,22,22,22,22,22,22,22,22,22,22,22,22,22,22,22,22,22,22,22,22,22,22,22,297,313,347,312,177,27,335,144,301,319,285,353,359,309,294,171,45,327,247,344,304,252,254,363,295,339,293,352,349,341,289,320,110,350,331,68,328,2,2,2,2,2,2,2,2,2,2,2,2,2,2,2,2,2,2,2,2,2,2,2,2,2,2,2,2,2,2,2,2,2,2,2,2,2,2,2,2,2,2,2,2,2,2,2,2,2,2,2,2,2,2,2,2,2,2,2,2,2,2,2,2,2,2,2,2,2,2,2,2,2,2,2,2,2,2,2,2,2,2,2,2,2,2,2,2,2,2,2,2,2,2,2,2,2,2,2,2,345,334,288,288,41,368
1,1,1,1,1,1,0,1,0,1,1,0,0,0,1,1,0,1,0,0,0,1,1,1,1,0,1,1,1,1,1,0,1,1,1,1,1,0,1,1,0,1,1,1,1,0,1,1,1,1,1,1,1,1,1,0,0,1,1,0,1,1,0,0,0,1,1,1,0,0,0,1,1,0,1,0,0,1,1,1,1,1,1,0,1,1,0,0,0,1,1,1,0,1,1,0,1,1,1,1,1,1,1,1,0,1,1,1,0,1,1,0,0,1,1,1,0,0,0,0,1,1,0,0,1,1,1,1,1,1,1,1,0,1,0,1,1,0,0,1,0,1,1,1,1,0,1,0,1,1,1,1,0,0,0,0,1,1,1,1,1,1,1,1,1,1,0,1,0,1,1,0,0,0,0,1,1,0,1,0,0,1,0,1,1
2185
247,236,236,288,301,174,45,359,309,22,22,22,22,22,22,345,293,357,317,313,2,2,2,2,2,2,2,2,2,2,2,2,2,2,2,2,2,2,2
0,1,0,1,1,0,0,1,0,0,0,0,0,0,0,1,0,0,0,0,0,1,0,0,1,1,0,1,0,0,1,1,1,0,1,1,0,0,0
2186
22,22,22,22,22,22,2,2,2,2,2,2,2,2
1,0,1,0,0,0,0,0,0,1,0,0,0,0
2187
312,22,2,2
1,0,1,0
2188
22,22,22,22,22,22,22,22,22,22,22,2,2,2,2,2,2,2,2,2,2,2,2,2,2,2,2,2,2,2,2
0,1,1,0,1,0,1,0,0,0,1,1,0,0,1,1,1,1,0,1,0,0,0,1,1,0,0,1,1,1,0
2189
312,73,304,334,350,2,2,2,2,2,2,2,2,2,2
1,1,0,1,0,1,0,0,1,1,0,0,1,0,1
2190
290,323,367,246,351,337,236,287,286,41,247,276,302,324,330,22,22,22,22,22,22,22,22,22,22,22,22,22,22,22,22,22,22,22,22,22,22,22,22,22,22,22,22,22,368,282,237,348,332,347,319,280,352,68,364,300,111,285,174,309,76,314,294,307,305,2,2,2,2,2,2,2,2,2,2,2,2,2,2,2,2,2,2,2,2,2,2,2,2,2,2,2,2,2,2,2,2,2,2,2,2,2,2,2,2,2,2,2,2,2,2,2,2,2,2,2,2,2,2,2,2,2,2,2,2,2,2,2,2,2,2,2,2,2,2,2,2,2,2,2,2,2,2,2,2,2,2,2,2,2,2,2,2,2,2,2,2,2,2,2,2,2,2,2,2,2,2,2,2,2,2,78,235,48,344,253,358,355,5,283,295,320,329,346,55,182,349,341,289,279,354,199,325,263,333,288,338,27,326,327,303,65,334,331,301,321
0,0,0,0,0,1,1,0,0,0,0,0,0,1,1,1,0,1,0,0,1,0,0,1,1,0,0,1,1,1,0,0,1,0,0,0,0,1,0,0,1,1,0,1,0,0,0,1,0,1,0,1,1,0,1,0,1,1,1,1,0,1,0,0,1,1,0,0,1,1,1,1,0,1,0,0,0,0,1,0,0,1,0,0,1,1,1,0,1,1,1,0,1,0,0,1,1,1,1,1,0,0,0,0,1,0,1,1,0,0,1,1,0,1,0,0,0,0,1,1,1,1,0,1,1,0,1,0,0,1,1,1,0,1,0,1,1,0,0,1,0,1,0,1,0,1,0,1,0,1,1,0,0,1,1,0,1,1,0,0,1,0,0,1,1,1,1,0,0,1,1,1,0,1,1,1,0,0,0,0,0,0,1,1,0,1,0,1,0,1,0,1,0,1,0,0,1,0,0,0,0,0,1,0,1,1
2191
2
0
2192
155,171,334,293,301,46,46,316,73,324,340,22,22,22,22,22,22,22,22,22,361,291,237,56,317,45,2,2,2,2,2,2,2,2,2,2,2,2,2,2,2,2,2,2,2,2,2,2,2,2,308
1,1,1,1,0,0,1,1,0,0,0,0,0,0,0,1,1,0,1,1,0,0,0,0,0,0,1,0,1,0,0,0,1,0,0,0,0,0,0,0,1,0,0,0,0,0,1,0,1,0,0
2193
247,337,236,253,286,297,367,302,292,22,22,22,22,22,22,22,22,22,293,56,317,155,319,315,334,316,288,288,306,291,171,45,2,2,2,2,2,2,2,2,2,2,2,2,2,2,2,2,2,2,2,91
0,1,1,1,0,1,1,1,1,1,1,1,1,1,0,0,1,0,0,1,0,1,0,1,0,1,1,0,0,1,1,1,1,1,0,0,1,0,1,0,0,0,1,1,1,0,1,1,0,1,0,1
2194
22,22,2,2,2
0,0,1,1,0
2195
111,78,328,22,22,22,48,208,253,326,307,284,2,2,2,2,2,2,2,2,2,2
0,1,0,0,0,0,0,0,1,0,0,0,0,0,0,0,1,0,0,0,1,0
2196
22,22,2,2,2,2,2,2
0,1,1,1,0,1,0,1
2197
299,296,73,236,247,304,252,284,174,283,363,295,22,22,22,22,22,22,22,22,22,22,22,22,22,298,151,352,182,182,332,302,280,320,285,144,300,68,326,124,48,48,307,331,2,2,2,2,2,2,2,2,2,2,2,2,2,2,2,2,2,2,2,2,2,2,2,2,2,2,2,2,2,2,2,2,2,2,2,2,2,2,2,2,2,2,2,2,2,2,2,2,2,2
1,0,1,1,1,0,1,1,1,1,1,1,1,1,1,0,1,1,1,1,1,1,1,1,0,1,0,1,0,1,1,1,1,0,0,1,0,1,1,0,0,0,0,0,0,1,1,0,1,1,1,0,1,1,1,1,1,1,1,1,0,1,1,0,1,1,1,1,1,1,0,1,0,1,1,1,1,1,1,0,0,1,1,0,1,1,1,0,1,1,1,1,1,0
5650
351,22,22,22,236,313,2,2,2,2,2,2,2,2,2,2,2,2,2,45
0,0,0,1,1,1,1,1,0,0,1,0,0,0,0,0,1,1,0,1
2199
290,76,236,291,65,304,41,2,2,2,2,22,22
0,0,0,1,1,1,1,1,1,0,0,0,1
2200
22,22,2,2,2,2,2,2,2,2,2,2,2,2,2,2,2,2,2,2,2,2,2,2,2
1,0,0,1,0,1,1,1,0,1,1,0,0,0,0,0,1,1,1,0,0,1,1,1,0
2201
363,359,354,22,22,22,22,22,356,361,317,5,2,2,2
0,0,0,0,0,0,0,1,1,1,0,0,0,1,0
2202
155
0
2203
323,246,351,337,336,296,318,322,297,284,302,324,330,22,22,22,22,22,22,22,22,22,22,22,22,22,22,22,22,22,22,22,22,22,22,22,22,22,22,22,22,22,22,22,22,22,22,22,22,22,22,22,22,22,22,22,22,22,22,22,22,22,22,22,22,22,293,282,237,357,146,313,155,327,312,177,236,27,182,335,110,144,300,347,111,353,359,314,294,171,252,45,326,320,78,247,358,344,253,5,5,174,283,363,175,295,91,339,346,317,199,289,151,342,106,343,325,354,350,305,338,68,328,2,2,2,2,2,2,2,2,2,2,2,2,2,2,2,2,2,2,2,2,2,2,2,2,2,2,2,2,2,2,2,2,2,2,2,2,2,2,2,2,2,2,2,2,2,2,2,2,2,2,2,2,2,2,2,2,2,2,2,2,2,2,2,2,2,2,2,2,2,2,2,2,2,2,2,2,2,2,2,2,2,2,2,2,2,2,2,2,2,2,2,2,2,2,2,2,2,2,2,2,2,2,2,2,2,2,2,2,2,2,2,2,2,2,2,2,2,2,2,2,2,2,2,2,2,2,2,2,2,2,2,2,2,2,2,2,124,280,303,279,288,288,301,301,368
0,1,1,1,1,0,1,1,1,1,1,1,1,0,1,0,1,0,1,1,1,0,0,0,1,1,1,1,1,0,0,1,1,1,0,1,1,1,1,1,1,1,1,1,1,1,1,1,1,1,0,0,1,1,0,0,0,0,1,1,1,1,1,0,0,1,1,1,0,1,1,0,1,1,0,1,1,1,1,1,1,1,0,1,0,0,0,1,0,1,0,1,1,0,0,1,1,1,0,0,0,1,1,0,0,1,1,0,1,1,0,1,1,1,1,0,1,1,0,1,1,1,0,0,1,1,1,1,1,1,1,1,1,1,1,0,1,1,1,1,1,1,1,1,1,1,0,0,1,0,1,1,1,1,1,1,1,1,0,1,1,1,1,1,1,1,1,1,1,0,0,0,1,1,1,1,1,1,1,1,1,0,0,0,0,1,1,0,1,0,0,0,1,0,1,1,1,1,1,1,0,0,0,1,1,1,0,1,1,0,1,1,0,0,0,0,1,1,0,1,1,1,1,1,0,1,1,1,1,1,1,1,0,1,1,0,1,0,1,1,1,0,1,1,1,0,1,1,0,1,1,1,1,1,1,0,0,0,1,0,1,0,1,1,1,0,1,0
2204
353,359,22,22,22,22,22,22,22,22,22,304,279,287,171,171,317,317,2,2,2,2,2,2,2,2,2,2,2,2,2,2,91
1,0,1,1,1,1,1,1,1,0,1,0,1,1,0,0,1,1,1,0,0,1,1,1,1,1,1,0,1,0,1,0,1
2205
311,351,236,345,276,324,22,22,22,22,22,22,22,22,22,22,22,22,22,22,22,22,22,22,22,22,22,297,322,146,313,177,359,76,314,294,171,307,305,2,2,2,2,2,2,2,2,2,2,2,2,2,2,2,2,2,2,2,2,2,2,2,2,2,2,2,2,2,2,2,2,2,2,2,2,2,2,2,2,2,2,2,2,2,2,2,2,2,2,2,2,2,2,2,2,2,2,2,235,344,253,304,5,5,284,283,358,91,352,317,354,199,370,325,350,333,68,366,124,360,65,334,288,368
0,1,1,0,1,0,0,1,0,1,1,1,1,1,0,1,1,1,1,0,0,0,1,1,0,1,1,0,0,0,0,1,1,0,0,0,1,0,1,0,0,0,0,0,0,1,0,1,0,0,1,0,0,1,0,0,0,1,0,1,0,0,1,1,1,0,1,0,1,1,1,0,0,0,1,1,1,0,1,1,0,0,1,1,1,0,1,0,0,1,0,1,0,0,1,1,0,0,0,1,0,0,1,0,1,0,0,1,0,0,0,1,1,1,1,1,1,1,0,0,0,1,0,1
2206
22,22,2,2,2,2,2
1,0,0,1,0,1,0
2207
290,247,315,236,344,318,304,297,5,5,254,330,292,295,91,91,322,363,293,56,146,151,354,199,317,144,316,288,111,27,360,291,65,171,45,2,2,2,2,2,2,2,2,2,2,2,2,2,2,2,2,2,2,2,2,2,2,2,2,2,2,2,2,2,2,2,2,2,2,2,2,2,2,2,2,2,2,2,2,2,22,22,22,22,22,22,22,22,22,22,22
0,0,1,1,0,1,0,0,1,0,0,0,0,0,0,0,0,0,0,1,0,1,0,1,0,1,1,0,0,1,1,1,0,0,1,1,0,1,1,0,1,1,0,1,1,0,0,0,0,1,0,1,0,0,0,1,0,0,0,1,1,0,0,0,1,1,1,1,0,1,1,1,0,0,0,0,1,0,0,0,1,1,0,0,0,1,0,1,1,0,0
2208
2
0
2209
78,22
1,0
2210
299,73,246,351,347,336,298,276,324,330,356,22,22,22,22,22,22,22,22,22,22,22,22,22,22,22,22,322,282,357,155,280,175,5,111,285,353,76,307,305,327,296,247,286,344,358,284,295,91,352,182,289,320,343,348,68,328,2,2,2,2,2,2,2,2,2,2,2,2,2,2,2,2,2,2,2,2,2,2,2,2,2,2,2,2,2,2,2,2,2,2,2,2,2,2,2,2,2,2,2,2,2,2,2,2,2,2,2,124,360,208,368,301,321
1,1,1,1,1,1,1,1,1,1,1,1,1,1,1,0,1,1,1,1,1,1,1,0,1,1,1,1,1,1,1,1,1,1,0,0,1,1,0,1,0,1,1,0,1,1,1,1,1,1,1,1,1,1,1,1,1,1,1,1,1,1,1,1,1,1,1,1,1,1,1,1,1,1,0,1,1,0,1,1,1,1,1,1,0,1,0,0,1,1,1,1,1,1,1,1,1,1,1,1,1,1,1,1,1,1,0,1,1,1,1,1,1,1
2211
78,299,311,56,301,199,361,110,357,297,315,316,45,288,22,22,22,22,22,22,22,22,22,22,22,293,171,317,313,2,2,2,2,2,2,2,2,2,2,2,2,2,2,2,2,2,2,2,2,2,327
0,1,0,0,0,1,1,0,0,0,1,0,0,0,0,1,1,1,0,1,0,0,1,0,1,0,0,0,0,0,0,1,1,0,0,0,0,1,0,0,1,0,1,0,0,0,1,0,0,0,0
2212
299,296,296,247,356,351,347,236,236,283,363,295,22,22,22,22,22,22,22,22,22,22,22,22,22,22,55,78,312,199,263,111,366,301,279,288,2,2,2,2,2,2,2,2,2,2,2,2,2,2,2,2,2,2,2,2,2,2,2,2,2,2,2,2,2,2,2,2,2,2,2,2,2,2,2,2,2,2,2,2,2,2,2,2,2,2,2,2,2,2,2,2,2,2,2,2,2,2,2,2,2,2,2,2,2,2,2,2,2,2,2,2,2,2,2,2,2,2,2,2,2,2,2,2,2,2,2,2,2,2,2,2,2,2,2,2,2,2,2,2,2,2,2,2,2,2
1,0,0,0,1,1,0,1,1,0,1,1,0,0,1,0,1,0,1,0,1,0,0,0,0,0,1,1,0,1,1,1,1,0,0,0,1,0,0,1,0,0,1,0,0,0,0,0,0,1,0,0,0,0,1,0,1,1,1,0,1,1,0,1,1,1,1,1,0,0,1,0,1,0,1,1,1,1,1,1,1,1,1,1,0,1,0,1,0,1,1,1,1,1,0,0,0,0,1,1,1,1,1,1,1,1,1,1,1,1,1,1,0,1,0,1,1,1,1,1,1,1,1,1,1,0,0,0,1,1,1,1,1,1,1,0,1,1,1,1,1,1,1,1,1,1
2213
290,290,296,289,351,336,253,355,324,22,22,22,22,22,22,22,22,22,22,339,346,237,78,78,177,279,320,236,236,27,328,326,345,294,334,305,2,2,2,2,2,2,2,2,2,2,2,2,2,2,2,2,2,2,2,2,2,2,2,2,2,2,2,2,2,2,2,2,2,2,2,2,2,2,2,2,2,2,2,2,2,2,2,2,2,2,2,2,2,2,2,2,2,2,2,2,2,2,2,2,2,2,2,2,2,2,2,2,2,2,2,2,2,2,2,2,2,2,2,2,2,2,2,2,2,2,2,2,2,2,2,2,91
0,0,1,1,0,1,0,0,0,1,0,0,0,0,1,0,0,1,1,0,1,0,0,1,0,0,1,0,0,1,0,0,0,0,1,0,0,0,0,1,0,0,1,1,0,1,1,0,1,0,0,1,1,1,1,0,1,1,1,0,0,1,0,1,1,1,1,1,1,1,0,1,1,0,0,0,1,1,1,1,1,1,1,0,0,0,0,0,0,1,0,1,1,1,1,1,1,1,1,0,1,0,1,0,0,0,0,1,0,1,1,0,1,1,1,1,1,1,1,1,0,1,1,1,1,1,1,0,1,0,0,1,0
2214
78,296,367,365,236,299,340,340,91,279,288,2,2,2,2,2,2,2,2,2,2,2,2,2,2,2,2,2,2,2,2,2,2,2,2,2,2,2,2,2,2,2,2,2,2,2,2,2,2,2,2,2,2,2,2,22,22,22,22
0,0,0,1,1,1,0,0,1,1,0,1,0,1,1,1,0,1,0,0,1,0,0,1,1,1,1,0,1,1,1,0,0,0,0,0,0,0,0,0,0,1,1,0,1,1,0,1,1,0,0,1,1,0,0,0,0,0,0
2215
294,22,2
1,1,1
2216
2,2,2,2
1,0,0,0
2217
78,334,343,344,304,355,111,68,353,22,22,22,345,55,182,2,2,2,2,2,2,2,2,2,2,2,337
0,0,1,0,1,1,0,1,1,1,0,0,1,0,1,1,0,0,1,1,1,0,0,1,1,0,0
2218
22,2,5
0,0,1
2219
359,22,22,22,22,22,22,22,22,22,22,2,2,2,2,2,2,2,2,2,2,2,2,2,2,2,2,2,2,2,2,2,2,2,2,2,2,2,2,2,2,2,2,2,2,2
0,1,0,1,1,1,0,1,0,0,1,0,0,0,0,1,0,1,0,0,1,0,1,0,1,1,1,1,0,0,1,0,0,1,0,1,0,0,0,1,1,1,0,0,0,0
2220
294,296,356,340,236,287,253,297,283,332,22,22,22,22,22,22,22,22,22,22,22,22,22,22,282,293,300,313,78,354,343,325,357,111,353,328,2,2,2,2,2,2,2,2,2,2,2,2,2,2,2,2,2,2,2,2,2,2,2,2,2,2,2,2,2,2,2,2,2,2,2,2,2,2,2,2,2,2,2,2,2,2,2,2,2,2,2,2,2,2,2,2,48,279,288,288,301
0,1,1,1,1,1,0,0,1,0,1,0,0,0,1,1,1,0,0,0,1,1,0,0,1,1,1,1,1,1,1,0,0,1,1,1,1,1,1,1,1,1,1,1,1,1,1,1,0,1,0,1,0,1,1,1,1,1,0,1,1,1,1,1,1,1,1,1,1,1,1,0,0,1,0,1,1,0,0,1,0,1,1,1,0,1,1,1,0,1,1,0,0,0,0,1,0
2221
311,22,236,56,315,2,2,2,2,2,2,2,2,2
0,1,0,1,1,0,0,0,1,1,1,1,1,0
2222
106,199,335,46,5,316,292,361,293,357,317,313,313,313,2,2,2,2,2,2,2,2,2,2,2,2,2,2,2,2,2,2,2,2,2,22,22,22,22,22,22,22,22,22
1,1,0,1,0,1,1,0,1,0,0,0,0,1,0,0,1,0,0,1,0,0,0,0,1,0,1,0,1,0,1,0,0,0,0,1,1,1,1,1,1,1,1,0
2223
22,22,22,22,22,22,22,2,2,2,2,2,2,2,2,2,2,2,2,2,2,2,2,2,2
1,0,1,1,1,1,1,0,1,1,0,0,1,1,1,1,1,1,1,1,1,0,0,1,0
2224
45,367,22,22,22,22,22,22,22,22,22,22,22,22,22,22,236,313,317,171,146,315,2,2,2,2,2,2,2,2,2,2,2,2,2,2,2,2,2,2,2,2,2,2,2,2,2,2,2,2,2,2,2,2,2,2,2,2,2,2,2,2,2,2,2,2,2,2,2,2,2,2,2,2,2,2,2,2,2,2,2,2,2,2,316
1,0,0,0,0,0,0,0,0,0,0,1,0,0,0,1,1,1,0,0,0,0,0,1,0,0,0,0,0,1,0,0,1,0,1,0,0,0,0,0,1,0,1,0,0,0,0,0,0,0,0,0,0,1,0,0,0,1,0,0,0,1,0,1,0,1,0,1,0,1,0,0,0,0,0,0,0,1,1,0,0,0,1,1,1
2225
22,22,22,22,2,2,2,2,2,2,2,2,2,2,2,2,2,2
1,1,0,1,0,1,0,1,1,1,0,1,1,0,0,0,1,0
2226
78,296,330,199,2,2,2,2,2,2,2,2,2,2,2,2,2,2,2,2,2,2,2,2,2,2,2,2,2,2,2,2,2,2,2,2,2,2,2,2,2,2,2,2,2,2,2,2,2,2,2,2,2,2,2,2,2,2,2,2,2,2,2,2,2,2,2,2,2,2,2,2,2,2,2,2,2,2,2,2,2,2,2,2,2,2,2,2,2,2,2,2,2,2,2,2,2,2,301,253,353,327,22
1,0,1,1,0,0,0,1,1,1,0,1,0,1,0,0,1,0,0,1,1,0,0,1,1,1,0,1,1,1,1,1,1,1,1,1,1,1,1,1,0,1,0,1,1,0,1,1,1,1,0,0,0,1,1,1,1,0,0,0,1,1,1,1,1,1,1,1,1,1,1,1,0,1,1,1,1,1,0,1,1,0,1,0,1,1,1,1,0,0,1,0,0,1,0,1,0,1,0,0,1,0,1
2227
333,22,22,22,22,22,22,22,22,22,2,2,2,2,2,2,2,2,2,2,2,2,2,2,2,2,2,2,2,2,2,2,2,2,2
0,1,1,1,1,1,1,1,1,1,1,1,1,0,1,1,1,0,1,1,1,1,1,0,1,1,1,1,1,0,0,1,1,0,0
2228
2,2,2,2,2,2,2,2,2,2,2,2,2,2,2,2,2,2,2,2,370,236,45,359,22,22,22,22,22,22,22,22,313,293,171,317,288,301
0,0,0,0,1,1,0,0,0,1,0,1,1,1,0,0,0,1,0,0,0,1,1,0,1,0,1,1,0,0,0,0,1,1,1,0,0,0
2229
78,73,236,357,305,310,295,22,22,22,22,22,22,22,291,279,288,2,2,2,2,2,2,2,2,2,2,2,2,2,2,2,2,2,2,2,2,2,2,2,2,2,2
1,0,1,1,0,1,0,1,1,1,0,1,1,1,1,0,1,1,0,1,1,1,1,0,1,1,0,0,1,0,0,1,1,0,0,0,0,1,0,1,0,0,0
2230
299,296,73,246,337,236,327,254,22,22,22,22,22,22,22,22,22,22,22,22,22,22,298,55,317,199,302,336,364,175,359,328,2,2,2,2,2,2,2,2,2,2,2,2,2,2,2,2,2,2,2,2,2,2,2,2,291,65,171,45,340
1,0,0,1,0,1,0,0,1,0,0,0,0,1,0,0,1,0,1,0,0,1,1,1,0,1,0,0,1,0,0,0,1,0,0,0,0,1,0,0,0,0,1,1,1,1,1,1,1,0,0,1,1,1,0,1,1,0,0,1,0
2231
290,296,356,76,236,297,318,304,41,284,355,302,324,363,327,22,22,22,22,22,22,22,22,22,22,22,22,22,22,22,22,282,237,352,146,65,308,325,263,144,300,349,348,111,285,353,340,301,294,253,2,2,2,2,2,2,2,2,2,2,2,2,2,2,2,2,2,2,2,2,2,2,2,2,2,2,2,2,2,2,2,2,2,2,2,2,2,2,2,2,2,2,321
0,1,1,0,1,1,1,0,1,0,1,0,1,0,1,0,1,0,1,0,1,0,0,1,0,1,1,0,1,1,1,1,0,1,1,0,1,0,0,1,1,0,1,0,1,0,0,1,1,1,1,0,1,0,0,1,1,0,1,0,0,1,0,1,1,0,0,1,1,0,0,1,0,1,0,0,0,1,0,1,1,0,1,0,1,1,1,1,0,0,1,1,1
2232
367,246,358,344,253,345,297,311,5,363,295,22,22,22,22,22,22,22,22,237,146,341,289,343,175,144,314,48,307,331,2,2,2,2,2,2,2,2,2,2,2,2,2,2
1,1,0,1,1,0,1,1,1,0,1,0,0,1,1,1,1,1,1,1,1,1,1,0,1,1,1,1,1,0,1,1,1,0,1,1,1,1,0,0,0,0,1,0
2233
177,155,2,2,2,2,345
0,0,0,0,0,1,0
2234
296,236,318,315,355,174,283,45,330,292,295,22,22,22,22,22,22,22,22,22,22,22,22,22,22,22,322,354,56,317,254,280,55,320,350,316,333,357,319,291,294,171,288,2,2,2,2,2,2,2,2,2,2,2,2,2,2,2,2,2,2,2,2,2,2,2,2,2,2,2,2,2,2,91
1,1,1,1,0,0,1,1,1,0,1,0,0,1,1,1,1,0,1,1,0,0,1,0,1,1,1,0,0,1,0,1,1,0,0,1,0,0,1,1,0,0,0,0,0,0,0,1,1,0,0,0,0,1,0,1,1,1,0,0,1,1,1,1,1,1,1,0,1,0,1,0,1,0
2235
285,65,144,22,2
0,1,0,1,1
2236
246,351,236,252,252,5,330,22,22,22,22,22,300,146,155,2,2,2,2,2,2,2,2,2,2,2,2,2,2,2,2,2,2,2,2,2,2,2,312,325,263,357,319,309,76,338,279,307,288,340
0,1,1,0,0,0,1,1,1,0,1,1,0,0,1,0,0,1,1,1,0,1,1,1,1,1,0,0,1,0,1,0,1,0,1,1,1,1,0,1,1,1,0,0,1,0,1,0,1,0
2237
333,2,2,2,2
0,0,0,0,0
2238
236,236,252,324,292,91,293,352,317,341,78,315,334,325,263,316,288,288,309,340,291,294,171,45,2,2,2,2,2,2,2,2,2,2,2,2,2,2,2,2,2,2,2,2,2,2,2,2,2,2,2,2,22,22,22,22,22,22,22,22,22,22,22,22,22
1,1,1,1,0,1,1,1,1,1,1,1,1,0,1,0,1,1,1,0,1,1,1,0,1,0,1,0,0,1,0,1,1,1,0,1,1,1,1,0,0,0,1,1,1,1,1,1,1,1,0,0,1,1,1,1,1,1,1,1,0,0,0,1,0
2239
323,279,351,281,5,333,305,27,330,359,2,2,2,2,2,2,2,2,2,2,2,2,2,2,2,2,2,2,2,2,2,2,2,2,2,2,2,2,2,2,2,2,2,2,2,2,2,2,2,2,2,2,2,2,2,2,2,2,294,171,317,237,301,22,22,22,22,22,22,22,22,22,22,22,22,22,22,22,22,22,22,22,22,22,22,22,22,22,22,22,22,22,22
0,1,1,0,0,1,1,1,1,0,1,1,0,0,0,0,1,0,0,0,1,0,1,1,1,1,0,1,0,0,0,1,0,1,1,0,0,1,0,0,1,1,1,1,1,1,1,1,0,0,0,1,1,1,1,1,0,0,0,0,0,0,0,1,1,1,1,1,1,0,0,1,0,1,0,1,1,0,1,1,0,1,0,1,1,1,0,1,0,1,0,0,0
2240
73,73,246,347,236,236,318,286,41,305,305,324,330,22,22,22,22,22,22,22,22,22,22,22,22,22,22,22,22,22,22,22,22,22,297,293,367,237,146,332,155,111,177,55,336,329,316,322,76,171,307,45,327,296,235,344,304,5,5,355,284,283,363,292,295,91,91,346,56,317,349,303,106,199,325,110,333,348,364,2,2,2,2,2,2,2,2,2,2,2,2,2,2,2,2,2,2,2,2,2,2,2,2,2,2,2,2,2,2,2,2,2,2,2,2,2,2,2,2,2,2,2,2,2,2,2,2,2,2,2,2,2,2,2,2,2,2,2,2,2,2,2,2,2,2,2,2,2,360,208,291,48,334,288,288
0,1,1,0,1,1,0,1,1,1,1,1,1,1,1,1,1,0,1,1,1,0,1,1,1,0,1,1,0,1,1,1,1,1,1,1,1,1,1,1,0,1,1,1,1,1,1,1,1,1,0,1,1,1,0,1,1,0,1,1,1,1,1,1,1,1,1,1,1,1,1,0,1,1,1,0,1,1,0,1,1,1,1,1,1,1,1,1,1,0,0,1,0,1,1,1,1,1,1,0,0,0,1,1,1,1,1,1,1,1,0,1,0,0,1,1,1,0,0,1,1,1,1,0,0,1,1,1,0,1,1,1,0,1,1,1,1,1,1,1,1,1,1,1,1,1,1,1,1,1,1,1,1,1,1
2241
290,73,347,236,287,41,253,304,297,358,5,5,254,324,330,151,22,22,22,22,22,22,22,22,22,22,22,22,22,22,22,22,22,22,22,22,22,22,22,22,22,22,22,22,22,322,367,346,352,146,65,280,365,320,343,325,144,333,305,235,285,174,359,301,344,294,279,307,288,2,2,2,2,2,2,2,2,2,2,2,2,2,2,2,2,2,2,2,2,2,2,2,2,2,2,2,2,2,2,2,2,2,2,2,2,2,2,2,2,2,2,2,2,2,2,2,2,2,2,2,2,2,2,2,2,2,2,2,2,2,2,2,2,2,2,2,2,2,2,2,2,368
0,1,1,1,1,1,1,1,1,1,1,1,0,1,1,1,1,0,1,1,1,1,1,1,1,1,0,0,0,1,1,0,1,1,1,1,1,1,1,1,1,1,1,1,0,1,0,1,1,1,1,1,1,0,1,0,1,0,1,0,0,1,0,0,1,1,1,0,0,1,1,1,1,0,0,1,1,1,0,1,1,1,1,1,1,1,1,1,1,1,0,1,1,0,0,0,1,1,1,1,1,0,1,1,0,1,0,1,1,1,1,1,1,0,1,1,1,0,0,0,1,1,1,1,1,0,1,1,1,1,1,0,1,1,1,1,1,1,0,1,0,1
2242
323,311,337,236,287,318,367,22,22,22,22,22,22,22,22,22,22,22,22,22,22,22,22,22,22,22,22,22,22,22,22,22,22,346,282,111,336,335,316,319,309,171,2,2,2,2,2,2,2,2,2,2,2,2,2,2,2,2,2,2,2,2,2,2,2,2,2,2,2,2,2,2,2,2,2,2,2,2,2,2,2,2,2,2,2,2,2,2,2,2,2,2,2,2,2,2,2,2,2,2,2,2,2,2,2,2,2,2,235,356,253,304,46,5,355,252,283,151,293,56,317,341,78,315,354,343,350,106,333,357,328,124,247,65,279,288,301,368
1,1,1,0,1,1,1,1,0,0,0,1,1,1,1,1,1,1,0,0,1,0,0,1,1,1,1,1,1,1,1,0,1,1,0,0,1,1,1,1,1,1,1,0,0,1,1,1,0,1,0,0,1,0,1,0,1,0,1,1,1,0,1,1,0,1,0,0,0,1,1,1,1,0,1,1,1,1,1,1,1,1,0,1,1,1,1,1,1,0,1,0,0,1,1,1,1,0,1,1,1,0,1,0,1,0,0,0,0,0,0,0,1,1,1,1,0,1,0,0,0,0,1,1,1,0,0,0,0,0,1,0,0,1,1,0,0,1
2243
324,2
1,0
2244
299,73,337,336,281,344,253,304,276,5,5,252,295,22,22,22,22,22,22,22,22,22,22,22,22,22,22,22,22,22,298,339,346,55,332,348,78,312,151,352,199,329,335,144,350,333,300,322,68,353,367,301,334,319,2,2,2,2,2,2,2,2,2,2,2,2,2,2,2,2,2,2,2,2,2,2,2,2,2,2,2,2,2,2,2,2,2,2,2,2,2,2,2,2,2,2,2,2,2,321
1,1,1,1,0,1,1,0,0,1,1,1,1,1,1,0,0,1,1,1,1,0,1,1,1,1,1,1,1,1,1,0,1,1,1,1,1,1,1,1,1,1,1,1,1,1,0,1,1,1,1,1,1,0,1,1,1,1,0,1,1,1,0,1,1,1,1,1,1,1,1,0,0,1,1,1,0,0,0,0,0,1,1,0,1,1,1,1,0,1,1,1,1,1,1,1,1,1,1,1
2245
296,330,330,22,22,22,22,22,279,288,2,2,2,2,2,2,2,2,2,2,2,2,2,2,2,2,2,2,2,2,2,2,2,2,2,2,2,2,2,2,2,2,2,2,2,2,2,2,2,2,2,2,2,2,2,2,2,2,343
0,0,1,0,1,0,1,0,0,0,1,1,1,1,1,1,0,0,1,1,1,0,1,1,1,0,1,0,0,1,1,1,0,0,0,0,0,1,0,1,0,0,0,0,0,0,0,1,0,1,1,1,0,1,0,0,0,0,0
2246
2,22,236
1,0,0
2247
312,367,354,350,276,151,319,330,309,91,320,2,2,2,2,2,2,2,2,2,2,2,2
0,1,0,1,1,0,0,0,0,0,0,0,0,0,0,1,1,0,0,0,0,0,0
2248
2,2
0,0
2249
48,311,236,236,296,344,252,368,358,284,5,146,324,22,22,22,22,22,22,22,22,22,22,22,22,22,22,22,22,346,237,56,182,313,308,303,283,315,320,343,41,329,317,175,110,316,302,332,68,174,327,78,345,291,294,171,45,2,2,2,2,2,2,2,2,2,2,2,2,2,2,2,2,2,2,2,2,2,2,2,2,2,2,2,2,2,2,2,2,2,2,2,2,2,2,2,2,2,2,2,2,2,2,2,2,2,2,2,2,2,2,2,2,2,2,2,2,2,2,2,321
0,1,0,1,0,1,1,0,0,1,0,0,0,0,0,0,0,0,0,0,0,1,0,1,0,0,1,0,1,1,0,1,0,0,0,0,0,0,0,0,0,1,0,0,0,1,0,0,0,0,0,1,1,1,1,0,0,1,0,1,1,0,1,0,1,0,1,0,0,1,0,0,0,0,1,0,0,0,0,0,0,0,0,1,0,0,0,0,0,1,0,1,0,0,0,1,0,0,0,1,0,1,1,0,1,1,1,1,0,1,1,0,1,0,0,1,0,0,0,0,1
2250
208,2,2
0,0,1
2251
367,246,347,236,311,247,318,286,368,284,283,292,22,22,22,22,22,22,22,22,22,22,22,22,326,293,300,365,313,337,151,55,343,331,329,110,175,357,294,235,309,76,124,314,65,321,288,2,2,2,2,2,2,2,2,2,2,2,2,2,2,2,2,2,2,2,2,2,2,2,2,2,2,2,2,2,2,2,2,2,2,2,2,2,2,2,2,2,2,91
0,0,0,1,1,0,1,0,1,0,1,1,1,1,0,1,0,0,0,0,0,1,0,0,1,1,0,0,0,0,0,1,0,0,1,0,0,0,0,0,0,1,0,1,1,1,1,1,0,0,1,1,0,0,0,0,0,0,0,1,0,0,0,1,0,0,0,1,1,0,0,0,0,0,0,0,1,0,0,1,1,0,0,0,0,1,1,1,0,0
2252
22,2,2,2
1,1,1,1
6223
2,2,2,2,2,2,2,2,2,2,2,2,2,2,2,2,2,2,2,2,2,2,2,2,2,2,2,2,2,2,2,2,2,2,2,2,2,2,2,2,2,2,2,2,2,2,2,2,2,2,2,2,2,2,2,2,2,2,2,2,2,236,86,86,288,288,349,292,359,22,22,22,22,22,22,22,22,22,22,22,22,22,22,22,22,22,22,22,22,22,22,22,22,22,313,293,171,317,45,301,91
0,0,0,1,0,0,1,1,0,0,0,0,1,1,1,1,0,1,1,0,1,0,0,0,1,1,0,0,1,0,1,0,1,1,0,0,1,1,0,1,1,1,1,1,0,0,1,0,1,1,1,1,0,1,0,0,0,0,1,1,1,1,0,0,0,0,1,1,0,0,0,0,1,0,0,1,1,0,1,1,1,1,1,1,1,1,1,0,0,1,1,1,1,0,1,0,1,1,1,0,0
2254
312,367,76,280,287,263,358,5,282,68,353,340,22,22,22,22,22,22,22,360,208,346,146,349,2,2,2,2,2,2,2,2,2,2,2,2,2,2,2,2,2,2,2,2,2,2,2,2,2,2,321
1,1,1,0,0,1,1,0,1,1,0,0,0,1,0,1,1,1,1,1,0,1,1,0,0,0,1,1,1,0,1,0,1,1,1,1,0,1,1,1,0,1,0,1,0,1,1,1,1,1,1
2255
235,22,22,22,124,358,335,41,247,2,2,2,2,2,2,2,2,2,2,2,348
0,1,0,0,0,0,0,0,1,0,0,1,1,0,1,1,1,0,0,0,0
2256
78,299,73,22,22,22,22,22,236,298,288,2,2,2,2,2,2,2,2,2,2,2,2,2,2,2,2,2,2,2,2,2,2,2,2,2,2,2,2,2,2,2,2,2,2,2,2,2,2
0,1,1,0,0,1,0,1,0,1,0,1,1,1,1,1,0,0,0,0,0,0,1,0,0,1,1,1,0,1,0,0,0,1,1,1,0,1,1,1,1,0,0,0,0,0,0,1,0
2257
280,199,287,344,41,5,284,22,22,22,22,22,22,22,314,339,352,2,2,2,2,2,2,2,2,2,2,2,2,2,2,2,2,2,2,2,321
0,1,1,1,0,1,1,1,0,0,0,0,0,1,1,1,1,1,0,1,0,0,0,1,1,1,0,1,1,1,0,1,1,1,0,0,1
2258
2
0
2259
281,312,22,2,2,2
0,1,0,0,1,0
2260
283
0
2261
283,312,155,76,339,294,5,5,2,2,2,2,2,2,2,2,2,2,2,2,2,22,22
1,1,1,0,0,0,0,0,0,1,0,1,0,1,0,1,0,1,1,1,0,1,0
2262
290,337,236,284,302,288,295,22,22,22,22,22,22,22,22,22,22,22,22,293,56,317,313,341,2,2,2,2,2,2,2,2,2,2,2,2,2,2,2,2,2,2,315,279,316,300,353,309,326,171,45,301
0,0,0,0,0,0,0,0,0,1,1,0,0,1,1,0,0,0,0,0,0,0,1,0,0,1,1,0,1,0,0,0,1,0,0,0,0,0,0,1,1,0,0,0,0,0,0,1,1,0,1,0
2263
22,22,2,2,2,2,2,2,2,2,2,2,2,2,2,2,2,2,2,2,2,2,2,2,2
0,1,1,1,1,1,1,1,1,1,1,1,1,0,1,1,1,0,1,1,1,1,1,0,1
2264
2
0
2265
311,236,287,276,174,22,22,22,22,22,22,22,22,22,22,22,22,22,22,22,22,22,22,22,322,237,317,335,353,359,76,314,171,45,2,2,2,2,2,2,2,2,2,2,2,2,2,2,2,2,2,2,2,2,2,2,2,2,2,2,2,2,2,2,2,2,2,2,2,2,2,2,2,2,2,2,2,2,2,2,2,2,2,2,2,2,2,2,2,2,296,284,297,253,304,5,5,358,254,363,292,295,91,293,55,182,349,199,289,320,343,110,263,350,333,348,27,328,208,291,279,288,288,340,368
0,0,1,1,0,0,0,0,0,1,0,1,0,0,1,0,0,1,1,0,0,1,0,1,0,0,0,0,0,1,0,0,0,1,0,0,0,0,0,0,0,0,0,0,1,0,0,0,0,1,1,0,0,0,1,0,0,1,0,0,0,0,1,0,0,1,0,0,1,0,1,0,0,1,1,0,1,0,1,0,1,1,1,0,0,0,0,0,1,0,0,0,0,0,0,0,0,0,0,1,0,0,0,0,1,0,0,1,0,0,0,0,0,0,0,1,0,1,0,0,1,0,0,0,0
2266
78,296,296,310,22,22,236,46,2,2,2,2,2,2,2,2,2,2
1,0,1,1,0,1,0,1,1,0,1,0,0,0,0,1,1,0
2267
290,323,246,351,281,41,252,284,5,22,22,22,22,22,22,22,22,22,22,22,22,22,22,22,22,2,2,2,2,2,2,2,2,2,2,2,2,2,2,2,2,2,2,2,2,2,2,2,2,2,2,2,2,2,2,2,2,2,2,2,2,2,2,2,2,2,346,352,349,289,177,365,320,343,91,325,354,335,301,78,319,309,76,110,208,294,279,288,340,321
0,0,1,1,0,0,1,0,1,1,1,1,0,1,1,0,1,1,1,1,1,1,0,1,1,1,0,0,1,0,0,0,1,1,1,1,1,0,1,1,1,0,0,1,0,0,1,0,1,0,1,1,1,1,0,1,0,1,1,1,1,1,0,1,1,0,1,1,0,0,1,1,0,1,1,1,1,1,1,0,1,1,1,0,0,1,1,0,0,1
2268
22,22,22,2,2,2,2,2,2,2,2,2,2,2,2,2,2,2,2,2,2,2,2,2
0,0,1,1,1,0,1,0,1,0,0,0,0,0,0,0,1,1,0,0,1,0,1,1
2269
182,2
0,0
2270
359,22,22,22,22,22,22,236,313,334,317,171,2,2,2,2,2,2,2,2,2,2,2,2,368
0,1,0,1,0,1,0,1,1,0,0,0,0,1,1,1,0,0,0,1,0,0,0,0,1
2271
353,356,55,345,346,352,2,2,2,2,2,2,2,2,22
1,1,0,1,1,1,0,0,0,1,0,0,1,0,1
2272
22,22,22,22,22,22,22,22,2,2,2,2,2,2,2,2,2,2,2,2,2,2,2
1,1,0,1,1,0,1,0,0,0,1,1,0,0,1,1,1,1,0,0,0,0,1
2273
323,73,246,287,276,5,254,22,22,22,22,22,22,22,22,22,22,22,22,22,22,282,2,2,2,2,2,2,2,2,2,2,2,2,2,2,2,2,2,2,2,2,2,2,2,2,2,2,2,2,2,2,2,2,2,2,2,2,2,2,2,2,146,349,155,343,302,365,199,91,86,350,301,333,300,306,285,76,124,340,321
1,1,1,0,0,0,0,1,0,0,1,1,0,1,0,0,0,0,1,1,1,0,1,0,0,0,1,0,0,0,1,0,1,0,0,0,0,0,1,0,1,1,1,0,1,0,1,0,0,0,0,1,0,1,0,1,0,1,0,1,1,0,1,0,1,1,1,1,1,0,0,0,1,1,0,1,1,1,0,1,1
2274
344,334,22,22,22,2,2,2,2,2,2,2,2,2,2,2,2,91
1,1,0,1,0,1,1,0,0,0,1,0,0,0,1,1,0,0
2275
78,296,299,320,236,312,303,276,300,310,22,22,22,22,22,22,22,305,309,237,279,288,2,2,2,2,2,2,2,2,2,2,2,2,2,2,2,2,2,2,2,2,2,2,2,2,2,2,2,2,2,2,2,2,2,2,2,2,2,2,2,2,2,2,2,2,2,2,2,2,2,2,2,2,2,2,2,2,2,2,2,2,2,2,2,2,2,2,2,2,2,2,2,2,2,2,2,2,2,2,2,2,2,2,2,2,2,2,2,2
1,1,1,1,1,1,0,1,0,1,0,0,1,0,0,0,0,0,0,0,0,0,0,0,1,0,1,1,1,1,1,1,1,0,1,1,0,1,1,1,0,1,1,1,0,0,1,1,0,1,1,1,1,1,1,1,1,1,1,1,0,1,1,1,1,1,1,1,1,0,1,1,1,1,1,1,0,0,1,1,0,1,0,1,1,1,1,0,1,1,1,0,1,1,1,0,1,1,0,1,1,1,0,1,1,0,1,1,1,1
2276
303,303,323,315,171,326,318,41,252,78,316,342,328,22,22,22,22,22,22,124,345,333,56,317,335,2,2,2,2,2,2,2,2,2,2,2,2,2,2,2,2,2,2
0,1,0,0,1,0,1,0,1,1,0,1,0,0,0,1,0,1,0,1,0,1,0,0,0,0,0,0,0,1,1,1,1,1,0,0,1,1,0,0,0,0,1
2277
247,22,236,253,5,2,2,2,2,2
0,0,1,0,0,0,0,0,0,1
2278
299,323,367,367,246,351,337,318,286,276,73,73,302,330,22,22,22,22,22,22,22,22,22,22,22,22,22,22,22,22,22,22,22,22,22,22,322,282,237,146,332,280,365,349,300,319,285,353,76,294,2,2,2,2,2,2,2,2,2,2,2,2,2,2,2,2,2,2,2,2,2,2,2,2,2,2,2,2,2,2,2,2,2,2,2,2,2,2,2,2,2,2,2,2,2,2,2,2,2,2,2,2,2,2,2,2,177,289,247,356,298,41,352,5,5,5,252,358,339,55,182,48,199,78,343,86,110,350,67,68,328,345,208,303,65,279,288
1,1,1,1,1,0,1,1,1,0,1,1,1,1,1,0,1,1,1,0,1,1,1,0,1,0,1,1,1,1,0,0,1,0,1,1,1,1,0,1,1,1,1,0,0,0,0,1,1,1,1,1,1,0,1,0,0,1,1,1,1,1,1,1,1,1,0,1,1,1,1,1,0,1,1,1,1,0,1,1,1,1,1,1,1,1,1,1,1,1,1,0,1,1,0,1,1,1,0,1,1,1,0,1,1,1,1,1,0,1,1,1,1,0,0,0,1,1,0,1,1,0,1,1,1,0,0,1,1,1,1,1,0,1,1,1,1
2279
283,311,76,295,22,22,22,182,297,2,2,2,2,2,2,2,2,2,2,2,2,2,2,2,2,2,2,2,2,2,2,2,2,2,2,2,2,2,327
1,1,1,0,0,1,1,0,1,0,1,0,0,0,0,1,0,0,0,0,1,1,1,0,1,1,0,0,0,0,0,1,0,0,0,0,1,0,1
2280
22,2
1,0
2281
323,67,2,2,2,2,2,2,2,2,2,2,2,2,2,2,2,2,2,2,2,2,2,2,2,2,2,2,2,2,2,2,2,2,2,2,2,2
0,1,1,1,1,1,1,1,0,1,0,0,0,0,0,0,1,1,1,0,0,1,0,1,1,0,1,1,1,1,1,1,1,1,0,1,0,1
2282
235,356,144,335,358,355,174,363,22,22,22,22,22,22,282,55,182,349,289,352,354,329,110,175,350,301,5,357,111,68,326,314,65,331,2,2,2,2,2,2,2,2,2,2,2,2,2,2,2,2,2,2,2,2,2,2,2,2,2,2,2,2,2,2,2,2,2,2,2,2,2,2,2,2,2,2,2,2,2,2,2,2,2,2
0,0,0,1,1,1,0,1,1,0,0,0,0,0,0,1,0,0,1,0,0,1,1,1,0,1,0,1,0,1,0,1,0,0,1,0,0,0,1,0,0,1,1,1,0,1,1,1,0,0,1,0,0,0,0,0,0,1,1,1,0,1,0,0,0,1,0,0,0,1,1,1,0,0,1,0,1,0,0,0,1,0,0,0
2283
315,288,22,22,236,293,301,316,45,2,2,2,2,2,2,2,2,2,2,313
1,0,1,0,1,1,1,0,1,0,0,1,1,0,0,1,1,0,0,0
2284
78,22,236,48,288,2
0,0,0,0,0,0
2285
208,352,22,22,22,22,22,2,2,2,2,2,2,2,2,2,2,2
0,1,0,1,0,0,0,0,0,0,1,0,1,0,0,0,0,0
2286
155,22,22,2,2,2,2,2,2,2
0,0,0,0,1,0,0,0,0,0
2287
22,22,22,22,22,22,22,22,22,2,2,2,2,2,2,2,2,2,2,2,2,2,2,2,2,2,2,2,2,2,2,2,2,2,2,2,2,2,2,2,2,2,2,2,2,2,2,2
0,1,0,1,0,0,0,0,0,0,0,1,0,0,0,0,0,0,0,0,0,0,0,0,0,0,0,1,0,0,0,0,1,1,0,0,0,0,0,1,0,0,1,0,0,0,0,0
2288
2,2,2
0,1,1
2289
347,336,46,5,355,22,22,22,22,22,22,22,22,22,22,22,22,22,22,22,22,219,282,332,361,341,362,315,343,369,316,348,353,310,76,171,2,2,2,2,2,2,2,2,2,2,2,2,2,2,2,2,2,2,2,2,2,2
0,0,1,0,1,0,1,0,1,0,1,1,1,1,1,1,1,0,1,0,0,1,0,0,0,1,1,0,0,0,0,0,0,1,1,0,0,0,0,0,0,1,0,1,1,1,0,1,1,1,1,0,1,1,0,0,1,0
2290
45,56,2,2,2,2,2,2,2,2,2,236,291,171,317,316,326,22,22
1,1,0,0,0,0,1,0,0,1,0,1,0,1,0,0,0,0,1
2291
22,22,2,2,2
1,1,0,1,1
2292
2,2
0,0
2293
247,236,91,46,280,313,45,292,22,22,22,22,22,22,22,293,171,317,305,2,2,2,2,2,2,2,2,2,2,2,2,2,2,177
0,1,0,1,0,0,1,0,1,0,1,0,0,1,1,1,0,0,0,0,1,0,0,0,0,0,0,0,1,1,0,0,1,0
2294
329
0
2295
289,177,322,344,73,2,2,2,2,2
1,1,1,1,1,1,1,1,0,1
2296
315,315,56,22,22,22,22,22,22,171,171,317,317,316,2,2,2,2,2
1,1,0,1,1,0,0,1,0,1,1,0,0,1,0,0,0,0,0
2297
336,281,304,276,280,284,5,254,22,22,22,22,22,22,22,22,22,22,322,237,55,182,111,177,320,199,110,263,333,300,338,309,340,360,328,305,2,2,2,2,2,2,2,2,2,2,2,2,2,2,2,2,2,2,2,2,2,2,2,2,2,2,2,2,2,368
1,0,0,0,1,1,1,1,1,1,1,1,1,1,1,1,0,0,1,1,1,1,0,1,1,0,1,1,0,1,0,1,1,1,0,1,1,1,1,1,1,0,1,1,0,1,1,1,1,1,1,1,1,1,1,1,0,1,0,1,1,1,0,1,1,1
2298
362,310,22,236,313,2,2,2,2,45
1,1,1,1,1,0,1,1,1,1
2299
340,22,2,2,2,2,2,2,2,2,358
0,1,0,1,1,1,0,0,0,1,0
2300
367,351,337,236,281,286,41,302,330,22,22,22,22,22,22,22,22,22,22,22,22,22,22,22,22,22,22,22,22,22,22,22,146,155,177,55,285,329,335,300,111,287,309,76,314,294,307,327,78,235,304,5,5,5,5,252,363,295,339,106,352,182,308,303,151,354,263,350,333,338,328,2,2,2,2,2,2,2,2,2,2,2,2,2,2,2,2,2,2,2,2,2,2,2,2,2,2,2,2,2,2,2,2,2,2,2,2,2,2,2,2,2,2,2,2,2,2,2,2,2,2,2,2,2,2,2,2,2,2,2,2,2,2,124,280,65,334,340,321
1,0,0,1,0,0,0,0,1,0,0,0,1,0,1,0,0,0,0,0,1,1,1,1,0,1,1,1,1,1,1,0,0,1,1,1,0,1,1,1,0,1,1,0,1,1,0,0,1,0,0,0,0,1,0,1,1,1,0,1,1,1,0,0,0,1,1,1,0,1,1,0,1,0,1,1,1,0,0,1,0,1,1,1,1,1,0,0,0,0,0,1,0,0,1,0,0,1,0,0,1,0,1,0,0,1,1,1,0,1,1,1,1,0,1,1,0,1,0,1,1,0,1,1,0,0,1,1,1,0,1,1,1,0,0,1,1,0,1
2301
296,311,354,337,345,348,2,2,2,2,2,2,2,2,2,2,22,22,22,22,22,22
0,1,0,0,0,0,1,0,0,1,1,0,1,0,0,0,0,0,0,1,0,0
2302
22,2,2,2
0,1,0,0
2303
124,311,22,22,2,2,2,2,2,2,331
0,0,0,0,0,1,0,0,1,1,0
2304
299,73,73,359,22,22,22,22,22,22,22,22,22,236,298,86,291,171,2,2,2,2
1,0,0,0,1,1,0,1,0,1,0,0,1,0,1,0,0,1,0,0,0,0
2305
323,247,236,287,5,359,22,22,22,22,345,171,317,313,2,2,2
0,1,0,1,1,0,1,1,0,0,0,0,0,1,0,0,0
2306
286,2,2,2,2,2,340
1,0,1,1,1,1,0
2307
22,2
0,0
2308
347,236,304,301,313,359,340,22,22,22,22,22,22,22,293,171,317,45,2,2,2,2,2,2,2,2,2,2,2,2,2,2,2,2,2,2,2,2,2,2
1,1,0,0,1,0,0,1,1,1,1,1,1,1,1,1,0,1,1,1,1,1,1,1,1,0,0,1,1,1,1,1,1,1,1,1,0,0,0,0
2309
235,246,337,253,252,5,5,292,295,22,22,22,22,22,22,22,22,22,22,22,22,22,339,293,293,174,182,65,308,280,91,329,175,350,333,326,314,294,2,2,2,2,2,2,2,2,2,2,2,2,2,2,2,2,2,2,2,2,2,2,2,2,2,2,2,2,2,2,2,2,2,2,2,2,2,2,2,2,2,2,2,2,321
0,0,0,0,0,0,0,0,0,0,1,0,1,0,0,1,0,1,0,1,1,1,0,0,0,1,0,0,0,1,0,0,0,1,0,1,1,0,0,1,0,0,0,0,1,1,0,0,1,0,0,0,0,1,1,0,0,0,0,0,0,0,0,1,0,1,0,0,1,1,1,1,1,0,0,0,0,1,0,0,0,0,1
2310
48,367,289,347,323,344,253,304,276,284,355,358,283,330,22,22,22,22,22,22,22,22,22,22,22,22,22,22,22,322,318,348,182,65,155,308,303,338,151,329,237,175,144,300,333,349,319,285,326,78,345,208,294,288,2,2,2,2,2,2,2,2,2,2,2,2,2,2,2,2,2,2,2,2,2,2,2,2,2,2,2,2,2,2,2,2,2,2,2,2,2,2,2,2,2,2,2,2,2,91
1,0,1,1,1,1,1,1,1,1,1,1,1,1,1,1,1,1,1,1,1,1,1,1,1,1,1,1,1,1,1,1,1,1,1,1,1,1,1,1,1,1,1,1,1,1,0,1,1,0,1,1,1,1,1,1,1,1,1,1,1,1,1,1,1,1,1,0,1,1,1,1,1,1,1,1,1,1,1,1,1,1,1,1,1,1,1,1,1,1,1,1,1,1,1,0,1,1,1,1
2311
323,246,347,280,302,363,295,22,22,22,22,22,22,22,22,22,22,22,237,308,312,151,106,199,325,335,338,353,279,307,305,2,2,2,2,2,2,2,2,2,2,2,2,2,2,2,2,2,2,2,2,2,2,2,2,2,2,2,2,2,2,2,2
1,1,0,1,0,1,1,1,1,0,1,0,1,1,1,1,1,1,0,1,1,1,1,1,1,1,0,0,1,1,1,1,0,1,1,1,1,1,0,1,0,0,1,1,0,1,1,1,0,0,1,1,1,1,1,0,1,1,0,1,0,1,1
2312
2,2,5,336,22
1,1,0,0,0
2313
365,236,335,350,301,313,45,330,22,22,124,293,346,237,352,288,288,2,2,2,2,2,2,2,2,2,2,2,2,2,2,2,2,2,2,2,308
1,0,0,0,0,0,1,0,0,1,0,1,1,0,1,0,0,0,0,0,0,0,1,0,0,0,1,1,0,0,0,0,1,0,0,0,0
2314
323,367,343,287,46,67,111,22,22,22,22,280,346,368,2,2,2,2,2,2,2,2,2,2,2,2,2,2,2,2,2,321
1,1,0,1,1,0,0,1,1,1,1,0,0,1,1,1,0,0,1,0,1,0,0,0,0,1,1,0,0,0,1,0
2315
22,22,22,2,2,2,2,2,2,2,2,2,2,2,2,2,2,2,2,2,2,2,2,2,2
0,0,1,1,0,0,0,1,0,0,1,1,1,1,0,0,1,0,0,1,1,0,1,0,0
2316
311,246,236,369,56,46,315,315,316,235,68,365,22,22,22,22,22,22,22,22,22,22,22,22,293,291,171,171,317,45,2,2,2,2,2,2,2,2,2,2,2,2,2,2,2,2,2,2,2,2,91
1,0,0,0,1,1,1,1,0,0,1,0,1,0,1,1,0,0,0,0,1,0,1,0,1,0,0,0,0,0,0,0,0,0,0,0,0,0,1,0,0,0,0,0,0,0,0,1,1,1,0
2317
311,351,347,347,236,236,236,281,318,297,73,302,346,237,237,146,146,332,155,329,182,319,287,353,309,76,76,314,307,305,326,326,296,296,252,252,284,174,254,292,91,339,352,349,308,308,289,86,110,263,348,338,68,328,328,2,2,2,2,2,2,2,2,2,2,2,2,2,2,2,2,2,2,2,2,2,2,2,2,2,2,2,2,2,2,2,2,2,2,2,2,2,2,2,2,2,2,2,2,2,2,2,2,2,2,2,2,2,2,2,2,2,2,2,2,2,2,2,2,2,2,2,2,2,2,2,2,2,2,2,2,2,2,2,2,2,2,2,2,2,2,2,2,2,2,2,2,2,2,2,2,2,2,2,2,2,2,2,2,2,2,2,2,2,2,2,2,2,2,2,2,2,2,2,2,2,2,2,2,2,2,2,2,2,2,2,2,2,2,2,2,2,2,2,2,2,2,2,2,2,2,2,2,2,2,2,2,2,2,2,2,2,2,2,2,2,2,2,2,2,2,2,2,2,2,2,2,2,2,2,2,2,2,2,2,2,2,2,2,2,2,2,2,2,2,2,2,2,2,2,2,2,2,124,124,208,48,331,331,301,321,290,290,323,367,246,246,337,336,276,276,330,330,22,22,22,22,22,22,22,22,22,22,22,22,22,22,22,22,22,22,22,22,22,22,22,22,22,22,22,22,22,22,22,22,22,22,22,22,22,22,22,22,22,22,22,22,22,22,22,22,22,22,22,22,22,22,22,22,22,22,22,22,282,357,357,312,312,280,364,364,5,5,5,5,300,300,111,111,359,294,294,171,45,327,247,344,304,177,355,358,283,283,363,363,293,55,317,78,151,151,342,325,333,340,340,345,345,291,279,288,288,288
1,0,1,1,1,1,1,0,1,1,1,1,1,1,1,1,1,1,0,1,1,1,1,1,1,1,1,1,1,1,1,1,1,0,1,1,1,0,1,1,1,1,1,1,1,1,1,0,1,1,1,0,1,1,1,1,1,1,1,1,1,1,1,1,0,1,1,1,1,1,1,1,1,1,1,1,1,1,1,1,0,0,1,1,1,1,1,0,0,1,1,1,1,0,1,1,1,0,1,1,1,1,1,1,1,1,1,1,1,1,1,1,1,0,1,1,1,1,1,0,1,1,0,1,1,1,1,1,0,1,1,1,1,1,1,0,0,1,0,1,1,1,1,1,1,1,1,0,1,1,0,1,1,0,1,1,0,1,1,1,0,1,1,1,0,1,1,1,1,1,1,1,1,1,1,1,1,0,1,1,1,1,1,1,1,1,1,1,1,1,1,0,0,1,0,1,1,1,1,1,0,1,0,1,1,1,1,0,1,1,1,1,1,1,1,1,1,1,1,1,1,0,0,1,1,1,1,1,0,1,1,1,1,1,1,1,0,1,1,1,0,1,0,0,1,1,1,1,1,1,1,0,1,1,1,1,1,0,1,1,1,0,0,1,1,1,1,1,1,0,1,1,1,1,1,1,0,1,1,1,1,1,1,1,1,1,1,0,1,1,0,1,0,1,1,1,1,1,0,1,1,0,1,0,1,1,0,1,0,1,1,1,1,1,1,1,1,1,1,1,1,1,1,1,1,1,1,1,1,0,1,1,1,1,1,1,1,1,1,1,1,1,1,1,1,1,1,1,1,1,1,1,1,1,1,0,0,1,1,1,1,1,1,1,1,1,1,0,0,1,1,1,1,1,1,1,0,1,1,1,1,1,1
2318
299,290,367,236,287,286,297,330,22,22,22,22,22,22,22,22,22,22,22,22,22,22,22,22,22,22,22,22,22,22,22,22,22,322,155,312,293,329,5,359,76,294,171,252,45,326,296,344,253,358,284,254,363,292,346,2,2,2,2,2,2,2,2,2,2,2,2,2,2,2,2,2,2,2,2,2,2,2,2,2,2,2,2,2,2,2,2,2,2,2,2,2,2,2,2,2,2,2,2,2,2,2,2,2,2,2,2,2,2,2,2,2,2,2,2,2,2,2,2,2,2,2,2,2,2,2,2,2,2,2,2,2,2,317,341,343,350,333,366,327,291,48,288,301,321
1,0,1,1,0,0,1,0,1,1,1,1,0,1,1,1,1,1,1,1,0,0,1,0,0,1,1,1,0,0,1,0,0,1,1,1,0,1,1,0,0,1,0,0,1,0,0,1,1,0,1,0,1,0,1,0,0,0,1,0,1,1,1,1,1,1,0,1,1,1,1,0,1,0,1,0,0,0,1,0,0,0,0,1,0,1,1,0,0,1,0,0,0,1,1,1,1,0,1,1,1,1,1,1,0,1,0,1,1,1,1,1,0,1,1,0,0,0,0,0,1,1,0,1,1,1,1,1,1,1,1,0,0,0,1,1,0,0,1,1,1,1,1,0,1
2319
45,236,22,2,2,2,2,313
0,1,0,0,1,0,0,0
2320
289,312,73,351,344,263,350,355,363,22,22,22,22,22,22,175,2,2,2,2,2,2,2,2
1,1,0,0,1,1,1,0,0,0,0,0,0,1,1,1,0,1,0,1,1,1,1,0
2321
2,2,2,2,2
0,0,1,0,1
2322
296,247,247,287,286,5,283,295,22,22,22,22,22,22,22,22,22,22,22,22,22,22,322,339,237,352,332,348,348,78,312,280,365,106,364,144,305,325,2,2,2,2,2,2,2,2,2,2,2,2,2,2,2,2,2,2,2,2,2,2,2,2,2,2,2,2,2,2,2,2,2,2,2,2,2,2,2,2,2,2,2,2,2,2,2,2,2,2,2,2,2,2,2,2,2,2,2,2,2,2,2,2,2,2,2,2,2,2,2,2,2,2,2,2,2,2,2,2,2,2,2,2,2,2,2,124,360,307,288,301,76
0,1,1,0,0,1,0,1,0,1,1,1,0,0,0,0,1,1,0,0,0,0,1,0,0,0,1,0,0,1,1,0,1,0,0,0,0,0,0,0,1,1,0,0,1,0,1,1,0,0,1,0,0,0,0,1,0,0,0,1,0,1,1,0,0,0,1,1,1,1,1,1,1,1,0,1,0,1,1,0,0,0,1,1,1,0,1,0,0,1,1,0,1,0,0,1,1,0,0,1,1,1,0,1,1,0,0,1,0,1,0,1,0,1,0,1,0,0,1,0,1,1,0,1,0,0,0,1,0,0,0
2323
338,2
0,0
2324
22,236,2,2,2,2,2,2,2,2,2,2,2,313,333,91
1,1,0,0,0,0,0,0,0,0,0,1,0,1,0,0
2325
2
0
2326
285,177,22,22,296,314,281,301,263,335,2,2,2,2,2,2,2,2,2,2,2,300
0,1,0,0,0,1,0,0,0,0,1,0,0,0,0,1,1,0,0,0,0,0
2327
290,312,151,2,2,2,2
0,0,0,0,1,0,0
2328
364,276,22,2,2,2
0,0,0,0,0,0
2329
290,252,254,288,22,22,22,22,22,22,22,22,22,22,22,22,22,22,326,282,56,317,106,289,315,352,320,68,263,316,333,331,319,285,353,328,327,360,48,171,307,305,2,2,2,2,2,2,2,2,2,2,2,2,2,2,2,2,2,2,2,2,2,2,2,2,2,2,2,2,2,2,2,2,2,2,2,321
0,1,0,1,1,1,1,0,1,1,1,1,1,1,1,1,1,0,1,1,1,1,1,1,1,1,0,1,0,0,0,0,1,0,0,1,1,1,0,0,1,1,1,0,0,1,0,0,1,1,1,1,0,1,0,0,0,0,0,0,1,1,1,0,1,1,1,0,1,0,0,0,0,0,1,0,1,1
2330
254,151,301,41,5,111,295,22,22,22,22,22,22,22,22,208,48,182,2,2,2,2,2,2,2,2,2,2,2,2,2,2,2,2,2,2
0,1,1,1,1,0,0,1,1,1,0,0,0,1,1,1,0,1,1,1,1,1,1,0,1,0,1,1,1,1,0,1,1,1,0,0
2331
296,235,323,344,318,276,311,355,5,22,22,22,22,22,22,22,22,22,22,22,22,22,352,332,199,289,280,320,343,364,333,338,27,353,76,124,78,279,288,2,2,2,2,2,2,2,2,2,2,2,2,2,2,2,2,2,2,2,2,2,2,2,2,2,2,2,2,2,2,2,2,2,2,2,2,2,177
0,0,0,1,1,1,0,0,0,1,0,0,1,1,0,0,0,0,0,0,0,0,1,1,0,1,1,0,0,1,0,0,0,1,1,0,0,1,0,0,0,1,0,1,0,0,1,1,0,1,1,0,1,0,1,0,0,1,0,0,1,0,1,1,1,1,0,0,0,0,0,0,0,0,0,1,0
2332
323,367,199,300,311,357,68,363,295,22,22,22,22,22,22,22,22,22,309,237,55,182,2,2,2,2,2,2,2,2,2,2,2,2,2,2,2,2,2,91
0,0,0,0,0,0,0,0,1,0,1,1,0,1,0,1,1,0,1,0,1,1,0,1,0,0,1,0,1,1,1,1,0,1,1,1,1,1,0,0
2333
288,2,2
1,1,1
2334
299,73,73,337,236,344,335,280,252,292,347,91,298,293,56,317,349,341,312,315,354,301,175,357,316,45,340,76,360,291,65,171,288,2,2,2,2,2,2,2,2,2,2,2,2,2,2,2,2,2,2,2,2,2,2,2,2,2,2,2,2,2,2,2,2,2,2,2,22,22,22,22,22,22,22,22,22,22,22
1,0,0,0,0,1,1,0,1,0,1,0,1,0,0,0,0,1,1,1,0,0,0,0,0,0,0,0,1,1,0,1,0,1,1,0,0,0,0,0,0,0,1,1,1,0,0,0,0,0,0,0,1,1,0,0,1,1,1,0,0,0,0,0,0,0,1,0,1,1,0,1,0,1,1,0,0,0,0
2335
247,342,282,350,2,2,2,2,2,2,2,2,2,2,2,2,2,2,2,2,2,2,2,2,2,2,2,2,2,2,2,2,2,2,2,2,2,2,2,2,2,2,368
0,1,0,0,0,0,0,0,0,0,1,1,0,0,1,0,0,1,0,0,0,0,1,1,0,1,0,1,0,0,1,1,1,0,1,0,1,0,1,1,0,0,1
2336
355,247,22,314,263,5,2,2,2,2,2,2,2,2,2,2,2,2,2,2,2,2,2,252
1,1,0,1,1,1,1,1,1,1,1,1,1,0,0,1,1,0,0,1,1,1,0,1
2337
111,22,22,2,2,2
0,0,0,0,0,0
2338
290,293,56,236,91,325,314,368,288,68,292,22,22,22,22,22,22,22,22,22,360,291,65,2,2,2,2,2,2,2,2,2,2,2,2,2,2,2,2,2,2,2,2,2,2,2,2,2,2,2,2,2,2,2,2,2,2,2,2,2,2,2,2,2,2,2,2,2,2,2,2,2,2,307,45,340,321
0,1,0,1,0,0,1,1,0,1,1,0,0,1,1,1,0,0,0,1,1,1,1,0,0,0,0,0,0,0,0,1,0,0,0,1,0,1,0,0,0,1,1,1,1,1,1,1,0,1,0,0,0,0,0,0,0,1,1,0,1,0,1,0,1,1,1,0,0,1,0,0,0,0,1,0,1
2339
237,55,331,2,2,2,2,2,2,2,2,2,2,2,2,2,2,2,2,2,22,22,22
0,1,0,1,1,1,1,1,0,0,0,0,0,1,0,1,1,0,0,1,0,1,0
2340
303,315,56,351,341,370,329,41,318,304,308,5,328,22,22,22,22,22,22,22,360,65,171,317,288,2,2,2,2,2,2,2,2,2,2,2,2,2,2,2,2,2,2,2,321
0,1,1,0,0,1,0,0,1,0,0,0,0,1,1,0,1,1,1,0,0,0,1,0,0,0,1,1,0,0,0,0,1,1,0,1,1,0,1,0,1,1,0,0,1
2341
329,302,2,2
1,1,0,1
2342
362,293,236,2,2,2,2,2,2,2,2,2,2,2,2,2,2,2,2,2,359,22,22,22,22,22,22,22,22,22,22,282,291,171,317,288,301,321
1,0,1,0,0,1,0,1,0,0,1,1,1,1,1,0,0,1,0,0,0,1,1,1,0,0,1,1,1,1,1,1,1,1,0,1,0,0
2343
2,2
1,1
2344
2
0
2345
22,22,22,22,22,22,22,22,2,2,2,2,2,2,2,2,2,2,2,2,2,2,2
1,0,1,0,0,1,1,1,1,1,0,0,0,1,0,1,1,0,1,0,0,0,1
2346
354,91,236,287,2,2,2,2,2,22
1,1,1,1,1,1,1,0,0,1
2347
254,235,354,22,22,124,252,2,2,2,2,2,2,2,2,2,2,2,2,2
1,1,0,0,1,0,1,0,0,0,0,1,0,0,1,0,0,0,0,0
2348
78,296,22,22,22,2,2,2,2,2,2,2,2,2,2,2,2,2,2,2,2,288
0,1,1,0,0,1,0,1,0,1,1,0,0,0,1,1,0,1,0,0,0,0
2349
199,341
0,1
2350
246,354,22,350,331,2,2
0,0,0,0,0,1,0
2351
303,337,336,304,276,252,358,363,151,22,22,22,22,22,22,22,22,22,22,22,219,282,182,313,78,293,236,325,175,67,5,288,111,86,359,366,327,171,307,45,2,2,2,2,2,2,2,2,2,2,2,2,2,2,2,2,2,2,2,2,2,2,2,2,2,2,2,2,2,2,2,2,2,2,2,2,2,2,2
0,0,1,0,0,1,0,0,1,1,0,0,1,0,1,0,1,1,1,1,1,0,0,1,0,1,1,1,0,1,0,0,0,0,0,1,1,0,0,1,0,1,0,0,1,0,0,0,0,0,1,0,1,0,1,1,0,1,0,1,0,0,1,1,1,1,1,0,0,0,0,0,1,0,0,1,0,0,1
2352
339,22,2,2,2,2
0,1,1,0,1,0
2353
312,55,199,287,286,350,357,283,326,22,22,22,22,22,22,22,22,322,339,65,334,341,2,2,2,2,2,2,2,2,2,2,2,2,2,2,2,2,2,2,2,2,2,2,2,2,2,2,368
1,0,0,1,0,0,0,0,0,0,0,1,1,0,1,0,0,0,0,0,1,0,0,0,1,0,1,0,0,0,0,1,0,1,0,0,0,0,0,1,0,1,0,0,0,1,0,1,0
2354
303,236,281,281,146,286,350,301,300,111,359,22,22,22,22,22,22,22,22,322,357,48,171,317,45,2,2,2,2,2,2,2,2,2,2,2,2,2,2,2,2,2,2
0,1,0,0,0,0,0,0,1,0,1,0,1,0,1,1,1,0,0,0,0,0,0,0,1,0,0,0,0,1,0,0,0,0,1,0,1,0,0,0,1,0,0
2355
22,22,22,322,329,2,2,2,2,2,2,2,2,340,321
1,0,1,0,0,0,1,0,0,1,0,0,1,0,1
2356
106,337,360,144,5,348,22,22,22,22,124,345,282,352,307,2,2,2,2,2,2,2,2,2,2,2,2
0,1,1,1,0,1,1,1,1,0,0,1,0,1,0,0,0,1,0,1,0,1,0,1,1,1,1
2357
299,311,304,351,344,318,298,73,73,5,5,283,324,295,22,22,22,22,22,22,22,22,22,22,22,322,314,341,365,106,343,335,367,68,353,76,345,294,2,2,2,2,2,2,2,2,2,2,2,2,2,2,2,2,2,2,2,2,2,2,2,2,2,2,2,2,2
1,1,1,0,1,1,1,1,1,1,1,1,1,1,1,1,1,1,1,1,1,1,0,0,1,1,1,1,1,1,1,0,1,1,0,0,1,1,1,1,1,0,1,1,1,1,1,1,1,1,1,0,1,1,1,1,1,0,1,1,1,1,0,0,1,1,1
2358
177,307,347,2,2,2,2,2
1,0,1,0,1,0,0,0
2359
311,343,86,276,301,285,353,326,76,346,237,55,2,2,2,2,2,2,2,2,2,2,2,2,2,2,2,2,2,2,2,2,2,2,2,2,2,2,2,2,2,2,2,2,2,2,2,2,2,2,2,2,2,2,22,22,22,22,22,22,22,22
0,1,0,1,1,0,0,0,0,1,0,0,0,0,0,1,1,0,0,0,1,0,0,0,1,1,1,0,0,0,0,0,1,0,0,0,0,0,1,0,1,1,0,1,1,1,0,0,0,0,0,0,1,1,0,1,0,0,0,0,1,0
2360
22,65,55,340,336,236,175,286,284,2,2,2,2,2,341
0,0,1,0,1,1,1,0,1,0,0,0,0,0,1
2361
2,2,2,2
1,0,1,0
2362
78,296,330,22,22,22,22,22,124,236,279,288,2,2,2,2,2,2,2,2,2,2,2,2,2,2,2,2,2,2,2,2,2,2,2,2,2,2,2,2,2,2,2,2,2,2,2,2,2,2,2,2,2,2,2,2,2,2,2,2,2,2,2,2,2,2,2,2,2,2,2,2,2
0,0,1,0,1,0,0,0,0,0,0,0,1,0,1,1,0,1,0,1,0,0,0,0,0,1,0,1,0,0,1,1,1,1,0,0,0,0,0,0,0,1,0,0,0,0,0,0,1,0,0,0,1,0,1,0,1,1,0,1,0,1,1,1,0,1,0,1,1,0,0,0,0
2363
2,2
0,1
2364
78,296,22,22,22,236,279,46,2
0,1,1,0,0,0,1,1,0
2365
45,328,2,2,2,2,2,2,2,361,291,310,46,349,327,22,22,22,22
1,0,0,0,0,1,0,1,1,1,1,1,1,1,0,0,1,1,1
2366
22,22,22,22,22,22,2,2,2,2,2,2,2,2,2,2,2,2,2,2,2,2,2,2,2,2,2
1,1,1,1,1,1,0,0,1,1,0,1,0,0,1,0,1,0,1,1,1,1,0,0,1,1,0
2367
306,311,246,351,287,300,348,111,363,22,22,22,22,22,334,305,2,2,2,2,2,2,2,2,2,2,2,2,2,2,2,2,2,2,2,2,2,2,2,2
0,0,0,0,1,0,1,0,0,1,1,0,1,1,1,1,0,1,0,0,1,0,1,1,1,1,0,0,0,0,1,0,1,1,1,1,1,0,0,1
2368
247,336,46,297,276,5,300,319,309,22,22,22,22,22,22,124,345,295,294,357,2,2,2,2,2,2,2,2,2,2,2,2,2,2,2,2,2,308
0,0,1,1,0,0,0,0,0,0,0,0,0,0,1,0,0,0,0,1,1,1,1,1,0,1,1,0,0,0,1,0,0,0,0,0,0,1
2369
76,236,284,283,22,22,22,22,22,22,22,22,22,22,22,293,279,56,317,155,2,2,2,2,2,2,2,2,2,2,2,2,2,2,2,2,2,2,2,2,2,2,2,2,2,2,312,315,334,336,91,335,316,45,338,326,124,171,288,301,177
1,1,1,1,0,1,1,1,1,1,1,1,0,1,1,1,1,1,0,0,0,0,0,1,1,0,0,0,1,1,0,0,0,1,1,1,1,1,1,1,1,1,1,1,1,1,1,1,1,1,1,0,1,1,1,1,0,1,1,0,1
2370
299,303,367,22,22,22,298,286,332,2,2,2,2,2,2,2,2,2
1,1,1,1,1,1,1,1,0,1,1,1,0,0,0,1,1,1
2371
2,2,2,2,2,2,2,2,2,2,2,312,151,354,253,284,300,254,22,22,22,22,352,307,326
1,1,0,1,0,1,1,0,0,1,1,0,0,1,1,1,0,1,1,1,1,0,0,1,0
2372
2
0
2373
22,22,22,22,22,22,22,22,22,22,22,22,2,2,2,2,2,2,2,2,2,2,2,2,2
0,1,0,1,1,1,1,1,1,0,1,1,0,1,0,0,0,0,1,1,0,1,1,1,0
2374
2,2,2,2,2,2,2,2,2,2,2,2,2,2,323,311,307,359,359,359,22,22,22,22,22,22,22,22,22,22,22,345,291,294,171,317,361
1,1,0,1,1,1,0,0,1,1,0,0,1,1,0,0,1,0,0,0,0,1,0,1,1,0,1,1,0,0,1,0,0,0,0,0,1
2375
45,359,22,22,236,236,291,263,175,2,2,2,2,2,2,2,2,313,313
0,0,1,0,1,1,0,1,1,0,0,1,1,0,0,0,0,0,1
2376
78,312,365,236,86,300,288,346,292,22,22,22,22,22,22,293,291,341,307,45,2,2,2,2,2,2,2,2,2,2,2,2,2,2,2,2,2,2,2,91
0,0,0,1,0,0,0,1,1,0,1,0,1,0,1,1,1,0,0,1,0,0,0,0,0,0,1,0,0,0,1,0,0,0,1,1,0,1,1,0
2377
359,236,349,288,292,22,22,22,22,22,22,22,291,293,171,317,45,2,2,2,2,2,2,2,2,2,2,2,2,2,2,2,2,2,91
1,1,0,0,1,0,0,0,0,1,1,1,1,1,0,1,0,1,0,0,0,0,0,0,1,1,1,1,1,1,0,0,0,0,0
4990
22,253,326,2,2,2,174
0,1,1,0,0,0,0
2379
151,22,22,339,2,2,2,2,2,2,2,333,327
1,0,1,1,0,0,1,1,1,1,0,1,1
2380
367,246,236,302,45,292,22,22,22,22,22,22,22,22,22,22,22,22,22,22,22,22,22,346,293,237,317,332,303,151,279,329,263,349,348,353,359,345,291,171,307,288,2,2,2,2,2,2,2,2,2,2,2,2,2,2,2,2,2,2,2,2,2,2,2,2,2,2,2,2,2,2,2,2,2,2,91
0,1,0,0,0,0,1,0,1,0,0,1,0,0,0,1,0,0,1,1,0,1,0,1,0,0,0,0,0,1,1,0,0,0,1,0,0,1,1,1,1,0,0,0,0,1,1,0,1,0,1,0,0,0,0,0,0,0,0,0,0,0,0,0,1,0,0,1,0,0,1,0,1,1,1,0,0
2381
22,22,22,22,22,22,22,22,2,2,2,2,2,2,2,2,2,2,2,2,2,2,2,2,2,2,2,2,2,2,2,2,2,2,2
0,0,0,0,0,1,0,0,1,0,1,1,0,1,0,0,0,0,0,1,1,0,0,0,0,0,0,0,0,1,0,0,1,0,1
2382
290,299,367,236,247,282,292,91,322,293,56,317,332,332,289,315,357,316,45,27,340,2,2,2,2,2,2,2,2,2,2,2,2,2,2,2,2,2,2,2,2,2,2,2,2,2,2,291,294,171,288,326,326,22,22,22,22,22,22,22,22,22,22,22,22
0,1,0,0,0,1,1,1,1,1,1,0,0,0,0,1,0,1,1,1,1,0,0,1,0,1,0,1,1,0,1,0,1,0,0,1,0,0,1,0,0,1,1,0,0,1,0,1,1,0,1,0,1,1,1,1,1,1,1,0,1,1,1,0,0
2383
78,290,73,73,310,2,2,2,2,2,2,2,2,2,2,2,2,2,2,2,2,2,2,2,2,2,2,2,2,2,2,2,2,2,2,2,2,2,2,2,2,2,2,2,2,298,298,313,299,288,361,22,22,22,22
0,0,0,0,1,0,1,1,1,0,0,0,0,1,0,0,0,0,1,1,1,0,0,1,0,0,0,0,1,1,1,1,0,1,0,1,1,0,0,0,0,1,0,1,0,1,1,1,1,0,1,1,1,1,0
2384
78,296,73,236,297,5,349,313,319,319,319,22,22,22,22,22,22,298,279,288,2,2,2,2,2,2,2,2,2,2,2,2,2,2,2,2,2,2,2,2,2,2,2,2,2,2,2,2,2,2,2,2,2,2,2,2,2,2,2,2,2,2,2,2,2,2,2,2,2,91
0,1,0,1,0,0,1,0,0,0,0,1,1,1,0,0,0,1,1,0,1,0,0,0,1,1,0,1,0,0,1,0,0,0,1,0,0,0,1,1,0,0,0,0,0,1,1,1,0,0,0,1,0,1,1,1,1,1,0,0,0,0,0,1,1,1,1,0,0,0
2385
288,22,22,236,293,301,313,2,2,2,2,2,2,45
1,1,0,1,1,1,1,0,0,0,0,0,1,1
2386
2,2,22,361,313
0,1,0,1,0
2387
323,236,286,41,330,22,22,22,22,22,22,22,22,22,22,22,22,22,22,22,22,282,327,312,352,329,182,175,316,309,171,305,326,296,235,253,284,355,254,363,91,339,293,56,317,303,315,342,350,45,328,2,2,2,2,2,2,2,2,2,2,2,2,2,2,2,2,2,2,2,2,2,2,2,2,2,2,2,2,2,2,2,2,2,124,345,208,368,288,288,301,321
1,1,0,0,0,0,1,1,1,1,1,1,1,1,1,0,1,0,1,1,1,1,0,1,1,1,0,0,1,1,1,1,1,0,0,1,1,1,0,1,1,1,1,1,1,1,1,1,0,1,1,1,1,1,1,1,1,0,0,1,1,0,0,1,1,1,1,1,1,0,0,1,1,0,0,1,1,1,0,0,0,0,0,1,1,1,0,1,1,1,0,1
2388
311,246,337,236,367,91,293,2,2,2,2,2,2,2,2,2,2,2,2,2,2,2,2,2,2,2,2,2,2,2,2,2,2,2,2,2,2,2,2,2,2,2,2,2,2,2,2,2,2,2,313,155,341,289,151,352,175,350,45,319,68,301,301,294,288,288,340,22,22,22,22,22,22,22,22,22
1,1,0,1,1,0,1,0,1,1,1,1,1,1,0,1,1,0,1,0,0,0,0,0,0,0,0,1,0,0,0,0,0,0,1,1,1,0,0,1,0,1,1,0,0,0,1,0,0,0,0,0,0,1,0,1,1,0,0,0,1,0,0,0,1,1,0,1,1,1,1,0,1,0,0,0
2389
290,309,22,22,22,22,22,22,22,294,175,2,2,2,2,2,2,2,2,2,2,2,2,2,2,2,357
0,0,1,0,1,0,0,0,1,1,0,0,1,1,0,1,1,0,1,1,0,0,0,0,1,0,0
2390
362,78,342,236,144,288,285,332,22,22,22,291,293,2,2,2,2,2,2,2,2,2,2,2,2,2,2,2,2,2,2,2,2,45,301
1,1,1,1,1,0,0,0,1,1,0,1,0,0,0,0,0,0,0,0,1,1,1,1,1,1,0,0,0,1,1,0,0,1,0
2391
246,326,361,334,349,2,2,2,368
1,1,1,1,1,1,1,1,1
2392
247,301,199,276,253,144,155,357,295,22,22,22,22,22,346,174,332,2,2,2,2,2,2,2,2,2,2,2,2,2,2,2,2,2,2,2,2,2,2
0,1,1,1,0,0,0,0,0,0,1,1,0,0,1,1,0,1,0,0,0,0,0,0,1,1,1,1,1,0,0,1,0,0,0,0,0,0,1
2393
339,353,2,2,2,2,2,2,2,2,2,2,2,2,2,2,2,2,2,2,2,2,2,2,2,2,2,2,2,2,2,2,2,2,2,236,22,22,22,22,22,22,22,22,22,22,22
0,1,0,0,1,1,1,0,0,0,0,0,0,0,1,1,0,1,0,1,0,1,1,1,1,1,1,1,1,1,1,1,1,1,1,1,0,1,0,0,1,1,0,1,1,1,1
2394
299,22,22,22,22,22,339,253,263,2,2,2,2,2,2,2,2,2,2,2,2,2,2,2,2,348
1,1,0,0,1,0,1,0,0,0,0,0,1,1,0,0,0,0,1,0,1,0,0,0,0,0
2395
78,296,290,73,22,22,22,236,67,279,288,2,2,2,2,2,2,2,2,2,2,2,2,2,2,2,2,2,2,2,2,2,2,2,2,2,2,2,313
0,0,0,0,1,1,1,0,1,1,1,0,0,0,1,1,1,0,0,0,1,0,1,0,0,0,0,1,0,0,0,0,0,0,0,0,1,0,0
2396
361,291,91,91,314,364,346,2,2,2,2,2,2,2,2,2,2,2,45,326,22,22
1,1,0,0,1,1,1,1,0,1,0,0,1,1,1,0,0,0,1,1,0,0
2397
367,337,287,253,360,284,358,363,22,22,22,22,22,22,22,22,22,22,22,22,22,22,22,22,22,22,22,22,22,22,22,22,22,247,322,346,55,347,303,365,320,279,86,335,5,309,345,48,334,288,2,2,2,2,2,2,2,2,2,2,2,2,2,2,2,2,2,2,2,2,2,2,2,2,2,2,2,2,2,2,2,2,2,2,2,2,2,2,2,2,2,2,2,2,321
0,0,1,0,0,1,0,0,1,0,1,0,0,0,1,0,1,1,1,1,0,0,1,1,1,1,0,1,1,0,1,1,1,0,1,1,0,0,0,1,0,0,0,1,0,0,0,0,0,0,0,0,1,0,0,0,0,0,1,0,0,1,0,1,0,1,1,1,1,1,1,1,1,0,1,0,0,1,1,0,0,1,1,1,1,1,0,0,1,0,1,1,0,1,0
2398
302,312,330,356,335,311,2,2,2,2
0,0,0,0,0,0,1,1,1,1
2399
78,331,236,297,318,276,5,358,302,292,332,22,22,22,22,22,22,22,22,22,22,22,22,22,22,22,22,22,22,22,293,339,346,237,317,313,289,283,279,253,91,329,110,301,288,338,325,359,2,2,2,2,2,2,2,2,2,2,2,2,2,2,2,2,2,2,2,2,2,2,2,2,2,2,2,2,2,2,2,2,2,2,2,2,2,2,2,2,2,124,171,45,340,76
1,0,1,1,1,1,1,0,0,0,0,1,1,1,1,0,0,1,0,1,1,1,0,1,0,0,0,0,0,0,1,0,1,0,0,0,1,0,1,0,0,1,0,0,1,0,1,0,0,0,1,0,0,1,1,0,0,1,0,1,0,1,0,0,1,0,0,0,1,1,1,0,1,1,1,1,0,0,0,1,1,0,1,1,1,1,1,1,0,0,1,1,0,0
2400
78,296,290,342,236,236,46,297,288,45,45,22,22,22,22,22,22,22,22,2,2,2,2,2,2,2,2,2,2,2,2,293,279,313,313,301,301
0,1,1,1,1,1,1,1,1,1,1,1,0,1,1,1,1,1,1,0,1,1,1,1,1,1,1,0,1,1,1,1,1,1,1,0,0
2401
289,78,299,55,55,236,296,297,276,311,22,22,22,22,22,22,279,288,2,2,2,2,2,2,2,2,2,2,2,2,2,2,2,2,2,2,2,2,2,2,2,2,2,2,2,2,2,2,2,2,2,2,2,2,2,2,2,2,2,2,2,2,2
1,0,1,0,1,0,0,0,1,0,0,1,1,1,1,1,0,0,1,1,0,0,1,1,1,0,0,1,1,0,1,0,1,1,0,1,0,1,0,1,1,1,1,0,0,1,0,1,1,1,1,1,0,0,0,1,1,1,1,1,0,0,1
2402
2,2,2,2,2,2,2,2,2,2,2,2,2,2,2,2,2,2,2,2,2,312,280,356,236,144,288,41,301,45,283,359,22,22,22,22,22,22,22,22,22,297,345,293,48,171,317,313,155,155
0,0,1,1,0,1,0,0,1,1,0,1,0,0,0,1,0,0,0,1,0,0,0,1,1,0,0,0,1,0,0,0,0,1,1,0,0,1,0,0,1,0,0,0,0,1,0,0,1,0
2403
362,289,151,56,370,236,369,219,46,46,5,313,111,353,310,22,22,22,22,22,22,22,345,366,357,45,2,2,2,2,2,2,2,2,2,2,2,2,2,2,2,2,2,2,2,2,2,2,2,343
1,1,0,0,0,0,1,1,1,0,0,0,0,0,1,0,0,1,0,1,1,0,0,1,0,1,1,0,1,0,1,1,0,1,0,0,1,1,1,1,1,1,1,0,0,1,0,1,0,1
2404
22
1
2405
289,296,247,365,354,336,323,318,252,348,306,68,295,22,22,22,22,22,22,22,22,22,22,22,22,22,22,22,22,22,22,22,22,280,334,253,2,2,2,2,2,2,2,2,2,2,2,2,2,2,2,2,2,2,2,2,2,2,2,2,2,2,2,2,2,2,2,2,2,2,2,2,2,2,2,2,2,2,2,2,2,2,2,2,2,2,2,2,2,2,2,2,2,2,2,2,2,2,2,2,2,2,2,2
1,0,0,1,0,0,1,0,1,0,1,0,0,0,1,1,1,0,1,0,1,1,1,0,0,1,1,0,1,0,0,1,1,1,0,1,0,0,1,1,0,0,1,1,0,1,1,1,1,1,0,1,0,1,0,0,1,1,0,1,1,0,0,1,1,0,0,1,1,0,0,1,1,0,1,1,0,1,1,1,1,1,1,0,1,1,0,0,1,0,1,1,1,0,1,1,0,1,0,1,1,1,1,0
2406
323,367,236,311,22,22,22,22,22,22,22,22,22,22,22,22,22,22,22,22,22,22,22,237,146,313,155,177,55,336,68,364,335,316,353,309,76,171,45,2,2,2,2,2,2,2,2,2,2,2,2,2,2,2,2,2,2,2,2,2,2,2,2,2,2,2,2,2,2,2,2,2,2,2,2,2,2,2,2,2,2,2,2,2,2,2,2,2,2,2,2,2,2,2,2,2,2,2,2,2,2,2,2,296,235,356,344,355,254,339,293,56,317,349,343,303,315,334,354,199,350,67,333,338,27,279,288,301
0,1,1,0,1,0,0,1,0,1,0,1,1,1,0,0,1,0,1,0,1,1,1,0,1,0,1,0,1,0,1,1,0,1,0,1,0,1,1,1,1,1,1,0,1,1,0,1,1,0,1,1,0,1,0,1,1,1,1,0,0,1,1,0,1,0,1,0,0,1,1,1,0,0,1,1,0,1,0,1,1,1,0,0,0,0,1,0,0,1,1,0,1,0,0,1,0,1,1,0,0,1,0,0,0,0,1,0,0,0,1,1,0,1,0,0,1,1,1,1,1,1,1,0,1,1,1,0
2407
290,323,367,246,337,236,345,287,297,247,302,330,22,22,22,22,22,22,22,22,22,22,22,22,22,22,22,22,22,22,22,22,22,22,22,22,22,22,22,22,22,22,22,22,22,322,146,332,68,175,41,144,5,5,5,5,276,319,285,174,27,2,2,2,2,2,2,2,2,2,2,2,2,2,2,2,2,2,2,2,2,2,2,2,2,2,2,2,2,2,2,2,2,2,2,2,2,2,2,2,2,2,2,2,2,2,2,2,2,2,2,2,2,2,2,2,2,2,2,2,2,2,2,2,2,2,2,2,2,2,2,2,2,2,2,2,289,235,344,304,284,355,358,283,363,295,354,55,182,48,199,303,320,343,86,333,357,338,325,328,360,208,65,279,335,340
0,0,0,1,0,0,1,1,0,0,1,1,0,1,1,0,0,0,1,1,0,1,0,0,0,0,0,1,0,0,0,0,1,0,1,1,0,1,0,0,0,0,1,1,0,1,1,0,1,0,0,1,0,1,0,0,1,0,0,1,0,1,0,0,1,0,1,0,0,0,1,0,0,1,1,0,0,1,0,0,1,0,0,0,0,1,0,0,0,1,0,0,1,0,1,0,1,1,0,1,1,0,1,0,0,1,0,1,0,1,0,1,0,0,0,1,1,0,1,1,1,0,0,1,1,0,1,0,1,1,1,1,0,1,0,0,1,0,1,0,1,1,0,1,1,0,1,1,0,0,1,0,0,0,1,1,0,0,0,0,1,0,0,1,0,0
2408
22,22,22,22,22,22,296,2,2,2,2,2,2,2,2,2,2,2,2,2,2,352,340,341
0,1,1,1,1,1,1,1,1,1,1,0,1,0,0,1,1,1,0,1,0,0,0,1
2409
73,336,281,41,252,348,276,5,357,22,22,22,22,22,22,22,322,2,2,2,2,2,2,2,2,2,2,2,2,2,2,2,2,2,2,2,2,2,2,2,2,288,155
0,1,0,0,1,0,0,1,1,0,1,0,1,0,0,0,1,0,1,0,0,1,0,0,1,1,0,0,0,1,0,1,0,1,0,1,1,0,1,0,0,0,0
2410
330,22,22,22,22,22,22,22,2,2,2,2,2,2,2,2,2,2,2,2,2,2,2,2,2,2,2,2,2,2,2,2,2,2,2,2,2,332
0,1,1,1,0,0,1,0,1,0,1,0,1,0,1,0,0,1,1,0,1,0,1,0,0,0,0,1,1,1,0,1,1,0,0,0,1,1
2411
65,290,22,22,22,22,22,22,22,22,343,301,237,318,2,2,2,2,2,2,2,2,2,2,2,2,2,2,2,2,2,2,2,321
0,0,1,0,0,1,0,1,1,1,0,1,0,1,0,0,0,1,0,1,1,1,1,1,0,1,1,0,0,1,0,0,0,0
2412
106,22,22,22,236,322,364,286,2,2
1,0,1,1,1,0,1,0,0,0
2413
325,330,22,2
1,1,1,1
2414
296,356,354,144,175,286,276,111,330,246,22,22,22,22,22,22,22,22,22,339,320,341,305,2,2,2,2,2,2,2,2,2,2,2,2,2,2,2,2,321
1,1,1,1,1,0,1,0,0,1,1,1,0,0,0,0,1,0,0,1,0,1,1,1,1,0,0,0,1,1,1,1,1,0,1,1,0,0,0,1
2415
2,2,2,2,2,2,2,2,2,2,2,2,2,2,151,199,364,284,174,329,347,22,22,22,22,22,55,327,341
1,1,1,1,0,0,1,0,0,1,1,0,0,0,0,1,1,1,0,1,0,0,0,0,0,0,1,0,1
2416
78,296,290,289,236,312,297,313,328,22,22,22,2,2,2,2,2,2,2,2,2,2,2,2,2,2,2,2,2,2,2,2,2,2,2,2,2,2,2,2,2,2,2,2,2,2,2,2,2,2,2,2,2,2,2,2,2,2,2,2,2,2,2,2,2,2,2,279,288,301
0,0,0,1,1,0,0,0,0,0,1,0,0,0,0,0,1,1,0,0,0,1,1,1,1,1,0,1,1,1,1,0,1,0,1,0,0,1,1,1,0,1,0,0,0,0,0,0,1,0,0,0,0,0,0,1,1,1,0,0,0,0,1,0,0,0,0,1,0,0
2417
2
1
2418
353,22,2,2
1,0,1,0
2419
290,323,336,318,247,302,324,330,22,22,22,22,22,22,22,22,22,22,22,22,22,22,22,22,22,22,22,22,346,138,348,146,365,236,236,27,364,175,321,5,111,359,309,76,171,45,2,2,2,2,2,2,2,2,2,2,2,2,2,2,2,2,2,2,2,2,2,2,2,2,2,2,2,2,2,2,2,2,2,2,2,2,2,2,2,2,2,2,2,2,2,2,2,2,2,2,2,2,2,2,2,2,2,2,2,2,2,2,2,2,2,235,358,252,254,363,91,339,293,174,317,341,289,279,354,343,86,263,305,325,340,345,291,48,334,288,301,301,368
0,0,0,1,0,0,0,0,0,0,1,1,0,0,0,1,0,0,0,0,1,0,0,1,0,1,0,1,1,0,0,0,0,1,1,0,0,0,0,0,0,1,0,1,1,1,1,0,0,1,0,0,1,0,1,0,1,0,1,1,0,1,1,0,1,0,0,0,0,0,0,0,0,0,1,0,0,1,0,0,0,0,0,0,1,1,0,0,1,0,0,0,0,1,0,1,0,0,1,0,0,0,1,1,0,0,0,1,1,0,1,0,1,1,0,0,0,0,0,0,0,0,1,0,1,0,0,1,0,1,0,1,0,0,1,0,1,1,0
2420
323,311,351,351,337,236,236,287,287,318,297,324,22,22,22,22,22,22,22,22,22,22,22,22,22,22,22,22,22,22,22,22,22,22,22,22,22,322,282,146,146,332,312,280,55,65,334,317,335,144,300,300,111,285,353,359,309,76,171,45,326,296,356,356,344,344,252,5,355,284,254,346,346,292,295,295,91,293,305,182,349,341,78,78,342,106,106,199,354,263,288,338,338,328,328,2,2,2,2,2,2,2,2,2,2,2,2,2,2,2,2,2,2,2,2,2,2,2,2,2,2,2,2,2,2,2,2,2,2,2,2,2,2,2,2,2,2,2,2,2,2,2,2,2,2,2,2,2,2,2,2,2,2,2,2,2,2,2,2,2,2,2,2,2,2,2,291,48,48,368,331,41,321
1,0,1,0,1,1,1,1,1,1,1,1,1,1,1,1,1,1,1,1,1,0,0,1,1,1,1,1,1,0,0,1,0,1,1,1,0,1,1,0,0,0,1,1,1,1,1,1,0,0,1,0,1,1,0,0,1,0,1,1,0,1,1,1,1,1,1,1,1,1,1,1,1,1,0,0,1,0,1,1,1,1,1,0,1,1,0,1,1,1,1,1,0,1,1,1,0,1,1,0,1,1,1,0,1,1,1,0,1,1,0,0,0,0,1,0,1,1,0,1,0,0,0,1,1,1,0,1,0,1,0,0,0,1,1,1,1,1,1,1,1,0,1,1,1,0,1,1,1,1,1,0,0,1,1,1,1,1,1,0,1,1,1,1,1,1,0,0,0,0,0,1,1
2421
296,354,324,325,110,5,302,68,363,22,22,22,22,22,22,351,2,2,2,2,2,2,2,2,2,2,2,2,2,2,2,2,2,2,2,2,2,2,2,155,254
1,1,1,0,0,1,0,1,1,0,0,1,1,0,1,1,1,0,1,1,0,1,1,0,1,1,1,1,1,1,0,0,1,1,0,1,0,1,1,1,1
2422
22,22,22,22,22,22,22,22,335,55,307,2,2,2,2,2,2,2,2,2,2,2,2,2,2,2,2,2,2,2,2,2,2,2,2,2,2,2,2,2,2,2,2,2,2,2,2,2,2,2,368
0,1,1,1,1,1,1,1,0,1,0,1,1,1,0,1,1,0,1,1,1,1,1,1,1,1,0,1,1,1,1,1,0,0,0,0,1,0,1,1,1,1,1,0,1,1,1,1,1,1,0
2423
2,2,2,2,2,2,2,2,2,2,2,359,236,288,45,292,76,293,171,317,313,91,22,22,22,22,22,22
0,1,0,1,0,0,0,0,0,0,0,0,0,1,1,1,0,1,1,1,1,1,0,1,1,0,1,1
2424
359,22,22,22,22,22,22,336,336,361,301,171,317,313,2,2,2,2,2,2,2,2,45
0,1,0,1,0,0,1,0,0,1,1,1,0,1,0,1,0,0,1,0,0,0,1
2425
283,78,22,22,22,22,236,301,279,297,288,2,2,2,2,313
0,1,0,0,1,0,1,0,1,1,0,0,1,1,0,1
2426
2,2,2,2,2,2,2,315,293,301,316,300,302,27,288,22,22,22,360,291,56,45,361
0,0,0,0,0,0,0,1,0,0,1,0,0,0,0,0,1,1,1,1,0,1,1
2427
336
0
2428
354,236,45,359,310,22,22,22,22,22,22,22,22,22,22,22,22,22,22,22,22,22,22,22,22,22,22,22,22,22,22,293,291,171,317,288,2,2,2,2,2,2,2,2,2,2,2,2,2,2,2,2,2,2,2,2,2,2,2,2,2,2,2,2,2,2,2,2,2,2,2,2,2,2,2,2,2,2,2,2,2,2,2,2,2,2,2,2,2,2,2,2,2,2,2,2,2,2,2,2,2,91
0,1,0,0,1,0,1,0,0,0,1,1,0,1,1,1,0,0,0,1,1,1,0,1,0,1,0,0,1,1,1,1,0,1,0,0,1,0,0,0,0,0,1,0,0,0,0,0,0,1,0,0,0,0,0,1,1,0,0,0,0,0,1,0,0,0,0,1,1,0,0,0,0,0,0,1,1,1,0,0,1,1,1,1,1,0,0,1,1,0,0,1,1,0,0,0,0,0,0,0,0,0
2429
78,280,354,22,22,333,65,65,263,2,2,2,2,2,2,2,2,2,358
1,1,1,1,0,0,1,1,1,0,0,0,1,0,1,0,0,1,0
2430
362,324,292,334,22,22,22,236,291,282,2,2,2,2,2,2,2,2,2,2,2,2,2,2,301
1,0,1,0,0,1,1,1,1,0,1,1,1,0,0,1,0,0,0,0,0,0,0,0,0
2431
247,356,236,297,253,276,367,355,22,22,22,22,22,22,22,22,22,22,22,22,22,22,22,22,22,22,339,56,317,317,341,78,312,315,199,182,175,350,316,316,300,327,353,2,2,2,2,2,2,2,2,2,2,2,2,2,2,2,2,2,2,2,2,2,2,2,2,2,2,2,2,2,2,2,2,2,2,2,2,2,2,2,2,2,2,124,314,208,294,171,171,288,146
0,0,1,0,0,1,1,0,1,0,1,0,1,1,0,0,1,0,0,0,0,1,1,0,1,0,0,1,1,1,0,0,1,1,1,0,0,1,1,1,0,0,0,0,0,1,1,1,0,1,1,1,0,0,1,1,1,0,0,0,0,0,1,0,1,1,1,0,1,0,1,1,0,0,0,1,1,1,1,0,1,1,1,1,1,0,1,1,1,1,1,1,1
2432
2
0
2433
296,236,279,22,22,22,22,22,22,22,2,2,2,2,2,2,2,2,2,2,2,2,2,2,2,2,2,2,2,2,2,2,2,2,2,2,2,2
0,0,0,1,1,1,0,0,1,1,1,1,0,0,0,1,1,0,1,0,0,0,0,0,0,0,1,1,1,0,1,0,1,0,0,0,1,1
2434
22,22,22,22,22,22,22,22,22,2,2,2,2,2,2,2,2,2,2,2,2,2,2,2
1,1,1,1,1,1,1,1,1,1,1,1,1,1,1,1,1,1,1,1,1,1,1,0
