3388
289,280,334,106,347,175,2,2,2,2,2,2,2,2,2,361,22,22,22
0,0,1,1,0,0,0,0,1,1,0,0,1,0,1,1,0,1,0
3389
2,2,2,2,2,2,2,2,2,2,2,2,2,2,2,2,2,2,2,2,2,2,2,2,2,2,2,2,2,2,2,2,2,2,2,2,2,2,2,2,2,2,2,2,2,2,2,2,2,2,2,2,2,2,2,2,2,2,2,2,2,2,2,155,334,351,236,313,45,359,340,22,22,22,22,22,22,22,22,22,22,22,22,22,22,22,22,22,22,22,22,293,237,171,317,288,301
0,1,0,1,0,1,0,0,1,0,1,0,1,1,0,1,0,1,1,0,1,0,0,0,1,1,0,0,0,1,0,1,1,1,0,0,1,1,1,1,1,0,0,1,0,1,0,1,1,1,1,0,1,1,0,1,0,1,1,1,1,1,1,1,1,1,1,1,1,0,1,1,1,1,1,1,1,1,1,1,0,1,1,1,1,1,1,1,0,1,1,1,1,1,1,1,1
3390
22,2,2
0,1,0
3391
22,22,22,22,22,2,2,2,2
0,0,1,0,1,1,0,0,0
3392
361,2,2,2,2,2,2,2,2
1,0,0,1,1,1,1,1,0
3393
299,296,367,337,236,344,78,5,330,22,22,22,22,22,22,22,22,22,22,22,22,22,22,22,22,22,22,298,339,332,332,73,289,280,354,325,335,301,111,364,2,2,2,2,2,2,2,2,2,2,2,2,2,2,2,2,2,2,2,2,2,2,2,2,2,2,2,2,2,2,2,2,2,2,2,2,2,2,2,2,2,2,2,2,2,2,2,2,2,2,2,2,2,2,2,2,2,2,2,2,2,2,2,2,2,2,2,2,2,2,2,2,2,2,2,2,2,2,2,2,2,2,2,2,2,2,2,2,2,2,2,2,2,2,2,2,2,2,2,2,2,2,2,177,65,279,307,288,288,326,326,321
1,1,1,0,1,1,1,1,0,1,1,1,1,1,0,1,0,1,0,1,1,1,0,1,1,0,1,1,1,0,1,1,1,0,0,1,0,0,0,1,0,0,0,0,0,0,0,0,1,0,1,1,1,1,1,1,1,1,1,1,1,1,0,1,1,0,1,1,1,1,1,1,1,1,1,0,1,1,1,1,1,1,1,1,1,1,0,1,1,1,1,0,0,0,0,1,0,1,0,1,1,1,1,1,1,1,1,1,1,1,0,0,1,1,0,1,0,1,1,1,1,0,1,1,1,1,1,1,1,0,1,1,1,1,1,0,1,1,1,1,1,0,1,1,1,1,0,0,0,0,0,1
3394
311,320,330,318,321,276,247,5,357,353,295,22,22,22,22,22,22,22,22,22,22,22,22,22,22,22,22,22,22,22,22,22,2,2,2,2,2,2,2,2,2,2,2,2,2,2,2,2,2,2,2,2,2,2,2,2,2,2,2,2,2,2,2,2,2,2,2,2,2,2,2,2,2,2,2,2,2,2,2,2,2,2,2,2,2,331,155,341
0,0,1,1,1,0,0,0,0,1,0,0,1,1,1,1,1,1,1,1,1,1,0,1,0,0,0,0,0,1,0,0,1,0,1,0,0,0,0,1,0,0,1,1,1,1,1,1,1,1,0,1,1,1,0,0,0,1,1,1,1,1,1,1,0,1,0,1,1,1,0,1,0,1,0,1,1,1,1,1,0,0,0,0,1,0,1,0
3395
311,305,151,151,344,318,315,5,5,324,358,22,22,22,22,22,22,22,22,22,22,22,22,22,22,322,293,56,317,313,361,341,303,280,354,288,288,338,353,353,309,2,2,2,2,2,2,2,2,2,2,2,2,2,2,2,2,2,2,2,2,2,2,2,2,2,2,2,2,2,2,2,2,2,253,171,252,45,301,301,368
0,1,0,0,1,1,0,1,0,1,0,1,0,0,0,0,0,0,0,1,0,1,1,1,0,0,0,1,0,0,1,0,0,0,0,0,0,0,0,1,1,0,0,1,0,0,0,0,1,0,0,0,0,0,0,1,1,0,0,1,1,0,0,0,1,0,0,0,0,0,0,0,1,1,0,0,0,0,0,1,0
3396
5,2,2
0,0,0
3397
73,336,336,318,322,367,22,22,22,22,22,22,22,22,22,22,22,22,22,22,22,22,22,293,282,237,146,332,155,312,280,65,175,294,305,327,78,235,253,304,304,5,358,254,292,91,91,339,346,182,349,308,303,199,325,45,27,2,2,2,2,2,2,2,2,2,2,2,2,2,2,2,2,2,2,2,2,2,2,2,2,2,2,2,2,2,2,2,2,2,2,2,2,2,2,2,2,2,2,2,2,2,2,2,2,2,2,2,2,2,2,2,2,2,2,2,2,2,2,2,360,291,48,288,321
1,1,1,1,0,1,0,1,1,0,1,1,1,1,1,1,1,0,1,1,1,1,0,1,1,1,1,1,1,1,1,1,1,0,1,1,1,1,1,0,0,1,1,1,0,1,0,1,1,1,0,1,1,1,0,1,0,1,0,0,1,0,0,0,1,1,1,1,0,1,1,0,1,1,1,1,1,1,0,1,1,0,0,1,1,0,1,1,1,1,1,0,1,0,1,1,1,1,1,1,1,1,1,1,1,1,1,1,1,1,0,1,1,0,1,1,1,1,1,1,1,1,1,0,1
3398
302,324,356,22,22,22,22,312,344,288,2,2,2,2,2,2,2,2,5,5
0,1,1,1,0,1,0,0,1,0,1,0,0,0,0,0,1,0,0,1
3399
22,343,349,2,2,2,321
0,1,0,1,0,0,1
3400
306,367,309,337,2,2,2,2,2,2,2,2,2,2,2,2,2,22,22,22,22,22
1,1,0,1,1,1,1,1,1,1,1,0,0,0,0,0,0,1,0,0,0,1
3401
315,56,236,317,360,316,288,22,22,22,22,22,22,293,291,171,307,45,45,2,2,2,2,2,2,2,2,2,2,2,2,91
1,1,0,0,1,0,1,1,1,0,0,1,1,0,0,0,0,0,0,0,0,1,0,0,0,0,1,0,0,0,1,0
3402
330,76,22,22,22,368,363,2,2,2,2,2,2,2,321
1,1,0,0,1,1,1,0,1,1,0,0,0,0,1
3403
22,22,22,22,22,22,22,2,2,2,2,2,2,2,2,2,2,2,2,2,2,2,2,2,2
0,1,0,0,1,1,0,0,0,0,0,0,0,0,0,0,0,0,0,0,1,0,1,0,0
3404
78,292,359,328,22,22,22,22,22,293,171,317,288,2,2,2,2,2,2,2,2,2,2,2,2,2,2,2,2,2,2,2,2,91
0,1,0,1,0,0,1,0,1,1,1,0,0,0,0,0,1,0,0,0,0,0,0,1,0,1,0,1,1,1,0,0,1,0
3405
235,356,76,236,236,286,284,355,45,292,22,22,22,22,22,22,22,22,22,22,22,22,22,22,22,22,22,22,22,22,22,22,22,22,22,22,22,322,293,315,199,110,369,316,331,328,340,304,171,288,2,2,2,2,2,2,2,2,2,2,2,2,2,2,2,2,2,2,2,2,2,2,2,2,2,2,2,2,2,2,2,2,2,2,2,2,2,2,2,2,2,2,2,2,2,2,2,2,2,2,2,2,2,2,2,2,2,2,2,2,2,2,2,2,2,2,2,2,2,2,2,2,2,2,2,2,2,2,2,2,2,2,91
0,0,0,1,1,0,1,1,1,1,0,0,1,0,1,1,1,1,1,1,1,1,1,1,1,1,1,1,0,0,1,0,0,0,1,1,1,0,1,1,0,0,1,1,0,0,0,0,1,0,0,0,0,1,1,1,0,0,1,0,1,1,1,0,1,1,1,1,0,1,0,0,0,1,0,1,1,1,0,0,1,1,0,1,0,0,0,1,0,0,0,1,1,0,1,0,1,0,0,1,1,0,0,1,1,1,0,1,1,1,0,1,0,0,0,1,1,1,0,1,1,0,0,0,0,0,0,1,0,0,0,1,0
3406
22,22,22,22,22,22,22,22,22,22,22,2,2,2,2,2,2,2,2,2,2,2,2,2,2
0,1,0,1,0,1,0,0,1,1,0,0,1,0,0,0,1,0,0,0,1,1,0,0,1
3407
22
0
3408
22
1
3409
351,337,236,281,144,252,283,22,22,22,22,22,22,22,22,22,22,22,22,22,22,293,2,2,2,2,2,2,2,2,2,2,2,2,2,2,2,2,2,2,2,2,2,2,2,2,2,2,2,2,2,2,2,2,146,313,303,334,343,317,350,300,349,288,27,359,309,76,48,171,307,45,301
1,1,1,0,0,1,1,1,1,1,0,1,1,1,0,1,1,1,1,1,1,1,1,0,1,0,1,0,0,0,1,1,1,1,1,0,1,0,1,0,1,0,0,0,0,1,1,0,0,1,1,1,1,1,1,1,1,1,1,1,1,1,1,0,1,1,1,1,1,1,1,1,0
3410
68,2
1,1
3411
323,311,356,236,236,253,314,358,284,22,22,22,22,22,22,22,22,22,22,22,22,22,22,22,22,22,22,22,237,317,313,341,289,177,5,5,45,353,359,2,2,2,2,2,2,2,2,2,2,2,2,2,2,2,2,2,2,2,2,2,2,2,2,2,2,2,2,2,2,2,2,2,2,2,2,124,345,288,301
0,0,1,0,0,1,1,0,0,0,1,0,0,1,0,0,0,1,0,0,1,1,0,0,0,0,0,0,0,0,1,1,0,0,0,0,1,0,0,0,0,1,0,0,0,0,1,0,0,0,1,0,0,1,0,0,0,0,0,1,0,0,0,0,1,0,0,0,0,1,1,0,0,1,0,0,0,0,0
3412
303,359,22,22,22,22,236,287,291,318,55,317,2,2,2,2,2,2,2,2,2,2
0,0,1,0,1,0,0,0,0,1,1,0,1,0,0,1,0,1,1,1,1,0
3413
144,2,2,2,2,2
0,1,0,0,0,0
3414
111,68,22,22,22,343,322,144,288,2,2,2,2,2,2,2,341
0,1,0,1,1,0,1,1,1,1,0,1,1,1,0,1,1
3415
311,246,286,73,111,22,22,22,22,22,22,22,22,22,22,22,22,22,22,22,22,22,22,22,22,282,146,2,2,2,2,2,2,2,2,2,2,2,2,2,2,2,2,2,2,2,2,2,2,2,2,2,2,2,2,2,2,2,2,2,2,2,2,2,2,2,2,2,2,2,2,2,2,2,2,2,2,2,2,2,2,2,2,2,2,2,2,2,2,2,2,2,2,2,2,2,312,280,55,329,144,319,76,314,294,327,78,235,344,252,355,5,254,320,346,352,341,289,283,106,86,354,263,357,326,124,208,303,65,301,91
1,0,0,1,0,0,1,0,1,1,0,0,1,0,1,0,1,1,0,1,1,1,1,1,1,0,0,1,1,0,1,1,0,1,1,1,1,0,0,1,0,1,1,0,1,0,1,1,0,1,1,1,0,0,1,0,1,0,1,0,0,1,1,1,1,0,1,1,1,0,1,1,1,0,1,1,1,1,1,1,1,0,1,1,1,0,1,1,1,1,1,1,1,1,1,1,1,0,0,1,1,0,1,1,1,1,1,1,1,1,1,1,0,1,1,1,1,0,1,1,0,0,1,1,0,0,0,1,1,0,1
3416
363,22,22,22,22,22,337,322,357,48,334,301,2,2,2,2,2,2,2,2,2,2,2,2,76
0,0,1,1,1,0,1,1,1,0,1,0,0,0,1,1,1,1,0,0,1,1,0,1,0
3417
289,171,236,86,288,316,5,349,292,328,22,22,22,22,22,293,291,56,317,45,2,2,2,2,2,2,2,2,2,91
1,1,1,0,1,0,0,0,1,0,1,1,0,1,0,1,1,1,1,1,0,1,1,1,1,0,1,1,0,0
3418
352,2,2
1,1,1
3419
247,287,350,314,304,5,5,174,302,363,182,22,22,22,22,22,22,22,22,22,22,22,22,22,22,22,22,22,22,282,55,146,341,78,308,342,106,343,91,110,175,144,330,333,235,309,327,124,345,65,334,263,2,2,2,2,2,2,2,2,2,2,2,2,2,2,2,2,2,2,2,2,2,2,2,2,2,2,2,2,2,2,2,2,2,2,2,2,2,2,2,2,2,177
0,0,0,0,0,0,0,0,1,0,0,1,0,0,1,1,1,1,1,1,0,0,1,0,0,0,1,1,0,1,1,0,1,0,0,1,1,1,0,0,1,0,0,0,0,0,0,0,0,0,1,0,0,0,0,0,1,0,0,0,0,0,0,1,1,0,0,0,1,0,1,0,0,1,0,0,0,0,0,0,0,1,0,1,0,0,1,1,1,0,0,1,1,0
3420
27,235,349,337,344,334,247,2,2,2,2,2,2,2,2,2,2,2,2,2,2,2,2,2,2,2,2,2,2,22,22
0,0,0,1,1,1,0,0,1,0,0,0,1,0,1,1,0,0,0,1,0,0,0,0,0,0,0,1,0,1,1
3421
27,367,22,22,22,22,22,22,22,22,22,22,22,22,337,65,357,182,305,2,2,2,2,2,2,2,2,2,2,2,2,2,2,2,2,2,2,2,2,2,2,2,2,2,2,2,341
0,1,1,1,1,0,1,1,1,1,1,0,0,0,0,0,0,1,0,1,1,0,1,0,0,0,0,1,1,1,0,1,0,1,1,0,0,1,1,0,0,1,0,1,1,1,1
3422
323,356,336,174,282,324,363,22,22,22,22,22,22,22,22,22,22,22,2,2,2,2,2,2,2,2,2,2,2,2,2,2,2,2,2,2,2,2,346,326,155,308,78,306,55,354,199,175,330,333,111,285,327,301
0,0,0,0,1,1,0,0,0,1,1,0,1,1,0,1,1,0,0,0,0,0,0,1,1,1,0,0,0,1,1,1,1,1,1,1,0,1,0,0,0,0,1,1,1,0,1,1,0,1,1,0,1,1
3423
296,351,323,287,318,302,363,22,22,22,22,22,22,22,22,22,22,22,322,237,2,2,2,2,2,2,2,2,2,2,2,2,2,2,2,2,2,2,2,2,2,2,2,2,2,2,2,2,2,2,332,280,263,329,175,340,65,279,253,301,76
0,0,0,1,1,1,1,0,1,1,0,1,0,0,0,1,0,0,1,0,1,0,0,1,0,0,0,1,1,0,1,1,1,1,1,0,1,0,1,1,0,1,1,0,0,0,0,1,1,0,0,0,1,0,0,0,0,1,1,1,0
3424
315,171,317,2,2,2,2,2,2,2,2,2,2,236,293,56,46,301,22,22,22,22
0,1,1,0,0,0,0,0,0,0,0,1,1,1,0,0,1,0,0,1,0,0
3425
22,22,22,22,22,22,22,22,22,22,22,22,22,22,2,2,2,2,2,2,2,2,2,2,2,2,2,2,2,2,2,2,2,2,2,2,2,2,2,2,2,2,2,2,2,2,2,2,2,2,2,2,2
0,1,0,0,1,0,1,1,0,0,1,0,0,1,1,1,1,1,0,0,0,1,1,1,1,1,1,1,1,1,0,1,1,0,1,1,0,1,0,1,1,1,0,0,0,1,0,0,0,1,1,0,1
3426
299,351,304,295,91,346,346,354,151,106,199,86,175,111,68,353,327,124,65,368,305,2,2,2,2,2,2,2,2,2,2,2,2,2,2,2,2,2,2,2,2,2,2,2,2,2,2,2,2,2,2,2,2,2,2,2,2,2,2,2,2,2,2,2,2,2,2,2,2,2,2,2,2,2,2,2,2,2,2,2,2,2,2,2,2,2,2,2,2,2,2,2,2,2,2,2,2,2,2,2,2,2,2,2,2,2,2,22,22,22,22,22
1,1,0,0,1,0,1,0,1,0,1,0,1,0,1,0,0,1,0,1,0,1,1,1,0,1,0,0,1,0,1,0,1,0,1,1,1,1,1,0,0,1,1,1,0,1,1,1,0,1,1,1,1,0,1,1,0,1,1,1,0,0,1,1,1,0,0,1,1,0,1,0,1,1,1,1,1,1,1,1,1,1,1,1,0,1,1,1,1,1,1,1,1,1,1,1,1,1,1,1,1,1,1,0,1,1,1,1,0,1,0,1
3427
254,299,367,73,2,2,2,2,2,2,2,2,2,2,2,2,2,2,298,364,304,297,332,355
0,1,1,1,1,0,0,0,0,0,1,0,0,0,0,0,0,0,1,0,1,0,1,0
3428
22,22,22,347,354,2,2,2,2,2,2,2,2,2,2,343,65,350,5,5,327,368
1,0,1,1,1,1,0,1,1,1,1,1,0,1,1,1,0,0,0,0,0,1
3429
289,323,247,354,337,325,344,175,335,276,5,5,333,349,111,295,22,22,22,22,22,22,22,303,332,2,2,2,2,2,2,2,2,2,2,2,2,2,2,2,2
1,0,0,1,0,1,1,0,1,0,0,0,0,0,0,1,1,1,0,0,1,0,1,0,0,1,1,1,0,1,0,1,1,0,0,0,1,1,0,1,0
3430
290,323,367,246,236,287,311,324,330,22,22,22,22,22,22,22,22,22,22,22,22,22,22,22,22,22,22,22,22,22,22,22,22,22,22,22,22,22,22,22,22,322,237,357,146,313,312,335,329,175,144,306,353,359,366,294,171,45,2,2,2,2,2,2,2,2,2,2,2,2,2,2,2,2,2,2,2,2,2,2,2,2,2,2,2,2,2,2,2,2,2,2,2,2,2,2,2,2,2,2,2,2,2,2,2,2,2,2,2,2,2,2,2,2,2,2,2,2,2,2,2,2,2,2,2,296,247,345,358,174,346,326,317,349,341,289,151,354,343,280,348,68,328,327,124,360,291,334,288,340,368
0,0,1,0,1,0,0,1,0,0,0,0,1,1,1,1,0,1,1,0,0,1,1,1,0,1,1,0,1,0,0,1,1,0,1,1,1,1,0,0,0,0,0,0,0,0,0,0,0,0,0,1,1,1,1,0,1,0,1,0,1,1,0,0,0,0,0,0,0,0,0,0,0,1,0,1,1,0,0,0,0,0,0,0,1,0,0,1,0,0,0,0,0,0,1,1,0,0,1,1,0,0,1,0,0,1,0,0,0,1,0,0,1,0,0,1,1,0,1,0,0,0,0,0,0,0,0,1,1,1,1,0,0,0,0,0,0,0,1,0,0,0,0,1,0,1,0,0,0,0,0
3431
303,155,199,22,22,22,343,144,67,2,2,2,2,2,2,2,2,2,2,174
1,0,1,1,1,0,1,1,1,0,1,1,1,0,1,1,0,1,0,1
3432
356,106,236,313,338,288,288,288,332,22,22,22,22,22,22,22,22,22,22,22,22,295,171,2,2,2,2,2,2,2,2,2,2,2,2,2,2,2,2,2,2,2,2,2,2,2,2,2,2,2,2,2,2,2,2,2,2,2,2,2,2,2,2,2,2,2,2,2,317,45,301
1,1,1,0,0,0,0,0,1,1,1,0,0,1,1,1,0,0,0,0,0,0,1,0,0,0,1,0,0,0,0,0,0,0,0,0,1,0,1,0,1,0,0,1,0,0,0,0,0,0,0,0,0,0,1,1,1,0,0,1,0,0,1,0,0,0,1,0,0,0,1
3433
323,311,351,347,318,297,302,22,22,22,22,22,22,22,22,22,22,22,22,22,22,22,22,282,357,146,332,337,177,365,5,285,353,76,294,327,303,344,253,304,358,355,174,283,295,339,320,352,78,254,334,354,199,325,350,333,348,338,2,2,2,2,2,2,2,2,2,2,2,2,2,2,2,2,2,2,2,2,2,2,2,2,2,2,2,2,2,2,2,2,2,2,2,2,2,2,2,2,2,2,2,2,2,2,2,2,2,2,2,124,360,65,279,331
1,1,1,0,1,1,1,1,1,1,0,1,1,1,1,1,0,0,1,0,1,1,1,1,1,1,0,1,1,1,1,0,1,1,1,1,1,1,1,1,1,1,1,1,1,0,1,1,1,0,1,1,1,1,1,0,1,1,1,1,1,1,0,1,1,0,0,1,1,1,1,1,0,1,1,0,1,0,1,1,1,1,0,1,1,1,0,1,0,1,1,0,1,1,0,1,1,0,1,1,0,1,0,1,1,1,1,0,1,1,1,1,0,0
3434
323,367,246,351,5,336,296,287,344,318,358,284,252,254,363,292,22,22,22,22,22,22,22,22,22,22,22,22,22,22,22,22,22,22,22,22,22,322,339,293,317,313,361,337,73,334,294,370,346,146,144,316,349,45,328,65,65,171,307,288,2,2,2,2,2,2,2,2,2,2,2,2,2,2,2,2,2,2,2,2,2,2,2,2,2,2,2,2,2,2,2,2,2,2,2,2,2,2,2,2,2,2,2,2,2,2,2,2,91
1,1,1,1,0,1,0,1,1,1,0,1,1,0,1,1,1,1,0,1,0,1,1,0,0,1,1,1,1,1,1,1,1,1,1,1,1,0,1,1,0,0,1,1,0,1,0,1,1,1,1,1,0,1,1,0,1,1,0,0,0,1,1,0,0,0,1,0,1,0,0,1,1,1,0,0,1,0,1,0,1,1,1,1,0,1,1,1,1,1,1,0,0,1,0,1,1,0,1,1,1,1,1,1,0,1,0,0,0
3435
323,331,236,281,253,304,284,283,288,22,22,22,22,22,22,22,22,22,22,22,22,22,339,106,237,56,317,313,348,78,151,155,354,199,86,263,357,316,45,329,353,2,2,2,2,2,2,2,2,2,2,2,2,2,2,2,2,2,2,2,2,2,2,2,2,2,2,2,2,2,2,2,2,2,2,2,2,2,2,2,2,2,2,2,2,2,2,2,2,2,124,65,171,175,301
0,0,1,0,1,0,1,1,0,0,1,1,1,0,0,1,0,1,1,1,1,0,1,1,0,1,0,1,1,1,1,1,1,1,0,0,1,1,1,1,0,0,1,1,1,0,0,0,0,1,1,0,0,0,1,1,1,1,1,0,0,0,1,1,0,1,1,1,0,0,0,0,0,0,1,0,1,1,1,1,1,1,0,0,0,0,1,1,1,1,0,0,1,1,0
3436
22,22,22,22,22,22,22,22,22,22,2,2,2,2,2,2,2,2,2,2,2,2,2,2,2,2,2,2,2
0,0,0,1,1,1,1,1,1,1,1,1,1,1,1,1,0,1,0,1,0,1,0,1,0,1,1,0,0
3437
254,68,320,22,22,22,314,2,2,2,2
1,1,1,0,1,1,1,1,0,1,0
3438
288,22,22,22,236,293,301,45,2,2,2,313
1,1,1,1,1,1,1,1,1,0,1,1
3439
22,22,22,2,2,2,2,2,2,2
0,0,0,0,0,1,0,1,1,0
3440
315,56,320,236,281,281,288,316,333,45,292,22,22,22,22,22,22,22,22,22,22,22,22,22,22,22,22,22,22,22,22,22,22,22,22,22,22,22,22,22,22,293,171,317,313,2,2,2,2,2,2,2,2,2,2,2,2,2,2,2,2,2,2,2,2,2,2,2,2,2,2,2,2,2,2,2,2,2,2,2,2,2,2,2,2,2,2,2,2,2,2,2,2,2,2,2,2,2,2,2,2,2,2,2,2
1,1,1,1,0,0,1,1,1,1,1,0,1,0,0,0,1,1,1,1,0,0,1,1,1,1,0,0,0,1,0,0,0,0,1,1,1,1,1,0,1,1,1,0,0,0,1,0,1,0,1,1,1,1,1,1,1,0,1,0,1,0,1,1,1,1,1,1,0,0,0,0,0,1,0,1,1,1,0,0,0,0,0,1,0,0,1,0,0,1,1,1,1,1,1,0,0,0,1,1,0,1,0,0,0
3441
287,5,22,2,2,308
1,1,1,1,1,0
3442
235,304,281,286,174,363,22,22,22,22,345,339,346,48,348,307,2,2,2,2,2,2,2,2,2,2,2,2,2,2,2
0,0,0,0,1,0,0,1,0,0,1,1,1,1,0,1,0,1,0,1,1,1,1,1,1,1,1,1,1,1,1
3443
78,254,354,199,236,276,301,355,288,306,359,22,22,22,22,22,22,22,22,22,22,22,22,22,22,171,171,317,317,45,2,2,2,2,2,2,2,2,2,2,2,2,2,2,2,2,2,2,2,2,2,2,2,2,2,2
0,0,0,1,1,1,0,0,0,0,0,1,0,1,0,1,1,0,1,0,1,1,0,1,1,1,1,0,0,1,0,0,1,0,1,0,0,1,0,1,1,1,1,1,1,1,0,1,0,0,0,1,0,0,0,1
3444
323,246,347,336,287,304,276,302,363,22,22,22,22,22,22,22,22,22,22,22,22,22,22,22,22,22,22,22,339,282,55,325,312,27,254,144,333,348,111,364,2,2,2,2,2,2,2,2,2,2,2,2,2,2,2,2,2,2,2,2,2,2,2,2,2,2,2,2,2,2,2,2,2,2,2,2,2,2,2,345,279,340,368,368
0,1,0,0,0,0,1,0,0,0,1,0,0,1,0,1,0,0,0,0,1,0,1,0,1,1,1,1,1,0,1,1,0,0,1,1,0,0,0,1,1,1,1,0,0,0,0,0,0,0,0,0,0,1,0,0,1,0,0,1,0,0,1,0,0,0,0,1,1,0,1,0,0,0,0,0,0,0,1,1,1,0,1,1
3445
279,364,276,5,355,287,124,360,352,182,288,2,2,2,2,2,2,2,2,2,2
0,0,1,0,0,1,0,0,1,1,0,0,0,1,0,1,0,0,1,0,1
3446
22
0
3447
360,279,326,2,2,2,2,2,2,2,2,2,2,2,22
1,0,0,0,0,1,0,0,0,0,1,0,1,0,1
3448
299,362,315,236,73,316,45,22,22,22,22,22,298,291,171,317,313,2,2,2,2,2,2,2,2,2,2,2,2,2,2,2,2,2,2,2
1,1,1,1,0,0,0,0,1,0,0,1,1,0,0,0,0,0,0,0,0,1,0,0,0,0,0,0,1,0,0,0,0,0,1,0
3449
22,22,2,2
0,1,0,0
3450
367,246,351,337,236,281,318,41,22,22,22,22,22,22,22,22,22,22,22,22,22,22,22,22,22,22,22,22,22,22,22,22,22,22,22,22,282,300,332,155,177,336,27,329,182,335,321,144,313,111,285,359,171,305,327,303,297,304,5,5,252,254,358,364,293,341,317,349,343,289,308,354,199,325,350,363,78,45,68,328,2,2,2,2,2,2,2,2,2,2,2,2,2,2,2,2,2,2,2,2,2,2,2,2,2,2,2,2,2,2,2,2,2,2,2,2,2,2,2,2,2,2,2,2,2,2,2,2,2,2,2,2,2,2,2,2,2,2,2,2,2,2,2,2,2,2,2,2,2,2,2,2,2,2,2,2,2,345,208,48,334,288,288,301,301,368
0,1,1,0,1,0,1,1,1,0,1,0,0,0,0,1,1,1,1,0,1,1,0,1,0,0,0,1,1,0,1,1,1,1,0,1,0,0,0,0,1,1,0,0,1,1,0,0,1,1,0,1,1,1,1,0,1,0,0,0,1,0,1,1,1,0,1,0,0,0,0,1,1,0,1,1,1,1,0,0,0,0,0,0,1,0,0,1,1,1,1,1,0,1,1,1,0,1,1,0,0,1,1,0,0,0,0,1,0,1,0,0,1,1,0,0,0,1,0,1,0,1,1,0,1,1,1,0,1,0,0,1,1,0,1,0,0,0,1,1,0,1,0,0,1,1,1,1,0,0,0,1,0,1,0,1,0,0,0,0,1,1,1,1,0,0
3451
311,246,236,297,367,330,22,22,22,22,22,22,22,22,22,22,22,22,22,22,22,22,22,22,22,22,22,22,22,22,22,22,22,368,322,146,313,312,280,55,68,364,335,300,319,285,353,359,76,328,171,45,327,331,356,305,304,5,91,293,352,317,349,303,334,325,110,67,333,357,338,329,326,2,2,2,2,2,2,2,2,2,2,2,2,2,2,2,2,2,2,2,2,2,2,2,2,2,2,2,2,2,2,2,2,2,2,2,2,2,2,2,2,2,2,2,2,2,2,2,2,2,2,2,2,2,2,2,2,2,2,2,2,2,2,124,208,65,279,288,301,321
0,1,1,1,1,1,1,1,1,1,1,0,1,0,1,1,1,0,1,0,0,0,1,1,0,1,0,1,1,1,0,1,1,1,1,1,1,0,1,1,1,1,1,1,1,1,1,1,1,1,1,1,1,0,0,1,1,1,1,1,1,0,0,1,1,1,1,1,1,1,0,1,1,1,1,1,1,0,1,1,1,1,0,1,0,1,1,1,1,1,0,0,0,1,1,1,1,1,1,1,1,1,1,1,1,1,1,0,1,1,0,1,0,0,1,0,1,0,1,1,1,0,0,1,0,1,1,0,1,1,0,1,1,0,0,1,1,1,1,0,1,1
3452
367,337,287,144,311,5,254,253,352,199,22,22,22,22,22,22,22,22,22,22,22,22,22,22,322,339,282,318,55,347,289,283,151,365,354,329,325,335,350,106,333,348,235,27,353,340,360,294,279,307,305,2,2,2,2,2,2,2,2,2,2,2,2,2,2,2,2,2,2,2,2,2,2,2,2,2,2,2,2,2,2,2,2,2,2,2,2,2,2,2,2,2,2,177
1,1,0,1,1,1,0,0,1,1,0,0,1,0,0,0,0,0,1,0,0,0,1,0,0,0,1,1,1,0,0,1,1,1,0,0,0,0,0,1,0,0,0,0,0,0,1,0,1,1,1,0,0,0,0,1,1,0,0,1,0,0,1,0,0,0,0,0,0,0,0,0,1,0,0,0,0,0,0,1,1,0,0,0,0,1,1,0,1,0,1,1,1,1
3453
315,291,236,279,86,175,56,46,316,327,363,292,22,22,22,22,22,22,22,22,22,293,282,171,352,317,45,2,2,2,2,2,2,2,2,2,2,2,2,2,2,2,91
1,1,1,1,0,0,0,1,1,0,0,1,0,1,0,1,0,0,0,0,0,1,0,0,1,0,0,1,0,0,1,1,1,0,1,1,1,1,0,1,1,1,0
3454
359,340,236,86,291,171,2,2,2,2,2,2,2,2,2,2,2,2,2,317,45,326,22,22,22,22,22,22,22
0,0,0,0,1,1,1,1,0,1,1,0,0,1,0,1,1,1,1,1,1,1,0,1,1,0,1,1,1
3455
78,363,22,22,236,55,288,2,2,2
1,0,1,0,1,1,0,0,0,0
3456
155,2,2,2,2,2,2,2,2,2
0,1,0,1,0,0,0,0,0,1
3457
2
0
3458
321,2,22,91,174
1,1,1,0,1
3459
263,73,22,2,2,2,2,2,2,2,2,2,2,2
1,1,0,1,1,1,1,1,1,1,0,0,0,0
3460
290,311,360,351,337,236,318,41,302,324,22,22,22,22,22,22,22,22,22,22,22,22,22,22,22,22,22,22,22,282,306,348,347,319,280,365,364,111,76,341,2,2,2,2,2,2,2,2,2,2,2,2,2,2,2,2,2,2,2,2,2,2,2,2,2,2,2,2,2,2,2,2,2,2,2,2,2,2,2,2,2,2,2,2,2,2,2,2,2,2,2,2,2,2,2,2,2,2,2,2,2,2,2,2,2,2,2,2,296,235,344,304,358,5,363,339,354,352,349,308,289,342,320,199,110,357,328,327,124,345,279,288,340,321
0,1,1,0,0,0,0,0,1,1,0,0,1,0,1,1,0,1,0,0,1,0,0,0,0,0,0,1,0,0,0,0,0,0,0,1,0,0,1,1,1,1,0,0,0,1,0,0,1,0,0,1,1,0,1,0,1,1,1,0,1,1,1,1,1,1,0,0,1,0,1,0,0,1,0,0,0,0,0,0,1,1,0,0,1,0,1,0,0,0,0,0,1,0,0,0,0,0,1,1,0,0,0,0,0,1,0,0,0,0,1,1,1,0,0,0,0,1,0,0,1,0,0,1,0,0,0,0,0,0,1,0,0,1
3461
2,2,2,2
0,0,0,0
3462
282,146,22,2,2,2,2,2,2,2,2,2,2,91
1,0,1,1,1,0,0,0,1,1,0,0,1,0
3463
347,236,287,297,276,5,5,284,302,324,358,22,22,22,22,22,22,22,22,22,22,22,22,22,22,22,22,346,352,182,349,303,354,343,325,320,175,348,353,2,2,2,2,2,2,2,2,2,2,2,2,2,2,2,2,2,2,2,2,2,2,2,2,2,2,2,2,2,2,2,2,2,2,2,2,2,2,2,2,2,2,2,124,124,208,294,334,307,288,340,91
1,0,1,0,0,0,1,0,0,1,1,0,1,0,0,0,0,0,0,0,0,1,0,1,0,0,0,1,1,0,0,0,0,0,0,0,0,0,1,0,1,1,0,0,0,0,0,0,0,0,1,0,0,0,0,0,0,1,0,0,1,0,1,1,0,0,0,1,0,0,1,0,0,0,1,0,1,0,0,1,1,0,0,0,0,0,1,0,0,0,0
3464
346,322,22,2,2,2,2,2,2,300
1,1,0,0,0,1,1,0,0,0
3465
290,296,151,311,336,337,253,335,297,358,300,288,22,22,22,22,22,22,339,237,326,182,305,2,2,2,2,2,2,2,2,2,2,2,2,2,2,2,2,2,2,2,2,2,2,2,2,327
0,1,0,1,1,1,1,0,0,1,0,1,0,1,1,0,1,1,1,0,0,1,0,0,0,0,1,0,0,0,0,1,1,0,1,1,1,0,1,0,1,1,0,1,0,1,0,0
3466
177,353,22,22,344,175,2,2,2,2,2,2,2,2,2,2,2,2,41,294,301
1,0,0,1,0,0,0,1,1,1,0,1,0,0,0,1,1,1,1,1,1
3467
22,22,22,22,22,2
0,0,1,0,1,0
3468
2
0
3469
2,2,2,236
0,0,0,1
3470
22,22,2,2,2,2
1,0,0,0,0,0
3471
290,323,367,351,347,336,287,286,297,73,324,22,22,22,22,22,22,22,22,22,22,22,22,22,22,22,22,22,22,22,22,22,22,22,237,155,312,280,365,329,175,321,300,309,344,326,296,247,41,5,5,5,355,284,295,91,339,346,55,349,303,151,354,86,263,350,357,68,2,2,2,2,2,2,2,2,2,2,2,2,2,2,2,2,2,2,2,2,2,2,2,2,2,2,2,2,2,2,2,2,2,2,2,2,2,2,2,2,2,2,2,2,2,2,2,2,2,2,2,2,2,2,2,2,2,2,2,2,2,2,65,334,368
0,1,0,0,0,0,1,1,1,1,1,0,1,0,0,0,1,1,1,0,1,0,0,1,1,1,0,0,0,1,1,0,1,0,0,1,1,1,1,0,0,1,0,1,0,1,1,1,1,0,0,1,1,1,1,0,1,0,1,0,0,0,0,0,0,0,0,1,0,1,1,0,0,0,0,0,1,0,1,0,1,1,1,1,0,1,1,1,0,1,1,1,0,0,1,1,1,0,1,1,0,1,1,1,1,1,1,1,1,1,0,0,0,0,1,1,0,1,0,0,1,1,0,0,1,1,1,0,0,0,1,1,1
3472
338,302,246,312,325,314,333,319,330,340,304,345,321,294,334,2,2,2,2,2,2,2,2,2,2,2,2,2,2,2,2,2,2,2,2,2,2,2,2,2,2,2,2,2,2,2,2,2,2,2,2,22,22,22,22,22,22,22,22,22
0,0,1,1,0,1,1,1,1,0,0,1,1,0,1,1,1,1,1,0,0,1,0,1,1,1,1,1,1,0,1,1,1,0,1,0,1,0,1,0,1,1,1,1,1,1,1,1,1,0,0,1,1,1,1,0,1,1,0,0
3473
73,325,281,318,358,287,357,68,309,22,22,22,22,22,22,280,328,352,263,2,2,2,2,2,2,2,2,2,2,2,2,2,2,2,2,2,2,2,2,2,2
0,0,0,1,0,1,0,1,1,1,0,0,1,0,0,1,0,1,0,0,0,1,1,0,1,1,0,0,0,0,1,1,1,1,1,1,0,1,1,0,0
3474
2,2,2,236,22
0,1,0,0,1
3475
319,311,246,22,22,22,22,22,322,337,282,348,307,2,2,2,2,2,357
1,1,1,0,1,1,0,1,0,0,0,1,0,0,0,0,0,0,0
7651
311,246,276,253,46,177,174,22,22,22,22,22,22,22,22,22,22,22,22,22,22,22,22,22,293,237,56,317,349,315,325,316,357,306,329,76,171,307,2,2,2,2,2,2,2,2,2,2,2,2,2,2,2,2,2,2,2,2,2,2,2,2,2,2,2,2,2,2,2,2,2,2,2,2,2,2,2,2
1,0,0,1,1,1,0,1,0,1,1,1,0,1,1,1,0,1,0,1,0,0,0,0,0,0,1,1,1,1,0,1,0,0,1,0,0,0,0,0,1,0,0,1,1,0,0,0,0,1,0,1,0,0,0,0,0,0,0,0,0,0,0,1,1,1,0,1,0,0,1,0,0,0,1,0,0,0
3477
78,155,351,22,22,22,22,22,22,22,22,22,336,298,339,253,297,353,2,2,2,2,2,2,2,2,2,2,2,2,2,2,2,2,2,2,2,2,2,2,2,2,2,2
1,0,0,0,1,1,1,0,1,1,0,0,0,1,0,1,0,0,0,0,1,0,0,0,1,0,0,0,0,1,0,0,0,1,1,1,0,1,0,1,0,0,0,0
3478
106,347,41,252,355,357,319,363,295,22,22,22,22,22,22,22,174,307,2,2,2,2,2,2,2,2,2,2,2,2,2,2,2,2,2,2,2,2,2,2,2,327
1,0,0,1,1,0,1,1,0,0,0,0,1,1,1,1,0,1,1,1,0,1,0,1,1,1,1,0,1,1,0,1,0,1,1,0,0,1,1,1,1,1
3479
325,367,297,2,2,355
1,1,1,0,1,1
8698
290,289,347,236,287,2,2,2,2,2,2,2,2,2,2,2,2,2,2,2,2,2,2,2,2,2,2,2,2,2,2,2,2,2,2,2,2,2,2,2,2,2,2,2,2,2,2,2,2,2,2,2,2,2,2,2,2,2,2,2,2,2,2,2,2,2,2,2,2,2,2,2,2,2,2,2,2,2,2,2,2,2,2,2,2,2,2,2,2,284,324,22,22,22,22,22,22,22,22,22,22,22,22,22,22,22,22,22,22,22,22,22,22,22,22,22,22,22,22,22,22,22,322,293,56,317,332,337,303,315,342,336,316,333,45,177,68,326,327,291,171,288,288,301,91
0,0,0,1,1,1,0,0,0,0,0,0,0,0,1,0,0,1,0,0,0,0,0,1,0,0,0,0,1,0,0,1,0,1,0,1,1,0,1,0,0,1,0,0,0,0,0,0,0,1,1,1,1,0,0,0,0,0,1,1,1,1,0,0,1,0,0,1,0,0,0,0,0,1,1,0,0,0,0,1,1,0,0,0,0,1,0,0,1,0,0,1,0,1,1,1,1,1,0,0,1,1,1,1,1,0,1,0,1,1,1,0,0,1,0,1,1,1,0,1,0,1,1,0,0,1,0,0,1,1,0,0,1,1,1,0,1,0,1,1,1,1,0,0,0
3481
73,246,236,276,302,45,332,22,22,22,22,22,22,22,22,22,22,22,22,22,22,22,22,22,313,293,317,349,327,331,86,348,353,359,359,2,2,2,2,2,2,2,2,2,2,2,2,2,2,2,2,2,2,2,2,2,2,2,2,2,2,2,2,2,2,2,2,2,2,2,2,171,171,288,301,301,321
0,0,0,1,0,1,0,0,1,0,0,0,1,0,0,0,0,0,1,0,0,0,0,1,0,1,0,1,0,0,0,0,1,0,0,0,0,1,0,1,1,0,0,0,0,0,0,0,0,1,0,0,0,0,0,0,1,0,0,0,1,0,1,0,0,1,1,0,1,0,1,1,0,0,1,0,0
3482
324,22,22,110,358,2,2,357
1,1,0,1,0,1,0,1
3483
27,356,354,22,22,22,22,22,295,331,2,2,2,2,2,2,2,2,2,2,2,2,2,2,2,2,2,2,2,2,2,2,2,2,2,2,2,2,2,2,2,2,2,2,2,2,2,2,2,2,2,2,2,2,2,2,2,2,2,2,2,2,2,308
1,0,1,0,1,1,1,0,0,0,0,1,0,1,1,1,0,1,1,1,1,1,1,1,0,1,1,0,1,0,1,1,1,1,1,0,1,1,1,1,1,1,1,1,1,1,1,1,0,1,0,1,1,0,1,1,0,1,1,0,1,1,1,1
3484
22,22,22,22,22,2,2,2,2,2,2,2,2,2
1,0,1,1,0,0,0,0,0,0,0,0,1,0
3485
340,22,22,22,22,22,2,2,2,2,2,2,2,91
0,1,1,0,1,0,1,1,0,0,0,1,0,0
3486
68,353,309,22,2,2,2,2,2,2,2,2,2,2,2,2,2,2,2,2,2,2,2,2,2,2,2,2,2,2,2,2,2,2,2,2,2,2,2,2,2,2,2,280,340
1,1,0,1,0,1,1,0,0,0,0,0,1,0,0,1,0,1,1,1,0,0,1,0,1,1,1,1,1,1,1,1,0,0,1,1,1,1,1,0,1,1,1,0,1
3487
73,22,22,2,2,2,2,2,2,2,2,2
0,1,1,0,0,0,0,0,0,0,0,0
3488
287,304,22,22,2,2,2,2,2,2,2,2,2,288
0,0,1,0,0,1,1,0,0,0,0,1,1,0
3489
296,323,281,46,358,363,22,22,22,22,22,22,22,22,22,22,22,22,22,22,2,2,2,2,2,2,2,2,2,2,2,2,2,2,2,2,2,2,2,2,2,2,2,2,2,2,2,2,2,2,2,2,2,2,2,2,2,2,2,2,2,2,2,2,2,2,2,2,2,2,2,2,2,2,2,2,2,2,2,2,2,2,2,2,2,2,2,2,2,2,2,2,2,2,2,2,2,2,2,2,2,2,2,2,2,2,2,2,2,2,2,2,2,2,2,332,361,78,312,280,320,362,86,144,338,329,310,76,65,340
0,1,0,0,1,0,1,1,1,0,0,0,0,1,1,1,0,1,0,1,0,1,0,0,1,1,0,0,0,0,1,0,0,0,0,1,0,0,0,0,0,0,1,0,1,0,1,0,0,0,1,0,0,0,1,1,1,1,1,1,1,0,1,1,0,1,1,1,1,1,1,1,1,0,0,1,0,0,1,1,0,0,0,1,0,0,0,0,0,0,0,1,0,0,0,0,1,0,0,0,1,0,0,1,1,0,0,0,1,0,0,0,0,0,0,0,1,1,0,0,0,1,0,1,0,0,1,0,0,0
3490
290,235,246,351,236,304,46,5,327,174,254,324,22,22,22,22,22,22,22,22,22,22,22,22,22,322,293,326,146,313,341,279,106,364,282,111,353,310,301,294,308,307,288,2,2,2,2,2,2,2,2,2,2,2,2,2,2,2,2,2,2,2,2,2,2,2,2,2,2,2,2,2,2,2,2,2,2,2,2,2,2,2,2,2,2,2,2
0,0,1,0,1,0,1,0,0,1,0,1,0,1,1,1,1,1,1,1,0,1,0,1,0,0,0,0,0,0,0,1,1,1,0,0,0,1,0,1,1,0,0,0,1,0,0,0,1,1,0,1,0,1,0,0,0,0,0,0,1,0,1,1,0,0,1,0,1,1,1,1,1,1,0,0,0,0,0,0,0,0,0,1,1,1,0
3491
296,356,351,337,5,5,355,324,22,22,22,22,22,22,22,22,22,22,22,22,22,322,56,56,146,349,155,341,315,315,365,354,364,317,317,335,350,316,332,111,285,309,326,314,328,65,171,171,2,2,2,2,2,2,2,2,2,2,2,2,2,2,2,2,2,2,2,2,2,2,2,2,2,2,2,2,2,2,2,2,2,2,2,2,2,321
0,1,0,0,1,0,0,0,0,0,1,0,0,0,0,0,1,0,1,1,1,0,0,1,0,1,0,0,0,1,1,0,0,0,1,0,0,0,1,0,0,1,1,0,0,0,0,0,1,0,0,0,1,1,0,0,0,0,1,0,1,0,0,0,0,1,1,0,1,0,0,0,1,0,0,0,0,0,0,1,0,1,1,1,0,0
3492
2,2,2,2,2,2,2,2,2,2,2,2,2,2,2,2,2,2,2,323,171,236,316,313,302,76,293,56,317,45,301,22,22,22,22,22,22,22
1,1,1,1,1,0,0,0,0,0,0,0,0,1,1,0,1,1,0,1,1,1,1,1,0,0,1,1,0,1,1,1,1,1,0,1,1,1
3493
362,315,22,22,236,301,45,2,2,2,2,313
1,0,1,0,1,0,1,0,0,0,0,1
3494
78,290,73,320,236,236,324,252,297,358,367,288,339,151,22,22,22,22,22,22,22,22,22,22,22,22,22,22,22,22,22,2,2,2,2,2,2,2,2,2,2,2,2,2,2,2,2,2,2,2,2,2,2,2,2,2,2,2,2,2,2,2,2,2,2,2,2,2,2,2,2,2,2,2,2,2,2,2,2,2,2,2,2,2,2,2,2,2,2,2,2,2,2,2,313,313,282,279,349,301
0,0,0,0,0,1,1,0,0,1,0,0,1,0,0,1,0,0,0,1,1,0,1,0,0,1,1,0,0,1,1,0,1,0,1,0,0,1,0,0,1,0,1,1,1,1,0,0,0,0,0,1,0,1,0,0,1,1,0,0,0,0,1,1,0,1,1,1,0,1,1,0,1,0,0,1,1,1,1,1,1,0,1,0,1,1,1,1,1,0,0,0,1,1,0,1,0,1,0,0
3495
22,2,2,2
1,1,1,1
3496
78,301,22,22,22,236,291,279,284,2,2,2,2,2,2,2,2,2,2,2,2,2,174
0,1,1,1,1,1,0,1,1,0,0,0,0,1,1,1,1,0,0,1,0,1,0
3497
22,22,22,22,22,22,357,336,2,2,2,2,2,2,2,314
0,0,1,1,1,1,1,1,0,1,1,1,1,1,1,1
3498
2
0
3499
324,199,22,22,22,352,358,2,2,2,2,300
0,1,0,1,1,1,0,0,1,1,1,0
3500
22,2,2,2,2,2,2
1,0,0,0,1,0,0
3501
323,311,246,347,236,236,287,297,352,22,22,22,22,22,22,22,22,22,22,22,22,22,22,22,22,22,22,22,22,22,22,22,22,22,22,22,22,22,22,22,22,22,22,368,322,282,237,357,146,313,343,365,336,329,175,5,5,5,111,285,353,359,309,171,307,305,2,2,2,2,2,2,2,2,2,2,2,2,2,2,2,2,2,2,2,2,2,2,2,2,2,2,2,2,2,2,2,2,2,2,2,2,2,2,2,2,2,2,2,2,2,2,2,2,2,2,2,2,2,2,2,2,2,2,2,2,2,2,2,2,2,2,2,2,2,2,2,2,2,2,2,2,2,2,2,2,2,2,2,2,2,2,2,2,2,2,2,2,2,2,2,2,2,2,2,2,2,2,2,2,2,2,2,235,356,276,252,345,358,284,283,295,320,339,293,55,317,341,303,254,334,106,199,91,86,110,350,67,333,45,338,326,301,301,124,360,65,279,288,288,288,340,321
0,0,1,0,1,0,1,0,1,1,0,0,0,1,0,0,1,1,1,0,0,0,0,0,1,1,0,0,1,0,1,0,0,1,1,1,1,0,0,0,0,0,0,0,1,0,0,0,0,0,0,1,0,0,0,0,1,0,0,0,1,0,0,0,1,0,0,1,1,0,0,1,1,1,1,0,1,1,0,0,1,0,0,1,0,0,1,0,1,1,0,0,1,0,0,0,1,0,1,1,1,1,0,1,0,0,0,0,0,0,0,1,1,1,0,0,1,0,1,1,0,0,0,0,1,0,0,0,1,0,0,0,1,1,0,0,0,1,0,1,1,0,0,0,1,1,0,1,0,0,0,1,1,1,1,0,0,1,1,0,1,0,0,0,0,0,1,0,0,0,1,0,1,0,1,0,1,0,0,1,0,0,1,0,1,0,1,0,0,0,1,1,0,0,0,0,1,1,0,1,0,1,0,1,0,1,0,0,0,0,0,0,0
3502
312,320,22,2,2,2,2
0,0,1,0,0,1,1
3503
362,315,236,46,335,369,316,355,332,349,22,22,22,22,22,22,360,293,171,45,2,2,2,2,2,2,2,2,2,2,2,2,2,2,76
1,1,1,0,0,0,1,0,0,0,1,1,1,0,1,0,1,0,0,0,0,0,0,0,0,0,0,0,0,0,0,1,0,0,0
3504
290,289,247,337,236,281,253,276,177,5,363,22,22,22,22,22,22,22,22,22,22,346,318,341,303,312,151,330,357,353,340,2,2,2,2,2,2,2,2,2,2,2,2,2,2,2,2,2,2,2,2,2,2,2,2,2,2,2,208,294,288,326
0,1,1,1,1,1,1,1,1,0,0,1,0,1,0,1,1,1,1,0,1,1,1,1,0,0,1,1,1,0,0,1,1,0,1,1,1,1,1,1,1,0,1,1,0,0,1,1,1,1,1,1,1,1,1,1,1,1,0,0,0,1
3505
2,2,2,2,2,2,2
1,1,1,1,0,1,1
3506
290,246,236,304,283,45,292,295,22,22,22,22,22,22,22,22,22,22,22,22,22,22,22,22,22,22,293,352,317,317,341,78,336,324,110,333,348,111,359,359,328,326,345,291,294,171,171,288,2,2,2,2,2,2,2,2,2,2,2,2,2,2,2,2,2,2,2,2,2,2,2,2,2,2,2,2,2,91
0,1,1,0,1,1,0,1,0,0,1,1,0,0,1,1,1,1,0,1,0,0,0,0,0,1,1,0,0,0,1,0,0,1,0,0,1,0,0,0,1,0,0,1,0,0,0,0,0,0,0,0,0,0,0,1,1,1,1,1,1,0,1,1,1,0,1,0,0,0,0,0,0,1,1,0,0,0
3507
296,235,289,337,236,287,286,41,5,5,252,283,324,330,295,22,22,22,22,22,22,22,22,22,22,22,22,22,22,22,22,22,22,22,22,22,22,22,22,22,22,22,22,22,22,22,22,22,293,237,352,146,332,155,78,312,320,343,175,45,111,68,309,2,2,2,2,2,2,2,2,2,2,2,2,2,2,2,2,2,2,2,2,2,2,2,2,2,2,2,2,2,2,2,2,2,2,2,2,2,2,2,2,2,2,2,2,2,2,2,2,2,2,2,2,2,2,2,2,2,2,2,2,2,2,2,2,2,2,2,2,2,2,2,2,2,2,2,2,2,2,2,2,2,2,2,2,2,2,2,2,2,2,2,2,2,2,2,2,2,2,2,2,2,124,208,48,334,288,301
0,0,0,0,0,0,0,0,0,0,1,1,1,0,1,1,1,1,1,1,0,1,0,0,0,1,1,1,1,0,1,1,1,1,0,1,0,1,1,1,0,0,0,1,1,0,0,1,0,0,1,1,0,1,0,1,0,1,0,0,1,0,1,1,1,0,1,1,1,0,0,1,1,0,0,0,0,0,1,0,0,0,0,0,0,0,0,1,1,1,1,0,1,0,0,0,0,1,1,0,0,1,1,1,0,1,0,1,1,0,0,1,1,1,1,1,0,0,0,0,0,0,1,1,1,0,0,0,0,0,0,0,0,0,1,1,1,0,0,0,0,0,0,0,1,1,1,0,0,1,0,0,1,0,1,0,0,1,1,0,0,0,0,0,0,0,1,1,0,1
3508
2,2
0,0
3509
22,2,2
0,0,0
3510
110,22,323
0,1,0
3511
290,323,311,246,351,347,336,345,287,318,276,73,174,324,330,22,22,22,22,22,22,22,22,22,22,22,22,22,22,22,22,22,22,22,22,22,22,22,22,22,22,22,22,22,22,22,22,22,22,22,22,22,22,297,322,282,237,146,332,155,327,111,177,55,236,68,364,175,300,306,86,353,314,328,307,2,2,2,2,2,2,2,2,2,2,2,2,2,2,2,2,2,2,2,2,2,2,2,2,2,2,2,2,2,2,2,2,2,2,2,2,2,2,2,2,2,2,2,2,2,2,2,2,2,2,2,2,2,2,2,2,2,2,2,2,2,2,2,2,2,2,2,2,2,2,2,2,2,2,2,2,2,2,2,2,2,2,2,2,2,2,2,2,2,2,2,2,2,2,2,2,2,2,2,2,2,2,2,2,2,2,2,2,2,2,2,2,2,2,2,2,2,2,2,2,2,2,2,2,2,2,2,2,2,2,2,2,2,2,344,303,247,356,326,331,334,252,304,5,5,5,355,284,254,365,91,339,346,352,349,341,289,283,342,354,199,280,325,263,78,348,235,329,285,366,340,124,360,65,279,288,41,321
0,1,1,1,1,0,0,1,1,1,0,1,1,1,1,0,0,1,0,0,1,0,1,0,1,1,1,1,1,0,1,1,1,1,0,1,1,1,1,1,0,0,1,1,0,0,0,1,1,1,1,1,1,1,1,1,0,1,0,1,1,1,1,1,1,1,0,0,1,1,0,0,1,0,0,0,1,1,1,1,1,1,0,1,1,0,0,1,1,1,1,0,1,1,1,1,0,1,1,1,1,1,0,0,1,0,1,1,1,1,1,1,0,0,1,1,1,1,0,1,1,1,1,0,0,1,1,1,1,1,1,0,0,1,1,1,0,1,0,0,1,1,1,1,0,0,1,0,1,1,0,0,1,0,1,0,1,1,0,0,0,1,1,1,1,0,1,1,0,1,1,1,1,0,1,0,1,1,1,0,1,1,1,0,0,1,0,1,0,0,0,1,1,0,0,1,1,1,1,0,0,0,1,1,0,0,0,0,1,1,1,1,1,1,1,1,1,1,0,1,0,1,1,1,1,0,1,1,1,0,1,1,1,0,0,1,1,1,1,1,1,0,1,0,1,0,1,1,0,1,1,1,1
3512
347,236,288,288,355,330,292,22,22,22,22,22,22,22,22,22,22,22,305,363,56,317,313,312,315,171,86,175,316,300,48,334,45,2,2,2,2,2,2,2,2,2,2,2,2,2,2,2,2,2,2,2,2,2,2,2,2,2,91,91
0,1,1,1,1,1,1,1,1,1,0,1,1,1,1,1,1,1,1,1,1,1,1,0,1,0,0,0,1,1,1,1,1,0,0,0,0,1,0,0,0,1,1,1,1,1,1,0,0,1,0,0,1,1,1,1,1,1,0,1
3513
303,296,247,246,106,336,287,350,263,41,367,284,22,22,22,22,345,320,294,146,2,2,2,2,2,2,2,2,2,2,2,2,2,2
1,0,1,1,1,1,1,1,1,0,0,1,1,1,0,0,1,0,1,0,1,1,1,0,1,0,1,0,0,1,0,1,0,1
3514
289,78,353,2,2,2,2,2,2,2,2,344,308,252,155,199
1,0,0,1,0,1,0,1,1,1,1,1,0,1,1,1
3515
362,366,343,236,253,46,302,359,328,22,22,22,22,22,22,22,22,310,171,317,332,2,2,2,2,2,2,2,2,2,2,2,2,2,2,2,2,2,2
1,1,1,0,0,1,1,0,1,0,0,0,0,0,1,1,1,1,0,0,1,1,1,0,1,1,1,0,0,0,1,1,1,1,1,1,1,1,0
3516
78,287,365,22,22,329,294,286,2,2,2,2,2,2,2,2,2,2,2,2,2,2,2,2,2,2,2,2,2,2,2,2,2,2,2,2,2,2,2,2,2,2,2,2
1,1,1,1,0,0,0,0,1,0,0,0,1,1,0,0,0,1,0,0,0,0,0,0,1,0,0,1,1,0,0,0,1,0,1,1,1,1,0,1,1,0,0,0
3517
22,22,22,22,22,22,22,22,22,22,22,22,22,22,2,2,2,2,2,2,2,2,2,2,2,2,2,2,2,2,2,2,2,2,2,2,2,2,2,2,2,2,2,2,2,2,2,2,2,2,2,2,2
0,0,1,1,0,0,1,0,1,1,1,0,1,0,1,0,0,1,1,0,0,0,0,0,0,1,1,0,1,1,1,1,0,0,0,0,0,1,0,1,0,1,0,1,1,1,0,1,0,1,1,0,0
3518
22,2,2,2,2,2,174
1,1,1,0,1,0,0
3519
320,351,2,2,2,2
0,1,0,1,1,0
3520
247,246,347,300,5,252,302,363,295,91,339,55,155,341,78,312,151,352,329,335,357,330,348,301,124,294,334,307,2,2,2,2,2,2,2,2,2,2,2,2,2,2,2,2,2,2,2,2,2,2,2,2,2,2,2,2,2,2,2,2,2,2,2,2,2,2,2,22,22,22,22,22,22,22,22,22,22,22,22,22,22,22
0,1,0,0,1,1,0,1,0,1,1,1,1,1,0,1,0,1,1,0,0,1,1,0,1,0,0,0,1,0,0,0,0,1,1,0,1,1,1,1,0,1,1,1,0,1,1,1,0,1,0,0,1,1,1,1,1,1,0,0,1,1,1,0,0,0,1,1,1,1,1,1,1,0,0,1,1,1,1,1,1,0
3521
290,254,320,2,2,2,2,2,2,2,2,2,2,2,328,346,41,340,174
0,0,0,0,1,1,1,0,1,0,0,1,0,1,0,0,0,0,0
5808
303,235,356,199,279,365,41,41,5,246,22,22,22,22,22,22,22,22,2,2,2,2,2,2,2,2,2,2,2,2,2,2,2,2,2,2,2,2,2,2,2,2,2,2,2,2,2,2,2,2,2,2,2,2,2,2,2,2,2,2,2,2,2,2,2,2,2,2,2,2,2,2,2,2,2,2,2,2,2,2,2,2,2,2,2,2,2,282,55,146,288,301,91
0,1,0,0,0,1,0,0,0,0,1,1,1,0,1,1,0,0,1,0,0,0,0,1,1,0,0,0,1,1,1,0,1,0,0,0,1,0,1,0,0,0,0,1,1,0,1,0,1,0,1,1,0,0,0,0,1,1,1,1,0,1,0,1,1,1,0,1,0,1,1,1,1,1,1,1,0,1,1,1,0,1,1,1,1,1,0,0,1,0,0,1,0
3523
299,290,367,246,351,337,296,287,318,368,73,55,282,324,330,22,22,22,22,22,22,22,22,22,22,22,22,22,22,22,22,22,22,22,22,22,22,22,22,22,22,22,22,22,22,22,22,22,22,22,22,22,22,22,22,22,22,22,22,22,22,22,22,22,22,22,22,22,22,22,22,22,22,22,22,322,323,151,146,332,347,312,280,352,301,364,317,335,144,316,302,300,319,319,285,174,76,78,344,294,171,307,326,360,289,247,356,311,297,304,5,5,5,355,284,254,363,91,329,346,56,182,349,308,303,283,315,354,320,199,325,110,263,350,333,175,68,328,2,2,2,2,2,2,2,2,2,2,2,2,2,2,2,2,2,2,2,2,2,2,2,2,2,2,2,2,2,2,2,2,2,2,2,2,2,2,2,2,2,2,2,2,2,2,2,2,2,2,2,2,2,2,2,2,2,2,2,2,2,2,2,2,2,2,2,2,2,2,2,2,2,2,2,2,2,2,2,2,2,2,2,2,2,2,2,2,2,2,2,2,2,2,2,2,2,2,2,2,2,2,2,2,2,2,2,2,2,2,2,2,2,2,2,2,2,2,2,2,2,2,2,2,2,2,2,2,2,2,2,2,2,2,2,2,2,2,2,2,2,2,2,2,2,2,2,2,2,2,2,2,2,2,2,2,2,2,2,2,2,2,2,2,2,2,2,2,2,2,2,2,2,2,2,2,2,2,2,2,2,124,345,208,276,279,331,340,321
1,0,1,0,0,1,1,1,1,1,1,1,1,1,0,1,0,0,1,0,0,1,0,1,0,1,1,1,0,0,0,0,1,1,1,0,0,0,1,1,1,0,0,1,1,1,1,0,1,0,1,1,0,1,0,1,1,1,0,0,0,1,0,1,1,1,1,0,1,0,0,1,1,1,0,1,1,1,0,1,1,1,1,1,1,1,1,1,0,1,1,1,0,1,0,1,0,0,1,0,1,1,1,1,1,0,1,0,0,0,0,0,1,1,1,0,1,0,1,1,1,1,0,0,0,1,1,0,0,1,1,0,1,1,1,0,0,0,1,1,0,0,1,0,0,0,0,1,1,0,0,0,0,1,1,1,0,0,1,0,0,1,0,0,1,1,1,1,0,1,0,0,0,0,0,0,0,0,0,0,0,0,0,0,0,0,1,0,0,0,0,1,1,1,0,1,0,1,0,1,0,0,1,0,0,1,0,0,0,1,1,1,1,1,0,0,1,0,1,0,0,1,0,1,1,1,0,1,0,1,0,0,0,1,0,0,0,0,1,1,0,1,1,1,1,0,1,1,1,0,1,1,1,0,1,1,0,0,1,0,0,0,1,1,0,1,0,0,1,1,0,0,1,1,0,1,1,1,1,1,1,1,1,0,0,1,1,1,0,1,0,0,1,1,0,1,0,0,1,0,1,1,1,1,1,1,0,1,0,1,1,0,1,1,1,0,0,1,1,1,0,0,1,1,0,0,1
3524
246,300,236,287,276,151,5,302,292,22,22,22,22,22,22,22,22,22,22,22,22,22,346,293,55,182,343,78,280,342,199,329,175,67,45,111,364,2,2,2,2,2,2,2,2,2,2,2,2,2,2,2,2,2,2,2,2,2,2,2,2,2,2,2,2,2,2,2,2,2,2,2,2,2,2,2,2,2,2,124,360,208,291,65,334,307,288,326,91
1,0,1,0,1,0,0,0,1,1,0,0,0,1,1,0,0,1,0,1,0,1,1,1,1,0,0,0,0,1,0,1,1,1,1,0,1,0,0,0,1,1,0,1,0,0,0,0,1,0,0,0,0,0,1,0,0,0,0,0,1,0,0,1,1,0,1,1,0,1,0,0,0,0,1,1,0,0,1,0,1,0,1,1,0,1,0,1,0
3525
290,296,246,236,236,253,304,5,324,363,356,295,22,22,22,22,22,22,22,22,22,22,22,22,22,22,282,339,293,56,317,313,312,315,352,336,316,349,319,301,171,288,2,2,2,2,2,2,2,2,2,2,2,2,2,2,2,2,2,2,2,2,2,2,2,2,2,2,2,2,2,2
0,0,0,0,0,0,1,0,0,0,0,0,0,1,1,0,0,0,0,1,1,1,1,0,1,1,1,1,0,0,0,0,0,0,0,0,0,1,0,1,1,0,0,0,0,0,0,1,1,0,1,0,0,0,0,1,0,1,1,0,1,1,1,0,0,1,1,0,0,0,1,0
5814
246,236,304,41,288,355,332,292,91,293,65,45,2,2,2,2,2,2,2,2,2,2,22,22,22,22,22,22
1,1,0,0,1,1,1,1,1,1,0,1,1,0,1,0,1,1,0,0,0,1,0,0,0,0,0,0
3527
353,22,22,22,22,22,22,346,144,2,2,2,2,2,2,174
1,0,0,0,1,1,1,1,1,1,0,1,1,1,1,0
3528
289,367,351,236,236,252,174,282,45,288,22,22,22,22,22,22,22,22,305,293,300,313,341,303,283,342,343,325,144,301,5,357,68,340,326,65,331,2,2,2,2,2,2,2,2,2,2,2,2,2,2,2,2,2,2,2,2,2,2,2,2,2,2,2,2,2,2,2
1,1,1,1,1,1,0,1,0,1,1,1,1,1,0,0,1,1,1,0,0,1,0,1,1,1,0,1,1,0,0,0,1,0,0,0,0,0,1,0,1,0,0,1,0,1,0,1,1,1,0,0,0,0,0,0,1,1,0,1,0,1,0,1,0,1,0,0
3529
329,323,235,2,2,2,2,2,308
0,0,1,1,0,0,1,0,0
5821
296,182,286,236,297,304,46,284,358,283,292,22,22,22,22,22,22,22,22,22,22,22,22,22,22,22,22,22,22,22,22,22,22,22,22,22,22,22,22,22,22,22,293,326,317,341,303,151,325,325,110,175,305,359,76,291,65,171,45,2,2,2,2,2,2,2,2,2,2,2,2,2,2,2,2,2,2,2,2,2,2,2,2,2,2,2,2,2,2,2,2,2,2,2,2,2,2,2,2,2,2,2,2,2,2,2,2,2,2,2,2,2,2,2,2,2,2,2,2,2,2,2,2,2,2,2,2,2,2,2,2,2,2,2,2,2,2,2,2,91
0,0,0,1,0,0,1,0,0,0,0,0,0,0,0,1,1,0,1,1,0,0,0,1,0,0,0,1,1,0,1,0,0,0,1,1,1,0,0,0,0,1,1,0,0,1,0,0,0,0,0,0,0,0,1,1,0,1,1,0,0,0,0,1,0,0,0,0,0,0,0,0,0,0,0,0,1,1,0,1,0,0,1,0,1,0,0,1,0,0,0,0,1,1,0,0,0,0,1,0,0,0,0,1,0,0,0,0,0,0,0,0,0,0,0,1,0,0,0,0,1,0,0,0,1,0,0,0,1,1,0,0,0,0,1,0,0,0,0,0
3531
78,299,299,236,305,292,326,22,22,22,22,22,22,22,22,2,2,2,2,2,2,2,2,2,2,2,2,2,2,2,2,2,2,2,2,2,2,2,291,294,279,288,340,91
1,1,1,1,1,1,0,0,0,1,0,1,1,1,1,0,1,1,0,0,0,0,1,1,1,0,0,0,1,1,0,0,0,0,0,1,1,0,1,1,1,1,0,0
3532
263,22,2,2,175
1,1,0,0,0
3533
2
0
3534
338,86,177,320,2,2,2,2,2,2,2,2,2,2,2,2,2,2,2,2,2,2,2,208,333,352,276,155,22,22,22,22,22,22,22,22,22,22
0,0,1,0,0,1,0,0,1,1,0,1,1,0,0,0,0,1,0,0,0,0,0,0,0,0,0,1,1,0,1,1,1,0,0,1,1,1
3535
315,56,22,22,22,345,297,171,317,5,2,2,2,2,2,2,2,2,2,2,2,2,2
1,1,1,1,0,0,0,1,0,0,0,1,1,0,0,1,1,1,0,1,0,0,0
7252
290,311,236,276,252,174,302,324,363,292,22,22,22,22,22,22,22,22,22,22,22,22,22,22,22,22,22,22,293,317,317,332,361,370,86,45,291,279,288,2,2,2,2,2,2,2,2,2,2,2,2,2,2,2,2,2,2,2,2,2,2,2,2,2,2,2,2,2,2,2,2,2,2,2,2,2,2,2,2,2,2,2,2,2,2,2,91
0,0,1,1,1,0,0,1,1,1,1,0,1,1,1,1,1,1,1,1,1,1,1,1,0,1,0,1,1,0,1,1,1,1,0,1,0,0,0,0,1,0,1,1,0,0,0,1,0,1,0,1,1,1,1,1,1,1,1,1,1,1,1,1,1,1,1,1,0,0,0,0,1,1,0,0,1,0,1,1,0,0,0,1,0,1,0
3537
331,236,344,335,5,5,283,22,22,22,22,22,22,22,326,151,346,55,302,177,354,175,350,300,348,235,285,328,340,144,309,279,307,305,2,2,2,2,2,2,2,2,2,2,2,2,2,2,2,2,2,2,2,2,2,2,2,2,2,2,2,2,2,2,2,2,2,2,2,2,2,2,2,2,2,2,2,91
0,0,1,1,1,0,0,0,1,1,0,1,1,0,1,1,1,0,1,1,1,1,1,1,0,1,1,0,0,1,1,1,0,1,0,1,1,1,1,0,1,1,0,1,0,1,0,1,0,1,0,1,1,0,1,0,1,0,1,1,1,1,0,1,0,1,1,0,1,1,0,1,1,1,1,0,0,0
3538
296,246,347,236,335,297,284,358,302,330,292,91,91,305,339,293,326,317,343,78,151,352,106,336,263,333,45,359,340,76,291,65,171,171,288,2,2,2,2,2,2,2,2,2,2,2,2,2,2,2,2,2,2,2,2,2,2,2,2,2,2,2,2,2,22,22,22,22,22,22,22,22,22,22,22
1,1,1,1,1,1,1,1,1,1,1,0,1,1,1,1,1,1,0,1,1,1,1,1,1,0,0,1,0,1,0,1,0,1,1,1,1,1,1,1,1,1,0,1,0,0,1,1,0,1,1,1,1,1,1,1,1,0,1,1,1,1,1,0,1,1,1,1,1,1,0,1,0,0,0
3539
304,22,2,2,2,358
0,1,0,0,1,0
3540
299,323,367,246,347,236,236,287,318,298,368,330,22,22,22,22,22,22,22,22,22,22,22,22,22,22,22,22,22,22,22,22,22,22,22,22,22,22,22,22,22,22,22,22,22,22,22,22,22,22,22,22,22,22,22,22,22,22,22,322,237,337,312,280,352,336,329,317,175,144,316,353,76,328,171,307,305,2,2,2,2,2,2,2,2,2,2,2,2,2,2,2,2,2,2,2,2,2,2,2,2,2,2,2,2,2,2,2,2,2,2,2,2,2,2,2,2,2,2,2,2,2,2,2,2,2,2,2,2,2,2,2,2,2,2,2,2,2,2,2,2,2,2,2,2,2,2,2,2,2,2,2,2,2,2,2,2,2,2,2,2,2,2,2,2,2,2,2,2,2,2,2,2,2,2,2,2,2,2,2,2,2,2,2,2,2,2,2,2,2,2,2,2,2,2,2,2,2,2,2,2,2,2,2,2,247,356,344,253,345,46,46,358,5,283,106,363,292,339,293,55,182,349,341,342,320,343,86,86,354,263,350,67,340,326,360,291,65,279,301,321
1,1,0,0,0,0,1,1,0,1,0,0,1,1,0,0,0,1,1,0,0,0,0,0,0,1,1,0,0,1,0,0,1,1,1,1,1,1,0,1,1,1,0,1,0,0,0,1,1,1,0,0,1,1,0,0,1,1,1,0,0,1,0,0,0,1,0,0,0,0,0,0,0,1,0,0,1,1,0,0,0,1,0,0,1,1,0,0,0,0,1,0,0,0,0,0,0,0,0,0,0,0,0,1,0,1,1,0,0,0,0,0,0,1,0,0,0,1,0,0,1,0,0,0,1,1,0,1,0,1,1,1,1,0,1,1,0,0,1,1,0,0,1,1,0,1,0,1,1,1,0,1,0,0,1,0,0,1,0,0,0,0,1,1,1,1,0,0,0,0,1,0,1,1,0,0,1,1,0,1,0,1,1,0,1,0,0,1,1,1,0,1,0,0,0,1,1,0,1,0,1,0,0,0,1,0,1,1,1,1,1,1,1,0,1,1,1,1,0,1,1,1,0,0,1,0,0,0,0,1,1,0,1,0,0,1,1,1,0,1,1
3541
318,330,22,2,2,2,2
1,0,0,1,0,0,0
8808
2
1
3543
208,367,106,2,2,2,2,2,308
0,0,1,0,0,1,0,1,0
3544
311,356,337,344,335,304,5,5,348,295,22,22,22,22,22,22,22,322,339,48,305,2,2,2,2,2,2,2,2,2,2,2,2,2,2,2,2,2,2,2,2,2,2,2,2,2,2,177
0,0,1,1,1,0,0,0,0,1,1,1,0,1,0,1,1,1,1,0,1,1,0,1,1,0,1,0,0,1,1,0,0,1,1,0,0,1,1,1,1,1,0,1,1,1,0,1
7770
2,2,2,2,22,22,281,304,5,326
0,0,0,1,0,0,0,0,0,0
3546
78,296,367,351,236,348,328,301,291,279,288,2,2,2,2,2,2,2,2,2,2,2,2,2,2,2,2,2,2,2,2,2,2,2,2,2,2,2,2,2,2,2,2,2,2,2,2,2,2,2,2,2,2,2,2,2,2,2,2,2,2,22,22,22
1,1,0,0,1,1,0,0,0,0,1,0,0,0,1,0,0,1,0,0,0,1,0,0,1,0,1,1,0,1,1,1,0,1,1,0,0,1,1,0,0,0,0,1,1,1,1,1,1,1,1,1,0,1,1,1,1,0,1,1,0,1,1,1
3547
236,91,288,331,27,292,359,22,22,22,22,22,22,22,22,22,22,293,291,171,317,45,2,2,2,2,2,2,2,2,2,2,2,2,2,2,2,2,2,2,2,2,2,2,2,2,327
1,1,1,0,1,1,1,1,1,0,1,1,1,1,1,1,1,1,1,1,1,1,1,1,1,1,0,1,1,1,1,1,1,0,1,1,1,1,1,1,0,1,0,1,0,0,1
3548
2,2
1,0
3549
22,2,2,2
1,1,0,1
3550
323,235,337,336,281,344,297,247,5,324,292,295,22,22,22,22,22,22,22,22,22,22,22,293,282,2,2,2,2,2,2,2,2,2,2,2,2,2,2,2,2,2,2,2,2,2,2,2,2,2,2,2,2,2,2,2,2,317,315,56,236,86,316,316,45,76,124,314,291,48,171,288,288,326,368
0,0,1,0,0,1,0,0,1,1,1,0,1,0,0,0,0,0,0,0,1,1,1,1,0,1,1,0,0,0,0,1,0,1,0,0,1,1,1,0,0,1,1,0,0,0,0,1,0,0,0,0,0,1,0,1,0,0,0,0,1,0,1,1,0,1,0,0,0,0,1,0,0,1,1
3551
111,22,2
1,1,1
3552
359,22,22,22,22,22,22,22,343,282,171,317,2,2,2,2,2,2,2,2,2,2,2,2,2,2,2,2,2,2,2,2,2,2,2,2,2,2,2,337
0,1,0,0,1,1,0,1,0,1,1,1,1,0,0,1,1,0,0,0,0,1,1,1,1,1,1,1,0,0,0,0,1,1,0,0,0,1,0,0
3553
296,247,236,323,304,368,5,324,330,292,91,293,317,317,155,327,151,320,329,363,288,319,359,359,340,291,48,171,45,2,2,2,2,2,2,2,2,2,2,2,2,2,2,2,2,2,2,2,2,2,2,2,2,2,2,2,2,2,2,2,2,2,2,2,2,2,2,2,2,2,2,2,2,2,2,2,2,2,2,22,22,22,22,22,22,22,22,22,22,22,22,22,22,22,22,22,22,22
0,1,1,0,0,0,1,1,0,1,0,1,0,1,1,1,1,0,0,1,0,0,0,0,0,1,1,1,1,1,0,1,1,0,1,1,0,0,0,1,1,0,1,0,1,0,1,0,1,0,0,0,1,0,1,1,0,0,0,1,0,0,0,0,0,1,1,0,0,0,1,1,0,0,1,1,1,0,0,1,0,0,1,0,1,1,1,0,1,0,0,1,1,1,0,1,1,0
3554
22,22,2,2,2,2,2,2,2,2
0,0,1,1,1,1,0,0,0,0
3555
68,363,22,22,22,22,22,236,313,2,2,2,2,2,2,45
1,0,1,1,0,1,1,1,1,0,0,1,1,1,0,1
3556
2,2,2,2,2,2,2,2,2,2,2
0,1,0,1,0,0,0,0,1,0,1
3557
296,56,300,325,297,335,369,316,175,22,22,22,22,22,22,22,22,124,360,171,263,2,2,2,2,2,2,2,2,2,2,2,2,2,2,2,2,2,2,2,2,2,343
0,1,0,1,0,0,1,1,1,1,0,1,0,1,0,1,1,0,1,0,0,0,0,0,0,0,0,0,0,0,0,1,0,1,0,1,1,0,0,0,1,1,0
3558
235,304,253,286,297,358,324,22,22,22,22,22,22,22,22,22,322,55,327,289,312,280,199,343,110,350,309,2,2,2,2,2,2,2,2,2,2,2,2,2,2,2,2,2,2,2,2,2,2,2,2,2,2,2,2,124,314,334,301
0,1,1,1,1,1,0,1,1,0,1,1,0,0,0,1,1,1,1,1,0,0,1,1,1,0,1,0,0,0,1,1,1,1,0,0,0,1,1,0,1,1,0,1,1,0,0,0,0,0,1,0,1,1,1,1,1,0,1
3559
171,359,317,22,22,22,22,2,2,2,2,2,2,2,2,2,2,2,2,2,2,2,2
1,0,0,1,0,1,1,0,1,1,1,1,1,0,1,0,0,1,1,1,1,1,1
3560
347,2,2,2
1,1,1,1
3561
323,2,2,2,2,2
1,1,1,1,1,1
3562
331,337,236,263,318,335,5,5,174,332,68,199,295,22,22,22,22,22,22,22,22,22,22,22,22,22,22,22,22,22,22,22,22,22,22,22,22,22,22,22,22,22,313,368,146,305,2,2,2,2,2,2,2,2,2,2,2,2,2,2,2,2,2,2,2,2,2,2,2,2,2,2,2,2,2,2,2,2,2,2,2,2,2,2,2,2,2,2,2,2,2,2,2,2,2,2,2,2,2,2,2,2,2,2,2,2,2,2,2,2,2,2,2,2,2,2,2,2,2,2,2,2,2,2,2,2,327
0,0,0,1,1,0,1,1,0,0,1,0,1,0,0,0,0,0,1,0,1,1,0,1,1,1,1,1,1,0,0,0,1,1,1,1,1,1,1,1,1,0,0,1,1,1,1,1,1,0,1,0,0,1,1,0,1,0,1,0,0,1,0,1,1,0,1,1,1,1,1,0,1,0,1,1,1,1,1,1,1,1,0,1,0,0,1,1,0,1,0,0,1,1,0,1,0,1,0,1,1,1,1,1,1,1,0,0,1,1,1,0,1,0,0,0,0,1,0,1,0,1,0,0,1,1,1
3563
362,312,171,236,316,313,45,22,22,22,22,22,22,22,22,22,22,22,22,22,22,22,22,22,22,22,22,22,22,22,22,2,2,2,2,2,2,2,2,2,2,2,2,2,2,2,2,2,2,2,2,2,2,2,2,2,2,2,2,2,2,2,2,2,2,2,2,2,2,2,2,2,2,2,2,2,2,2,2,2,2,2,2,2,2,2,2,2,2,293,56,317,288,301,301
1,1,0,0,1,0,0,1,1,0,1,1,1,1,1,1,1,1,0,1,1,1,0,1,1,1,1,0,1,1,1,0,0,1,1,1,1,0,1,1,1,0,1,1,0,1,0,1,0,1,1,1,0,0,0,0,1,1,0,0,0,1,0,0,1,0,0,0,0,0,0,1,0,1,1,1,1,1,1,0,0,0,0,1,1,0,1,1,1,0,0,0,0,0,0
3564
356,347,287,46,253,41,174,330,295,22,22,22,22,22,22,22,22,318,55,332,199,303,280,343,329,335,68,309,314,331,2,2,2,2,2,2,2,2,2,2,2,2,2,2,2,2,2,2,2,2,2,2,2,2,2,2,2,2,2
1,0,1,1,0,1,1,1,1,1,1,1,1,1,1,1,1,1,1,0,1,1,0,0,1,0,1,1,1,0,1,0,0,1,0,1,0,0,1,1,0,0,1,0,1,0,1,1,0,1,0,0,0,0,1,1,0,1,0
3565
2
0
3566
296,22,22,336,329,344,352,5,2,2,2,2,2,2,2,2,2,348
0,0,1,0,1,1,0,0,0,1,0,1,1,1,0,0,0,0
3567
22,22,22,22,22,22,22,22,22,22,22,22,2,2,2,2,2,2,2,2,2,2,2,2,2
0,1,0,1,0,0,1,1,0,1,0,1,1,1,0,0,1,0,0,0,0,0,0,0,1
3568
296,247,236,144,288,45,174,292,22,22,293,291,55,331,2,2,2,2,2,2,2,2,2,2,2,91
0,0,1,1,1,1,1,1,1,0,1,1,1,0,1,0,1,1,1,0,1,1,1,1,0,1
3569
296,320,22,22,22,22,22,236,324,291,5,284,2,2,2,2,368
1,0,1,1,1,0,1,1,0,1,0,1,0,0,1,1,0
3570
78,296,73,22,22,22,22,22,236,298,298,288,2,2,2,2,2,2,2,2,2,2,2,299
1,0,1,0,0,1,1,1,1,1,1,0,0,0,1,0,0,1,0,1,0,0,1,1
3571
315,236,335,286,286,276,316,288,292,340,22,22,22,22,22,293,291,171,317,45,2,2,2,2,2,2,2,2,2,2,2,2,2,91
1,1,0,0,1,1,1,1,1,0,0,0,0,1,1,1,0,0,1,0,0,1,1,0,0,0,0,0,1,0,0,1,1,0
3572
78,296,73,22,22,22,22,361,345,298,46,358,2,2,2,2,2,2,2,2,2,2,2,2,2,2,2,2,2,2,2,2,2,2,2,2,2,2,2,2,2,2,2,2,2,2,2,2,2,2,2,2
0,0,0,0,1,0,1,0,0,1,1,0,0,0,0,0,1,1,1,0,1,0,1,1,0,0,1,0,0,0,0,0,0,1,1,1,1,0,1,1,0,1,1,0,0,1,1,1,1,1,1,1
3573
2,22,236
0,1,0
3574
2,22,22,361,288
0,0,0,0,0
3575
359,236,86,276,284,333,288,319,355,292,22,22,22,22,22,22,293,291,171,317,45,2,2,2,2,2,2,2,2,2,2,2,2,2,2,2,2,2,2,2,2,2,2,2,2,2,2,2,2,2
0,1,0,1,0,1,0,0,0,1,0,0,1,1,0,0,1,1,1,1,1,1,1,0,0,1,0,0,0,1,0,0,0,0,1,0,1,0,0,0,0,1,0,0,0,1,0,1,0,0
3576
352
0
3577
367,351,76,358,318,286,280,348,363,22,22,22,22,22,22,65,2,2,2,2,2,2,2,2,2,2,2,2,2,2,2,2,2,2,2,155,327
1,1,1,1,1,1,1,1,1,1,0,0,0,1,0,0,1,0,1,1,1,1,0,0,0,1,1,1,0,1,0,1,1,0,1,1,1
3578
86,288,288
0,0,0
3579
359,317,22,22,22,22,2,2
0,0,1,0,0,0,0,0
3580
299,296,367,318,330,295,22,22,22,22,22,298,55,332,341,2,2,2,2,2,2,2,2,2,2,2,2,2,2,2,2,2,2,2,2,2,2,2,2,2,2,2,2,2,2,2,2,2,2,2,2,2,2,2,2,2,2,2,2,2,2,2,2,2,2,2,2,2,2,2,2,2,2,2,2,2,2,2,2,2,2,2,2,2,2,2,2,2,2,2,2,2,2,2,2,2,2,2,2,2,2,2,2,2,325,357,306,68,327,314,334,307,301,76
1,0,0,0,0,0,1,1,1,0,0,1,0,0,0,0,1,0,0,0,1,0,0,0,1,0,1,0,0,1,1,1,0,1,0,1,0,1,0,0,0,0,0,0,0,1,1,1,1,1,1,1,1,0,1,1,1,0,1,1,1,1,0,0,0,0,0,0,0,1,1,1,1,1,0,1,1,1,0,0,1,1,1,1,1,0,0,1,0,0,1,1,1,0,1,1,0,1,1,1,1,0,1,0,1,0,1,1,1,1,0,0,1,0
3581
22,2
0,1
3582
288,22,22,236,301,45,2,2,2,2,313
0,1,0,1,0,1,0,0,0,0,1
3583
22,22,2,2
1,0,0,0
3584
2,2,2,2
0,0,0,0
3585
78,330,106,22,22,236,2,2
1,0,0,0,0,0,0,0
3586
323,363,365,22,22,22,22,22,22,22,318,2,2,2,2,2,2,2,2,2,2,2,2,2,2,2,2,2,2,294,355,5
0,0,1,1,1,1,1,1,1,0,1,1,0,0,0,0,1,1,0,1,0,0,1,0,0,1,0,0,0,1,0,0
3587
2,2,2,2,2,2,2,357
1,0,0,1,0,1,0,0
3588
348,22,22,22,22,22,22,22,22,22,236,151,301,65,174,182,288,2,2,2,2,2,2,2,2,2,2,2,2,2,2,2,2,2,2,2,2,2,2,2,2,45
0,1,1,0,0,0,1,0,0,0,1,0,1,1,0,1,0,0,0,0,0,1,0,0,0,1,0,0,0,0,1,0,0,0,1,0,0,0,0,0,1,1
3589
22,2,2,2
0,0,1,0
3590
311,343,329,280,287,327,364,22,22,22,22,22,22,360,308,182,331,2,2,2,2,2,2,2,2,2,2,2,2,2,341
0,0,1,1,0,1,1,0,0,0,1,1,1,1,1,1,0,1,0,0,1,0,1,0,0,0,0,1,0,0,1
3591
151,350,41,155,22,22,22,22,22,124,314,208,282,237,334,182,332,2,2,2,2,2,2,2,2,2,2,2,2,2,2,2
1,1,1,1,1,1,0,1,1,0,1,0,1,1,1,1,0,0,1,1,1,1,1,0,1,1,1,0,1,1,1,1
3592
367,342,236,288,247,174,111,292,328,22,22,22,22,22,22,293,291,45,2,2,2,2,2,2,2,2,2,2,2,2,2,2,2,2,2,2,2,91
1,1,1,0,0,0,0,0,0,0,1,1,0,1,1,0,0,0,1,0,0,0,0,1,0,1,1,0,0,0,0,1,0,0,0,0,0,0
3593
287,246,347,2,2,2,2,2,2,2,2
0,0,1,0,0,1,0,0,0,1,0
3594
279,22,22,22,22,22,22,22,22,22,22,2,2,2,2,2,2,2,2,2,2,2,2,2,2,2,2,2,2,2,2,2,2,2,2,2,2,2,2,2,2,2,332
0,1,1,1,1,0,0,0,0,0,0,0,0,0,1,0,0,1,0,1,0,0,0,0,0,0,1,0,0,0,0,1,1,1,0,0,1,0,0,0,1,0,0
3595
290,323,311,331,236,281,304,276,177,355,174,280,175,295,22,22,22,22,22,22,22,22,22,22,22,22,22,22,336,305,293,352,146,349,343,78,312,315,56,199,334,317,263,316,288,111,287,345,208,291,279,45,2,2,2,2,2,2,2,2,2,2,2,2,2,2,2,2,2,2,2,2,2,2,2,2,2,2,2,2,2,2,2,2,2,2,2,2,2,2,2,2,2,2,2,2,2,2,2,2,2,2,2,2,2,2,2,2,2,2
0,0,0,0,1,0,1,1,1,1,0,0,0,1,1,1,1,1,1,0,0,1,0,0,0,1,1,0,0,0,1,1,0,0,1,1,0,1,1,0,1,0,1,1,0,0,1,0,1,1,0,1,0,1,0,0,0,0,0,1,0,0,1,1,0,0,0,0,0,1,0,0,0,0,0,1,0,1,0,0,1,1,0,0,0,0,0,0,0,1,1,0,0,0,0,0,0,0,1,0,0,0,1,1,0,0,0,0,0,0
3596
22,2,2,2,2,2,2,2,2,2
1,1,1,0,0,1,0,1,0,0
3597
367,246,351,236,350,318,41,252,5,254,363,199,295,22,22,22,22,22,22,22,22,341,352,146,155,308,283,253,320,343,329,335,321,144,331,86,301,208,48,334,307,288,2,2,2,2,2,2,2,2,2,2,2,2,2,2,2,2,2,2,2,2,2,2,2,2,2,2,2,2,2,2,2,2,2,2,2,2,2,2,2,2,2,2,2,2,91
0,1,1,1,0,1,0,1,1,1,0,1,0,0,1,1,0,1,1,1,1,1,1,0,1,1,1,1,0,0,1,1,1,1,0,0,1,0,0,1,1,0,1,0,0,1,0,0,0,0,1,1,1,0,1,1,1,0,1,0,0,1,0,1,0,1,1,0,0,1,1,1,1,1,1,1,0,1,0,0,0,0,1,1,1,1,0
3598
2
0
3599
323,236,287,276,324,22,22,22,22,22,22,22,22,22,22,22,22,22,22,22,22,22,22,22,22,22,22,282,237,280,335,144,316,300,111,309,314,171,307,45,327,296,247,253,284,174,292,91,339,293,56,317,341,315,350,333,288,338,27,328,2,2,2,2,2,2,2,2,2,2,2,2,2,2,2,2,2,2,2,2,2,2,2,2,2,2,2,2,2,2,2,2,2,2,2,2,2,2,2,2,2,2,2,2,2,2,2,2,2,2,2,2,2,2,2,2,2,291,321,331,301,368
1,1,1,1,1,1,0,0,0,1,1,1,0,1,1,0,1,1,0,1,0,1,1,1,0,1,1,1,0,1,1,1,1,0,1,1,1,1,0,1,1,1,0,1,1,1,0,1,1,0,1,1,1,1,1,1,1,1,1,0,1,0,1,1,1,1,1,1,1,1,0,1,1,1,0,1,1,1,1,0,1,1,1,1,1,0,1,1,1,0,0,0,0,1,1,1,1,1,1,1,1,1,0,1,1,1,1,1,1,1,1,1,1,1,1,1,0,0,1,0,0,1
3600
45,292,309,22,22,22,22,22,22,22,22,22,22,22,22,22,22,236,91,293,288,313,2,2,2,2,2,2,2,2,2,2,2,2,2,2,2,2,2,2,2,2,2,2,368
1,1,1,1,1,1,1,1,1,1,1,0,0,0,1,1,0,1,1,1,0,1,1,0,0,0,1,0,0,1,0,1,0,1,0,1,0,1,1,1,0,0,1,0,1
3601
22,22,2,2,2,2,2,2,2,2
1,1,0,0,1,1,1,1,0,1
3602
298,22,22,22,22,22,22,2,2,2,2,2,2,2,2,2,2,2,2,2,345
1,1,1,0,1,1,0,1,1,0,1,1,0,0,1,1,0,1,1,0,0
3603
315,171,2,2,2,56,316,316,355,22,22
0,0,0,1,0,0,0,0,0,0,0
3604
78,312,336,236,309,253,301,348,292,340,22,22,22,22,22,22,22,22,22,22,322,339,303,48,55,45,2,2,2,2,2,2,2,2,2,2,2,2,2,2,2,2,2,2,2,2,2,2
1,0,1,1,1,1,0,1,1,0,1,1,0,0,1,1,1,1,1,1,1,0,1,0,1,1,1,1,1,1,0,1,0,1,1,1,0,1,0,0,0,0,1,0,1,1,1,1
3605
362,323,280,365,359,236,288,302,292,22,22,22,22,22,22,22,22,22,22,22,22,22,322,293,171,317,313,2,2,2,2,2,2,2,2,2,2,2,2,2,2,2,2,2,2,2,2,321
1,0,0,1,0,1,0,0,0,0,0,0,0,0,0,0,1,0,1,1,1,0,0,0,1,0,1,0,1,0,0,1,1,1,1,1,0,0,1,0,0,1,1,1,1,1,1,0
3606
22,2
0,0
3607
290,296,304,347,287,276,360,46,5,355,174,283,324,358,22,22,22,22,22,22,22,22,22,297,322,237,303,333,300,306,27,345,307,2,2,2,2,2,2,2,2,2,2,2,2,2,2,2,2,2,2,2,2,2,2,2,2,2,2,2,2,2,321
0,0,0,0,1,1,1,1,0,0,0,1,1,0,1,1,0,1,1,0,0,1,0,0,1,0,0,0,0,0,1,0,0,0,1,0,0,1,0,0,0,0,1,0,1,1,1,1,0,0,0,0,1,0,0,0,0,0,0,1,0,0,0
3608
299,367,73,22,298,344,286,332,2,2,2,2,2,2,2,2,2,2
1,1,1,1,1,1,0,0,0,0,1,1,1,0,0,0,1,0
3609
330,22,22,22,331,363,346,263,5,2,2,368
1,0,0,0,0,0,0,0,0,0,1,1
3610
78,78,296,311,236,301,297,67,349,288,288,310,22,22,22,22,22,22,22,293,279,313,2,2,2,2,2,2,2,2,2,2,2,2,2,2,2,2,2,2,2,2,2,2,2,2,2,2,2,2,2,2,2,2,2,2,2,2,2,2,2,2,2,2,2,2,2,2,308
1,0,0,0,0,0,1,1,1,1,1,1,0,1,0,0,1,1,1,1,1,0,1,1,0,1,0,0,0,1,1,1,1,1,0,0,1,1,0,0,0,0,1,0,0,1,1,1,1,1,0,1,0,0,1,0,1,1,1,1,1,1,1,1,1,0,1,1,0
3611
347,236,281,324,292,91,322,293,317,308,289,312,45,287,353,359,327,291,171,288,2,2,2,2,2,2,2,2,2,2,2,2,2,2,2,2,2,2,2,2,22,22,22,22,22,22,22,22,22
0,0,0,1,1,0,1,1,0,1,0,0,1,1,1,1,0,1,1,0,1,0,1,0,1,0,0,0,0,0,1,1,0,0,0,1,0,0,0,0,0,1,0,1,1,0,1,0,0
3612
299,290,367,367,246,236,236,286,297,247,22,22,22,22,22,22,22,22,22,22,22,22,22,22,22,22,298,357,146,332,327,280,365,336,334,175,144,316,319,353,76,294,171,45,45,2,2,2,2,2,2,2,2,2,2,2,2,2,2,2,2,2,2,2,2,2,2,2,2,2,2,2,2,2,2,2,2,2,2,2,2,2,2,2,2,2,2,2,2,2,2,2,2,2,2,2,235,344,304,346,174,363,292,91,293,56,317,289,315,342,86,348,68,326,124,345,208,291,279,321
1,0,0,1,0,1,1,0,1,0,1,1,1,1,0,1,1,1,1,0,1,0,1,1,0,1,1,0,0,1,1,1,0,0,1,0,0,1,0,1,1,0,1,0,0,0,1,0,0,0,0,0,0,0,0,0,0,0,1,1,0,0,0,0,0,1,1,1,0,1,0,0,0,1,1,1,0,0,1,0,0,1,0,0,0,0,0,0,0,0,1,0,0,1,1,1,1,1,0,1,1,0,0,0,1,1,0,0,1,1,0,0,0,1,0,0,0,0,0,1
3613
312,350,22,345,346,276,326,41,331,2,2,2,2,2,2,2,2,2,2,2,5
0,1,1,1,1,0,1,0,0,1,0,1,1,1,1,1,1,0,1,0,1
3614
290,323,367,246,351,347,336,281,318,297,284,302,324,330,22,22,22,22,22,22,22,22,22,22,22,22,22,22,22,22,22,322,146,155,337,312,236,68,364,175,144,300,111,285,353,309,76,314,294,307,327,344,356,41,253,5,355,358,283,339,346,55,182,341,78,354,106,343,86,110,350,333,348,338,27,328,2,2,2,2,2,2,2,2,2,2,2,2,2,2,2,2,2,2,2,2,2,2,2,2,2,2,2,2,2,2,2,2,2,2,2,2,2,2,2,2,2,2,2,2,2,2,2,2,2,2,2,2,2,2,2,2,2,2,2,2,2,2,124,48,334,331,301,321
0,1,1,1,0,1,1,1,1,0,1,1,1,1,0,0,1,0,1,0,1,1,1,0,0,1,1,0,1,1,0,1,1,1,1,0,1,1,1,1,0,1,0,0,0,1,0,1,0,0,0,1,1,1,1,0,1,1,1,1,1,1,1,1,0,1,0,0,0,0,1,1,1,1,1,0,0,0,1,1,0,1,0,1,1,1,0,0,1,0,0,0,1,1,0,0,0,0,1,0,1,1,0,1,1,1,1,1,1,0,0,1,1,1,1,1,1,0,0,1,1,0,1,1,1,0,1,1,0,1,1,0,1,1,1,1,1,1,1,0,1,1,0,1
3615
283,285,22,22,22,124,279,2,2,2,2,2,2
0,1,0,0,0,0,0,0,0,1,1,1,0
3616
346,22
1,1
3617
289,247,246,236,287,41,311,174,330,288,22,22,22,22,22,22,22,22,22,146,349,303,106,144,367,305,319,2,2,2,2,2,2,2,2,2,2,2,2,2,2,2,2,2,2,2,2,124,331,78
1,1,0,1,1,0,0,0,1,1,1,1,0,1,0,1,1,0,1,0,1,0,1,1,0,0,0,1,0,1,0,1,1,1,0,0,0,0,0,0,1,0,1,0,0,1,1,0,0,1
3618
2
1
3619
302,48,2,2,2,2
1,0,1,1,1,0
3620
364,295,22,22,2,2,2,343
0,1,0,0,1,1,1,0
3621
346,291,236,2,2,2,2,2,2,2,2,2,2,285
1,0,1,1,0,0,1,1,0,0,0,0,1,0
3622
151,352,22,22,22,281,253,55,350,2,2,2,2,2
0,0,0,0,1,0,1,0,0,1,0,0,0,0
3623
301,350,358,2,2,2,2,2
0,1,1,1,1,1,1,1
3624
22,22,2,2,2,2,2,2
0,0,1,0,0,0,0,1
3625
303,367,246,351,347,323,247,297,41,284,358,283,324,363,356,22,22,22,22,22,22,22,22,22,22,22,322,106,55,182,349,78,151,342,320,199,296,91,329,146,350,5,332,319,76,124,345,276,288,2,2,2,2,2,2,2,2,2,2,2,2,2,2,2,2,2,2,2,2,2,2,2,2,2,2,2,2,2,2,2,2,2,2,2,2,2,2,2,2,2,321
1,0,0,0,0,1,1,1,1,1,1,1,1,1,1,0,1,1,0,1,1,1,0,1,1,1,1,1,1,1,0,1,1,1,0,1,1,1,1,0,0,0,0,1,1,0,1,1,1,1,1,1,1,0,0,1,0,1,1,1,1,1,1,1,1,1,0,1,0,1,1,1,0,1,1,1,0,1,1,0,1,1,1,1,0,1,1,1,1,1,1
3626
319,303,349,2,2
0,1,0,0,1
3627
22,22,22,22,22,22,22,22,22,2,2,2,2,2,2,2,2,2,2,2,2,2,2,2,2,2,2,2,2,2
1,1,1,1,1,1,1,1,1,1,1,1,0,1,1,1,1,1,1,1,0,1,1,1,1,0,1,0,1,1
3628
346,2,2,2
1,1,0,1
3629
290,73,73,284,236,298,144,318,286,286,297,5,355,174,356,22,22,22,22,22,22,22,22,22,22,22,22,22,22,22,22,22,22,22,22,22,22,22,22,22,22,22,22,22,322,293,2,2,2,2,2,2,2,2,2,2,2,2,2,2,2,2,2,2,2,2,2,2,2,2,2,2,2,2,2,2,2,2,2,2,2,2,2,2,2,2,2,2,2,2,2,2,2,2,2,2,2,2,2,2,2,2,2,2,2,2,2,2,2,2,2,2,2,2,2,2,2,2,2,2,2,2,2,2,2,2,2,2,2,2,2,2,2,2,2,2,2,2,2,2,2,2,2,2,2,2,2,2,2,2,317,332,199,289,354,343,68,86,263,309,300,367,45,364,359,328,340,291,171,288,301,368
0,0,1,1,0,1,0,1,0,0,0,0,0,1,1,0,0,0,1,0,1,1,1,1,0,0,1,0,1,1,0,1,1,1,0,1,0,1,1,1,1,1,0,0,0,1,0,0,0,1,1,0,0,0,1,0,1,1,0,0,1,1,0,1,0,1,0,0,0,0,0,1,1,0,0,1,1,0,0,0,0,1,1,1,1,1,0,1,1,0,0,1,1,0,1,1,0,0,1,0,0,1,0,0,1,0,0,1,0,0,1,0,1,1,1,1,0,0,0,1,1,0,1,0,1,0,1,0,0,1,0,0,1,0,0,1,0,1,1,1,1,1,0,0,0,0,0,0,0,0,0,0,1,0,1,0,1,0,0,1,1,1,1,1,0,0,0,0,0,0,1,1
3630
296,351,336,318,111,353,328,22,22,22,22,22,55,182,2,2,2,2,2,2,2,2,2,2,2,2,2,2,341
1,0,0,1,0,1,1,0,0,1,0,0,0,1,0,0,0,0,1,0,1,0,0,0,1,1,1,1,0
3631
124,46,22,22,22,22,22,2,2,2,2,2,2,2,2,2,2,2,2,2,2,2,2,2,2,2,2,2,2,2,2,2
0,0,1,0,0,1,0,0,0,0,0,0,0,1,1,0,0,0,1,0,0,0,1,1,0,1,0,0,0,0,0,0
3632
280,55,22,22,22,2,2,2,2,2,2,2,2,2,2,91
1,1,1,0,1,1,0,0,0,0,0,1,0,0,1,0
3633
348
0
3634
235,320,337,364,335,353,144,252,300,363,22,22,280,346,357,331,2,2,2,2,2,2,2,2
0,0,1,1,1,1,0,1,1,0,1,0,0,1,0,0,1,1,0,0,1,1,0,0
3635
22,22,2
0,0,1
3636
352,2,2,2
1,0,1,1
3637
296,177,305,320,337,287,311,357,284,5,254,348,235,22,22,22,22,22,22,22,345,48,352,182,175,2,2,2,2,2,2,2,2,2,2,2,2,2,2,2,2,2,2,2,2,2,2,2,2,2,2,2,2,341
0,0,1,1,0,0,0,0,0,0,0,0,0,0,0,0,1,0,1,0,0,0,1,0,1,0,0,0,0,0,0,0,0,0,0,0,0,1,1,0,0,0,1,0,0,0,1,0,0,0,0,1,0,0
3638
290,48,311,246,351,337,236,287,318,41,247,324,330,22,22,22,22,22,22,22,22,22,22,22,22,22,22,22,22,22,22,22,22,22,22,22,22,22,22,22,22,22,22,22,22,22,22,22,22,22,322,237,348,146,155,347,177,329,335,144,316,349,300,111,175,76,314,171,45,327,364,296,344,356,305,305,297,253,360,284,355,5,5,5,283,292,295,91,339,293,352,317,65,78,315,342,106,199,354,263,350,333,357,235,27,2,2,2,2,2,2,2,2,2,2,2,2,2,2,2,2,2,2,2,2,2,2,2,2,2,2,2,2,2,2,2,2,2,2,2,2,2,2,2,2,2,2,2,2,2,2,2,2,2,2,2,2,2,2,2,2,2,2,2,2,2,2,2,2,2,2,2,2,2,2,2,2,2,2,2,2,2,2,2,2,2,2,2,2,2,2,2,2,2,2,2,2,2,2,2,2,2,2,2,2,2,2,2,2,2,2,2,2,2,2,2,124,345,291,276,279,288,288,340
0,1,1,1,0,0,1,1,1,0,0,1,1,0,1,0,0,0,1,1,0,0,0,1,0,1,1,1,1,1,0,1,1,1,1,1,1,1,1,0,0,1,1,1,1,0,1,0,1,1,1,0,0,0,1,0,0,1,0,1,0,0,1,0,1,0,1,1,1,0,1,1,1,1,0,1,0,1,1,1,1,1,0,0,0,1,0,0,0,0,1,1,0,1,1,1,1,1,0,1,0,1,1,0,0,1,0,0,1,0,1,1,1,1,1,1,0,0,1,0,1,1,0,0,0,1,1,0,0,1,1,1,0,1,0,1,0,1,1,0,0,0,1,0,0,0,0,0,0,1,0,0,0,0,0,1,1,0,1,1,0,0,1,0,0,0,1,0,0,0,1,1,0,0,0,0,1,1,1,1,0,0,1,0,1,0,0,1,1,1,1,1,0,1,1,1,0,1,1,1,1,1,0,1,1,1,1,0,0,1,1,0,1,1,1,0,0,1,0,1,0,0,1,0
3639
78,296,365,236,46,297,67,22,22,22,22,2,2,2,2,2,2,2,2,2,2,2,2,2,2,2,2,2,2,2,2,2,2,2,2,2,2,2,2,2,2,2,2,2,2,2,2,2,2,2,2,2,2,2,2,2,2,2,2,2,2,2,2,2,2,2,279,279,313,340,340
1,0,1,1,1,1,1,0,1,0,0,0,1,0,0,0,1,1,0,1,1,1,1,1,1,0,1,1,1,0,0,1,0,0,1,0,0,1,1,1,1,1,1,1,1,1,1,1,1,0,0,1,0,1,1,1,1,1,1,1,0,0,1,0,1,1,1,1,0,0,0
3640
323,246,296,329,317,45,297,301,174,283,86,86,358,359,288,22,22,22,22,22,22,22,22,22,22,22,22,22,22,22,22,22,22,22,22,22,22,22,22,22,22,22,22,22,22,293,237,171,182,325,2,2,2,2,2,2,2,2,2,2,2,2,2,2,2,2,2,2,2,2,2,2,2,2,2,2,2,2,2,2,2,2,2,2,2,2,2,2,2,2,2,2,2,2,2,2,2,2,2,2,2,2,2,2,2,2,2,2,2,2,2,2,2,2,2,2,2,2,2,2,2,2,2,2,2,2,2,2
0,1,0,1,0,0,0,0,0,1,0,0,0,0,0,0,1,0,0,1,1,0,1,0,1,0,0,1,0,1,0,0,1,0,1,1,1,0,0,1,0,0,0,0,0,1,0,0,0,0,0,1,0,0,0,0,0,1,0,0,0,0,0,0,0,0,0,0,0,0,1,0,1,0,1,0,0,0,0,1,0,0,0,0,1,1,0,0,0,0,0,0,0,0,0,0,0,0,1,0,1,0,0,0,1,1,1,0,0,1,0,0,0,0,1,1,1,0,0,0,0,1,0,1,1,0,1,1
3641
22,2,2,2,2,2,2
1,0,0,1,1,1,0
3642
22,2,2,2
0,0,0,0
3643
78,73,22,22,22,22,2,2,2,2,2,2,2,2,2,2,2,2,2,2,2,2,2,2,298
1,1,1,0,0,1,1,0,0,0,0,0,0,1,1,0,0,0,0,1,0,1,1,0,1
3644
48,311,236,237,288,313,324,330,292,22,22,22,22,22,22,22,22,22,22,22,22,22,22,22,22,22,22,22,22,22,22,22,22,22,22,22,22,22,124,293,65,317,45,2,2,2,2,2,2,2,2,2,2,2,2,2,2,2,2,2,2,2,2,2,2,2,2,2,2,2,2,2,2,2,2,2,2,2,2,2,2,2,2,2,2,2,2,2,2,2,2,2,2,2,2,2,2,2,2,2,91
0,0,0,0,0,0,1,0,1,1,0,0,0,1,1,1,1,0,1,1,1,1,1,1,0,1,1,1,0,0,1,1,1,1,1,1,0,0,0,1,0,0,0,0,1,0,0,1,1,1,0,1,1,1,1,1,1,1,1,1,0,1,1,1,1,1,1,1,1,1,0,1,1,1,1,1,1,1,1,1,1,1,1,0,1,1,1,0,0,1,1,1,1,1,1,1,1,0,1,0,0
3645
310,22,22,236,291,45,2,2,2,2,2,2,2
0,1,1,1,0,1,0,0,0,1,0,1,1
3646
22,22,22,22,2,2,2,2,2,2,2,2,236,308
0,0,1,1,0,0,0,0,0,0,0,0,1,1
3647
344,48,351,22,22,22,22,22,22,22,22,22,22,22,22,22,22,22,22,2,2,2,2,2,2,2,2,2,2,2,2,2,2,2,2,2,2,2,2,2,2,2,2,2,2,2,2,2,2,2,2,2,2,2,2,2,2,2,2,2,2,2,2,2
1,0,1,1,1,1,1,0,1,1,1,1,1,1,1,0,0,0,1,1,1,0,0,0,1,0,0,1,1,1,1,0,1,0,0,1,1,1,1,1,1,1,1,1,1,0,1,0,0,1,1,1,0,1,0,0,0,0,1,0,0,0,0,0
3648
111,27,73,22,22,22,22,22,22,298,346,307,2,2,2,2,2,2,2,2,2,2,2,2,2,2,2,2,2,2,2,2,2,348
0,1,0,1,1,1,1,0,0,1,1,0,1,0,1,0,1,0,1,0,1,1,0,1,0,0,0,0,1,1,0,1,0,1
3649
365,354,288,2,2,2
0,0,1,0,0,1
3650
328,22,124,282,357,252,2,2,2,2,348
0,0,0,0,0,1,1,0,0,0,1
3651
311,300,236,236,174,45,332,22,22,22,22,22,22,22,22,22,22,22,22,22,22,22,22,22,22,22,22,22,22,22,22,22,22,22,22,22,22,22,22,22,322,293,55,317,313,327,315,285,335,316,333,357,111,68,301,124,360,294,171,288,2,2,2,2,2,2,2,2,2,2,2,2,2,2,2,2,2,2,2,2,2,2,2,2,2,2,2,2,2,2,2,2,2,2,2,2,2,2,2,2,2,2,2,2,2,2,2,2,2,2,2,2,2,2,2,2,2,2,2,2,2,2,2,2,2,2,2,2,2,2,2,2,2,2,2,2,2,2,2,2,2,2,2,321
0,1,1,0,0,0,1,1,1,0,1,1,1,1,1,1,1,1,1,1,1,1,1,1,1,1,1,1,1,1,1,0,0,1,1,0,1,1,1,0,0,1,0,1,1,0,1,1,1,1,1,0,0,1,0,1,1,1,1,0,0,1,0,0,1,1,1,0,1,1,0,1,0,1,1,1,0,0,0,0,0,1,0,1,1,0,1,0,0,0,1,1,1,0,0,1,1,1,1,1,1,0,1,1,1,0,0,1,0,1,0,1,1,1,1,0,0,0,0,0,1,0,0,0,0,1,0,1,0,0,0,1,0,0,1,1,0,0,0,0,1,1,1,1
3652
2
0
7444
291,236,22,22,22,2,2,2
1,1,0,0,1,0,0,0
3654
146,315,171,236,301,276,316,288,338,358,22,22,22,22,22,22,293,56,317,45,2,2,2,2,2,2,2,2,2,2,2,2
0,1,1,0,1,1,1,0,0,0,1,0,1,0,0,0,0,1,1,0,1,0,0,1,0,1,0,0,0,1,1,1
3655
296,367,286,347,236,287,318,304,297,284,327,283,22,22,22,22,22,22,22,22,22,22,22,22,22,22,22,22,22,22,22,22,22,22,22,336,293,317,313,341,303,312,280,171,343,329,146,175,144,333,288,285,76,359,328,2,2,2,2,2,2,2,2,2,2,2,2,2,2,2,2,2,2,2,2,2,2,2,2,2,2,2,2,2,2,2,2,2,2,2,2,2,2,2,2,2,2,2,2,2,2,2,2,2,2,2,2,2,2,2,2,345,366,368,45,340,321
1,0,1,1,0,0,1,1,0,1,1,1,1,1,1,0,0,1,1,0,1,1,1,0,1,0,1,0,1,0,1,1,1,1,1,1,0,0,1,1,1,1,1,1,0,0,0,1,0,0,0,0,1,0,1,1,1,1,1,0,1,1,1,1,0,0,1,1,0,0,0,1,1,0,0,0,0,0,0,0,1,0,0,1,1,0,1,1,1,1,1,0,1,1,1,0,1,1,0,1,0,1,1,1,1,1,1,0,0,0,1,1,1,0,0,0,0
3656
235,347,46,41,177,174,254,330,22,22,22,22,22,22,22,22,22,22,22,22,22,22,22,22,22,22,22,22,22,22,22,22,339,346,341,317,317,313,308,312,151,354,343,331,325,175,350,288,338,329,359,359,366,326,124,124,345,171,171,45,2,2,2,2,2,2,2,2,2,2,2,2,2,2,2,2,2,2,2,2,2,2,2,2,2,2,2,2,2,2,2,2,2,2,2,2,2,2,2,2,368
1,0,1,0,1,0,0,0,1,1,0,1,1,0,1,1,1,1,1,1,1,1,1,0,0,0,0,0,0,1,0,0,0,1,0,0,0,0,0,0,0,1,0,0,0,0,0,0,0,0,0,1,1,0,1,0,0,1,1,0,1,0,1,1,0,1,0,1,1,0,1,1,1,1,0,0,0,0,0,0,0,1,1,0,1,0,0,0,1,0,1,0,0,0,0,0,1,1,0,0,1
3657
290,323,311,347,236,312,360,41,247,5,254,324,330,22,22,22,22,22,22,22,22,22,22,22,322,346,352,182,349,341,289,283,308,55,343,68,279,335,350,367,300,235,285,353,328,340,345,334,319,2,2,2,2,2,2,2,2,2,2,2,2,2,2,2,2,2,2,2,2,2,2,2,2,2,2,2,2,2,2,2,2,2,2,2,2,321
0,1,0,1,1,1,1,0,1,1,0,1,1,1,1,1,0,1,0,1,1,1,1,1,1,1,1,1,0,1,1,0,1,1,0,1,1,1,1,1,1,1,1,1,1,0,1,0,1,1,1,1,1,0,0,1,1,0,0,0,0,1,1,1,1,1,1,1,1,1,1,1,1,1,1,1,1,1,0,1,1,1,1,1,1,1
3658
2,2,2,2,2,2,2,2,2,2,2,2,2,2,2,2,2,2,2,2,2,306,367,246,320,337,329,86,78,174,283,324,22,22,22,22,22,22,22,22,22,360,279,305,155
1,0,1,0,1,1,1,1,0,1,1,0,1,1,0,0,1,0,0,1,0,0,0,1,0,1,0,0,0,0,0,0,0,0,1,0,1,1,0,0,0,0,0,0,0
3659
22,22,2,2,2,2,2,2,2,2,2,2,2,2,2,2
1,1,0,1,0,1,1,0,0,1,0,0,1,1,0,0
3660
22,22,22,22,22,22,2,2,2,2,2,2,2,2,2,2,2,2
0,0,1,1,1,1,1,0,0,0,0,0,0,0,0,1,0,0
3661
287,22,22,22,2,2,2,2,2,2,2,2,2,2,2,2,2,2,348
1,0,0,1,0,1,0,0,0,1,1,0,1,0,0,1,0,0,0
3662
247,336,287,344,311,304,41,5,174,324,292,22,22,22,22,22,22,22,22,22,22,22,22,22,22,293,317,313,341,303,334,329,333,288,235,353,359,171,307,45,2,2,2,2,2,2,2,2,2,2,2,2,2,2,2,2,2,2,2,2,2,2,2,2,2,2,2,2,2,2,2,2,2,2,2,2,91
0,1,1,1,0,0,0,0,0,0,0,1,0,0,0,0,1,0,1,0,1,1,0,0,0,1,1,1,0,0,1,1,1,0,0,0,0,1,1,0,0,0,0,0,1,0,1,1,0,1,0,1,1,1,0,0,1,0,0,0,1,0,1,0,0,1,1,0,0,1,0,0,0,1,0,0,0
3663
323,311,236,236,287,303,276,73,324,22,22,22,22,22,22,22,22,22,22,22,22,22,22,22,22,22,22,22,22,22,22,22,22,22,22,22,22,22,22,22,22,297,322,282,332,155,362,312,177,68,335,144,316,319,285,309,76,171,45,2,2,2,2,2,2,2,2,2,2,2,2,2,2,2,2,2,2,2,2,2,2,2,2,2,2,2,2,2,2,2,2,2,2,2,2,2,2,2,2,2,2,2,2,2,2,2,2,2,2,2,2,2,2,2,2,2,2,2,2,2,2,2,2,2,2,2,2,2,2,2,2,2,2,2,2,2,2,2,2,2,2,2,2,2,2,2,2,2,2,2,2,2,2,2,2,2,2,2,2,78,344,304,46,284,254,292,91,339,293,55,317,341,289,283,315,354,343,325,350,333,357,27,340,327,208,291,279,288,301,368
0,0,1,0,0,0,0,1,1,1,1,1,1,0,0,1,1,0,1,1,1,1,1,1,1,0,1,1,1,1,1,0,0,1,1,1,1,1,1,1,1,1,1,1,1,0,1,0,1,1,1,1,0,0,1,0,1,1,1,1,0,1,1,1,1,0,0,0,0,1,1,1,1,0,0,1,0,0,0,0,0,0,0,0,0,0,0,0,0,0,1,1,1,1,1,0,0,0,1,0,0,0,1,0,1,1,0,1,0,1,1,1,1,1,0,1,1,1,0,1,1,1,1,0,1,1,1,1,0,1,0,0,1,1,1,0,1,1,0,1,1,0,1,1,1,1,1,1,1,1,1,1,1,0,0,1,1,1,1,0,1,0,1,1,0,0,1,1,0,1,0,1,1,1,1,1,0,0,1,0,0,1,0,1,1,1,1,1,0,0
3664
303,289,356,351,199,344,318,314,67,349,111,324,22,22,22,22,22,22,22,22,22,22,322,339,279,332,2,2,2,2,2,2,2,2,2,2,2,2,2,2,2,2,2,2,2,2,2,2,2,2,2,2,2,2
0,1,0,0,1,0,1,0,1,0,0,1,1,1,1,1,1,0,0,0,1,0,1,0,0,0,0,1,1,1,0,0,0,1,1,0,0,0,1,1,1,1,1,0,1,0,1,0,1,1,0,1,0,0
3665
2,2,2
0,1,0
3666
290,289,235,356,351,236,344,335,5,355,45,363,292,22,22,22,22,22,22,22,22,22,22,22,22,22,22,322,293,317,171,303,151,365,199,68,325,325,175,144,333,288,288,364,359,177,208,291,334,263,2,2,2,2,2,2,2,2,2,2,2,2,2,2,2,2,2,2,2,2,2,2,2,2,2,2,2,2,2,2,2,2,2,91
0,1,0,1,0,1,1,1,0,1,1,1,1,0,0,0,1,0,1,1,1,1,1,0,1,1,0,1,1,0,1,1,1,1,1,0,0,1,1,1,1,1,0,0,0,0,0,1,1,1,1,1,1,0,1,1,1,1,0,1,1,0,0,1,0,0,0,1,1,0,0,1,1,1,1,1,1,1,1,1,0,1,1,0
3667
235,236,253,284,45,292,22,22,22,22,22,22,22,22,293,56,317,332,327,289,315,343,285,316,349,288,288,68,309,76,291,171,307,318,2,2,2,2,2,2,2,2,2,2,2,2,2,2,2,2,2,2,2,2,2,2,2,2
0,1,1,1,0,0,0,0,1,1,1,0,0,1,1,1,1,0,0,1,1,1,1,1,1,1,0,0,1,1,1,1,1,1,0,0,0,0,1,0,0,0,1,1,1,1,1,1,1,1,1,1,0,0,0,0,1,1
3668
247,41,22,22,2,2,2,2,2,349
0,0,1,0,1,0,0,1,0,0
3669
73,236,287,297,305,302,22,22,22,22,22,22,22,22,22,22,22,22,22,22,22,22,22,22,22,22,22,22,22,22,22,293,332,332,155,55,336,329,175,300,285,353,359,171,45,327,303,235,344,253,304,355,283,292,91,91,339,346,352,317,349,78,354,343,365,263,357,328,2,2,2,2,2,2,2,2,2,2,2,2,2,2,2,2,2,2,2,2,2,2,2,2,2,2,2,2,2,2,2,2,2,2,2,2,2,2,2,2,2,2,2,2,2,2,2,291,48,288
1,1,1,0,1,1,1,1,1,0,0,1,1,1,1,0,0,1,0,0,1,1,0,0,1,1,0,1,0,0,0,1,1,0,0,1,1,1,0,1,1,1,0,1,1,0,0,0,1,1,1,1,1,1,1,0,0,1,1,1,1,1,1,0,1,0,1,1,0,1,1,1,1,0,0,0,1,0,1,0,1,1,1,1,1,1,1,1,0,0,0,1,1,1,1,0,1,0,1,0,0,0,0,1,1,1,0,1,0,1,0,1,0,1,0,1,0,1
3670
359,332,22,22,22,22,22,370,236,171,317,313,2,2,2,2,341
0,0,1,0,0,0,1,1,1,1,0,0,0,0,0,0,0
3671
364,151,334,340,22,22,22,22,22,22,22,325,321,305,2,2,2,2,2,2,2,2,2,2,2,2,76
0,0,1,0,1,0,1,1,0,1,0,0,1,1,0,1,0,0,0,1,1,1,0,0,1,0,0
3672
290,323,235,356,351,337,236,236,296,318,276,5,174,302,330,295,22,22,22,22,22,22,22,22,22,22,22,22,22,22,22,22,22,22,293,237,357,182,313,327,303,151,365,106,343,68,329,175,144,78,288,111,325,2,2,2,2,2,2,2,2,2,2,2,2,2,2,2,2,2,2,2,2,2,2,2,2,2,2,2,2,2,2,2,2,2,2,2,2,2,2,2,2,2,2,2,2,2,280,45,301
0,0,0,1,0,1,1,1,1,1,1,0,1,0,1,1,0,0,0,0,1,1,1,1,1,0,0,1,0,1,0,0,1,0,1,0,0,1,0,0,0,1,1,1,0,1,1,1,0,1,0,0,0,0,1,1,1,1,0,1,1,1,1,1,0,1,0,0,0,0,0,1,0,1,1,0,1,0,0,1,0,1,0,0,0,1,1,0,1,1,1,0,1,0,1,1,0,0,0,1,0
3673
303,323,246,336,110,318,286,297,358,22,331,2,2,2,2,2,2,2,2,2,2,2,2,2,2,321
1,0,1,1,0,1,0,1,1,1,0,0,1,0,0,0,1,0,0,0,1,1,0,0,1,1
3674
291,236,2,2,2,2
0,0,1,0,0,0
3675
22,22,2,2,2,2,2,2,2,2,2,2,2,2,2,2,2,2,2,2,2,2,2,2,2,2,2,2,2,2,2,2,2
0,0,0,0,1,0,0,0,0,0,1,0,0,0,0,0,1,1,0,0,0,0,0,1,1,0,1,0,0,0,0,0,0
3676
5,2,2,22,22
0,0,0,1,0
5073
290,296,246,337,336,323,287,318,41,5,174,324,330,295,22,22,22,22,22,22,339,320,237,55,325,199,177,352,354,236,86,106,357,319,27,353,2,2,2,2,2,2,2,2,2,2,2,2,2,2,2,2,2,2,2,2,2,2,2,2,2,2,2,2,2,2,2,2,2,2,2,2,2,2,2,2,2,2,360,294,305,326,368
0,0,1,1,1,1,1,1,1,1,1,1,1,1,0,1,1,1,1,1,1,0,1,1,1,1,1,1,1,1,0,0,1,1,1,1,0,1,1,0,1,1,1,1,1,1,0,1,1,0,1,1,1,1,0,1,1,1,1,1,1,1,1,0,1,1,1,0,1,0,1,1,1,0,1,1,0,0,1,1,1,1,1
3678
289,303,199,110,263,252,348,68,295,22,22,22,22,22,48,2,2,2,2,2,2,2,2,2,2,2,2,2,2,146,326
1,1,1,0,1,1,0,0,1,1,1,1,0,0,1,0,1,0,1,0,0,0,0,1,1,1,0,1,1,0,0
3679
302,286,22,2,2,2,2,2
0,0,0,0,1,1,0,0
3680
280,280,352,347,22,22,22,22,22,55,5,2,2,2,2,2,2,2,2,2,2,2,2,2,2,2,2,2,2,2,2,2,2,2,2,2,2,2,2,2,2,2,2,2,2,2,2,2,2,2,2,2,2,2,2,2,2,2,2,2,2,2,2,2,2,2,2,2,2,2,2,2,2,2,2,2,2,2,2,2,2,2,2,2,2,2,2,2,2,2,2,2,308
0,1,1,0,1,0,0,0,1,0,1,0,0,0,1,1,1,1,0,1,1,1,1,1,1,1,1,0,1,1,0,1,1,1,1,1,1,1,1,1,1,1,1,1,0,0,0,1,1,1,1,0,0,1,1,1,0,1,1,0,1,1,1,1,0,1,0,1,0,0,0,0,0,1,1,0,1,0,1,1,1,1,1,1,1,1,1,1,1,1,0,0,1
3681
22,2,2
0,1,1
3682
346,22,2,2,2
0,0,0,1,1
3683
22,22,22,22,22,22,22,22,2,2,2,2,2,2,2,2,2,2,2,2,2,2,2,2
1,1,1,1,1,1,1,1,1,1,0,1,1,1,1,1,1,1,1,1,1,0,1,0
3684
296,311,289,347,236,344,253,276,5,284,254,358,295,22,22,22,22,22,22,22,22,22,22,22,22,22,22,22,322,237,182,199,78,302,280,365,106,343,337,110,330,333,300,111,328,124,341,2,2,2,2,2,2,2,2,2,2,2,2,2,2,2,2,2,2,2,2,2,2,2,2,2,2,2,2,2,2,2,2,2,2,2,2,2,2,2,2,2,2,2,2
0,0,0,0,0,0,0,1,0,0,0,0,0,0,1,1,1,0,0,1,1,0,0,1,0,0,0,0,1,0,0,1,1,0,0,1,0,0,0,0,1,0,0,0,0,1,1,0,1,1,0,1,0,1,0,0,1,0,0,0,0,0,0,1,0,1,1,0,1,1,1,0,0,0,0,1,0,1,0,1,1,0,0,1,1,0,0,0,1,0,0
3685
86,353,301,2
0,0,1,1
3686
315,22,22,22,22,22,22,22,22,22,22,22,22,22,22,22,22,22,22,22,236,313,171,317,316,2,2,2,2,2,2,2,2,2,2,2,2,2,2,2,2,2,2,2,2,2,2,2,2,2,2,2,2,2,2,2,2,2,2,2,2,2,2,341
1,1,0,0,0,0,1,1,1,1,1,1,0,1,1,1,0,1,1,1,1,0,1,0,1,0,1,0,1,1,0,1,1,0,1,0,1,1,1,1,1,0,0,0,0,0,0,0,1,0,0,0,1,0,1,0,1,0,0,0,1,1,1,0
