913
73,22,280,281,279,5,2,2,2
1,1,1,0,1,1,1,0,1
5565
290,78,246,236,287,286,46,5,284,283,292,295,22,22,22,22,22,22,22,22,22,293,282,237,174,289,110,175,144,111,285,76,124,291,294,288,2,2,2,2,2,2,2,2,2,2,2,2,2,2,2,2,2,2,2,2,2,2,2,2,91
0,0,1,1,1,0,0,1,1,0,1,0,0,1,1,1,0,0,1,0,0,1,0,0,1,1,0,0,1,1,0,0,0,0,0,0,0,0,0,0,0,1,1,0,1,1,0,1,0,0,1,0,0,1,1,0,0,0,0,0,0
915
299,296,73,236,287,276,304,297,302,288,22,22,22,22,22,22,22,22,22,22,22,22,22,22,22,22,22,22,298,298,78,280,67,300,306,68,2,2,2,2,2,2,2,2,2,2,2,2,2,2,2,2,2,2,2,2,2,2,2,2,2,2,2,2,2,2,2,2,2,2,2,2,2,2,2,2,2,2,2,2,2,2,2,2,2,2,2,2,2,2,2,2,2,2,2,2,2,2,2,2,2,2,2,303,303,48,279,307,305,301,91
1,1,1,0,1,1,0,1,0,0,1,1,1,1,0,0,0,1,1,0,1,1,1,0,1,1,0,0,1,1,1,0,1,0,1,1,1,0,1,0,0,0,1,0,1,1,0,1,1,0,1,1,0,0,1,0,0,0,0,1,1,1,0,1,0,0,0,0,1,1,1,1,0,1,1,0,1,1,1,0,0,1,1,1,1,1,1,0,1,1,1,1,1,1,1,1,1,1,0,0,0,0,0,0,1,0,1,0,1,0,0
916
22,22,22,22,22,22,22,22,22,2,2,2,2,2,2,2,2,2,2,2,2,2,2,2,2
0,1,1,1,0,0,0,1,0,1,0,0,1,1,0,1,1,0,1,0,0,0,0,1,0
917
253,309,2,308
1,0,0,1
918
296,311,292,310,22,22,22,236,291,279,146,5,2,2,2,2,2,2,2,2,2,2,2,2,2
0,1,0,0,1,1,1,0,0,0,0,0,0,1,1,0,0,0,1,0,0,1,1,0,0
919
312,309,22,22,22,22,237,41,2,2,2,2,2,2,2,2,2,2,174
0,0,0,1,0,0,0,1,1,0,0,1,1,0,0,0,0,0,0
920
45,2,2,2,2,2,22,22,22,236,313
1,0,0,0,0,1,0,1,0,1,1
921
78,315,56,320,318,316,319,22,22,22,22,22,22,22,22,314,106,294,171,317,288,2,2,2,2,2,2,2,2,2,2,2,2,2,2,2,2,2,2,2,2,2,2,308
0,1,0,0,1,0,0,0,0,0,0,0,0,1,1,1,0,0,1,0,0,1,0,0,0,0,1,1,0,0,0,0,1,0,1,0,1,0,0,1,0,1,0,1
922
323,73,236,236,286,41,305,302,324,330,22,22,22,22,22,22,22,22,22,22,22,22,22,22,22,22,22,22,22,22,22,22,22,22,22,22,322,237,146,332,332,312,336,329,317,175,316,309,294,171,325,327,304,253,335,5,5,45,292,91,293,2,2,2,2,2,2,2,2,2,2,2,2,2,2,2,2,2,2,2,2,2,2,2,2,2,2,2,2,2,2,2,2,2,2,2,2,2,2,2,2,2,2,2,2,2,2,2,2,2,2,2,2,2,2,182,315,320,86,333,288,27,328,326,291,48,48,334,331,321
1,1,1,1,0,1,0,1,1,1,1,0,1,1,1,1,1,1,1,1,1,0,1,0,1,0,1,1,1,1,1,1,1,1,1,1,1,1,1,1,1,1,1,1,1,1,0,1,0,0,1,1,1,1,1,1,1,0,1,1,1,1,1,1,1,1,1,1,1,0,1,0,0,1,1,1,1,1,1,0,1,1,1,1,1,1,1,1,0,1,1,0,1,1,1,1,1,1,1,0,1,1,1,1,1,1,1,1,1,1,0,1,1,1,1,1,1,1,1,1,0,1,1,1,0,0,1,1,0,1
923
290,323,311,246,351,337,236,296,318,41,247,302,324,330,22,22,22,22,22,22,22,22,22,22,22,22,22,22,22,22,22,22,22,22,22,22,22,22,22,22,22,22,22,22,297,237,252,347,312,280,352,68,335,357,144,276,306,285,353,309,76,314,307,305,2,2,2,2,2,2,2,2,2,2,2,2,2,2,2,2,2,2,2,2,2,2,2,2,2,2,2,2,2,2,2,2,2,2,2,2,2,2,2,2,2,2,2,2,2,2,2,2,2,2,2,2,2,2,2,2,2,2,2,2,2,2,2,2,2,2,2,2,2,2,2,2,2,2,2,2,2,2,2,2,2,2,2,2,2,2,2,2,2,2,2,2,2,2,2,78,235,356,344,253,304,284,327,5,5,283,358,295,355,339,346,55,182,349,341,289,342,106,343,354,263,350,333,348,338,27,328,340,124,345,208,48,334,331,301
0,0,0,1,1,1,1,0,1,0,0,0,1,1,0,0,1,0,1,1,1,1,0,0,1,1,0,1,0,1,1,1,1,1,0,1,1,1,0,0,1,1,1,0,0,0,1,1,0,0,1,1,0,1,0,1,1,1,0,0,0,0,0,1,0,1,1,0,1,1,0,1,1,1,0,0,0,1,0,1,0,0,1,0,0,1,1,1,0,0,1,0,1,0,1,0,0,0,0,0,1,0,0,0,1,1,0,1,1,1,1,0,0,0,1,0,1,1,1,0,1,1,1,1,0,0,0,0,1,1,1,0,0,1,1,0,1,1,1,1,0,1,1,1,0,0,1,1,1,0,1,0,1,0,1,1,0,1,0,0,0,1,1,0,0,0,0,0,0,0,0,0,0,0,1,1,0,0,1,0,1,0,1,0,1,1,0,0,0,0,0,0,1,0,0,0,1,0,1
924
356,144,46,284,300,111,359,359,22,22,22,22,22,22,22,219,171,317,317,2,2,2,2,2,2,2,2,2,2,2,2,2,2
0,1,0,0,1,0,1,0,0,1,1,0,1,0,1,1,1,1,0,0,0,1,0,1,1,1,1,1,1,1,0,1,0
925
302,285,22,22,22,22,22,322,208,48,41,332,2,2,2,2,2,2,2,2,5
0,0,0,0,1,0,0,1,0,0,0,0,1,0,1,0,0,0,1,1,0
926
171,317,22,22,22,22,22,22,2,2,2,2,2,2,2,2,2,349
1,1,0,1,1,0,0,1,0,0,0,1,0,0,0,0,0,1
927
303,235,289,351,344,311,345,5,254,340,346,78,280,199,331,86,335,144,301,357,76,124,360,334,288,2,2,2,2,2,2,2,2,2,2,2,2,2,2,2,2,2,2,2,2,2,2,2,2,2,2,2,2,2,22,22,22,22,22
0,0,1,0,1,0,0,0,1,0,1,0,0,1,0,0,0,1,0,1,0,0,1,1,0,0,0,1,0,1,0,1,1,0,0,0,0,1,1,0,0,0,0,1,1,1,1,0,1,1,1,0,0,0,1,0,0,1,0
928
346,237,41,22,2
1,0,0,1,1
929
55,146
0,0
930
55,263,236,279,335,304,252,349,254,339,22,22,22,22,22,22,22,22,22,124,208,334,318,2,2,2,2,2,2,2,2,2,2,2,2,2,2,2,2,2,2,2,2,2,2,2,2,2,2,2,2,2,2,2,2,2,2,2,2,2,2,2,2,2,2,2,2,2,2,2,2,2,2,2,2,2,2,2,2,2,2,2,2,2,2,2,2,2,2,2,2,2,2,2,2,2,2,2,2,2,2,2,2,2,2,2,2,2,2,2,2,2,2,2,321
0,0,1,1,0,0,1,0,0,0,1,1,0,1,0,0,0,0,0,0,1,1,1,1,0,1,1,1,0,0,1,1,0,1,1,0,0,0,1,1,0,1,0,1,1,1,1,1,1,1,1,1,1,1,1,1,1,1,1,1,0,1,1,1,0,1,1,0,0,1,1,1,1,1,1,1,1,0,1,0,1,0,1,1,1,1,1,0,1,1,1,1,0,1,1,1,1,0,1,1,0,1,1,0,1,0,1,0,0,0,1,1,0,0,1
931
2,2
0,0
932
303,312,315,356,236,316,27,22,22,22,22,22,22,291,171,2,2,2,2,2,2,2,2,2,2,327
0,0,0,1,0,0,0,0,1,0,0,0,1,1,0,0,1,0,1,0,0,1,0,0,0,0
933
289,327,246,22,22,2,2,2,2,2,2,321
0,0,1,1,1,0,0,1,1,0,0,1
934
362,301,22,22,2,2,2,2,2,2,2,2,2,2,2,2,2,2,361
1,1,1,0,0,0,1,0,1,1,0,0,0,0,1,0,0,0,1
935
325,68,294,246,22
1,1,1,0,1
6057
296,351,337,287,286,297,254,330,292,22,22,22,22,22,22,22,22,22,22,22,22,22,22,22,22,22,22,22,22,22,22,22,22,22,22,22,22,322,293,237,317,332,283,86,86,321,350,316,27,326,326,208,171,288,2,2,2,2,2,2,2,2,2,2,2,2,2,2,2,2,2,2,2,2,2,2,2,2,2,2,2,2,2,2,2,2,2,2,2,2,2,2,2,2,2,2,2,2,2,2,2,2,2,2,2,2,2,2,2,2,2,2,2,2,2,2,2,2,2,2,2,2,2,91
1,0,0,0,0,0,0,0,0,1,0,0,0,1,1,1,1,0,0,0,1,1,1,0,1,0,1,0,1,0,0,1,0,0,0,1,1,0,0,0,0,0,1,0,0,1,1,1,0,0,0,0,1,0,0,0,1,1,1,1,1,0,1,1,0,0,1,0,0,0,0,0,0,1,0,0,0,1,0,0,0,1,1,0,0,1,1,0,1,0,0,1,0,0,0,0,1,0,0,0,1,0,0,0,0,0,0,0,0,0,1,0,1,0,1,1,1,0,0,1,0,1,0,1
937
290,323,73,246,236,318,276,302,22,22,22,22,22,22,22,22,22,22,22,22,22,22,22,22,22,22,237,177,364,317,300,353,359,309,171,307,45,2,2,2,2,2,2,2,2,2,2,2,2,2,2,2,2,2,2,2,2,2,2,2,2,2,2,2,2,2,2,2,2,2,2,2,2,2,2,2,2,2,2,2,2,2,2,2,2,2,2,2,296,356,344,5,283,363,292,91,293,41,182,308,78,354,106,27,328,301,280,291,288,340,289
0,0,1,1,1,1,0,1,0,0,1,1,0,1,0,1,0,1,1,1,1,0,1,0,1,1,1,1,1,1,1,0,1,1,1,1,1,1,1,0,0,1,1,1,0,0,1,0,0,1,1,1,1,0,0,0,1,0,0,1,1,0,1,0,1,1,0,1,0,1,1,0,0,0,1,1,0,1,1,1,1,1,1,1,0,1,0,0,1,0,1,1,1,1,1,0,1,1,1,1,0,1,0,1,1,1,1,1,1,0,0
938
86,282,335,295,2
0,0,0,0,1
939
68,76,253,22,22,309,48,308,144,5,2,2,2,2,341
1,1,1,0,1,0,0,1,1,1,0,0,1,1,1
940
323,356,351,337,276,5,55,254,324,330,365,22,22,22,22,22,22,22,22,22,22,22,22,22,22,22,22,22,151,352,283,361,78,302,280,342,106,68,364,175,300,111,27,76,124,345,303,288,2,2,2,2,2,2,2,2,2,2,2,2,2,2,2,2,2,2,2,2,2,2,2,2,2,2,2,2,2,2,2,2,2,2,2,2,2,2,2,2,2,2,2,2,2,2,2,2,2,2,2,2,2,2,2,321
0,0,0,0,0,0,1,1,1,1,1,0,1,1,1,1,1,1,1,1,0,1,1,1,1,0,1,0,1,1,0,1,0,1,1,1,0,1,0,1,0,1,1,0,0,0,1,1,1,1,1,0,1,1,0,1,1,1,1,1,1,0,1,1,0,1,1,0,1,0,0,1,0,1,0,1,1,0,0,1,0,1,0,1,0,0,1,1,0,1,1,0,1,0,1,0,1,0,1,1,0,0,1,1
941
347
0
942
22,22,2
0,1,0
943
299,296,151,354,199,68,360,46,5,355,338,285,22,22,22,22,22,22,22,22,22,22,2,2,2,2,2,2,2,2,2,2,2,2,2,2,2,2,2,2,2,2,2,2,2,2,2,2,2,2,2,2,2,2,2,2,2,2,2,2,2,2,2,2,2,2,2,2,2,2,2,2,2,2,2,2,2,351,55,73,106
1,0,1,1,0,0,0,1,1,1,0,0,0,0,0,0,1,0,1,1,1,0,0,0,0,1,1,0,0,1,0,0,1,0,1,0,0,1,0,1,0,0,1,0,1,0,0,0,1,1,0,1,0,1,0,1,1,1,1,0,0,0,0,1,1,1,0,1,1,1,1,0,0,0,1,0,0,1,1,0,1
944
22,22,2,360
1,0,0,1
945
78,302,151,86,144,358,5,283,283,22,22,22,22,22,22,22,22,22,22,22,247,345,2,2,2,2,2,2,2,2,2,2,2,2,2,2,2,2,2,2,2,2,2,2,2,2,2,2,2,2,2,2,2,2,2,2,2,2,2,2,2,2,2,2,2,2,2,2,2,2,2,331,301
0,0,1,0,1,1,0,0,1,0,1,1,0,0,0,0,0,1,0,0,0,1,0,1,1,0,1,0,0,0,1,0,1,0,0,1,0,1,1,1,1,1,1,1,0,0,0,1,1,0,0,1,1,1,0,0,1,0,1,0,1,0,1,1,0,0,1,1,1,0,0,0,0
946
366,22
1,1
947
22,22,2,2,2,2,2,2,2,2,2,2,2
1,1,1,0,1,1,1,1,1,0,1,1,1
948
78,363,295,333,236,276,315,2,2,2,2,2,2,2,2,2,2,2,2,2,2,2,2,2,2,2,2,2,2,2,2,2,2,2,2,2,2,2,2,2,2,2,2,2,2,2,2,2,2,2,2,22,22,22,22,22,22,22,22,22,22,22,22,22
1,0,0,0,0,1,1,0,1,1,0,1,0,1,0,1,1,1,0,0,0,0,1,0,1,0,0,0,1,1,1,1,1,1,1,0,1,1,1,0,1,1,1,0,1,1,0,1,0,1,1,0,0,0,1,1,1,1,1,1,1,1,1,1
949
290,303,367,337,236,281,318,41,280,355,254,330,292,91,305,293,283,146,332,155,347,289,302,177,334,336,336,317,175,73,288,306,285,359,124,291,171,45,2,2,2,2,2,2,2,2,2,2,2,2,2,2,2,2,2,2,2,2,2,2,2,2,2,2,2,2,2,2,22,22,22,22,22,22,22,22,22,22,22,22,22,22
0,1,0,1,1,0,1,0,1,1,1,1,1,1,1,1,1,1,0,1,1,1,1,1,1,1,1,1,0,1,0,0,0,1,1,1,1,1,1,1,1,1,1,1,0,1,1,0,1,0,1,1,0,1,0,0,0,0,0,1,1,1,0,1,1,0,0,1,1,1,1,0,1,0,1,0,0,1,0,1,1,0
950
235,236,358,284,174,288,22,22,22,22,22,22,22,22,22,22,22,22,22,22,22,22,22,22,22,22,22,22,22,22,22,22,22,293,317,313,303,342,336,91,329,146,175,45,319,364,359,328,301,171,305,2,2,2,2,2,2,2,2,2,2,2,2,2,2,2,2,2,2,2,2,2,2,2,2,2,2,2,2,2,2,2,2,2,2,2,2,2,2,2,2,2,2,2,2,2,2,2,2,2,2,2,2,2,2,2,2,2,2,2,2,2,2,2,2,2,2,2,2,2,321
0,1,0,0,1,0,1,1,0,0,1,1,1,1,0,0,0,0,1,0,0,1,1,0,1,1,0,1,1,1,1,1,1,0,0,1,1,0,0,0,0,0,0,0,1,0,1,1,0,0,0,1,1,1,0,0,1,1,1,1,1,0,1,1,0,0,0,1,1,0,1,1,1,1,1,0,0,0,0,0,0,1,1,1,1,0,0,0,1,1,1,1,0,0,0,0,0,1,1,0,1,1,1,0,1,0,1,1,1,1,1,1,0,1,1,0,0,1,1,1,1
951
68,359,22,22,22,22,22,22,22,236,219,317,318,171,182,335,2,2,2,2,2,2,2,2,2,2,2,2,2,2,2
1,1,0,0,1,0,0,0,1,1,1,0,1,0,1,1,0,0,0,0,1,0,0,0,1,1,0,1,1,0,1
952
22,22,22,22,22,22,22,22,22,22,22,22,22,22,22,22,22,22,22,2,2,2,2,2,2,2,2,2,2,2,2,2,2,2,2,2,2,2,2,2,2,2,2,2,2,2,2,2,2
0,1,1,1,1,1,1,1,1,0,1,1,1,0,1,1,1,1,0,1,1,1,1,1,1,1,1,0,1,1,1,0,0,1,1,0,0,1,1,0,1,1,1,1,1,1,0,1,0
953
2,2,2
0,1,1
954
323,235,246,347,144,252,284,358,302,324,22,22,22,22,22,22,22,22,22,22,22,22,339,346,174,303,73,55,320,343,91,350,306,285,353,289,301,345,2,2,2,2,2,2,2,2,2,2,2,2,2,2,2,2,2,2,2,2,2,2,2,2,2,2,2,2,2,2,2,2,2,2,2,2,2,2,2,2,2,2,2,2,2,2,2,2,2,2,2,2,2,2,2,2,2,2,2,2,2,2,2,2,321
0,0,1,1,0,1,1,1,0,1,1,0,1,0,1,1,0,1,1,1,1,1,0,1,1,1,1,1,1,0,0,1,1,0,1,1,0,1,0,1,0,1,0,0,1,0,0,1,1,1,0,1,1,1,1,0,0,1,1,1,1,1,0,0,0,1,1,1,0,0,1,1,1,0,1,1,1,1,0,1,1,1,0,1,1,0,1,0,1,0,1,0,1,1,1,1,1,0,1,1,1,1,1
955
22,22,22,2,2,2,2,2,2,2
1,1,0,1,1,0,0,1,0,0
956
296,331,300,336,253,174,283,363,22,22,22,22,22,22,22,22,22,22,22,22,22,22,22,22,22,22,22,293,237,56,317,151,236,335,144,316,45,27,301,314,291,171,288,2,2,2,2,2,2,2,2,2,2,2,2,2,2,2,2,2,2,2,2,2,2,2,2,2,2,2,2,2,2,2,2,2,2,2,2,2,2,2,2,2,2,2,2,2,2,2,2,2,2,2,2,2
0,0,1,1,0,1,1,0,1,1,1,0,1,0,1,0,0,0,1,1,1,1,0,0,0,1,0,1,0,1,0,0,1,1,0,1,0,0,0,1,1,1,0,0,0,0,0,1,0,1,1,0,0,1,0,0,0,0,0,0,0,0,0,0,1,0,0,1,0,1,0,0,1,0,1,0,0,1,1,0,1,0,1,0,1,1,1,1,1,1,1,1,1,0,0,0
957
290,323,235,356,304,358,324,330,22,22,22,22,22,22,22,22,22,322,314,182,155,111,177,364,175,144,319,326,360,263,2,2,2,2,2,2,2,2,2,2,2,2,2,2,2,321
0,1,0,0,0,1,1,1,0,0,0,1,0,0,1,0,1,1,1,0,1,0,0,1,1,1,0,0,1,1,0,0,0,1,1,0,1,1,0,0,1,0,0,0,1,1
958
362,253,46,348,292,22,22,22,22,322,293,171,317,2,2,2,2,2,2,2,2,2,2,2,2,2,2,2,2,2,2,2,2,2,2,2,91
1,1,0,1,1,1,1,0,0,1,1,1,1,1,0,0,0,0,0,1,0,0,0,0,1,0,0,0,0,0,0,1,0,0,0,0,1
959
294,289,73,246,236,281,344,253,41,284,355,254,295,22,22,22,22,22,22,22,22,22,22,22,22,22,22,22,22,22,22,22,22,22,293,237,300,317,317,313,327,78,338,280,279,106,199,329,263,67,45,332,27,359,359,328,301,124,124,276,171,171,307,288,2,2,2,2,2,2,2,2,2,2,2,2,2,2,2,2,2,2,2,2,2,2,2,2,2,2,2,2,2,2,2,2,2,2,2,2,2,2,2,2,2,2,2,2,2,321
0,1,1,1,1,0,1,0,0,0,1,0,0,0,0,1,1,1,1,0,1,1,1,0,1,1,1,1,1,0,0,1,1,1,1,0,1,1,1,0,0,0,0,1,1,1,1,1,0,1,1,1,1,1,1,1,1,0,0,1,1,1,0,1,1,1,1,0,1,1,1,1,1,1,0,1,1,1,1,0,1,1,1,1,1,1,0,1,1,1,0,1,1,1,1,0,1,0,0,0,1,1,0,1,1,1,1,0,1,1
960
22,22,22,22,22,22,22,22,22,22,22,22,22,22,2,2,2,2,2,2,2,2,2,2,2,2,2,2,2,2,2,2,2,2,2,2,2,2,2,2,2,2,2,2,2,2,2,2,2,2,2,2,2,2,2,2,2
1,1,1,1,0,1,1,1,1,0,0,1,1,1,0,0,1,0,0,1,0,0,0,0,0,1,1,1,1,0,1,0,0,1,1,0,0,1,1,0,0,0,1,0,1,1,0,1,1,1,1,1,0,1,1,0,1
961
296,235,236,41,355,313,45,363,22,22,22,22,22,22,124,293,2,2,2,2,2,2,2,2,2,2,2,2,288,301
0,0,1,0,0,0,1,0,1,1,0,0,0,0,0,0,0,0,0,0,0,0,1,0,0,1,1,0,1,1
962
78,296,340,340,236,344,292,310,22,22,22,22,291,237,237,279,288,2,2,2,2,2,2,2,2,2,2,2,2,2,2,2,2,2,2,2,2,2,2,2,2,2,2,2,2,2,2,2,2,2,2,2,2,2,2,2,2,2,2,2,2,2,2,2,2,2,2,2,2,2,91
0,0,0,0,1,0,1,0,1,1,1,0,1,0,0,0,0,0,1,0,0,0,0,0,0,1,1,1,0,0,1,0,1,0,1,1,1,0,1,1,1,1,1,1,1,1,0,1,1,1,1,1,1,1,1,0,1,1,1,1,1,1,1,0,1,1,1,1,0,0,0
963
2,2,2,2,2,2,2,2,2,2,2,2,2,2,2,2,2,2,2,2,2,2,2,2,2
1,1,1,0,1,1,1,0,1,1,1,1,0,0,1,1,0,1,1,0,1,1,0,0,1
964
367,342,354,335,286,151,333,305,235,22,22,22,22,22,22,22,346,237,300,332,332,2,2,2,2,2,2,2,2,2,2,2,2,2,2,2,2,2,2,2,2,2,2,2,2,2,2,2,2,2,2,2
0,0,1,1,0,1,0,1,0,1,1,1,1,0,0,0,1,0,1,0,0,1,1,0,1,0,1,1,1,0,1,0,1,1,1,0,1,0,0,1,1,0,0,1,1,0,0,1,0,1,0,0
965
22,22,22,22,22,22,22,22,22,22,2,2,2,2,2,2,2,2,2,2,2,2,2,2,2
1,0,0,1,0,0,0,0,1,1,0,0,1,0,1,0,0,0,0,1,0,0,0,0,0
966
22,22,236,293,301,45,2,2,2,2,313
1,0,1,0,1,1,0,0,1,0,1
967
337,236,22,22,22,22,22,22,22,22,22,22,22,22,22,22,22,22,22,22,22,2,2,2,2,2,2,2,2,2,2,2,2,2,2,2,2,2,2,2,2,2,2,2,2,2,2,2,2,2,2,2,2,2,2,2,2,2,2,2,2,2,2,2,2,313
0,1,1,0,0,1,1,1,1,1,1,0,0,1,1,1,0,0,1,1,1,1,1,1,0,0,1,1,1,0,1,1,1,0,1,0,1,0,0,1,0,0,1,1,0,0,0,1,0,0,1,1,1,0,1,1,1,1,1,1,0,1,1,0,0,1
968
22,22,2,2,2
0,1,0,0,1
969
22,2,2,2,2,2,2,2,2,2,2,2,2,2,2,2,2,2,2,2,2,2,2,2,2,2,2,2,2,2,2,2,2,2,2,2,2,2,2,2,2,2,2,2,2,2
1,0,0,0,0,0,0,0,1,0,0,0,1,1,0,1,0,1,0,1,0,0,1,1,1,1,1,1,1,1,0,0,0,1,1,0,0,1,1,1,1,1,0,1,1,1
970
299,73,356,320,22,22,22,22,22,22,86,353,2,2,2,2,2,2,2,2,2,2,2,2,2,2,2,2,2,2,2,2,2,2,2,2,2,2,2,2,2,2,2,2,2,2,2,2,2,2,2,2,2,2,2,2,2,2,2,2,2,2,2,2,2,2,2,2,2,2,2,2,2,2,2,2,2,2,2,2,2,2,2,2,2,2,2,2,2
1,0,1,1,1,1,1,1,0,0,1,1,0,1,0,0,0,0,0,0,0,0,1,0,1,1,1,0,0,1,0,0,1,1,1,0,1,0,1,0,1,1,1,0,1,1,1,0,1,0,0,0,1,0,0,1,0,0,0,1,0,0,1,1,0,1,0,1,0,0,0,0,0,0,1,1,0,0,0,1,1,1,1,0,0,1,0,1,0
971
199,2
1,0
972
290,199,236,281,301,348,5,5,300,208,330,22,22,22,22,22,22,22,22,22,22,22,22,22,22,22,22,22,22,22,22,22,22,22,22,22,339,357,349,2,2,2,2,2,2,2,2,2,2,2,2,2,2,2,2,2,2,2,2,2,2,2,2,2,2,2,2,2,2,2,2,2,2,2,2,2,2,2,2,2,2,2,2,2,2,2,2,2,2,2,2,2,2,2,2,2,2,2,2,2
0,0,0,0,0,0,0,1,0,0,1,0,0,0,0,0,0,0,0,1,0,1,1,1,0,1,0,1,1,1,0,1,1,1,0,0,0,1,1,0,1,0,1,0,1,0,1,0,0,1,0,1,0,0,0,1,1,0,0,0,0,0,1,0,1,0,0,1,0,1,0,0,1,1,0,1,0,1,1,0,0,1,0,0,1,0,0,0,1,1,1,0,1,1,0,1,0,1,0,0
973
359,22,22,22,22,22,236,343,171,317,313,2,2,2,2,2,2,2,2,2,2,2,2,2,2,45
1,0,0,0,0,0,1,1,0,0,1,0,0,0,0,0,0,0,0,0,0,0,0,0,0,1
974
290,296,351,347,236,281,41,276,358,355,5,5,283,45,292,22,22,22,22,22,22,22,22,22,22,22,22,22,22,22,22,22,336,282,339,293,317,313,155,343,78,312,365,199,285,86,333,349,300,325,287,359,2,2,2,2,2,2,2,2,2,2,2,2,2,2,2,2,2,2,2,2,2,2,2,2,2,2,2,2,2,2,2,2,2,2,2,2,2,2,2,2,2,2,2,2,2,2,2,2,2,2,2,2,124,208,171,288,301,301
0,1,0,0,0,0,0,1,0,1,1,0,1,1,0,1,0,0,1,0,1,0,0,1,0,0,1,1,0,1,1,0,1,0,0,0,0,1,1,0,1,1,0,1,0,0,1,0,0,1,1,1,1,1,1,0,1,1,0,0,0,1,1,1,0,0,1,0,1,0,0,0,0,1,0,1,0,0,1,0,1,0,1,0,0,0,0,0,0,1,0,1,0,1,0,0,0,1,1,1,0,1,1,1,1,0,1,0,0,1
975
365,199,336,350,318,144,357,338,27,363,22,22,22,22,22,360,48,2,2,2,2,2,2,2,2,2,2,2,2,2,2,2,2,2,2,2,2,2,2,2,2,263,340
1,1,1,1,1,1,1,1,0,0,0,0,0,0,1,1,0,0,1,0,1,0,0,1,0,1,1,0,1,0,0,1,0,0,0,1,1,1,1,0,0,0,1
976
362,315,315,351,236,354,175,175,46,316,316,310,22,22,22,22,22,22,22,22,22,22,22,22,22,366,171,171,317,317,313,2,2,2,2,2,2,2,2,2,2,2,2,2,2,2,2,2,2,2,2,2,2,2,2
1,0,0,0,0,0,0,1,1,0,0,1,0,0,0,0,1,1,1,1,1,1,1,1,0,1,0,0,0,0,1,0,0,0,0,1,0,0,0,0,1,1,1,0,1,1,1,1,0,0,1,0,1,0,0
977
323,73,304,281,318,360,5,5,355,358,284,22,22,22,22,22,22,22,22,22,22,22,339,182,294,343,78,177,365,199,175,300,111,27,76,314,303,65,279,263,2,2,2,2,2,2,2,2,2,2,2,2,2,2,2,2,2,2,2,2,2,2,2,2,2,2,2,2,2,2,2,321
1,1,0,1,1,1,1,1,1,1,0,1,1,1,0,1,1,0,1,1,1,1,0,0,0,1,0,1,1,1,1,1,0,1,1,1,1,1,1,1,1,1,1,1,1,1,1,1,0,1,0,1,0,0,1,1,1,1,1,1,1,1,1,0,1,1,1,1,1,1,1,1
978
56,22,22,22,22,22,22,22,22,22,2,2,2,2,2,2,2,2,2,2,2,2,2,2,2,2,2,2,2,2,2,2,2,2,2,2,2,2,2,2,2,2,2,2,2,316
0,1,0,1,1,0,1,0,0,1,1,1,0,1,0,0,1,1,1,0,1,0,1,1,0,0,0,1,0,1,1,1,1,0,1,1,0,1,0,1,0,0,1,0,0,1
979
2
0
980
78,236,281,5,288,292,359,22,22,22,22,22,22,293,339,291,171,317,45,2,2,2,2,2,2,2,91
1,1,0,0,0,0,0,0,1,1,1,0,0,0,0,1,1,0,1,0,1,1,1,0,0,0,0
981
246,361,318,111,22,22,22,22,22,22,22,22,22,22,22,22,301,65,352,146,332,2,2,2,2,2,2,2,2,2,2,2,2,2,2,2,2,2,2,2,2,2,2,2,2,2,2,2,2,2,2,2,2,2,2,2,2,341
1,1,1,1,1,1,0,1,1,1,0,1,0,1,1,0,0,1,0,0,0,0,0,1,1,0,0,1,1,0,0,0,1,0,0,0,1,0,0,0,1,1,1,0,1,1,1,1,0,0,1,1,1,1,0,1,0,0
982
287,110,307,22,2,2
1,0,1,1,1,1
983
367,337,236,281,297,304,276,5,358,283,332,22,22,22,22,22,22,22,22,22,22,22,22,305,55,182,313,73,254,315,56,336,334,317,316,288,288,322,27,2,2,2,2,2,2,2,2,2,2,2,2,2,2,2,2,2,2,48,171,45,301
1,1,1,0,0,0,0,1,0,1,0,1,1,1,1,1,1,0,0,1,1,1,1,1,1,1,1,1,1,1,1,1,1,1,1,1,1,1,1,0,1,1,0,0,1,1,1,1,1,1,1,0,1,0,1,0,1,1,1,1,1
984
323,318,41,177,327,284,22,22,22,22,22,22,22,22,22,22,22,22,22,22,322,282,352,146,341,280,354,68,364,110,263,5,175,319,285,353,326,340,305,2,2,2,2,2,2,2,2,2,2,2,2,2,2,2,2,2,2,2,2,2,2,2,2,2,2,2,2,2
1,1,0,1,1,0,1,0,1,0,0,1,0,1,0,0,0,1,0,1,0,1,1,0,0,1,1,0,1,1,1,1,1,1,0,0,0,0,1,1,0,0,0,0,1,1,1,0,1,0,1,1,1,1,1,0,1,1,0,0,0,1,0,0,1,1,1,0
985
22,2
0,0
986
299,299,73,22,22,22,22,298,286,286,332,2,2,2,2,2,2,2,2,2,2,2,2,2,2,2,2,2,2,2,2,2,2,2,2,2,2,2,2,2,2,2,2,2,2,2,2,2,2,2
1,1,1,1,1,1,1,1,0,0,0,1,1,0,0,0,0,0,1,1,0,1,0,1,1,0,1,1,1,1,0,1,0,1,1,1,1,1,0,1,1,0,1,1,0,1,1,1,0,0
987
290,299,73,73,246,347,236,323,287,318,276,324,352,22,22,22,22,22,22,22,22,22,22,22,22,22,22,22,22,22,22,22,22,22,22,22,22,22,22,22,22,22,22,22,22,22,22,22,22,22,22,22,22,362,312,280,56,329,182,335,316,306,366,171,2,2,2,2,2,2,2,2,2,2,2,2,2,2,2,2,2,2,2,2,2,2,2,2,2,2,2,2,2,2,2,2,2,2,2,2,2,2,2,2,2,2,2,2,2,2,2,2,2,2,2,2,2,2,2,2,2,2,2,2,2,2,2,2,2,2,2,2,2,2,2,2,2,2,2,2,2,2,2,2,2,2,2,2,2,2,2,2,2,2,2,2,2,2,2,2,2,2,2,2,2,2,2,2,2,2,2,2,2,2,2,2,2,2,2,2,2,2,2,2,2,2,2,2,2,2,2,2,2,2,2,2,2,177,235,297,252,5,55,317,341,78,315,199,325,350,357,328,291,288,301,301,321
0,1,1,1,0,0,1,0,1,1,0,1,1,0,0,1,0,0,1,1,1,1,1,1,1,0,1,1,1,1,1,1,1,1,1,1,1,1,1,1,1,1,1,1,1,0,1,1,1,0,1,0,0,1,0,1,0,0,1,0,0,1,1,0,0,1,0,0,1,0,1,1,0,0,0,0,1,1,0,1,0,1,0,0,1,0,0,0,0,1,1,1,1,0,1,1,1,1,1,1,1,1,1,1,1,1,1,1,1,1,0,1,1,1,1,1,1,1,1,1,1,1,1,1,1,1,1,1,1,1,1,1,1,1,1,1,1,1,1,1,1,1,1,1,1,1,1,1,1,0,1,1,1,1,1,0,1,1,0,1,1,1,1,1,1,1,1,0,1,1,1,0,1,1,0,1,0,1,0,1,0,1,0,1,0,1,1,1,1,1,0,1,1,1,1,0,0,1,0,1,1,1,1,0,0,1,1,1,1,0,0,0,1,1,0,1,1
988
323,235,337,296,287,344,283,324,330,22,22,22,22,22,22,22,22,22,22,22,22,22,322,346,352,341,78,177,106,301,348,306,326,314,303,2,2,2,2,2,2,2,2,2,2,2,2,2,2,2,2,2,2,2,2,2,2,2,2,2,2,2,2,2,2,2,2,2,2,2,2,2,2,2,2,2,2,2,2,327,300
0,0,1,0,1,1,0,1,0,1,1,0,0,1,0,1,0,1,1,1,1,0,1,1,1,0,1,1,0,0,0,1,0,1,0,0,1,1,1,0,0,0,1,1,0,1,1,1,0,1,0,1,0,0,1,1,0,0,0,0,1,0,0,0,1,1,0,0,0,1,0,0,0,0,1,1,1,0,1,0,1
989
336
0
990
303,311,22,22,345,237,2,2,2,2,2,2,2,2,2,2,2,2,300
0,0,1,0,1,0,0,1,0,1,1,1,1,0,0,1,0,0,0
5175
329,319,252,2,2,2,2,2,2,22,22
1,0,0,0,0,0,0,1,0,1,1
992
296,367,304,337,336,281,344,253,345,41,235,174,324,330,295,91,346,350,146,332,73,78,319,151,365,199,285,325,263,144,5,5,300,338,86,289,2,2,2,2,2,2,2,2,2,2,2,2,2,2,2,2,2,2,2,2,2,2,2,2,2,2,2,2,2,2,2,2,2,2,2,2,2,2,2,2,2,360,368,318,326,22,22,22,22,22,22,22,22,22,22,22,22,22,22
1,1,1,1,1,0,0,1,0,1,0,1,1,1,1,0,1,1,0,1,1,1,0,1,1,1,1,1,0,1,0,1,0,1,0,0,0,0,0,1,0,0,1,0,0,0,1,0,1,1,0,1,0,0,1,0,1,0,0,1,1,1,1,1,1,1,1,1,1,0,1,1,0,1,1,1,1,1,0,1,1,0,1,1,1,1,1,0,1,0,1,1,1,1,1
993
27,22,2
0,0,0
994
78,296,236,364,175,302,353,292,22,22,22,291,279,146,2,2,2,2,2,2,2,2,2,2,2,2,2,2,2,2,2,2,2,2,2,2,2,2,2,2,2,2,2,2,2,2,2,2,2,2,2,2,2,2,2,2,2,2,2,2,2,2,2,2,2,2,2,2,2,2,2,2,2,91
1,0,1,0,1,1,0,0,0,1,0,1,1,0,1,0,0,1,0,0,0,1,0,0,1,0,1,1,0,0,0,0,1,1,1,1,1,1,0,1,0,1,1,1,1,1,1,1,1,1,1,0,0,1,0,1,0,0,1,1,1,1,0,0,1,1,0,1,1,1,0,1,0,0
995
22,22,2,2,2,2,2,2,2
0,1,1,0,0,0,1,0,0
996
300,236,151,355,254,45,330,22,22,22,22,22,22,22,22,22,22,22,22,22,22,22,22,22,22,22,22,22,22,22,22,22,22,22,293,346,55,317,313,280,144,301,301,288,359,2,2,2,2,2,2,2,2,2,2,2,2,2,2,2,2,2,2,2,2,2,2,2,2,2,2,2,2,2,2,2,2,2,2,2,2,2,2,2,2,2,2,2,2,2,2,2,2,2,2,2,2,2,2,2,2,2,2,2,2,2,2,2,2,2,2,2,2,65,171,331,326
0,1,1,0,0,1,0,0,0,0,1,0,0,1,0,1,0,0,1,0,1,1,0,1,1,1,1,0,0,0,0,1,1,0,0,1,1,0,1,1,1,1,1,0,0,1,0,0,1,1,0,1,0,0,1,0,0,1,0,1,0,0,0,0,1,0,0,0,0,0,1,1,0,0,0,0,0,0,0,1,0,1,0,0,0,0,0,0,1,1,0,0,1,1,0,0,0,0,0,0,1,0,1,0,0,0,0,1,0,0,0,0,1,0,1,0,1
997
302,326,297,333,263,279,144,305,2,2,2,2,2,2,22,22,22,22
0,0,1,1,0,1,0,1,0,1,1,1,0,0,0,0,1,0
998
312,177,155,311,329,235,357,276,367,174,111,22,22,22,22,22,22,22,22,368,326,307,2,2,2,2,2,2,2,2,2,2,2,2,2,2,2,2,2,2,2,2,2,2,321
1,0,0,0,0,1,0,1,1,0,0,0,1,1,1,1,1,0,1,1,0,0,0,0,0,0,0,0,0,0,1,1,1,1,0,0,0,0,1,0,0,0,1,0,0
999
290,48,311,246,315,236,236,281,318,276,73,73,324,22,22,22,22,22,22,22,22,22,22,22,22,22,22,22,22,22,22,22,22,22,22,346,367,282,300,313,347,280,56,336,182,335,144,316,332,332,319,309,76,344,171,45,2,2,2,2,2,2,2,2,2,2,2,2,2,2,2,2,2,2,2,2,2,2,2,2,2,2,2,2,2,2,2,2,2,2,2,2,2,2,2,2,2,2,2,2,2,2,2,2,2,2,2,2,2,2,2,2,2,2,2,2,2,2,2,2,2,2,2,2,2,2,2,2,2,305,41,304,5,174,254,320,339,293,352,317,349,341,283,151,106,110,263,350,333,175,326,124,360,208,65,288,301,301
0,1,0,1,1,1,1,1,1,1,1,1,1,1,1,1,0,1,0,1,0,1,1,0,0,0,1,0,1,0,1,0,1,0,1,1,1,0,0,0,1,1,0,0,1,1,0,1,0,1,1,1,1,1,1,1,0,1,1,1,1,1,1,1,1,1,1,1,1,0,1,1,0,1,0,1,1,1,0,0,1,1,0,0,0,1,1,0,1,1,1,1,1,1,1,1,1,1,1,0,1,1,0,1,1,0,0,1,1,1,1,1,1,1,1,1,0,1,1,0,0,1,1,1,1,1,1,1,1,1,0,0,1,1,1,1,1,1,0,1,1,1,1,1,1,0,0,1,0,1,0,0,1,1,1,1,0,1
1000
2,2
0,1
1001
296,367,356,351,48,287,297,304,41,284,355,358,283,22,22,22,22,22,22,22,22,22,22,22,22,22,22,322,339,237,352,146,332,327,303,312,308,236,329,263,341,302,333,288,111,353,328,2,2,2,2,2,2,2,2,2,2,2,2,2,2,2,2,2,2,2,2,2,2,2,2,2,2,2,2,2,2,2,2,2,2,2,2,2,2,2,2,2,2,2,2,124,345,309,65,334,305,340,289
0,1,1,0,1,1,1,0,1,1,0,1,0,0,1,1,1,1,1,1,1,0,1,1,0,1,0,0,1,0,1,0,0,1,0,1,1,1,0,1,0,0,1,0,0,0,0,1,1,0,0,0,1,0,1,0,0,1,0,1,0,1,1,1,0,0,1,1,0,0,1,1,0,0,0,0,0,1,1,1,0,0,1,0,1,1,0,1,1,0,0,0,1,1,0,1,1,0,1
1002
319,315,56,236,293,316,5,288,355,292,22,22,22,22,22,22,22,22,219,291,171,317,45,2,2,2,2,2,2,2,2,2,2,2,2,2,2,2,2,2,2,2,2,2,2,2,91,91
1,1,1,1,1,0,1,0,0,0,0,0,1,1,0,0,1,0,1,1,0,0,1,0,0,1,0,0,0,0,1,0,1,1,0,0,0,0,0,0,1,1,0,0,0,1,0,0
1003
285,350,22,22,2,2
0,1,0,0,0,0
1004
351,297,22,22,22,22,2,2,2,2
1,1,0,1,1,1,1,1,1,1
1005
22,2
0,0
5698
22,22,22,22,22,22,22,22,22,22,22,22,22,22,22,22,22,22,22,2,2,2,2,2,2,2,2,2,2,2,2,2,2,2,2,2,2,2,2,2,2,2,2,2,2,2,2,2,2
1,1,1,0,1,0,1,0,1,1,1,0,0,0,0,1,1,1,1,1,0,1,1,1,1,1,0,1,0,0,0,0,1,0,0,0,1,0,1,0,0,0,0,0,0,0,0,0,0
1007
290,323,73,360,351,336,281,318,286,276,311,284,111,302,324,330,22,22,22,22,22,22,22,22,22,22,22,22,22,22,22,22,22,22,22,22,22,22,22,22,22,22,22,22,22,22,22,22,322,237,155,343,312,280,365,236,27,329,175,41,144,300,319,353,309,344,252,2,2,2,2,2,2,2,2,2,2,2,2,2,2,2,2,2,2,2,2,2,2,2,2,2,2,2,2,2,2,2,2,2,2,2,2,2,2,2,2,2,2,2,2,2,2,2,2,2,2,2,2,2,2,2,2,2,2,2,2,2,2,2,2,2,2,2,2,2,2,2,2,2,2,2,2,2,2,2,2,2,2,2,2,2,2,2,2,2,2,2,2,177,296,235,356,297,253,335,46,5,5,5,355,174,352,354,363,48,339,314,55,182,349,308,78,279,320,199,91,86,110,263,350,333,357,338,364,307,328,326,124,345,65,334,331,340,368
1,0,1,1,1,1,0,1,0,1,1,1,0,0,1,0,1,0,1,0,0,0,0,1,0,0,0,0,1,0,1,0,1,0,0,1,0,0,1,1,0,1,0,0,1,0,0,0,1,0,1,1,0,1,1,1,1,1,0,1,1,1,0,0,1,1,0,1,1,1,1,0,0,1,0,0,1,0,1,0,0,0,1,1,0,1,1,0,1,0,1,0,0,0,0,1,1,1,0,1,0,1,1,0,0,0,0,1,1,1,0,1,1,1,1,0,1,1,1,0,0,0,1,1,1,1,1,1,1,0,0,1,1,1,1,1,1,1,1,0,1,0,1,1,0,0,0,1,1,1,1,0,1,1,0,1,1,1,1,1,1,0,0,1,1,1,1,1,0,1,1,1,1,1,0,0,1,1,1,1,0,1,1,1,0,1,1,0,1,1,1,1,0,1,0,1,1,0,0,1,1,1,0,0,1
1008
290,299,73,73,246,236,276,235,55,358,354,352,22,22,22,22,22,22,22,22,22,22,22,22,22,22,22,22,22,22,22,22,22,22,22,22,22,22,22,22,22,22,22,22,22,293,56,317,313,78,315,171,320,199,331,182,335,5,5,316,333,288,111,68,174,349,340,2,2,2,2,2,2,2,2,2,2,2,2,2,2,2,2,2,2,2,2,2,2,2,2,2,2,2,2,2,2,2,2,2,2,2,2,2,2,2,2,2,2,2,2,2,2,2,2,2,2,2,2,2,2,2,2,2,2,2,2,2,2,2,2,2,2,2,2,2,2,2,2,2,48,334,45,301
0,1,1,0,1,1,1,0,1,1,1,1,0,1,1,1,1,0,1,1,1,1,0,1,0,1,1,0,1,1,1,1,1,1,1,1,1,1,1,1,1,0,1,1,0,1,1,1,1,1,1,1,0,1,0,1,1,0,1,1,1,1,1,1,1,0,0,1,1,0,1,0,1,1,1,1,0,1,0,1,1,1,0,0,1,0,0,1,1,0,1,0,1,1,1,0,1,1,1,1,1,0,0,1,1,1,1,1,1,0,1,0,0,1,0,0,1,1,0,1,0,1,1,1,1,1,1,1,1,1,1,0,0,1,1,1,1,1,1,1,0,1,1,0
1009
290,302,124,22,2,2,2,2,2,2
0,0,0,0,1,0,0,0,0,0
1010
292,359,22,22,22,22,22,236,291,171,317,45,2,2,2,2,2,2,2,2,2,2,91
0,0,1,1,1,0,1,0,0,0,0,1,0,1,0,0,1,1,0,1,1,0,0
1011
2,2
1,1
1012
2,2,2
0,0,0
1013
323,367,246,246,236,253,348,297,5,283,22,22,22,22,22,22,22,22,22,22,22,22,22,322,293,55,317,279,91,350,45,359,328,291,171,288,2,2,2,2,2,2,2,2,2,2,2,2,2,2,2,2,2,2,2,2,321
0,0,0,1,1,1,0,0,0,0,1,0,1,1,0,1,1,1,1,1,0,0,1,1,1,0,0,0,1,0,1,0,0,1,0,0,0,0,0,0,0,1,0,1,0,0,0,1,0,1,1,1,0,0,0,0,1
1014
78,296,299,284,351,336,236,236,337,329,344,318,367,355,175,22,22,22,22,22,22,22,22,22,22,22,22,22,22,22,22,22,298,303,279,288,2,2,2,2,2,2,2,2,2,2,2,2,2,2,2,2,2,2,2,2,2,2,2,2,2,2,2,2,2,2,2,2,2,2,2,2,2,2,2,2,2,2,2,2,2,2,2,2,2,2,2,2,2,2,2,2,2,2,2,2,2,2,2,2,2,2,2,2,2,2,2,341
1,0,1,0,0,0,1,1,1,0,1,1,1,0,0,0,1,1,0,1,1,0,1,0,1,0,1,0,0,0,0,0,1,0,1,0,0,1,0,0,0,1,1,0,1,0,0,0,1,0,0,0,0,1,0,0,1,1,0,0,1,1,0,0,1,1,1,0,1,1,1,1,1,0,0,1,1,0,1,1,1,1,1,0,0,1,0,1,1,0,0,1,1,1,0,0,1,1,1,1,0,1,1,0,0,0,0,0
1015
323,365,281,344,297,357,22,22,22,22,22,22,22,360,346,331,2,2,2,2,2,2,2,2,2,2,2,2,2,2,2,2,2,2,2,2,2,2,2,2,2,321
0,0,0,1,1,1,0,1,1,1,1,0,1,1,1,1,0,1,0,0,0,1,1,1,1,1,1,0,0,0,1,0,0,1,1,1,0,1,1,1,1,1
1016
290,289,351,347,236,296,287,41,318,286,276,5,302,363,295,22,22,22,22,22,22,22,22,22,323,332,78,254,151,320,343,329,335,350,333,357,338,68,328,301,345,334,305,2,2,2,2,2,2,2,2,2,2,2,2,2,2,2,2,2,2,2,2,2,2,2,2,2,2,2,2,2,2,2,2,2
0,1,0,0,1,0,1,1,1,0,0,0,1,1,0,0,0,1,0,0,1,1,1,1,0,0,0,0,0,0,1,0,0,0,1,0,0,1,0,1,0,0,0,0,1,1,1,0,0,1,1,1,1,1,0,0,0,1,1,0,0,1,0,1,1,1,0,0,0,1,0,0,1,1,1,1
1017
111,91,2,2,2,2,2,2
0,1,0,1,1,1,0,1
1018
323,367,340,22,22,252,144,358,2,2,2,2,2,2,2,2,2,2,2,2,2,2,2,2,2,2,5
0,0,0,0,0,1,0,0,0,0,0,1,1,1,1,0,1,1,1,1,0,0,1,0,0,0,0
1019
296,235,236,236,297,276,5,174,283,363,292,22,22,22,22,22,22,22,22,22,22,22,22,22,22,22,22,22,22,368,293,282,326,317,65,341,289,312,334,336,325,110,321,300,41,288,288,329,359,327,124,291,294,171,307,45,2,2,2,2,2,2,2,2,2,2,2,2,2,2,2,2,2,2,2,2,2,2,2,2,2,2,2,2,2,2,2,2,2,2,2,2,2,2,2,2,91
1,0,1,1,1,1,0,0,1,0,1,0,1,1,1,1,0,1,1,0,1,1,1,1,1,0,1,0,0,1,1,1,0,1,1,1,0,0,1,0,1,0,1,1,1,0,0,1,1,1,1,0,0,1,0,1,0,0,1,0,1,1,1,0,0,1,1,1,1,0,0,0,1,1,1,0,1,1,1,0,0,1,0,1,1,1,1,1,1,1,0,1,1,1,0,1,0
1020
2,2
1,0
1021
289,111,312,304,41,283,363,326,22,22,22,22,22,22,22,22,22,22,22,22,22,22,334,332,2,2,2,2,2,2,2,2,2,2,2,2,2,2,2,2,2,2,2,2,2,2,2,2,2,2,2,368
1,0,0,1,0,0,1,0,1,1,1,0,1,0,0,0,1,0,1,1,1,0,0,0,1,0,0,0,1,1,0,1,0,1,1,0,0,1,0,0,1,0,1,1,0,0,1,1,0,0,0,0
1022
311,360,347,236,236,287,318,41,73,73,302,324,322,237,332,155,56,329,317,335,144,319,285,353,309,76,314,307,305,305,2,2,2,2,2,2,2,2,2,2,2,2,2,2,2,2,2,2,2,2,2,2,2,2,2,2,2,2,2,2,2,2,2,2,2,2,2,2,2,2,2,2,2,2,2,2,2,2,2,2,2,2,2,2,2,2,2,2,2,2,2,2,2,2,2,2,2,2,2,2,2,2,2,2,2,2,2,2,2,2,2,2,2,2,2,2,2,2,2,2,2,2,2,2,2,2,2,2,2,2,2,2,2,2,2,2,2,2,2,2,2,2,2,2,2,2,2,2,2,2,2,2,2,2,2,2,2,296,297,253,5,5,5,174,254,292,91,91,339,320,352,349,341,289,346,354,343,86,110,263,350,357,338,68,328,326,124,280,208,48,48,368,331,301,321,290,323,367,246,337,336,336,286,276,247,284,330,22,22,22,22,22,22,22,22,22,22,22,22,22,22,22,22,22,22,22,22,22,22,22,22,22,22,22,22,22,22,22,22,22,22,22,22,22,22,22,22,22,22,22,282,348,312,177,364,175,316,300,294,171,45,327,235,356,344,304,304,252,281,358,283,363,365,295,291,293,55,182,65,78,151,334,106,325,333,27,340,340,345,303,279,288,288
0,1,0,1,1,1,1,1,1,1,1,1,1,0,1,1,1,1,1,0,1,1,1,0,1,1,1,1,1,1,1,0,1,1,1,1,1,0,0,0,1,1,1,1,1,1,1,1,1,1,1,1,1,1,0,1,1,1,1,1,1,1,0,0,1,1,0,1,1,1,0,1,1,1,1,1,1,1,0,0,1,1,1,1,1,1,1,1,1,1,1,1,1,1,1,1,1,1,1,0,1,1,1,1,0,1,1,1,0,1,1,1,1,0,1,0,0,0,1,1,1,1,1,1,1,1,1,1,1,1,1,1,1,1,0,1,1,1,1,1,1,1,1,1,1,1,1,1,0,1,1,1,1,1,1,1,1,1,1,1,1,0,1,1,1,1,1,1,1,1,1,1,1,1,1,1,0,1,1,1,1,1,1,1,1,1,0,1,1,1,1,1,1,0,1,0,1,1,1,1,1,1,1,1,1,1,1,1,1,1,1,1,0,1,1,1,1,1,1,1,1,1,1,1,0,1,1,1,1,0,0,1,1,1,1,1,0,0,0,1,1,1,1,1,1,1,0,1,1,1,0,1,1,1,1,1,1,1,0,1,1,1,1,1,1,0,1,1,1,1,1,1,1,1,1,1,1,1,1,1,1,1,1,1,1,1,0,1,1,1,1,1,1
1023
86,285,22,22,22,2,2,2,2,199
0,0,1,1,0,1,0,1,0,1
1024
311,342,343,344,263,247,355,357,68,295,22,22,22,22,22,22,22,22,22,282,174,2,2,2,2,2,2,2,2,2,2,2,2,2,2,2,2,2,2,2,2,2,2,2,2,2,2,2,91
1,0,0,1,0,0,0,0,0,0,0,1,1,1,0,0,0,1,1,0,0,0,1,0,1,1,1,0,0,1,1,0,1,0,1,0,1,1,1,0,0,0,0,1,0,0,0,1,1
1025
323,311,351,236,236,344,297,247,174,330,22,22,22,22,22,22,22,22,22,22,22,22,22,22,22,22,293,341,55,317,308,303,336,350,45,68,359,2,2,2,2,2,2,2,2,2,2,2,2,2,2,2,2,2,2,2,2,2,2,2,2,2,124,291,171,307,288,301,301
0,1,0,0,0,1,0,1,0,1,1,0,0,1,0,0,0,0,0,1,1,0,0,0,1,0,0,1,1,0,0,0,0,0,0,0,1,0,0,0,0,1,1,0,0,0,0,1,0,1,0,0,0,0,0,0,0,0,0,0,1,0,0,0,1,0,1,0,1
5252
235,360,236,236,287,286,41,177,45,342,22,22,22,22,22,22,22,22,22,22,22,22,22,22,22,22,22,22,22,22,22,22,22,22,22,246,293,55,317,315,56,146,175,316,348,2,2,2,2,2,2,2,2,2,2,2,2,2,2,2,2,2,2,2,2,2,2,2,2,2,2,2,2,2,2,2,2,2,2,2,2,2,2,2,2,2,2,2,2,2,2,2,2,2,2,2,2,2,2,2,2,2,2,2,2,2,2,2,2,2,2,2,2,2,2,2,2,2,2,2,2,2,2,2,2,2,2,2,2,2,345,291,294,171,288,301
0,1,1,1,1,1,0,0,1,1,1,1,0,1,1,0,1,1,1,1,1,0,1,1,1,0,1,0,1,1,1,0,1,0,0,0,0,1,0,1,1,0,1,1,0,0,0,1,1,0,1,1,0,0,1,0,1,1,0,1,0,1,1,1,1,0,1,0,0,1,1,0,0,1,0,0,1,0,0,0,0,1,1,1,1,1,1,0,0,1,0,0,1,1,1,0,0,0,1,1,0,1,0,1,0,0,1,1,1,0,0,1,1,1,1,0,0,1,1,0,1,0,1,0,0,0,1,0,0,0,1,0,0,0,0,0
1027
323,247,155,294,41,345,276,284,367,357,22,22,22,22,22,344,350,48,182,331,2,2,2,2,2,2,2,2,2,2,2,2,2,2,2,2,2
0,0,0,0,0,0,1,0,0,0,0,0,0,1,0,1,1,0,1,0,0,0,0,0,0,0,1,1,1,0,0,1,1,1,0,0,0
1028
289,299,315,56,236,286,316,367,73,310,340,291,171,317,332,2,2,2,2,2,2,2,2,2,2,2,2,2,2,22,22,22
0,1,0,0,1,0,0,0,1,1,0,0,0,0,0,0,1,0,0,1,1,0,1,1,0,1,1,0,1,0,0,1
1029
323,2,2
1,0,0
1030
319,177,246,22,22,22,22,22,22,22,360,263,307,280,2,2,2,2,2,2,2,2,2,2,2,2,2,2,2,2,343
1,1,1,1,1,0,1,1,1,1,1,0,0,1,1,0,0,0,1,1,0,1,1,0,1,0,0,1,1,1,0
1031
2,2,2
1,1,1
1032
290,303,235,351,236,358,322,252,174,330,365,295,22,22,22,22,22,22,22,22,22,22,22,22,22,22,22,22,22,22,336,298,339,293,326,317,343,289,334,27,199,68,320,323,144,45,285,359,340,2,2,2,2,2,2,2,2,2,2,2,2,2,2,2,2,2,2,2,2,2,2,2,2,2,2,2,2,2,2,2,124,291,294,171,288,301
0,0,0,1,1,1,0,1,0,0,1,0,0,1,1,1,0,1,1,0,1,1,1,1,0,1,0,1,1,1,0,1,1,1,0,0,0,0,0,0,1,1,0,1,0,1,0,1,0,0,1,1,0,0,0,1,1,0,1,1,0,0,1,0,1,1,0,0,0,1,1,1,0,1,0,0,0,0,1,0,0,1,1,1,0,1
1033
299,111,367,22,22,280,73,2,2,2,2,2,2,2,2,2,2
1,0,1,0,0,0,0,0,0,0,0,1,0,0,0,0,0
1034
323,151,356,336,325,311,353,330,348,363,22,22,22,22,22,22,124,357,48,279,349,2,2,2,2,2,2,2,2,2,2,2,2,2,2,2,2,2,2,2,2,2,2,2,2
0,0,1,0,0,0,1,0,1,0,1,0,0,1,0,1,0,1,0,0,0,1,0,0,1,0,1,1,0,0,0,0,0,0,0,1,0,1,0,0,0,0,1,1,0
1035
86,303,73,2,2,2,2
0,0,0,1,0,1,0
1036
48,351,2,2
0,1,0,0
1037
22,22,2,2,2,2,2,2,2,2,2,321
1,0,0,0,0,1,0,0,0,1,0,1
1038
73,73,236,281,368,174,295,91,322,339,293,56,317,155,315,343,316,331,331,310,291,294,171,45,2,2,2,2,2,2,2,2,2,2,2,2,2,2,2,2,2,2,2,2,2,2,2,2,2,2,2,2,2,2,2,2,2,2,2,2,2,22,22,22,22,22,22,22,22,22
1,1,1,0,1,1,1,0,1,0,0,1,0,1,1,1,1,0,0,1,1,0,0,1,0,0,1,0,1,1,1,0,1,0,0,1,0,0,0,0,0,0,1,0,1,0,0,0,1,1,1,0,0,0,1,1,0,0,0,0,1,1,0,0,0,1,1,0,0,1
1039
2
1
1040
323,367,351,276,5,5,358,302,324,22,22,22,22,22,22,22,22,22,22,22,346,55,332,155,341,312,320,364,144,300,235,27,76,124,331,2,2,2,2,2,2,2,2,2,2,2,2,2,2,2,2,2,2,2,2
0,1,0,1,1,0,0,0,0,1,1,1,0,1,1,1,1,1,1,1,1,0,1,1,1,0,0,0,1,0,1,0,1,0,0,1,0,0,1,1,1,0,0,0,1,0,1,0,1,1,1,1,1,1,0
1041
235,344,124,22,22,22,22,2,2,2,2,2,2,2,2,2,2,2
0,1,0,1,1,1,0,1,1,0,0,1,0,0,0,0,1,1
1042
22,22,2,2,2,2,2,2,2,2,2,2,2,2,2,2,2,2,2,2,2,2,2,2,2
1,0,1,0,0,1,0,0,1,0,0,0,1,0,1,1,1,1,1,1,1,1,1,1,0
1043
289,356,236,370,369,301,300,302,45,22,22,22,22,219,282,2,2,2,2,2,2,2,2,2,2,2,2,2,2,2,313,326
0,1,1,1,1,0,0,0,1,1,1,1,1,1,1,0,1,1,1,1,1,0,0,1,1,1,1,1,0,0,1,1
1044
22,2,2,2,2,2,2,2,2,2,2,2,2,2
0,0,1,1,1,0,1,0,0,1,0,1,0,0
1045
290,311,246,236,287,41,73,276,302,22,22,22,22,22,22,22,22,22,22,22,22,22,22,22,22,22,22,322,237,332,332,312,352,336,68,364,300,111,285,353,309,76,305,305,2,2,2,2,2,2,2,2,2,2,2,2,2,2,2,2,2,2,2,2,2,2,2,2,2,2,2,2,2,2,2,2,2,2,2,2,2,2,2,2,2,2,2,2,2,2,2,2,2,2,2,2,2,356,281,297,253,304,5,355,252,254,363,91,293,174,341,283,346,320,343,86,354,350,333,348,338,27,327,110,48,48,334,288,321
0,1,1,1,1,0,1,0,1,1,1,1,0,1,1,1,0,1,0,1,1,1,1,1,1,1,1,1,1,1,1,1,1,1,1,1,1,1,0,1,1,1,1,1,1,0,1,0,0,1,1,0,1,1,1,1,1,1,0,1,1,1,1,1,0,0,1,1,0,1,1,0,1,1,1,1,1,0,1,1,1,0,1,1,1,1,0,1,1,1,1,1,1,1,0,1,1,1,1,1,1,1,1,1,0,1,0,1,1,1,1,1,1,1,1,0,1,1,0,1,1,1,1,1,1,1,1,1,1
7682
289,303,22,22,22,22,22,22,22,339,344,2,2,2,2,2,2,2,2
0,1,1,1,1,0,0,1,1,1,1,1,0,1,1,0,0,1,0
1047
285,151,175,360,318,41,252,2,2,358
1,1,1,1,1,0,0,1,1,1
1048
315,56,337,236,334,301,316,5,45,310,22,22,22,22,22,22,22,313,293,171,171,317,288,288,2,2,2,2,2,2,2,2,2,2,2,2
0,1,0,0,1,0,1,0,0,1,1,0,0,1,1,1,0,1,1,0,0,1,0,0,0,0,0,0,0,0,0,0,0,1,0,0
1049
290,351,86,253,284,283,22,22,22,22,22,22,320,237,357,294,155,2,2,2,2,2,2,2,2,2,2,2,2,2,2,2,2,2,2,2,354,343,364,348,111,27,76,65,307,340,91
0,1,0,1,0,1,0,1,0,1,0,1,0,0,1,1,1,1,0,0,1,0,1,0,0,0,1,0,0,1,0,0,0,0,1,1,1,0,1,1,1,1,0,0,0,1,0
1050
279,2,2
0,1,0
1051
22,22,2,2
0,0,0,0
1052
78,299,73,73,22,22,46,2,2,2,2,2,2,2,2,2,2,2,2,2,341
0,1,1,0,0,1,0,0,0,0,1,0,0,1,0,1,0,0,0,0,0
1053
359,236,288,45,338,292,22,22,22,22,22,314,293,171,317,313,2,2,2,2,2,2,2,2,2,91
0,0,0,1,0,1,0,1,0,1,1,0,1,0,0,1,0,0,1,0,0,1,0,0,0,0
1054
318,324,363,342,22,22,22,22,22,22,22,22,22,326,182,349,365,106,68,329,214,348,338,285,301,124,65,279,2,2,2,2,2,2,2,2,2,2,2,2,2,2,2,2,2,2,2,2,2,2,2,2,2,2,2,2,2,368
1,1,1,1,1,0,1,0,0,0,1,1,1,0,1,1,0,1,1,0,1,0,0,0,0,1,1,0,1,0,0,0,1,1,0,1,0,1,0,0,1,0,0,0,0,1,1,0,0,0,0,0,1,1,1,0,1,0
1055
78,289,311,326,236,345,329,2,2,2,2,2,2,2,2,2,2,2,2,2,2,2,2,2,2,2,2,2,2,2,2,2,2,2,2,2,2,2,2,2,2,2,2,2,2,2,2,2,2,2,2,2,2,2,2,2,2,2,357
0,0,0,1,1,0,1,0,0,0,1,0,1,1,0,0,1,0,0,0,1,0,0,1,1,0,1,1,1,0,1,1,0,0,0,1,1,1,0,1,1,0,1,1,1,1,0,1,0,0,0,1,0,1,0,1,0,0,0
1056
2,2
1,0
1057
177,354,347,364,253,360,348,175,327,345,346,237,294,2,2,2,2,2,2,2,2,2,2,2,22,22
1,0,0,0,1,1,0,0,0,0,1,0,1,0,0,1,0,0,1,0,0,0,1,0,1,1
1058
253,5,2,2,2
1,1,0,0,0
1059
290,296,367,246,351,76,236,368,235,174,365,22,22,22,22,22,22,22,22,22,22,22,22,22,22,22,22,293,317,285,341,289,177,279,354,199,334,364,182,350,288,111,68,292,359,340,2,2,2,2,2,2,2,2,2,2,2,2,2,2,2,2,2,2,2,2,2,2,2,2,2,2,2,2,2,2,2,2,2,2,2,2,2,2,2,2,2,2,2,2,2,2,2,291,171,45,301,91
0,1,1,1,1,1,1,1,0,0,1,1,0,1,1,1,1,0,1,1,0,1,1,1,1,1,1,1,1,1,1,0,1,0,1,1,0,1,1,0,1,0,1,1,0,0,1,0,0,1,1,1,0,1,0,1,1,0,1,1,1,0,1,0,1,1,1,1,1,1,1,0,1,0,0,1,1,1,0,1,0,0,0,1,1,1,1,0,1,1,1,1,1,0,1,1,0,1
1060
236,2,2,2,2,2,313
1,0,0,0,0,0,0
1061
290,296,246,337,336,276,318,297,358,5,22,22,22,22,22,22,329,339,325,155,308,280,343,364,110,335,350,348,285,2,2,2,2,2,2,2,2,2,2,2,2,2,2,2,2,2,2,2,2,2,124,208,294,288,340
0,1,1,1,1,1,1,0,1,1,0,0,1,1,1,1,1,1,0,1,1,1,0,1,0,0,1,0,0,1,0,1,1,1,0,1,0,1,0,1,1,1,0,1,1,0,1,0,1,1,0,0,1,0,0
1062
78,290,73,365,22,22,22,22,22,22,304,182,332,2,2,2,2,2,2,2,2
1,0,0,1,1,1,0,1,0,0,0,0,0,0,0,1,1,1,0,1,0
1063
56,22,22,171,317,316,2,2,2,2
0,1,1,0,0,1,0,0,0,0
1064
22,22,22,22,22,22,2,2,2,2,2,2,2,2,2,2,2,2
1,1,0,1,1,1,0,1,1,1,0,0,1,1,1,1,1,1
1065
235,22,322,358,2,2,67
0,0,1,1,1,1,1
1066
289,111,290,22,22,22,358,322,286,368,331,2,2,2,2,2,2,2,2,2,2,2,2,2,2,305
1,0,0,1,0,1,0,0,0,1,0,0,0,1,1,1,0,0,0,0,0,0,0,1,1,1
1067
323,367,246,351,347,287,41,235,324,330,22,22,22,22,22,22,22,22,22,22,22,22,22,22,22,22,22,22,22,22,22,22,22,22,22,22,22,22,22,22,22,22,22,22,22,322,282,237,146,343,312,73,55,175,144,300,285,309,308,307,305,326,303,247,48,276,5,5,5,327,254,365,295,320,339,346,352,182,86,341,78,106,199,325,354,263,333,27,355,2,2,2,2,2,2,2,2,2,2,2,2,2,2,2,2,2,2,2,2,2,2,2,2,2,2,2,2,2,2,2,2,2,2,2,2,2,2,2,2,2,2,2,2,2,2,2,2,2,2,2,2,2,2,2,2,2,2,2,2,2,2,2,2,2,2,2,2,2,2,2,2,2,2,2,2,2,2,2,2,2,2,2,2,2,2,2,2,2,2,2,2,2,2,2,2,2,2,2,2,2,2,2,2,2,124,360,65,279,368
0,1,1,0,0,1,1,1,0,1,0,0,1,1,0,1,1,1,0,1,1,1,1,1,1,1,1,0,1,1,1,1,0,1,1,0,1,0,1,1,0,0,0,0,0,0,0,0,0,0,1,1,1,1,0,1,0,1,0,0,0,1,0,1,0,1,1,0,0,0,0,1,1,0,1,1,1,1,0,1,0,1,1,1,1,1,1,0,1,1,1,1,1,0,0,1,1,1,0,1,0,1,1,0,1,1,0,0,0,1,1,0,0,0,1,0,0,0,0,0,0,0,1,1,0,1,1,1,1,1,1,0,0,1,1,1,1,1,1,0,1,0,1,1,1,1,1,0,1,0,1,1,1,1,1,1,0,1,0,1,0,0,1,1,0,0,1,0,1,0,1,0,0,1,1,1,1,1,1,1,1,1,1,0,0,0,0,0,1,0,0,1,1,1,0,0,0,1,1
1068
315,291,236,91,329,307,304,355,300,45,22,22,22,22,22,22,346,333,56,317,288,288,2,2,2,2,2,2,2,2,2,2,2,2,2,2,341
1,0,0,0,1,0,0,0,0,1,0,1,0,1,0,1,0,0,1,0,0,0,1,1,0,0,0,0,0,1,1,0,0,0,0,0,0
1069
78,22,22,22,22,22,22,22,22,22,22,22,329,48,352,182,67,2,2,2,2,2,2,2,2,2,2,2,2,2,2,2,2,305
0,0,0,1,1,0,1,1,1,1,0,0,0,0,0,1,1,0,0,0,0,1,0,0,0,0,0,1,0,0,1,0,0,1
1070
22,22,22,22,22,2,2,2,2,2,2,2,2,2,2,2,2,2,2,2,2,2,2,2,2
1,1,0,1,0,0,1,1,0,0,0,0,0,1,0,1,1,1,0,0,1,0,0,0,1
1071
78,290,155,320,329,358,319,353,340,345,306,55,2,2,2,2,2,2,2,2,2,2,2,2,2,2,2,2,2,2,2,2,2,2,22,22,22,22,22,22,22,22,22,22,22,22
1,0,1,0,0,1,0,1,0,1,1,1,0,1,0,1,1,0,1,0,0,1,1,1,1,1,1,1,1,1,0,1,0,0,0,0,1,0,1,0,1,1,0,0,1,0
1072
315,315,56,56,343,253,304,316,316,342,22,22,22,22,22,22,22,22,22,48,171,171,317,317,2,2,2,2,2,2,2,2,2
0,1,1,0,0,0,0,1,1,1,0,1,1,1,1,1,1,1,1,0,0,0,1,1,1,0,1,1,0,0,0,1,0
1073
236,344,304,297,284,302,292,295,22,22,22,22,22,22,22,22,22,346,293,56,317,315,352,106,325,316,333,45,306,353,310,327,345,291,294,171,288,2,2,2,2,2,2,2,2,2,2,2,2,2,2,2,2,2,2,2,2,2,2,2,2,2,2,2,2,2,2,91
1,1,0,0,0,0,1,1,0,1,1,1,0,1,1,1,1,1,1,1,0,1,1,1,0,1,0,1,1,0,1,1,1,0,0,0,0,1,1,0,1,1,1,0,0,0,0,0,0,1,0,0,0,1,1,1,1,0,1,0,1,1,1,1,0,1,1,1
1074
306,299,310,22,22,22,22,22,22,22,22,22,296,298,2,2,2,2,2,2,2,2,2,2,2,2,2,2,2,2,2,2,2,2,2,2,2,2,2,2,2,2,2,2,2,2,2,2,2,2,2,2,2,2,2,2,2
1,1,0,1,1,1,1,1,1,1,1,1,1,1,1,0,0,1,1,1,1,0,0,0,0,0,1,1,1,1,0,1,1,1,0,0,0,0,1,0,0,0,1,1,1,0,0,0,1,1,0,1,0,1,1,0,1
1075
110,22,2,2,2,2,2
0,1,0,0,0,1,1
1076
299,73,73,65,329,41,335,304,304,297,235,355,174,283,353,22,22,22,22,22,22,22,22,22,22,22,22,124,298,48,182,288,2,2,2,2,2,2,2,2,2,2,2,2,2,2,2,2,2,2,2,2,2,2,2,2,2,2,2,2,2,2,2,2,2,2,2,2,2,2,2,2,2,2,2,2,2,2,2,2,2,2
1,1,1,1,1,1,1,0,0,1,0,1,1,0,0,1,1,0,0,1,1,1,1,0,1,1,0,0,1,0,1,1,1,1,1,0,1,1,0,1,1,0,1,1,1,0,1,0,1,0,0,1,0,1,0,1,1,0,1,1,1,1,0,1,0,1,1,1,1,1,1,1,1,1,0,1,1,1,1,0,1,1
1077
2
0
1078
78,312,151,337,304,5,357,68,288,22,22,22,22,22,22,22,22,322,208,332,2,2,2,2,2,2,2,2,2,2,2,2,2,2,2,2,2,2,2,2,2,2,2,2
0,0,1,0,0,0,0,0,1,0,0,0,0,0,0,0,0,0,0,0,0,0,0,0,1,0,0,1,1,0,1,1,0,0,1,0,1,1,0,0,0,1,0,0
1079
280,199,281,41,144,252,5,111,358,22,22,22,22,22,65,321,2,2,2,2,2,2,2,2,2,2,2,2,2,2,2,2,337
1,1,0,1,0,1,1,0,1,0,0,1,1,1,1,1,1,1,1,0,0,1,0,1,0,0,0,1,0,1,1,0,1
1080
78,296,290,289,236,287,344,311,304,297,301,22,22,22,22,22,22,22,22,22,22,22,22,65,65,279,182,313,2,2,2,2,2,2,2,2,2,2,2,2,2,2,2,2,2,2,2,2,2,2,2,2,2,2,2,2,2,2,2,2,2,2,2,2,2,2,2,2,2,2,2,2,2,2,2,2,2,2,2,2,2,2,2,2,2,2,2,2,2,2,2,2,2,2,2,2,2,2,2,2,2,2,2,2,2,2,2,2,2,2,2,2,2,2,2,2,2,2,2,2,2,2,2,2,2,2,2,2,2,2,2,2,2,2,2,2,2,2
1,0,0,0,1,0,1,1,0,0,0,0,1,1,1,1,1,1,1,0,1,0,0,0,0,1,0,1,1,1,1,0,0,1,0,0,0,1,1,0,1,0,1,0,0,0,0,1,1,1,0,1,0,1,1,1,1,1,0,1,1,1,1,1,1,0,0,1,0,1,0,1,0,1,1,1,1,1,0,1,1,1,1,0,1,1,1,1,0,1,1,1,1,1,1,1,1,1,1,1,0,0,1,1,1,1,1,1,1,1,1,1,1,1,1,1,1,0,1,1,1,1,1,1,1,1,1,1,0,1,1,1,1,1,1,1,1,0
1081
359,22,22,22,22,22,236,171,317,313,2,2,2,2,45
0,0,0,0,1,0,1,1,0,1,1,0,1,0,1
1082
78,296,22,22,22,22,22,22,236,301,279,288,2,2,2,2,2,2,2,2,2,2,2,2,2,2,2,2,2,2,2,2,2,2,2,2,2,2,2,2,2,2,2,2,2,2,2,2,5
1,0,0,0,1,1,1,0,1,0,0,0,0,1,0,0,0,0,0,0,0,0,0,0,0,0,0,0,0,0,0,0,0,1,0,0,1,0,1,1,1,1,0,0,0,0,1,0,0
4812
315,56,316,45,366,22,22,22,22,22,22,22,22,313,293,171,317,288,2,2,2,2,2,2,2,2,2,2,2,2
1,1,0,1,1,0,1,0,0,1,1,1,1,1,1,1,0,1,0,0,0,0,0,0,0,0,0,1,0,0
1084
326
0
1085
303,73,294,22,22,22,22,22,22,22,22,22,298,151,175,286,332,2,2,2,2,2,2,2,2,2,2,2,2,2,2,2,2,2,2,2,2,2,2,2,2,2,2,2,2,2,2,2,2,2,2,2,2,2,2,2,2,2,2,2,2,2,2,2,2,2,2,2,2,2,2,2,2,2,2,2,2,2,2,2,2,2,2,2,2,2,2,2,2,2,2,2,2,2,2,2,2,2,2,2,2,76
1,1,0,1,1,0,1,0,0,0,1,1,1,1,0,0,0,0,0,0,0,0,0,1,1,0,1,1,1,1,1,1,0,1,1,1,1,1,0,1,1,1,1,1,1,1,0,1,1,1,1,1,1,0,0,1,0,0,1,0,1,0,0,0,0,0,1,1,1,1,1,1,0,1,1,0,0,1,0,0,1,1,1,1,0,0,1,1,0,1,1,1,1,1,1,1,1,1,1,1,0,0
1086
290,296,360,236,323,318,304,276,252,22,22,22,22,22,22,22,22,237,56,317,349,78,151,352,320,313,327,124,314,171,45,2,2,2,2,2,2,2,2,2,2,2,2,2,2,2,2,2,2,2,2
0,1,1,1,0,1,0,1,1,1,1,1,1,1,1,1,1,0,1,1,0,1,1,1,0,0,0,1,1,1,1,1,1,0,0,0,1,1,0,1,1,0,1,1,1,0,1,1,1,1,0
1087
78,296,296,367,236,253,276,355,332,76,298,303,279,279,299,2,2,2,2,2,2,2,2,2,2,2,2,2,2,2,2,2,2,2,2,2,2,2,2,2,2,2,2,2,2,2,2,2,2,2,2,2,2,2,2,2,2,2,2,2,2,2,2,2,2,2,2,2,2,2,2,2,2,2,2,2,2,2,2,2,2,2,2,22,22,22,22,22,22,22,22,22
0,0,1,0,0,0,1,1,0,0,1,0,0,0,1,1,1,0,0,1,0,0,0,1,0,1,1,1,1,1,1,1,1,1,0,0,1,0,0,1,1,1,0,0,1,1,1,1,1,1,1,0,1,1,1,0,1,1,1,1,1,0,1,1,1,0,0,0,1,1,0,1,1,1,1,1,1,1,1,0,1,1,0,0,1,1,0,1,1,1,0,0
1088
78,177,155,354,343,311,325,253,5,174,319,330,288,22,22,22,22,22,22,22,22,22,22,22,22,22,22,124,282,146,263,2,2,2,2,2,2,2,2,2,2,2,2,2,2,2,2,2,2,2,2,2,2,2,2,2,2,2,2,2,2,2,2,76
1,1,1,1,0,1,1,1,0,0,1,1,0,0,1,0,0,1,1,1,1,1,1,0,0,1,1,1,1,1,0,0,0,1,1,1,0,0,1,1,0,0,1,0,1,0,1,0,0,1,0,1,1,1,0,0,1,1,1,1,1,1,1,1
1089
282
0
1090
299,289,367,246,236,296,344,46,311,252,302,22,22,22,22,22,22,22,22,22,22,22,22,22,22,22,22,22,22,22,298,282,237,41,182,332,78,78,73,329,350,348,68,290,2,2,2,2,2,2,2,2,2,2,2,2,2,2,2,2,2,2,2,2,2,2,2,2,2,2,2,2,2,2,2,2,2,2,2,2,2,2,2,2,2,2,2,2,2,2,2,2,2,2,2,2,2,2,2,2,2,2,2,2,2,2,2,2,2,2,2,2,2,2,2,2,2,2,2,2,2,2,2,2,2,2,2,2,2,2,2,2,2,2,2,2,2,2,2,2,2,2,2,2,2,2,2,2,2,2,2,2,2,2,2,2,2,2,2,2,2,2,2,2,2,2,2,2,2,2,2,2,2,2,124,314,65,279,307,288,340
1,1,1,1,1,0,1,1,0,1,0,1,0,1,1,0,1,1,1,0,0,1,1,0,0,1,1,1,1,1,1,0,0,0,1,0,1,1,0,1,1,0,0,0,0,1,0,0,1,0,0,0,0,0,0,0,0,0,0,0,0,1,1,1,0,1,1,0,1,0,1,1,1,1,1,1,1,1,1,1,1,1,1,1,1,1,1,1,1,1,0,1,1,1,1,0,1,1,1,0,0,1,1,1,1,1,1,1,1,1,0,0,1,1,0,1,1,1,1,0,1,1,1,1,0,1,1,0,1,0,1,0,0,1,0,1,0,1,1,0,1,0,1,0,1,1,1,1,0,1,1,1,1,1,1,0,1,1,1,0,1,1,1,0,1,0,0,0,0,0,0,1,1,0,0,1,1,0,0,0,0
1091
22
0
1092
110,151,151,22
1,1,0,1
1093
290,296,367,284,236,345,311,335,41,252,355,5,5,283,352,91,293,56,182,313,308,323,312,315,55,263,350,316,333,305,327,360,208,294,171,288,2,2,2,2,2,2,2,2,2,2,2,2,2,2,2,2,2,2,2,2,2,2,2,2,2,2,2,2,2,2,2,22,22,22,22,22,22,22,22,22,22,22,22,22,22,22,22,22
0,0,1,1,1,1,0,1,1,1,1,1,0,1,1,0,0,1,1,1,0,0,1,1,1,0,0,1,1,1,1,1,0,0,1,0,0,1,0,0,1,1,1,0,0,1,1,1,1,1,0,0,1,1,0,0,0,1,1,0,1,0,1,1,1,1,1,1,0,1,1,1,0,1,1,1,1,1,1,1,1,1,0,0
1094
296,351,337,304,297,151,5,330,22,22,22,22,22,22,22,22,22,322,339,2,2,2,2,2,2,2,2,2,2,2,2,2,2,2,2,2,2,2,2,2,2,2,2,2,2,2,2,2,2,2,2,2,2,2,303,280,320,364,174,326,124,65,279,301,368
1,0,0,0,0,1,1,0,0,0,1,0,0,0,1,0,1,0,0,0,1,1,1,1,1,0,0,0,0,1,1,0,1,1,0,0,0,0,0,0,1,1,1,0,1,0,1,1,1,0,0,1,0,0,0,0,0,1,1,1,0,0,0,0,0
6295
290,73,351,347,236,318,286,5,5,252,302,324,292,22,22,22,22,22,22,22,22,22,22,22,22,22,22,22,22,22,22,22,22,22,22,22,22,22,22,22,22,22,22,293,56,317,313,55,263,279,335,316,45,111,353,309,76,124,124,171,307,288,2,2,2,2,2,2,2,2,2,2,2,2,2,2,2,2,2,2,2,2,2,2,2,2,2,2,2,2,2,2,2,2,2,2,2,2,2,2,2,2,2,2,2,2,2,2,2,2,2,2,2,2,2,2,2,2,2,2,2,2,2,2,2,2,2,2,2,2,2,2,2,2,2,2,2,2,2,2,2,321
0,1,1,1,1,1,0,1,1,1,1,0,1,1,1,0,0,1,0,0,0,1,1,1,0,1,1,1,0,1,1,0,1,1,0,0,1,1,0,1,0,1,0,1,0,0,1,1,1,0,0,1,0,0,1,1,0,0,0,1,0,0,1,0,1,1,0,0,1,0,1,1,0,0,1,0,0,0,0,0,0,1,1,0,0,1,0,0,0,1,0,1,0,1,0,0,1,0,0,1,1,1,1,0,0,1,1,1,1,0,1,1,0,1,1,0,0,1,0,0,1,1,1,1,0,1,1,1,1,1,0,0,1,0,1,0,0,0,0,0,0,1
1096
279,22,22,22,2,2,2,288
0,0,0,0,1,1,0,0
1097
22,2,2,2,2,2,2,2,2,2,2,2,2,2,2,2,2,2,2,2
0,1,0,0,1,1,1,0,0,1,0,1,0,1,0,1,0,0,0,0
1098
296,235,356,247,286,276,5,5,5,287,174,302,295,22,22,22,22,22,22,22,22,22,22,22,22,22,22,22,22,22,282,146,73,327,303,312,177,320,86,335,350,333,348,319,325,355,340,2,2,2,2,2,2,2,2,2,2,2,2,2,2,2,2,2,2,2,2,2,2,2,2,2,2,2,2,2,2,2,2,2,2,2,2,2,2,2,2,2,2,2,2,2,2,2,2,2,2,2,78,338,65,341,307,331,301
0,0,1,1,0,1,0,0,1,1,1,1,1,1,1,1,1,0,1,1,1,1,0,1,0,1,1,0,0,1,1,0,1,1,1,1,1,1,0,0,1,0,0,1,1,1,0,1,1,1,0,1,0,0,1,0,1,1,1,0,0,0,1,1,0,0,1,0,1,1,1,0,0,1,1,0,1,0,1,1,0,1,1,0,1,0,1,0,1,0,1,0,0,0,1,0,0,1,1,1,0,1,0,0,1
1099
293,236,27,287,288,324,301,301,281,5,302,45,359,328,22,22,22,22,22,22,22,22,22,346,295,171,317,313,2,2,2,2,2,2,2,2,2,2,2,2,2,2,2,2,2,91
1,1,0,1,1,1,0,1,0,0,1,1,1,0,1,1,1,1,1,1,1,1,1,0,1,1,1,1,0,0,1,0,1,1,1,1,1,1,1,1,1,1,1,1,1,0
1100
22,22,22,22,22,22,22,22,2,2,2,2,2,2,2,2,2,2,2,2,2,2,2,2,2,2,2,2,2,2,2
0,1,1,0,0,1,1,0,0,1,0,0,1,1,0,0,0,1,0,0,0,0,0,0,0,1,1,0,0,1,0
1101
364,307,320,22,22,2,2
1,1,1,0,0,1,0
1102
235,320,22,22,22,22,22,22,22,22,236,325,5,2,2,2,2,2,2,2,2,2,2,2,2,2,2,2,2,2,341
0,0,0,0,1,1,1,1,1,1,0,1,0,0,1,0,0,0,0,1,0,1,0,1,1,1,1,1,1,1,0
1103
296,236,323,287,344,5,292,22,22,22,22,22,22,22,22,22,22,22,22,22,293,352,317,349,315,56,199,334,329,365,350,300,364,309,360,171,331,2,2,2,2,2,2,2,2,2,2,2,2,2,2,2,2,2,2,2,2,2,2,2,2,2,2,2,2,2,2,2,2,2,91
1,1,0,1,1,0,0,0,1,0,1,0,0,0,1,1,0,1,1,0,0,1,0,0,0,0,1,1,0,1,1,0,1,1,1,0,0,0,1,0,1,1,0,1,1,1,0,0,0,1,1,0,0,0,1,0,0,1,0,1,0,1,0,0,0,1,1,0,0,0,0
1104
2,2,2,2,2,2
0,0,1,0,1,0
1105
367,363,65,2,2,2,2,5
0,1,0,1,1,1,0,0
1106
151,356,22,22,22,22,22,22,322,364,155,326,144,301,2,2,2,2,2,2,2,2,2,2,2,2,2,2
0,0,1,0,1,0,0,0,0,1,0,1,1,0,0,1,1,0,1,0,0,1,1,0,0,1,0,0
1107
295,235,297,22,2,2,2,2,2,2,2,2,2,2
0,0,0,1,1,0,0,1,0,1,1,0,0,0
1108
338,247,365,315,236,86,344,144,5,357,283,292,356,340,340,22,22,22,22,22,22,22,22,22,22,22,22,22,22,22,22,22,22,291,48,279,45,2,2,2,2,2,2,2,2,2,2,2,2,2,2,2,2,2,2,2,2,2,2,2,2,2,2,2,2,2,2,2,2,2,2,2,2,2,2,2,2,2,2,2,91
1,0,1,1,1,0,1,1,1,1,1,0,1,0,0,0,0,0,1,1,0,0,1,0,0,1,0,0,1,1,0,0,0,0,0,0,1,0,0,0,1,0,0,0,1,0,0,0,0,0,1,1,0,1,0,1,0,0,0,0,0,0,0,0,1,0,0,1,0,1,0,0,1,0,1,0,1,1,1,0,0
1109
296,311,351,337,236,146,324,330,292,22,22,22,22,22,22,22,22,22,22,22,22,22,22,22,22,219,56,182,332,155,315,106,331,86,317,357,316,45,353,309,2,2,2,2,2,2,2,2,2,2,2,2,2,2,2,2,2,2,2,2,2,2,2,2,2,2,2,2,2,2,2,2,2,2,2,2,2,2,2,2,2,2,2,2,2,2,124,291,171,307,288,326,76
0,1,0,0,0,0,1,0,0,0,1,1,0,0,0,1,0,1,0,0,1,0,0,1,0,1,1,0,1,0,1,0,0,0,0,0,1,1,0,1,0,0,0,0,1,1,0,0,0,1,1,1,1,1,0,0,0,1,1,1,0,0,0,0,1,1,1,1,0,0,0,1,0,1,0,1,1,0,0,1,0,1,1,0,1,0,0,0,0,1,0,0,0
1110
45,236,22,22,22,2,2,2,2,313
1,1,0,1,0,1,0,0,0,1
1111
48,247,246,351,76,236,144,311,276,235,5,5,283,308,22,22,22,22,22,22,22,22,22,22,22,22,22,22,22,22,22,326,339,346,174,349,341,289,254,151,364,175,350,367,332,111,309,301,208,65,334,252,288,2,2,2,2,2,2,2,2,2,2,2,2,2,2,2,2,2,2,2,2,2,2,2,2,2,2,2,2,2,2,2,2,2,2,2,321
1,0,1,1,1,1,0,1,1,0,0,1,1,0,0,0,1,0,1,1,1,1,0,1,1,1,0,0,1,1,0,0,0,1,1,0,0,0,0,0,1,1,0,1,0,1,1,0,1,0,1,1,0,0,0,0,1,1,0,1,1,0,0,1,1,0,1,1,1,1,0,0,1,0,1,1,1,1,0,1,1,1,1,1,0,0,1,0,1
1112
73,236,252,355,302,346,292,22,22,22,22,22,22,22,22,22,22,22,298,293,237,56,317,341,289,315,199,370,316,333,45,76,124,360,291,288,2,2,2,2,2,2,2,2,2,2,2,2,2,2,2,2,2,2,2,2,2,2,2,2,2,91
0,0,1,1,0,1,1,1,1,0,1,1,1,1,0,0,0,1,1,1,0,1,0,1,1,1,1,1,1,1,1,0,0,1,0,0,1,0,0,1,0,0,0,1,0,1,0,0,0,1,1,1,0,1,1,0,1,1,1,0,1,1
1113
236,286,324,22,22,22,22,22,22,22,22,22,22,22,282,314,55,146,65,303,177,182,321,350,27,124,360,48,279,307,2,2,2,2,2,2,2,2,2,2,2,2,2,2,2,2,2,2,2,2,2,2,2,2,368
1,0,1,1,1,1,1,0,0,0,1,0,1,0,0,1,1,0,1,1,1,1,1,1,1,1,0,0,1,1,1,1,0,0,0,1,0,1,0,0,0,0,1,0,0,1,1,1,1,1,1,0,0,0,1
1114
91,5
0,0
1115
290,73,246,351,236,281,305,302,22,22,22,22,22,22,22,22,22,22,22,22,22,22,22,22,22,22,22,22,22,22,22,22,22,322,282,348,146,332,332,155,111,280,336,336,144,5,319,285,359,76,314,171,307,45,327,296,235,344,253,360,252,174,254,363,292,91,91,293,55,317,341,78,308,334,106,325,288,68,326,2,2,2,2,2,2,2,2,2,2,2,2,2,2,2,2,2,2,2,2,2,2,2,2,2,2,2,2,2,2,2,2,2,2,2,2,2,2,2,2,2,2,2,2,2,2,2,2,2,2,2,2,2,2,2,2,2,2,2,2,2,2,2,2,2,2,2,2,2,2,2,2,2,2,2,2,2,2,2,2,2,124,345,291,48,279,331,340
0,1,1,0,1,1,1,1,1,1,1,1,0,0,1,1,1,1,0,1,0,1,1,1,1,0,0,1,1,1,1,1,1,1,1,1,1,1,1,1,1,1,1,1,1,1,1,1,0,1,0,1,1,1,0,0,1,1,1,1,1,1,1,0,1,0,1,1,1,1,1,1,1,1,1,1,1,1,1,1,1,1,1,1,1,1,1,1,1,1,1,1,1,0,1,1,1,0,1,1,0,0,1,0,1,0,0,0,1,0,1,0,1,1,1,1,0,0,1,1,1,0,1,1,1,1,1,1,1,1,0,1,0,1,1,1,1,1,0,1,1,0,1,1,1,1,1,1,1,1,1,1,1,1,1,1,1,1,1,1,0,1,1,0,1,1,0
1116
289,22,22,22,22,22,329,344,253,2,2,2,2,2,2,2,2,347
0,0,0,1,1,1,0,1,0,0,0,1,1,1,0,0,0,1
1117
290,296,365,320,297,355,349,359,22,22,22,22,22,22,22,22,22,22,22,124,346,303,171,317,305,2,2,2,2,2,2,2,2,2,2,2,2,2,2,2,2,2
0,1,0,0,0,0,0,1,0,1,1,1,1,1,0,1,1,1,1,0,1,1,1,0,1,1,0,0,0,0,0,1,0,0,1,0,1,0,1,0,1,0
1118
22,2,2,2
1,1,1,1
1119
22,2
0,1
1120
283,236,340,340,22,22,22,2,2,2,2,2,2,2,2,2,2,2
0,1,0,0,0,1,1,0,0,1,0,1,1,1,1,0,1,0
1121
302,235,22,22,2,2,2,2,2
0,1,1,1,0,0,0,1,1
1122
287,367,2
1,0,0
1123
283,247,263,236,236,110,22,276,280,355,302,2,2,2,2,2,2,2,2,2,291,65,65,45,361,368
1,1,1,0,0,1,1,0,1,1,0,0,0,1,0,1,0,0,0,0,0,0,1,1,1,0
8304
289,312,356,337,338,307,321,5,78,111,76,314,303,237,2,2,2,2,2,2,2,2,2,2,2,2,2,2,2,2,2,2,2,182,327,22,22,22,22,22
1,1,1,1,0,0,0,0,0,0,0,0,0,0,1,1,1,0,0,1,0,1,0,1,1,1,0,1,0,0,0,0,1,0,0,1,0,0,0,0
1125
78,311,86,335,5,254,363,22,345,282,2,2,2,2,2,2,2,301,321
0,1,0,1,0,0,0,1,1,0,1,0,0,0,0,1,0,0,1
1126
323,246,351,347,236,236,276,174,324,330,22,22,22,22,22,22,22,22,22,22,22,22,22,22,22,22,22,22,22,22,22,22,22,22,22,22,22,22,22,297,346,357,332,319,280,55,329,182,335,41,301,111,285,353,314,171,307,45,327,296,235,284,344,253,304,252,5,5,292,295,91,91,293,56,317,65,341,303,342,199,370,263,350,67,288,288,68,2,2,2,2,2,2,2,2,2,2,2,2,2,2,2,2,2,2,2,2,2,2,2,2,2,2,2,2,2,2,2,2,2,2,2,2,2,2,2,2,2,2,2,2,2,2,2,2,2,2,2,2,2,2,2,2,2,2,2,2,2,2,2,2,2,2,2,2,2,2,2,2,2,2,2,2,2,2,2,2,2,2,2,2,2,2,2,124,291,48,331,340,321
0,1,0,0,1,0,0,1,1,0,0,1,1,0,1,1,0,0,1,0,0,0,0,1,1,1,1,0,1,1,0,1,0,1,1,1,0,0,0,1,1,0,0,0,0,1,1,0,0,0,0,0,0,0,1,1,0,0,0,0,0,1,1,0,0,0,0,0,1,0,0,0,1,1,0,0,0,0,1,1,0,1,0,1,0,0,1,1,1,0,0,0,0,0,1,1,0,1,0,0,1,1,0,1,0,0,0,0,0,0,0,1,1,0,1,0,0,1,0,1,0,1,0,0,0,0,0,0,1,1,1,0,1,0,0,1,0,1,0,1,0,0,0,1,0,1,0,0,0,1,1,0,0,0,1,0,0,1,1,0,0,1,1,1,0,1,1,1,1,1,0,0,0,1,0,0,1,0,0,1
1127
356,22,2,2,2,2,2
0,0,1,1,0,0,1
1128
2,2,2,2,2,2,2,2,2,2,2,2,2,2,2,2,2,2,2,2,2,2,2,2,2,2,2,2,2,2,2,2,2,2,2,2,2,2,2,323,236,91,253,144,353,357,45,363,288,76,293,368,146,313,155,22,22,22,22,22,22,22,22,22,22
1,0,1,1,0,0,0,1,1,1,0,0,1,0,0,1,0,1,1,1,1,0,0,0,0,0,1,0,0,1,1,0,0,0,0,0,1,1,1,0,1,0,0,0,0,1,0,1,1,0,0,1,0,0,0,0,1,1,1,0,1,0,0,1,0
1129
22
0
1130
68,177,2,2,2,2,2,2,2,2,2,2,2,2,2,2,2,2,2,346,344,352,355,22,22,22,22
0,0,0,1,0,0,0,0,0,0,1,0,0,0,1,0,0,0,0,1,0,1,0,0,1,0,0
1131
315,315,171,171,22,22,22,22,236,291,56,56,317,317,316,2,2,2,2,2,2,2,2,2,2,2,2
0,0,0,0,0,0,0,1,0,1,1,0,0,0,0,1,1,1,0,0,0,0,0,0,0,0,0
4376
2,2,2,2,2,2,315,171,301,316,45,353,91,313,151,56,317,288,361,22,22,22,22,22,22,22,22
1,1,0,0,0,1,0,0,0,0,0,0,1,1,0,0,0,0,0,1,1,1,1,0,0,0,1
1133
296,235,336,344,280,327,252,254,363,295,91,339,352,341,302,151,106,343,110,350,353,328,76,2,2,2,2,2,2,2,2,2,2,2,2,2,2,2,2,2,2,2,2,2,2,2,2,2,2,2,2,2,2,2,2,2,2,22,22,22,22,22,22,22,22,22,22,22
0,0,1,1,1,1,1,0,0,1,0,0,1,1,1,1,1,1,0,1,0,0,1,1,1,0,0,0,0,1,1,1,0,1,1,1,1,0,0,0,1,1,0,0,1,0,1,0,1,1,1,1,1,0,0,1,0,0,1,1,1,0,0,0,1,1,1,1
1134
253,5,5,302,45,175,22,22,22,22,22,22,22,22,22,22,22,22,22,22,22,305,293,283,313,361,361,327,312,263,86,146,335,144,67,288,319,285,353,2,2,2,2,2,2,2,2,2,2,2,2,2,2,2,2,2,2,2,2,2,2,2,2,2,2,2,2,2,2,2,2,2,2,2,2,2,2,2,2,2,2,2,2,2,2,2,307,331,301
0,1,0,1,1,0,1,1,1,1,1,0,1,1,0,0,1,1,0,1,1,1,1,1,0,1,1,1,1,1,1,0,1,0,1,1,0,0,1,1,0,1,0,0,0,1,0,1,1,0,1,1,1,1,0,0,1,1,1,0,1,0,0,1,1,0,1,1,0,0,1,1,1,0,1,1,0,0,0,1,1,0,1,1,1,0,0,0,0
1135
2,2,2
0,1,0
1136
78,78,296,73,279,236,110,286,299,22,22,22,22,22,124,2,2,2,2,2,2,2,2,2,2,2,2,2,2,2,2,2,2,2,2,2,2,2,2,2,2,2,2,2,2,2,2,2,2,2,2,2,2,2,2,2,2,2,2,2,2,2,2,346,55,288,301
0,1,0,0,1,1,0,0,1,1,1,1,1,1,0,0,1,1,0,0,1,0,1,0,0,0,0,0,0,1,0,1,1,1,1,0,1,0,0,1,0,1,1,1,1,0,1,1,1,0,0,0,1,0,0,1,1,1,0,0,0,1,0,1,0,1,0
1137
22,22,22,22,22,2,2,2,2,2,2
0,0,0,0,0,0,0,1,1,0,0
1138
323,367,356,151,253,286,297,252,254,22,22,22,22,22,22,22,22,22,22,22,22,22,22,22,22,322,346,352,182,155,283,73,365,343,91,263,357,350,348,319,353,327,124,294,334,318,2,2,2,2,2,2,2,2,2,2,2,2,2,2,2,2,2,2,2,2,2,2,2,2,2,2,2,2,2,2,2,2,2,2,2,2,2,2,2,2,177
1,1,1,0,1,1,1,0,0,1,0,1,0,1,1,1,0,0,1,1,1,1,0,1,1,1,1,1,0,0,0,1,1,0,1,1,0,1,0,1,1,0,0,0,1,1,1,1,1,1,0,0,0,1,0,1,1,1,1,1,1,1,1,1,1,1,1,1,1,0,1,1,0,0,0,1,0,0,0,1,1,1,1,1,1,1,1
1139
367,246,351,347,236,236,287,318,286,276,311,302,324,330,22,22,22,22,22,22,22,22,22,22,22,22,22,22,22,22,22,22,22,22,22,22,22,22,22,22,22,22,22,22,22,22,22,22,22,22,22,22,22,22,346,282,237,357,146,313,155,312,280,365,352,331,364,317,175,41,300,285,76,314,294,171,307,45,326,177,289,235,356,281,358,297,252,304,5,5,355,284,283,363,295,91,339,293,55,182,349,199,78,253,343,86,263,333,348,338,329,328,2,2,2,2,2,2,2,2,2,2,2,2,2,2,2,2,2,2,2,2,2,2,2,2,2,2,2,2,2,2,2,2,2,2,2,2,2,2,2,2,2,2,2,2,2,2,2,2,2,2,2,2,2,2,2,2,2,2,2,2,2,2,2,2,2,2,2,2,2,2,2,2,2,2,2,2,2,2,2,2,2,325,208,65,27,288,288,301,368
1,1,1,1,1,1,1,1,1,0,1,0,1,1,1,1,1,1,1,1,1,1,1,0,1,1,1,1,1,1,1,1,1,0,0,0,1,0,0,0,0,0,1,1,0,1,1,0,1,1,0,0,0,1,1,0,1,1,1,1,1,1,1,1,1,0,1,1,1,1,1,0,1,1,1,1,0,1,0,1,1,0,1,0,1,1,1,0,1,1,1,1,1,0,1,1,1,1,1,1,0,1,0,1,1,0,1,0,1,1,1,1,1,1,1,1,1,0,1,0,1,0,1,1,1,1,1,1,1,0,1,1,1,1,1,1,1,1,0,0,1,1,0,1,0,1,0,1,1,1,0,0,0,0,0,1,1,1,1,1,1,1,0,1,0,1,0,0,0,1,1,0,1,1,0,0,1,1,1,0,0,0,1,1,1,1,1,1,1,1,1,0,0,1,0,1,1,1,1,0,1
1140
2,2
1,0
1141
22,2,2,2,2,2,2,2,2
1,1,0,1,1,0,0,0,0
1142
111,76,287,301,335,252,2,2,2,2,2,2,2,2,2,2,2
1,1,0,0,0,1,1,1,0,1,1,1,0,0,0,0,1
1143
280,236,335,297,288,5,5,45,292,22,22,22,22,22,22,22,360,291,171,317,332,2,2,2,2,2,2,2,2,2,91
1,1,1,0,0,0,1,1,0,0,1,1,1,1,0,0,1,0,0,0,1,0,1,1,1,0,0,0,0,0,0
1144
235,236,287,344,73,302,295,22,22,22,22,22,22,22,22,22,22,22,22,305,293,357,146,313,341,254,254,177,55,199,364,317,335,45,282,359,2,2,2,2,2,2,2,2,2,2,2,2,2,2,2,2,2,2,2,2,2,2,2,2,2,124,48,171,288,288,301
0,1,1,1,0,0,1,1,1,1,1,1,1,1,0,1,1,0,1,1,1,1,1,1,1,0,0,1,1,1,1,1,1,1,1,0,1,0,0,1,1,1,0,1,1,1,1,1,0,1,1,1,1,1,1,1,1,1,0,1,0,0,1,1,0,1,0
1145
367,73,22,22,22,22,22,22,22,22,22,286,332,2,2,2,2,2,2,2,2,2,2,2,2,2,2,2,2,2,2,2,2,2,2,2,2,2,2,2,2,2,2,2,2,2
1,0,0,1,0,0,1,1,0,0,0,0,1,0,0,0,1,1,0,1,1,0,1,0,1,0,1,1,0,0,0,1,0,1,0,1,1,0,0,0,0,0,1,1,0,0
1146
106,363,182,2,2,2,2
1,0,1,1,0,0,1
1147
291,236,22,22,2,2,2,174
1,1,1,0,0,0,1,0
1148
323,247,106,296,312,175,110,350,284,333,282,27,363,295,22,22,22,22,22,22,22,360,328,2,2,2,2,2,2,2,2,2,2,2,2,2,2,2,2,2,2,2,2,2,2,2,2,2,2,2,2,2,2,2,2,340,368
0,1,1,0,1,0,0,1,0,0,0,0,0,0,0,1,0,0,0,1,1,1,0,1,0,1,1,0,1,0,0,0,1,1,1,0,1,1,0,0,0,1,1,1,0,0,1,1,0,1,1,1,1,0,1,0,1
1149
27,311,288,320,22,329,252,2,2,2,2,2,2,2,347
1,0,0,1,0,1,1,0,0,0,0,1,1,0,0
1150
22,2
0,0
1151
299,111,73,22,22,22,22,22,22,22,22,22,22,22,22,22,22,22,22,22,236,297,2,2,2,2,2,2,2,2,2,2,2,2,2,2,2,2,2,2,2,2,2,2,2,2,2,2,2,2,2,2,2,2,2,2,2
1,0,1,0,1,0,1,0,0,0,0,0,1,0,0,1,1,0,1,0,0,0,1,1,0,1,1,0,1,0,1,1,0,0,0,0,0,0,0,0,0,0,1,0,0,1,0,1,1,0,0,1,1,0,1,0,0
1152
22,22,2,2,2,2,2,2,2,2,2,2,2,2,2,2,2,2,2,2,2,2,2,2,2
0,1,0,1,1,0,1,1,0,0,0,0,0,1,1,0,0,0,1,1,0,0,0,0,0
1153
347,236,337,318,41,324,22,22,22,22,22,22,22,22,22,22,22,22,22,22,22,22,22,22,22,22,22,22,22,22,22,22,22,22,22,22,22,22,297,322,237,357,146,325,343,319,280,55,336,175,300,111,285,353,314,294,341,2,2,2,2,2,2,2,2,2,2,2,2,2,2,2,2,2,2,2,2,2,2,2,2,2,2,2,2,2,2,2,2,2,2,2,2,2,2,2,2,2,2,2,2,2,2,2,2,2,2,2,2,2,2,2,2,2,2,2,2,2,2,2,2,2,2,2,177,296,356,312,344,253,284,355,174,254,48,339,320,352,349,308,289,354,199,86,110,263,333,348,338,27,326,301,208,65,279,91,321
1,1,1,1,1,1,0,0,0,1,1,1,0,1,1,0,1,1,1,1,1,1,1,1,1,1,1,1,1,0,1,0,1,1,1,1,1,0,1,1,1,1,1,1,1,0,1,1,1,1,1,0,1,1,1,1,1,1,1,1,1,0,1,0,1,1,1,1,1,1,0,0,1,0,1,1,0,0,1,1,1,1,1,1,1,1,0,1,1,1,1,1,0,1,1,1,1,0,1,1,1,1,1,1,1,1,1,1,1,1,1,0,1,1,1,1,1,1,1,0,1,1,1,1,1,1,0,1,1,1,0,1,1,1,0,1,1,1,0,1,1,0,1,0,0,1,1,1,0,1,1,1,0,0,1,0,1
1154
290,343,2,2,2,2,301,22,22
0,0,1,1,1,0,0,0,0
1155
22,237,307,288,2,2,2,2,2,2,294
0,0,1,0,0,1,1,0,0,1,0
1156
289,302,330,22,22,22,22,22,236,2,2,2,2,2,2,2,2,300
1,0,0,0,1,0,0,0,1,1,0,1,1,0,1,1,0,0
1157
280,246,315,236,91,322,41,316,363,295,76,345,291,282,171,317,45,2,2,2,2,2,2,2,2,2,2,2,2,2,2,2,2,2,2,22,22,22,22
1,1,1,0,0,0,0,1,0,0,1,0,1,1,1,0,1,0,0,1,0,0,0,0,0,0,1,0,1,0,0,0,0,1,0,0,1,0,1
1158
367,351,236,236,46,5,302,292,91,339,293,326,317,332,2,2,2,2,2,2,2,2,2,2,2,2,2,2,2,2,2,2,2,2,2,2,2,2,2,2,2,2,2,2,2,2,2,283,315,56,182,335,321,316,331,68,328,301,360,177,171,307,45,340,22,22,22,22,22,22,22,22,22,22,22,22,22,22,22
1,0,1,1,1,0,0,0,0,1,1,0,1,0,1,1,1,0,1,0,1,0,0,1,1,1,1,0,0,0,0,1,1,0,1,0,0,0,1,0,0,0,0,1,0,1,0,1,1,1,0,0,1,0,0,1,0,0,0,1,1,0,1,1,1,1,1,1,0,1,1,1,0,1,1,1,1,1,1
1159
342
0
1160
78,247,351,337,236,323,144,318,41,358,5,324,324,288,91,346,346,293,352,317,313,2,2,2,2,2,2,2,2,2,2,2,2,2,2,2,2,2,2,2,2,2,2,2,2,2,2,2,2,2,2,2,2,2,2,2,2,2,2,2,2,2,2,2,2,2,2,2,2,2,2,2,2,2,2,2,2,2,2,2,2,312,315,106,354,263,350,350,300,333,348,309,326,294,171,45,301,22,22,22,22,22,22,22,22,22,22,22,22,22,22,22,22,22
0,0,0,0,1,0,0,0,1,0,0,0,1,0,0,1,1,1,0,0,0,0,1,1,0,0,0,1,0,1,0,0,0,0,0,0,0,1,0,0,0,0,1,0,0,0,0,0,0,1,0,0,0,0,0,0,0,0,0,1,1,0,1,0,1,1,0,0,1,0,1,0,1,0,0,0,1,0,1,0,1,0,1,0,0,1,0,0,0,1,0,0,0,0,0,0,0,0,1,0,0,0,0,0,0,0,0,1,0,1,0,1,0,0
1161
331,236,304,315,302,45,292,22,22,22,22,22,22,22,22,22,22,22,22,22,22,305,293,283,56,317,65,312,177,329,144,316,333,300,338,86,280,291,48,171,288,2,2,2,2,2,2,2,2,2,2,2,2,2,2,2,2,2,2,2,2,2,2,2,2,2,2,368
0,1,0,1,1,1,1,0,0,1,0,1,1,1,0,0,1,1,1,1,1,1,1,1,1,1,1,1,1,1,1,1,0,1,1,0,1,1,1,1,1,0,0,0,1,1,1,0,1,0,1,1,0,0,0,1,1,1,1,0,0,1,1,1,1,1,0,0
1162
351,347,236,287,286,330,22,22,22,22,22,22,22,22,22,22,22,22,22,22,22,22,22,22,22,22,22,22,22,22,22,22,22,22,22,237,348,146,313,155,312,177,352,329,175,321,316,300,319,285,171,45,2,2,2,2,2,2,2,2,2,2,2,2,2,2,2,2,2,2,2,2,2,2,2,2,2,2,2,2,2,2,2,2,2,2,2,2,2,2,2,2,2,2,2,2,2,2,2,2,2,2,2,2,2,2,2,2,2,2,2,2,2,2,2,2,2,2,2,2,296,344,304,283,91,293,55,317,308,254,315,334,106,343,110,350,357,328,360,279,288,301,368
0,0,1,1,1,1,0,0,0,0,1,1,1,0,1,0,0,1,1,1,1,0,0,0,1,0,1,1,0,0,1,1,1,0,0,1,0,1,1,0,1,0,1,1,0,1,0,0,0,1,1,1,1,0,1,1,0,0,0,0,0,1,0,0,1,1,0,0,0,0,0,1,0,0,1,0,0,0,0,0,1,1,0,1,1,1,0,0,0,0,0,1,1,0,0,0,1,1,0,1,1,0,1,0,0,1,0,0,1,1,1,1,1,1,1,1,0,1,0,0,0,1,0,0,0,1,1,0,0,0,1,1,1,0,0,1,1,1,1,0,0,1,0
1163
155,284,320,350,328,110,41,252,333,357,355,309,22,22,22,22,22,22,22,22,22,22,22,22,22,295,48,307,2,2,2,2,2,2,2,2,2,2,2,2,2,2,2,2,2,308
1,1,1,1,1,1,1,1,0,1,1,1,1,0,1,1,1,1,1,1,1,1,0,1,1,1,1,1,1,1,1,1,1,1,1,1,1,0,1,1,0,1,1,1,1,1
1164
236,360,46,280,284,283,324,288,91,91,368,293,326,317,341,78,177,263,343,329,175,357,333,331,336,353,359,328,2,2,2,2,2,2,2,2,2,2,2,2,2,2,2,2,2,2,2,2,2,2,2,2,2,2,2,2,2,2,2,2,2,2,2,2,2,2,2,2,2,345,291,171,45,301,22,22,22,22,22,22,22,22,22,22,22,22,22,22
1,1,1,1,1,1,0,0,0,0,1,1,1,1,1,1,1,1,1,1,1,1,1,0,1,1,1,0,1,1,1,1,1,1,1,1,1,1,0,1,1,0,1,1,1,1,1,0,1,0,0,0,0,1,1,0,0,0,0,1,1,0,1,1,1,0,1,1,0,1,1,0,1,0,1,1,1,0,1,1,1,1,0,1,1,1,1,0
1165
2,2,2,2,2,2,2,315,315,56,56,370,370,279,316,316,284,330,328,22,22,219,171,317,361
0,1,0,1,0,1,1,1,1,1,0,0,0,0,1,1,0,1,0,1,0,1,0,0,0
1166
22,22,2,2,341
1,0,1,0,1
1167
235,236,91,288,288,22,22,22,22,22,22,22,22,22,22,22,22,293,339,346,317,317,313,151,285,348,27,359,359,309,2,2,2,2,2,2,2,2,2,2,2,2,2,2,2,2,2,2,2,2,2,2,2,2,2,2,2,2,2,124,171,171,45,301,321
1,1,1,0,1,0,1,0,1,1,1,1,1,1,0,0,1,1,0,1,1,1,1,1,1,1,1,0,1,1,1,1,0,1,0,1,0,0,1,1,1,0,0,0,1,0,1,1,0,0,0,1,0,1,1,1,1,0,1,0,1,1,0,0,1
1168
290,73,246,337,336,296,281,287,286,41,367,284,302,324,330,22,22,22,22,22,22,22,22,22,22,22,22,22,22,22,22,22,22,22,22,22,22,22,22,22,22,22,22,22,22,22,22,22,22,22,22,22,22,22,22,22,22,22,22,22,22,22,22,22,22,22,22,22,22,22,22,22,22,22,22,368,322,282,237,348,146,313,155,293,365,236,236,364,174,144,65,300,111,285,353,359,309,76,314,294,171,307,305,326,78,356,344,352,252,355,5,5,288,358,292,332,55,339,320,2,2,2,2,2,2,2,2,2,2,2,2,2,2,2,2,2,2,2,2,2,2,2,2,2,2,2,2,2,2,2,2,2,2,2,2,2,2,2,2,2,2,2,2,2,2,2,2,2,2,2,2,2,2,2,2,2,2,2,2,2,2,2,2,2,2,2,2,2,2,2,2,2,2,2,2,2,2,2,2,2,2,2,2,2,2,2,2,2,2,2,2,2,2,2,2,2,2,2,2,2,2,2,2,2,2,2,2,2,2,2,2,2,2,2,2,2,2,2,2,2,2,2,2,2,2,2,2,2,2,2,2,2,2,2,2,2,2,2,2,2,2,2,2,2,2,2,2,2,2,2,2,2,2,317,349,308,289,254,151,334,354,280,325,350,350,333,45,338,27,328,327,124,345,208,48,279,331,91,321
0,1,1,1,1,1,0,1,0,1,0,1,1,1,1,1,1,1,1,1,0,1,1,1,1,1,0,1,0,1,1,1,1,1,1,1,1,1,1,1,1,1,0,1,1,1,1,1,1,0,0,0,0,0,0,1,1,1,1,1,0,0,0,1,0,1,1,1,0,1,1,1,1,1,1,1,1,1,1,1,1,0,1,1,1,1,1,1,1,1,1,0,1,0,1,0,1,1,1,0,1,1,1,1,1,1,1,1,1,1,1,0,1,1,0,1,1,1,1,1,1,0,0,1,0,1,1,1,0,0,0,0,1,1,1,0,1,1,1,1,1,1,0,1,1,0,1,1,1,1,1,0,1,1,1,1,0,1,1,1,0,0,0,1,1,1,0,1,0,0,1,1,1,1,0,1,0,0,0,1,1,1,1,1,1,1,1,1,0,1,1,0,1,1,1,0,1,1,1,1,1,1,1,1,1,1,0,1,1,0,1,0,0,1,1,0,1,1,1,1,0,1,1,0,1,1,1,0,0,0,1,1,1,1,1,1,1,0,0,1,1,1,1,0,1,1,1,1,0,1,1,1,1,1,1,1,1,1,0,1,1,1,0,1,1,1,1,1,1,1,0,1,1,1,1,1,1,1,1,1,1,1,1,0,1,1,1,0,1,1,1,0,1,1,1,0,0,1,1
1169
22,22,22,2,2,2,2,2,2,2,2,2,2,2,2,2,2,2,2,2,2
1,1,1,0,1,0,0,1,0,1,1,1,1,1,1,1,0,1,1,0,0
1170
311,294,22,2,349
0,0,0,0,0
1171
289,280,320,304,144,311,355,302,328,22,22,22,22,22,22,22,22,22,22,22,282,2,2,2,2,2,2,2,2,2,2,2,2,2,2,2,2,2,2,2,2,2,2,2,2,2,2,2,2,2,305,155,368
1,0,0,0,1,0,0,0,0,0,0,0,0,1,0,0,0,0,0,0,1,0,0,0,0,0,0,0,1,0,0,1,1,0,0,1,0,0,0,1,1,1,1,0,0,1,1,1,1,1,0,0,1
1172
246,351,347,236,236,236,344,318,297,358,283,365,22,22,22,22,22,22,22,22,22,22,22,22,22,22,22,22,22,22,22,22,22,22,22,22,22,22,22,22,22,22,22,22,22,22,22,22,22,22,336,339,293,56,317,308,303,303,312,315,55,106,199,334,335,316,45,319,328,326,345,291,171,288,2,2,2,2,2,2,2,2,2,2,2,2,2,2,2,2,2,2,2,2,2,2,2,2,2,2,2,2,2,2,2,2,2,2,2,2,2,2,2,2,2,2,2,2,2,2,2,2,2,2,2,2,2,2,2,2,2,2,2,2,2,2,2,2,2,2,2,2,2,2,2,2,2,2,2,2,2,2,2,2,2,2,2,2,2,2,2,2,2,2,2,2,2,2,2,2,2,2,2,2,2,2,2,2,2,2,91,91,91
1,1,1,0,1,1,0,1,1,0,1,1,1,0,1,0,1,0,0,1,1,1,1,1,1,1,1,1,0,1,1,1,1,0,1,1,1,1,1,1,1,1,1,1,1,1,0,1,0,1,1,1,0,1,1,1,1,1,1,0,1,1,1,1,1,1,1,0,1,1,1,1,0,0,0,0,1,1,0,1,1,1,1,0,0,0,1,0,0,0,0,0,0,1,1,1,1,1,0,1,0,0,0,0,0,0,0,1,1,1,0,1,1,1,1,1,1,1,1,0,1,1,0,0,1,0,1,1,1,1,0,0,0,1,0,0,1,1,1,1,1,1,0,0,1,1,1,0,0,0,0,1,1,1,1,0,1,0,0,0,0,1,1,1,0,0,1,1,1,0,0,0,0,0,1,1,0,0,1,0,0,0,0
1173
253,335,328,22,22,2
0,0,0,0,1,0
1174
303,351,236,287,5,254,292,22,22,22,22,293,56,317,313,362,315,343,175,316,45,2,2,2,2,2,2,2,2,2,2,2,2,2,2,2,2,2,2,2,2,2,2,171,288,326,91
0,0,1,1,1,0,0,0,0,1,1,1,0,0,0,1,1,0,0,0,1,1,1,0,1,0,1,0,1,1,1,1,1,0,0,0,0,0,1,0,1,1,0,1,0,0,0
1175
290,177,246,320,263,5,5,305,27,352,22,22,22,346,2,2,2,2,2,2,2,2,2,2,2,2,2,2,2,2,2,2,2,2,2,2,2,2,182,332,327,308
0,0,1,0,1,1,1,1,0,1,1,1,1,1,1,1,1,1,1,1,1,1,0,1,1,1,0,0,1,1,1,1,1,0,0,0,1,0,1,0,0,1
1176
78,283,22,336,335,332,2,2,2,2,2,2
0,1,1,1,1,1,1,1,1,0,1,0
1177
289,320,22,22,352,5,2,2,2,2,2,2,2,2,2,2,2,2,2
1,0,0,0,1,0,0,1,1,0,1,1,0,1,1,0,0,0,0
1178
303,276,2,2,341
1,1,1,0,1
1179
78,296,299,73,22,22,22,22,22,236,5,2,2,2,2,2,2,2,2,2,2,2,2,2,2,2,2,2,2,2
1,1,1,1,0,0,1,1,1,1,0,1,0,0,0,0,1,0,0,1,0,0,0,1,1,0,0,0,0,0
1180
2,2
1,0
1181
367,347,236,236,287,288,41,330,22,22,22,22,22,22,22,22,22,22,22,22,22,22,22,22,22,22,22,22,22,322,237,313,280,364,175,144,301,285,305,327,296,344,304,5,5,5,252,283,45,363,292,91,293,55,182,349,341,78,354,325,348,86,326,2,2,2,2,2,2,2,2,2,2,2,2,2,2,2,2,2,2,2,2,2,2,2,2,2,2,2,2,2,2,2,2,2,2,2,2,2,2,2,2,2,2,2,2,2,2,2,2,2,2,2,2,2,2,2,2,2,2,2,2,124,345,48,331,340
1,1,1,1,0,0,1,1,1,0,0,0,1,1,0,1,0,1,0,1,0,1,1,0,0,1,0,0,0,1,0,1,1,0,1,1,0,0,1,0,0,0,0,1,0,0,1,1,1,0,1,0,1,0,1,0,0,0,1,1,0,0,1,1,1,1,0,1,0,0,1,0,1,1,0,1,0,0,1,1,0,1,0,0,1,1,0,0,0,0,1,1,0,0,1,0,1,0,1,0,1,1,0,1,0,1,1,1,1,1,1,1,0,1,1,0,1,0,1,1,1,1,0,0,0,0,0,0
1182
290,323,311,289,351,337,236,318,286,276,73,73,55,330,22,22,22,22,22,22,22,22,22,22,22,22,22,22,22,22,22,22,22,22,22,22,22,22,22,22,22,22,22,297,346,367,237,146,313,327,280,56,336,336,329,353,144,316,300,332,285,174,294,171,45,45,326,296,344,304,304,5,5,5,5,355,252,283,363,365,295,293,341,352,317,349,308,78,151,199,263,350,333,305,338,68,328,2,2,2,2,2,2,2,2,2,2,2,2,2,2,2,2,2,2,2,2,2,2,2,2,2,2,2,2,2,2,2,2,2,2,2,2,2,2,2,2,2,2,2,2,2,2,2,2,2,2,2,2,2,2,2,2,2,2,2,2,2,2,2,2,2,2,2,2,2,2,2,2,2,2,2,2,2,2,2,2,2,124,360,48,279,288,288,301,301,321
0,0,1,1,1,1,1,1,0,0,0,0,1,1,1,0,1,0,1,1,1,1,1,1,1,0,0,0,1,1,0,0,0,1,1,0,0,0,1,1,0,1,1,0,1,0,0,0,1,0,1,1,1,1,1,1,0,1,1,1,0,1,0,1,0,1,1,0,1,0,0,1,1,0,1,1,0,1,1,1,0,1,0,1,1,0,0,0,0,1,1,0,0,1,0,1,1,0,0,1,0,1,0,1,1,0,0,1,0,0,0,0,0,1,1,0,1,0,1,0,1,0,1,1,1,0,1,1,1,1,1,1,1,1,1,1,1,0,1,1,0,0,0,1,0,1,1,1,0,1,1,0,1,1,1,1,1,0,0,1,1,1,0,1,1,0,1,0,1,1,1,1,0,0,1,1,0,0,1,1,1,1,0,0,0,0,1
1183
323,311,246,236,236,318,322,297,302,324,22,22,22,22,22,22,22,22,22,22,22,22,22,22,22,22,22,22,22,22,22,22,22,22,22,346,282,348,319,177,55,364,144,300,306,353,359,309,294,341,252,45,326,303,235,356,344,253,5,5,284,254,358,292,295,91,91,339,293,352,317,308,78,171,354,343,370,325,307,350,363,333,331,68,2,2,2,2,2,2,2,2,2,2,2,2,2,2,2,2,2,2,2,2,2,2,2,2,2,2,2,2,2,2,2,2,2,2,2,2,2,2,2,2,2,2,2,2,2,2,2,2,2,2,2,2,2,2,2,2,2,2,2,124,345,291,279,288,288,301,368
0,1,1,1,1,1,0,0,0,1,0,1,0,0,0,1,0,1,1,0,0,1,0,0,1,1,1,0,1,0,1,0,1,1,1,1,1,1,0,0,1,1,1,0,0,1,0,0,1,0,1,1,1,1,0,1,1,0,1,0,1,1,1,1,1,0,1,0,1,1,1,1,1,0,1,0,0,1,0,0,1,1,0,1,1,1,1,1,0,1,1,0,1,1,0,0,0,0,1,1,0,0,0,1,1,1,1,0,0,0,1,1,0,1,1,1,1,0,1,0,1,0,1,0,0,1,1,0,1,0,0,1,0,1,1,1,1,1,1,0,1,1,1,0,0,1,1,1,1,1,1
1184
22,22,22,22,22,22,2,2,2,2,2,2,2,2,2,2,2,2,2,2,2,2,2,2
0,0,0,0,0,1,0,0,0,0,1,0,0,1,1,1,1,0,0,0,0,0,1,0
1185
283,235,22,311,5,2,2,2,2,2,2,2,2,2,2,2,2,2,2,2,2,2,2,2,2,349
1,0,0,1,1,0,0,1,1,1,0,1,0,1,1,0,1,0,0,0,1,0,0,1,0,0
1186
22,22,2,2,2,2,2,2,2,2,2,2,2,2,2,2,2,2,2,2,2,2,2,2,2
1,0,0,1,1,0,0,1,1,0,1,1,0,1,1,1,1,0,0,0,1,1,1,0,0
1187
22,2,2,2
0,0,1,0
1188
290,290,296,311,236,352,297,5,330,22,22,22,22,22,22,22,22,22,22,22,22,22,22,55,313,73,78,78,299,342,263,144,367,332,340,2,2,2,2,2,2,2,2,2,2,2,2,2,2,2,2,2,2,2,2,2,2,2,2,2,2,2,2,2,2,2,2,2,2,2,2,2,2,2,2,2,2,2,2,2,2,2,2,2,2,2,2,2,2,2,2,2,2,2,2,2,2,2,2,2,2,2,2,2,2,2,2,2,2,2,2,2,2,280,65,279,288,301,321
0,0,1,0,1,1,1,0,0,1,1,0,0,1,0,0,1,0,0,1,1,0,1,1,0,0,0,1,1,1,1,0,1,1,0,0,1,0,0,1,0,1,1,1,1,1,0,0,0,1,1,0,0,1,1,1,1,1,0,1,1,1,1,1,0,0,1,1,1,0,1,0,1,0,1,1,1,1,1,1,1,1,1,1,1,1,1,1,1,1,1,0,1,0,1,0,1,0,1,1,0,1,0,1,1,0,1,1,1,0,1,1,0,0,0,1,1,1,1
1189
2,2,2,2,2,2,2,2,2,2,2,2,2,2,2,2,2,2,2,291,236,144,144,359,22,22,22,22,22,22,314,293,171,317,288,301
1,1,0,1,0,0,1,0,1,0,0,1,0,1,1,0,1,1,1,1,1,0,1,0,0,0,0,0,1,1,1,0,1,0,1,1
1190
247,236,348,331,331,45,292,22,22,22,22,22,22,22,293,291,171,317,288,2,2,2,2,2,2,2,2,2,2,2,2,2,2,2,2,2,2,2,2,91
1,1,1,0,0,1,0,1,1,1,0,0,0,0,1,0,0,0,0,0,1,0,0,1,1,0,0,0,0,1,1,0,1,0,0,0,0,1,1,0
1191
319,27,280,22,22,22,345,175,349,2,2,2,2,2,2
0,0,0,0,1,1,0,1,0,1,0,0,1,1,1
1192
144,358,2
0,0,1
1193
316
0
1194
2,2
1,0
1195
358,2,2,2,2,2,2,300
1,1,0,1,0,1,0,0
1196
78,296,310,22,22,236,279,297,288,2,2,67
1,1,1,0,1,1,1,0,0,0,0,1
1197
56,22,22,22,22,22,22,22,22,22,22,22,22,22,22,22,22,370,361,291,171,317,316,2,2,2,2,2,2,2,2,2,2,2,2,2,2,2,2,2,2,2,2,2,2,2,2,2,2,2,2,2,2,2,2,2,2,2,2,2,2,2,2,2,2,2,2,2,2,2,2,2,2
1,1,1,1,1,1,1,1,1,0,1,1,1,0,0,1,1,1,1,0,1,0,1,0,0,0,1,0,0,0,1,0,1,0,0,0,1,0,0,0,1,0,0,0,0,0,0,0,0,0,0,1,0,0,1,1,1,1,1,1,0,1,0,1,0,0,1,0,1,1,1,0,0
1198
246,337,253,5,5,174,254,22,22,22,22,22,22,22,22,22,22,22,354,237,352,317,341,151,320,364,335,333,300,338,359,208,171,2,2,2,2,2,2,2,2,2,2,2,2,2,2,2,2,2,2,2,2,2,2,2,368
1,0,0,0,0,0,0,1,1,1,1,0,1,0,1,0,1,0,0,0,0,0,1,1,0,1,1,1,0,0,1,0,1,1,0,0,1,1,1,1,0,0,1,0,1,1,1,1,1,0,1,1,0,0,1,1,0
1199
281,73,22,22,2,2,76
0,1,1,1,1,0,0
1200
303,319,315,56,347,279,329,311,369,316,55,252,302,328,22,22,22,22,22,22,22,22,22,22,22,22,22,326,339,171,2,2,2,2,2,2,2,2,2,2,2,2,2,2,2,2,2,2,2,2,2,2,2,2,2,2,2,2
0,0,1,0,1,0,1,1,1,0,1,1,1,0,1,0,0,0,0,1,0,1,1,1,0,0,0,0,1,1,0,0,1,0,0,1,0,1,0,1,0,0,0,0,0,0,0,0,1,0,0,0,0,1,0,1,0,0
1201
22,22,2,2,2,2,2,2,2,2,2,2,2,2,2,2,2,2,2,2,2,2,2,2,2
1,0,1,1,1,0,0,1,1,1,0,1,1,1,1,1,0,1,1,0,1,1,1,1,1
1202
323,311,337,336,318,41,235,22,22,22,22,22,22,22,22,22,22,22,22,22,22,22,22,22,22,22,22,22,22,22,22,22,22,22,22,22,22,22,22,22,22,22,322,237,146,313,327,312,293,236,236,329,317,175,144,314,171,307,45,326,303,247,356,253,345,284,355,5,5,5,254,91,346,305,182,78,283,334,320,280,325,263,350,333,331,338,68,2,2,2,2,2,2,2,2,2,2,2,2,2,2,2,2,2,2,2,2,2,2,2,2,2,2,2,2,2,2,2,2,2,2,2,2,2,2,2,2,2,2,2,2,2,2,2,2,2,2,2,2,2,2,2,2,2,2,2,2,2,2,2,2,2,2,2,2,2,2,2,2,360,208,48,279,288,301,301,368
1,1,1,1,1,0,1,1,1,1,1,1,1,1,1,1,1,1,1,1,1,1,1,1,0,1,1,0,1,1,1,1,1,1,1,0,1,1,0,1,1,0,1,1,1,1,1,1,1,1,1,1,1,1,1,1,1,1,1,1,1,1,1,1,0,1,1,1,1,1,0,1,1,1,1,1,1,1,0,1,1,0,1,1,1,1,1,1,0,1,0,0,1,1,1,1,1,1,1,1,1,1,1,1,1,1,1,1,1,0,1,1,1,1,0,1,0,0,1,1,1,1,1,1,1,1,1,1,1,1,1,1,1,0,1,1,1,0,1,1,1,1,1,1,1,1,1,1,1,1,1,1,1,0,1,1,1,1,1,1,1,1,1,1,1,1,1
1203
2,2,22,236
0,0,0,1
1204
124,297,22,22,22,22,22,22,22,22,22,2,2,2,2,2,2,2,2,2,2,2,2,2,2,2,2,2,2,2,2,2,2,2,2,2,2,2,2,2,2,2,2,343
0,0,1,0,1,1,1,0,1,0,0,0,0,1,0,0,1,0,0,1,0,1,0,1,1,1,1,0,1,0,0,0,0,0,0,1,1,0,1,0,0,0,0,0
1205
360,252,2,2,2,2,2,2,2,2,2,2,2,22
1,1,0,1,0,1,1,1,0,1,1,1,0,0
1206
365,45,359,301,22,22,350,171,317,313,313,2,2,2,2,2,2,2,2,2,2,2,2,2,2,2,2,2,2,2,331
1,1,1,0,0,1,0,0,0,0,0,1,0,1,0,0,1,0,0,0,0,0,1,1,0,0,0,0,0,0,0
1207
78,235,67,325,311,284,319,287,340,22,22,22,22,22,22,55,2,2,2,2,2,2,2,2,2,2,2,2,2,2,2,2
0,1,1,1,1,1,0,1,0,1,0,0,1,0,0,1,0,1,1,0,0,1,0,1,0,1,1,0,0,0,1,1
1208
22,22,22,22,22,22,2,2,2,2,2,2,2,2,2
0,0,0,0,1,1,0,1,0,0,0,0,1,1,0
1209
294,296,367,351,151,286,311,324,363,22,22,22,22,22,22,22,339,346,332,319,73,73,354,65,300,235,285,309,2,2,2,2,2,2,2,2,2,2,2,2,2,2,2,2,2,2,2,2,2,2,2,2,2,2,2,2,2,48,305,340
0,1,1,0,0,0,1,1,0,0,0,1,1,1,0,0,0,1,1,0,1,1,0,0,0,0,0,1,0,0,1,0,0,1,0,1,1,1,1,0,1,0,0,1,1,0,0,1,0,0,0,1,1,1,0,0,1,0,1,0
1210
78,296,235,334,199,236,323,301,304,46,73,300,308,22,22,22,22,22,22,22,22,22,368,298,291,279,2,2,2,2,2,2,2,2,2,2,2,2,2,2,2,2,2,2,2,2,2,2,2,2,2,2,2,2,2,2,2,2,2,2,2,2,2,2,2,2,2,2,2,2,2,2,2,2,2,2,2,2,2,2,2,2,2,2,2,2,2,2,2,2,2,2,91
1,0,0,0,1,1,0,0,1,0,1,0,1,1,1,1,0,1,1,1,0,0,0,1,0,1,1,1,1,0,1,0,1,0,0,0,0,0,1,0,0,0,0,1,0,0,0,1,1,0,0,0,1,1,1,0,1,0,0,0,0,1,1,0,1,1,1,0,0,1,1,0,1,1,1,1,1,1,0,1,1,1,1,0,0,1,0,0,0,0,0,1,0
1211
303,289,73,336,253,144,111,319,324,22,22,22,22,22,22,237,2,2,2,2,2,2,2,2,2,2,2,2,2,2,2,2,2,2,2,2,2,2,2,2,2,2,2,283,305,155,91
0,0,0,0,0,1,0,0,1,1,0,0,0,1,0,0,0,0,0,1,0,0,0,0,0,0,1,1,0,1,0,1,0,1,1,1,0,1,1,1,0,0,1,1,1,0,1
1212
111,22,2,2,2,2,2
0,1,0,0,1,1,1
1213
2,2,2,2,2,2,2,2,2
0,1,1,1,1,0,1,1,1
1214
68,177,22,22,22,345,364,346,329,2,2
1,1,1,1,0,1,1,1,1,1,0
1215
22,22,22,22,22,22,22,2,2,2,2,2,2,2,2,2,2,2,2,2,2,2,2,2
0,0,0,0,1,1,0,1,1,0,0,1,0,1,0,1,0,0,0,0,1,0,1,1
1216
290,323,311,246,336,287,318,297,330,22,22,22,22,22,22,22,22,22,22,22,22,22,22,22,22,22,22,22,22,22,22,22,22,22,22,22,322,282,111,280,55,236,329,335,319,285,353,76,294,305,327,177,78,276,253,304,5,5,355,284,320,174,182,289,334,354,325,333,331,338,68,2,2,2,2,2,2,2,2,2,2,2,2,2,2,2,2,2,2,2,2,2,2,2,2,2,2,2,2,2,2,2,2,2,2,2,2,2,2,2,2,2,2,2,2,2,2,2,2,2,2,2,2,2,2,2,2,124,360,208,321,175,340,368
0,1,0,1,1,1,1,0,1,1,0,0,1,0,0,0,1,0,1,1,1,0,1,0,1,0,1,0,1,0,0,1,0,1,1,0,1,1,0,1,1,1,1,0,0,1,0,1,0,1,1,0,1,1,0,1,1,0,1,1,0,1,0,1,1,0,1,0,0,0,1,1,1,0,1,0,1,0,0,0,1,1,0,0,0,0,0,1,0,0,1,0,1,0,1,0,0,1,0,0,0,0,1,1,0,0,0,1,0,1,0,0,1,1,1,0,0,1,0,0,1,1,0,1,0,0,0,0,0,0,1,0,1,1
1217
336,324,346,292,295,91,219,339,293,237,56,317,349,315,354,236,110,263,316,45,111,353,327,314,291,171,288,2,2,2,2,2,2,2,2,2,2,2,2,2,2,2,2,2,2,2,2,2,2,2,2,2,2,2,2,2,2,2,2,2,2,2,2,2,22,22,22,22,22,22,22,22,22,22,22
1,1,1,0,0,0,1,0,0,0,1,1,1,1,1,1,0,0,1,1,0,0,0,1,1,1,1,1,1,0,0,1,1,0,0,0,1,0,0,0,0,0,1,1,0,1,0,0,1,1,0,0,0,1,1,0,0,1,0,1,1,1,0,0,0,1,0,1,0,1,1,1,0,0,1
1218
22,22,22,22,22,2,2,2,2,2,2,2,2,2,2,2,2,2,2,2,2,2,2,2,2,2,2,2,2,2,2,2,2,2,2
0,1,1,1,0,1,1,0,0,1,0,0,1,0,1,1,0,1,1,1,1,1,0,0,0,0,0,0,0,0,0,1,0,0,0
1219
323,235,237,236,334,318,286,284,355,283,330,295,22,22,22,22,22,22,22,22,22,22,22,22,22,22,322,293,279,56,146,313,263,289,315,365,106,199,285,325,317,335,45,282,364,353,2,2,2,2,2,2,2,2,2,2,2,2,2,2,2,2,2,2,2,2,2,2,2,2,2,2,2,2,2,2,2,2,2,2,2,65,171,288,288,301,91
1,0,0,1,1,1,0,1,1,0,0,0,0,0,1,1,1,0,0,1,1,1,0,0,0,0,0,1,0,0,0,1,1,0,1,0,1,1,1,0,1,0,1,0,1,0,0,1,1,1,1,0,0,1,0,0,1,1,1,0,0,0,1,1,1,1,1,1,0,1,0,1,0,1,1,1,1,1,1,1,0,1,1,1,1,1,0
1220
290,323,367,347,236,236,318,73,55,302,22,22,22,22,22,22,22,22,22,22,22,22,22,22,22,22,22,22,22,22,22,22,22,293,146,313,365,68,364,144,316,300,319,76,294,171,45,2,2,2,2,2,2,2,2,2,2,2,2,2,2,2,2,2,2,2,2,2,2,2,2,2,2,2,2,2,2,2,2,2,2,2,2,2,2,2,2,2,2,2,2,2,2,2,2,2,2,2,2,2,2,2,2,2,2,2,2,2,296,253,358,355,254,329,346,341,56,317,343,78,315,106,199,325,110,27,328,65,288,301,301
0,0,1,0,1,1,1,1,1,0,0,1,0,1,0,1,1,0,1,1,1,1,1,0,0,1,0,1,1,1,0,0,1,0,1,1,1,0,1,1,1,1,0,0,0,1,1,1,0,1,0,1,1,0,1,1,1,1,1,1,1,1,0,1,0,1,0,1,0,1,0,0,1,0,0,0,0,0,1,0,1,0,1,1,1,1,1,1,1,1,1,1,1,1,1,1,1,0,0,0,1,0,0,1,1,1,1,1,0,0,0,1,0,1,1,0,0,1,0,1,1,1,1,1,0,1,0,0,1,0,1
1221
280,22
1,1
1222
73,246,351,286,5,327,283,22,22,22,360,339,288,2,2,2,2,2,2,2,2,2,2,2,2,2,2,2,2,2,2,2,2,91
0,1,0,0,0,0,0,0,1,0,0,1,0,0,0,0,0,0,0,0,0,0,0,0,0,0,0,0,1,0,1,0,0,0
1223
299,323,73,287,358,355,146,330,22,22,22,22,22,22,22,22,22,22,22,22,22,22,22,22,22,22,22,22,22,22,298,282,56,317,303,315,365,110,316,319,27,65,171,307,2,2,2,2,2,2,2,2,2,2,2,2,2,2,2,2,2,2,2,2,2,2,2,2,2,2,2,2,2,2,2,2,2,2,2,2,2,2,2
1,1,0,1,1,1,0,1,1,1,1,1,0,1,1,1,0,0,1,1,1,1,1,1,1,1,1,1,1,1,1,1,1,0,1,1,1,1,1,1,0,1,1,1,1,1,1,1,1,0,1,1,0,1,1,1,1,1,1,1,0,1,0,0,1,0,1,1,1,1,1,1,1,1,1,1,1,0,0,0,1,1,1
1224
78,299,73,360,236,345,297,318,286,46,235,111,290,290,22,22,22,22,22,22,22,22,22,322,279,332,2,2,2,2,2,2,2,2,2,2,2,2,2,2,2,2,2,2,2,2,2,2,2,2,2,2,2,2,2,2,2,2,2,2,2,2,2,2,2,2,2,2,2,2,2,2,2,2,2,2,2,2,2,2,2,2,2,2,2,2,2,2,2,2,2,2,2,2,2,2,2,2,2,2,2,2,2,2,2
0,1,1,1,0,1,0,1,1,1,0,0,0,0,0,1,0,0,0,0,0,1,1,0,0,0,1,1,1,0,1,1,1,1,0,1,1,0,1,0,1,0,1,1,1,0,1,1,1,1,0,0,1,0,1,1,0,0,1,1,1,1,1,1,1,1,0,1,1,1,1,1,0,1,1,0,0,0,1,0,1,1,0,1,1,0,1,0,0,0,0,1,1,1,0,0,0,0,1,1,1,1,0,1,0
1225
41,309,288,2,2,2,2,2
0,0,0,1,1,0,1,1
1226
359,236,285,292,22,22,22,22,22,22,22,22,22,22,22,22,22,22,22,22,22,22,22,22,22,22,22,22,22,291,293,171,317,288,2,2,2,2,2,2,2,2,2,2,2,2,2,2,2,2,2,2,2,2,2,2,2,2,2,2,2,2,2,2,2,2,2,2,2,2,2,2,2,2,2,2,2,2,2,2,2,91
1,1,0,1,1,1,0,1,1,1,1,1,1,0,1,1,1,0,1,1,1,0,0,0,1,1,1,1,0,1,1,1,1,1,0,1,1,0,0,0,1,0,0,1,1,1,0,0,1,1,1,1,1,1,0,1,1,0,1,1,0,0,1,0,1,1,1,0,1,1,1,1,1,0,1,1,0,1,1,0,1,1
1227
323,367,246,236,286,302,22,22,22,22,22,22,22,22,22,22,22,22,22,22,22,22,22,22,22,22,22,22,22,22,22,22,22,22,22,22,22,22,22,22,22,282,332,312,365,335,313,319,285,353,359,309,171,45,327,247,253,284,355,358,283,288,91,293,317,341,303,151,354,350,333,348,68,2,2,2,2,2,2,2,2,2,2,2,2,2,2,2,2,2,2,2,2,2,2,2,2,2,2,2,2,2,2,2,2,2,2,2,2,2,2,2,2,2,2,2,2,2,2,2,2,2,2,2,2,2,2,2,2,2,2,2,2,2,2,2,2,2,2,2,2,2,2,2,2,2,2,2,2,2,2,2,2,2,2,2,2,2,2,2,2,2,2,2,2,2,2,2,2,2,2,2,2,2,2,2,2,2,2,2,2,2,2,2,2,2,2,2,2,2,2,2,2,2,345,279,331,301,301,368
0,1,1,1,0,1,1,1,0,1,1,1,1,1,1,1,1,1,1,1,1,0,0,1,1,1,0,1,1,1,0,1,0,0,0,1,1,1,1,0,0,0,1,1,1,1,1,1,0,0,1,1,1,1,1,0,1,1,1,0,1,1,0,1,1,0,0,1,1,1,0,1,1,0,1,1,1,1,1,0,0,0,0,0,0,1,0,1,0,1,1,0,0,0,0,0,1,0,1,0,0,0,0,0,0,0,0,0,1,0,0,0,0,0,1,0,0,1,0,0,1,1,0,1,0,1,0,0,0,1,1,0,1,0,1,1,1,1,1,1,0,0,1,0,1,1,1,1,1,1,1,1,0,1,0,0,1,1,0,1,1,0,0,1,1,1,1,1,1,1,1,1,0,0,0,0,1,1,0,1,1,1,1,1,0,0,1,0,1,1,1,1,1,0,1,1,1,1,0,1
1228
2
0
1229
303,318,337,361,263,333,305,319,285,2,2,2,2,2,2,2,2,2,2,2,2,2,2,2,2,2,2,2,2,2,2,2,2,2,2,2,2,2,2,2,2,2,2,2,2,2,2,2,2,2,2,2,2,2,2,2,331,327,22,22,22,22,22,22,22,22,22,22,22,22,22,22,22,22
0,1,0,1,1,1,0,1,0,1,1,0,1,0,1,1,1,0,1,1,0,1,0,1,0,0,1,0,1,0,1,0,1,0,1,1,1,1,1,1,1,1,0,1,0,1,0,1,0,0,0,0,0,1,1,0,0,0,1,1,0,1,1,1,0,1,1,1,1,1,1,1,1,0
1230
279
0
1231
22,2,2,2,2,2,2,2,2
1,0,0,0,0,1,0,0,0
1232
296,347,323,281,276,335,46,5,355,349,48,237,146,305,2,2,2,2,2,2,2,2,2,2,2,2,2,2,2,2,2,2,2,2,22
0,0,0,0,0,1,0,1,1,0,0,0,0,1,0,1,0,0,0,1,1,0,0,0,1,0,0,1,1,0,0,1,1,1,1
1233
174
1
1234
338,22,2,2,2,199
0,0,0,1,0,1
1235
296,235,155,347,68,329,335,350,358,252,22,22,22,22,22,22,22,22,22,22,22,22,27,76,65,352,48,2,2,2,2,2,2,2,2,2,2,2,2,2,2,2,2,2,2,2,2,2,2,2,2,2,2,2,2,2,2,2,2,2,2,2,2,2,2,2,2,2,2,2,2,2,2,2,2,2,2,2,2,2,2,2,2,2,2,2,2,2,2,2,2,2,2,2,2,2,2,2,337,337
1,0,0,0,1,1,0,0,0,1,1,0,0,1,0,0,0,0,1,0,0,0,1,0,0,1,0,0,0,0,1,0,0,1,1,1,0,0,1,1,1,0,1,1,1,1,1,1,1,0,1,1,1,0,1,1,1,1,1,1,1,1,1,1,0,1,1,0,0,0,0,1,1,1,0,1,1,1,1,0,0,1,1,1,1,1,1,1,0,1,1,1,1,1,1,1,0,1,0,0
1236
22,22,22,22,22,22,22,22,22,22,22,22,22,22,22,22,2,2,2,2,2,2,2,2,2,2,2,2,2,2,2,2,2,2,2,2,2,2,2,2,2,2,2,2,2,2,2,2,2,2,2,2,2,2,2,2
0,0,0,1,0,0,1,1,1,1,0,1,1,0,0,1,0,0,1,1,0,0,0,1,0,0,0,1,1,1,1,1,1,0,1,1,1,0,0,0,0,0,0,1,1,0,0,0,1,1,1,0,0,1,0,0
1237
289,323,22,22,182,2,2,2,2,2,308
1,0,1,0,0,1,0,0,0,0,0
1238
45,236,22,22,2,2,2,2,313
1,1,0,1,0,1,0,1,0
1239
299,323,73,289,337,336,296,247,41,297,311,355,358,22,22,22,22,22,22,22,22,298,339,333,326,349,327,78,236,110,5,319,68,328,76,276,2,2,2,2,2,2,2,2,2,2,2,2,2,2,2,2,2,2,2,2,2,2,2,2,2,2,2,2,2,2,2,2,2,2,2,2,2,2,2,2
1,0,1,1,0,0,1,1,0,1,1,1,1,1,0,0,1,1,1,1,1,1,1,1,0,0,0,1,1,0,1,0,1,1,0,1,0,0,1,1,0,1,1,1,1,1,1,0,1,1,0,0,0,1,0,0,1,1,1,1,1,0,1,0,1,1,1,0,1,1,1,1,0,0,0,1
1240
78,296,310,22,22,361,279,2
0,0,0,1,0,1,0,0
1241
299,356,347,337,344,298,5,330,330,295,22,22,22,22,22,22,22,22,22,22,22,22,22,22,322,339,306,312,151,320,325,335,67,111,328,208,334,2,2,2,2,2,2,2,2,2,2,2,2,2,2,2,2,2,2,2,2,2,2,2,2,2,2,2,2,2,2,2,2,2,2,2,2,2,2,2,2,2,2,2,2,2,2,2,2,2,2,2,2,2,2,2,2,2,2,2,2,2,2,2,2,2,2,2,2,2,2,2,2,2,2,2,2,2,2,2,2,2,2,2,2,2,2,2,2,2,2,2,2,2,2,2,2,2,2,2,2,2,2,2,2,2,2,2
1,1,0,1,0,1,1,0,0,1,1,1,0,1,0,1,0,0,1,0,0,1,1,1,0,0,1,1,1,0,0,1,1,0,1,0,0,1,1,1,0,1,1,1,1,1,1,0,1,0,1,1,0,1,1,1,1,0,1,0,1,1,1,1,1,1,0,1,1,0,1,0,1,0,1,0,1,1,1,1,1,1,1,1,1,1,1,1,0,0,0,0,1,1,1,0,1,1,1,1,1,1,1,0,1,1,1,1,0,1,1,1,1,0,1,1,1,1,0,1,1,1,0,1,1,0,1,1,1,1,1,1,1,1,1,1,1,0,0,1,0,1,1,1
1242
292,315,171,22,22,22,22,236,291,56,317,316,2,2,2,2,91
1,1,1,0,0,1,1,1,1,1,0,1,0,0,0,0,0
1243
247,56,320,337,236,91,293,41,316,288,171,292,22,22,22,22,22,22,22,22,22,22,22,22,22,22,22,22,22,314,291,315,279,317,45,2,2,2,2,2,2,2,2,2,2,2,2,2,2,2,2,2,2,2,2,2,2,2,2,2,2,2,2,2,2,2,2,2,2,2,2,2,2,2,2,2,2,2,2,2,2,2,2,2,2,2,2,2,2,2,2,2,2,2,2,199
1,1,1,1,1,0,1,1,1,1,1,1,1,1,1,1,1,1,1,0,1,1,0,1,1,1,0,1,0,1,1,1,1,1,0,1,1,1,0,1,0,1,0,0,1,1,0,1,1,1,1,0,1,1,0,1,0,1,0,1,1,0,1,0,0,0,0,1,0,1,1,1,1,1,1,0,0,0,1,1,1,0,1,0,0,0,0,1,1,0,1,0,1,0,0,1
1244
22,22,22,22,22,22,22,22,22,22,2,2,2,2,2,2,2,2,2,2,2,2,2,2,2,2,2,2,2,2,2,2,2,2
0,1,1,1,1,1,1,1,1,1,1,0,0,0,1,1,0,1,0,0,0,0,1,1,1,0,1,1,1,0,0,0,0,1
1245
22,22,22,22,22,22,22,22,22,22,22,22,2,2,2,2,2,2,2,2,2,2,2,2,2,2,2,2,2,2,2,2,2,2,2,2,2,2
0,0,1,1,0,1,1,1,1,1,0,0,1,0,1,0,0,0,1,1,1,1,0,0,0,1,1,1,0,0,0,0,0,0,1,0,0,0
1246
151,356,199,46,276,280,67,22,22,22,22,22,22,22,22,22,22,22,22,22,22,22,22,22,22,22,22,22,22,22,22,22,22,360,332,2,2,2,2,2,2,2,2,2,2,2,2,2,2,2,2,2,2,2,2,2,2,2,2,2,2,2,2,2,2,2,2,2,2,2,2,2,2,2,2,2,2,2,2,2,2,2,2,2,2,2,2,2,2,2,2,2,2,2,2,2,2,2,2,2,2,2,2,2,2,2,2,2,2,2,2,2,2,2,2,2,2,2,2,2,2,2,2,2,2,337
0,1,1,1,0,0,1,0,0,0,0,0,0,0,0,1,1,1,1,1,1,0,1,1,1,1,1,1,0,1,1,1,1,1,1,0,0,0,0,1,0,1,0,1,1,1,0,1,1,0,0,0,0,1,1,0,1,1,1,0,1,0,0,1,1,0,0,1,1,1,1,1,1,0,1,0,1,1,1,1,0,1,1,1,0,0,1,1,1,1,1,1,1,0,1,1,1,1,0,1,0,0,0,1,1,1,1,1,1,1,1,1,1,0,1,1,1,0,1,1,1,1,1,1,1,1
1247
144,22,2,2,2,2,2,2
1,1,1,0,0,0,1,0
