1844
299,22,22,2,2,2,2,2,2,2,2,2,2,2,2,2,2,2,2,2,2,2,2,2,2,2,2,2,2,2
1,0,1,0,0,1,1,1,0,0,1,1,0,1,0,1,1,1,0,0,1,0,0,1,1,0,1,0,0,1
1845
330,343,298,287,368,5,2,2,2,2,2,2,2,2,2,2,2,2,2,2,2,2,2,2,2,2,2,2,2,2,2,2,2,2,2,2,2,2,2,2,2,2,2,22,22,22
0,0,1,0,1,0,1,0,1,0,1,0,1,1,0,0,0,0,0,1,1,1,1,0,1,1,0,0,1,0,1,0,0,1,1,1,1,0,0,1,1,1,1,1,1,0
1846
338,327,22,22,22,22,22,22,22,22,22,22,22,284,2,2,2,2,2,2,2,2,2,2,2,2,2,2,2,2,2,2,2,2,2,2,2,2,2,2,2,2,2,2,2,2,2,2,2,2,2,2,2,2,2,2,2,5
0,0,0,0,0,0,0,0,1,1,0,1,0,0,0,0,1,0,1,1,0,1,0,0,0,0,0,0,0,0,1,0,0,1,1,1,0,0,0,0,1,0,0,0,0,0,0,0,0,1,0,0,1,1,0,0,1,0
7503
254,283,22,22,22,22,276,276,288,2,2,2,2,2,2,2,2,2,2,2,2,2,2,2,2,2,2,2,2,2,2,2,2,2,2,2,349
0,0,1,0,1,0,1,0,0,0,1,0,0,0,0,0,0,0,1,1,1,1,0,1,0,1,0,1,0,0,1,0,0,0,1,0,1
1848
282,65,2,2
0,0,1,0
1849
299,296,289,236,287,144,286,46,279,174,283,330,356,22,22,22,22,22,22,22,22,22,22,22,22,22,22,22,22,22,22,22,22,22,22,22,22,22,22,22,22,22,22,22,22,346,293,237,326,317,332,332,327,362,111,342,106,27,350,363,319,68,359,2,2,2,2,2,2,2,2,2,2,2,2,2,2,2,2,2,2,2,2,2,2,2,2,2,2,2,2,2,2,2,2,2,2,2,2,2,2,2,2,2,2,2,2,2,2,2,2,2,2,2,2,2,2,2,2,2,2,2,2,2,2,2,2,2,2,2,2,2,2,2,2,2,304,291,171,331,301,91
1,1,0,1,1,0,0,1,0,1,0,0,1,0,1,1,1,1,1,0,0,0,0,1,1,1,0,1,1,1,1,0,0,1,1,0,1,0,0,1,0,0,1,0,1,1,0,0,0,0,0,0,0,1,0,1,1,1,0,1,0,1,0,1,1,0,0,1,0,1,0,0,1,0,1,0,0,0,0,1,0,1,0,0,1,0,0,0,0,0,1,1,0,0,1,1,1,1,0,0,1,1,1,1,0,1,1,0,1,0,1,0,1,1,1,1,1,1,0,0,1,1,0,0,0,1,1,1,1,1,0,1,0,0,1,0,0,1,0,0,0,1
1850
338,246,22,22,22,22,252,350,358,2,2,2,2,2,2,2,2,2,2,2,2,2,2,2,2,2,357
0,0,0,0,0,0,1,0,0,0,0,1,1,0,0,0,1,0,1,0,0,0,0,0,0,0,0
1851
285,253,311,2,2,2,2
0,0,0,0,0,0,0
1852
2
0
1853
359,22,22,22,22,22,22,22,370,219,369,175,171,317,313,2,2,2,2,2,2,2,2,2,2,2,2
1,0,0,0,0,1,1,0,1,1,1,1,0,0,0,1,0,1,1,1,1,1,0,1,0,1,0
1854
67,2,2
1,1,1
1855
22,22,2,2,2,2,2,2
1,0,0,1,0,1,0,1
1856
78,355,22,22,314,325,305,2,2,2,2,2,2,2,2,2,2,321
1,1,1,0,0,0,1,1,0,1,1,0,0,0,0,1,0,1
1857
296,311,279,354,347,325,110,253,280,348,254,328,22,22,22,22,22,322,341,55,182,2,2,2,2,2,2,2,2,2,2,2,2,2,2,2,2,337
1,1,0,0,0,0,1,1,0,0,0,0,0,1,1,0,1,0,0,1,1,0,1,1,1,1,1,1,0,1,0,1,0,0,1,1,0,1
1858
290,235,76,174,283,22,22,22,22,22,22,22,22,22,22,22,22,22,22,22,317,332,341,171,320,343,334,325,110,263,350,333,329,353,359,309,2,2,2,2,2,2,2,2,2,2,2,2,2,2,2,2,2,2,2,2,2,2,2,2,2,2,2,2,2,2,2,2,2,2,2,2,2,2,2,2,2,124,294,368,305,326,321
0,0,1,0,0,0,0,1,1,1,1,0,0,0,1,0,0,1,1,1,0,1,0,1,0,0,0,0,0,0,1,1,0,0,1,0,0,0,1,1,0,1,0,1,0,0,0,0,0,0,1,0,0,0,0,0,1,1,1,0,0,1,0,0,0,1,1,1,0,1,1,0,1,1,1,1,1,0,0,1,0,1,1
1859
283,177,199,340,364,237,253,363,174,288,22,22,22,22,22,22,22,22,353,309,2,2,2,2,2,2,2,2,2,2,2,2,2,2,2,2,2,2,2,2,2,2,2,2,2,2,2,2,2,346,65,348,349,155,368
1,1,1,0,0,0,1,0,1,1,1,1,1,1,1,1,0,0,1,1,1,1,1,1,0,1,1,1,1,0,1,1,1,0,1,0,0,0,0,1,1,0,1,0,1,1,0,1,1,1,1,1,0,1,0
1860
282,177,352,22,22,22,22,22,22,22,22,22,22,22,22,22,22,22,22,22,22,2,2,2,2,2,2,2,2,2,2,2,2,2,2,2,2,2,2,2,2,2,2,2,2,2,2,2,2,2,2,2,2
0,0,1,0,1,1,1,1,1,1,1,1,0,1,1,0,0,1,1,0,1,0,0,1,0,1,0,0,0,1,0,0,0,0,1,1,1,0,1,1,1,1,1,0,0,1,0,0,0,0,0,0,0
1861
290,296,235,246,337,236,287,344,311,286,297,284,358,324,363,22,22,22,22,22,22,22,22,22,22,282,237,155,341,289,151,106,199,325,354,350,5,319,68,76,327,320,345,294,308,308,2,2,2,2,2,2,2,2,2,2,2,2,2,2,2,2,2,2,2,2,2,2,2,2,2,2,2,2,2,2,2,2,2,2,2,2,2,2,2,2,2,2,2,2,2,2,2,2,2,2,2,2,2,2,2,2,2,2,2,2,2,2,2,2,2,2,2,2,2,2,2,2,2,2,2,2,2,2,2,2,2,2,2,2,2,2,2,2,2,2,2,2,2,2,2,2,368
0,1,0,0,1,1,0,1,1,0,1,0,1,1,0,0,1,1,0,0,1,1,1,1,0,0,0,1,0,1,1,1,1,0,1,1,0,0,1,0,1,1,1,1,0,1,0,1,1,1,0,0,0,1,0,1,1,0,0,0,0,1,1,0,1,0,1,0,1,0,0,1,1,0,1,1,0,1,1,0,1,1,1,1,0,1,1,1,1,1,1,0,0,1,1,1,1,1,1,0,1,1,0,0,0,1,0,0,1,1,0,1,1,1,0,1,0,0,1,0,0,1,1,1,1,0,1,1,1,1,1,1,1,1,1,1,1,1,1,1,0,1,0
1862
22,22,22,22,22,22,22,22,22,22,2,2,2,2,2,2,2,2,2,2,2,2,2,2,2
0,1,0,0,0,1,1,0,0,0,1,0,0,0,0,1,0,0,0,0,0,0,0,0,0
1863
323,247,336,284,254,324,22,22,22,22,22,22,22,22,22,22,55,317,317,332,283,343,86,263,306,353,208,48,171,171,331,2,2,2,2,2,2,2,2,2,2,2,2,2,2,2,2,321
1,0,0,0,0,1,0,0,1,0,0,0,0,1,0,0,1,0,0,0,0,0,0,0,1,0,0,0,1,0,1,0,1,0,0,0,0,1,0,0,0,1,1,0,0,0,0,1
1864
323,73,351,337,236,318,297,324,22,22,22,22,22,22,22,22,22,22,22,22,22,22,22,22,22,22,22,22,22,22,22,22,293,146,300,285,353,359,309,294,171,45,2,2,2,2,2,2,2,2,2,2,2,2,2,2,2,2,2,2,2,2,2,2,2,2,2,2,2,2,2,2,2,2,2,2,2,2,2,2,2,2,2,2,2,2,2,2,2,2,2,2,2,2,2,2,2,2,2,2,2,2,2,2,2,2,2,2,2,2,78,235,356,356,344,253,5,5,252,295,91,346,41,317,349,289,151,279,106,354,350,357,338,124,360,291,65,334,288,301,321
0,1,0,1,1,1,0,1,1,0,0,1,1,1,0,0,0,1,0,1,1,0,1,1,1,0,1,1,1,0,0,1,1,1,1,0,1,0,1,0,1,0,1,1,0,0,1,0,0,0,1,0,1,0,1,1,0,1,0,0,0,1,1,0,0,1,1,1,1,0,0,0,0,1,0,1,1,1,0,1,1,1,1,0,0,0,1,1,1,0,0,0,0,0,1,1,1,1,1,0,0,0,1,0,0,1,1,1,1,0,1,0,1,1,1,0,0,1,0,1,1,1,0,1,0,0,0,0,1,1,0,0,0,1,1,0,0,1,1,0,1
1865
283,315,22,22,22,236,171,317,316,2,2,2,2,2,2,2,45
0,1,1,1,0,0,1,0,1,0,1,0,0,0,0,0,0
1866
299,323,235,354,337,337,287,344,253,41,5,357,359,22,22,22,22,22,22,22,22,22,22,22,22,22,280,171,317,305,2,2,2,2,2,2,2,2,2,2,2,2,2,2,2,2,2,2,2,2,2,2,76
1,0,0,0,0,0,0,0,0,0,0,0,0,1,0,1,0,0,0,0,0,1,0,1,1,1,1,0,0,0,0,0,0,0,0,0,1,0,1,0,0,1,1,1,0,0,1,1,1,0,0,0,0
1867
2,2,2,2,2,2,2,2,2,2,2,2,2,2,2,356,236,263,355,357,302,309,22,22,22,22,22,22,295,65,279,318,340
1,1,1,1,1,1,1,1,1,1,1,1,0,0,0,1,1,0,1,1,1,1,0,1,1,1,1,1,0,1,1,1,0
1868
319,321,73,22,22,22,343,175,368,5,332,2,2,2,2,2,2,2,2,2,284
1,1,1,1,0,1,0,0,1,1,0,0,0,1,0,0,1,1,0,0,0
1869
27,330,340,22,22,22,22,22,287,353,2,2,2,2,2,2,2,2,2,2,2,2,2,2,2,2,327
0,1,0,0,0,0,0,0,1,0,0,0,1,1,0,0,0,0,1,0,0,1,0,0,0,0,0
1870
280,246,22,22,22,22,22,22,22,22,22,22,22,22,22,22,22,22,22,22,352,279,155,2,2,2,2,2,2,2,2,2,2,2,2,2,2,2,2,2,2,2,2,2,2,2,2,2,2,2,2,2,2,2,2,2,2,2,2,2,2,2,2,2,2,2,308
1,1,1,1,1,1,1,0,0,0,1,1,0,1,1,1,1,0,0,0,1,0,0,1,1,1,0,1,1,0,0,0,1,1,1,0,1,0,0,1,1,1,1,1,1,1,1,1,1,0,0,0,1,1,1,1,0,1,1,1,1,0,0,1,1,1,1
1871
296,73,246,236,344,304,252,48,332,22,22,22,22,22,22,22,22,22,22,336,305,339,346,352,317,313,308,315,56,354,343,329,335,316,357,111,124,294,45,2,2,2,2,2,2,2,2,2,2,2,2,2,2,2,2,2,2,2,2,2,2,2,2,2,2,2,2,2,2,2
1,1,1,1,1,0,1,0,0,1,1,0,1,1,1,0,1,0,1,1,0,1,1,1,1,1,1,1,1,0,0,1,0,1,1,1,0,1,1,1,0,0,1,1,1,0,0,1,1,0,0,1,1,1,0,1,0,0,0,1,1,0,1,1,0,0,0,0,0,1
1872
283,177,2,2
0,0,0,0
1873
315,334,236,263,56,316,45,288,292,340,22,22,22,22,22,293,171,317,313,2,2,2,2,2,2,2,2,2,2,2,2,2,2,2,2,2,2,2,2
1,1,0,0,0,1,1,0,1,0,1,1,0,0,1,0,0,0,1,1,0,1,0,0,0,1,1,1,1,1,0,0,0,0,1,0,1,0,1
1874
364,294,2,2
0,1,1,0
1875
2,2,2,2,2,22,355
1,0,1,1,0,1,0
1876
362,299,315,310,22,22,22,22,22,22,22,236,366,56,46,305,2,2,2,2,2,2,2,2,2,2,2,2,2,2,2
1,1,1,1,1,1,1,1,1,0,0,1,1,0,1,0,1,1,1,1,0,0,0,0,1,0,0,1,0,0,1
1877
2,2,2,2,2,2,2,2,2,2,2,2,2,2,2,2,2,2,2,2,2,2,2,2,2,2,2,2,2,2,2,2,2,2,2,2,2,2,2,2,2,2,2,2,2,2,2,2,2,2,2,2,2,2,2,2,2,2,2,2,2,2,2,2,2,2,2,2,2,2,2,2,2,2,2,2,2,2,2,296,311,246,320,300,331,323,325,318,368,5,348,353,290,22,22,22,22,22,341,279,335,301,289
1,0,0,0,0,1,0,1,0,0,0,1,1,1,0,1,1,1,1,1,1,1,0,1,1,0,0,1,1,1,1,1,0,1,1,1,1,1,1,0,0,0,0,0,1,1,1,0,1,1,0,1,0,1,1,1,1,1,1,1,1,1,1,1,1,1,1,1,1,1,1,1,1,1,1,1,1,0,0,1,0,0,0,1,0,0,1,1,0,0,0,1,0,0,1,0,1,0,0,0,0,1,1
1878
2
1
1879
78,299,299,311,289,336,236,236,296,329,46,297,5,302,353,22,22,22,22,22,22,22,22,22,22,22,22,22,22,22,247,247,363,279,313,2,2,2,2,2,2,2,2,2,2,2,2,2,2,2,2,2,2,2,2,2,2,2,2,2,2,2,2,2,2,2,2,2,2,2,2,2,2,2,2,2,2,2,2,2,2,2,2,2,2,2,2,2,2,368
1,1,1,1,1,0,1,1,0,1,1,1,1,1,1,0,1,1,1,0,0,0,0,1,0,1,1,0,0,1,0,1,0,1,1,1,0,1,1,1,1,1,1,1,1,0,0,0,0,0,1,1,1,1,1,0,0,1,1,0,0,1,1,1,1,0,0,1,1,1,1,1,0,1,1,1,1,1,0,0,1,1,1,0,1,1,0,1,0,1
1880
353,22,22,2,2,2,2,2,2
0,0,1,0,0,0,1,1,0
1881
311,246,347,281,344,284,5,283,330,288,22,22,22,22,22,22,22,22,22,22,22,22,322,237,352,349,2,2,2,2,2,2,2,2,2,2,2,2,2,2,2,2,2,2,2,2,2,2,2,2,2,2,2,2,2,2,2,2,2,2,2,2,2,2,312,177,354,348,338,285,328,340,124,65,305,301,76
1,1,0,0,1,1,1,0,0,0,0,0,1,1,1,0,1,1,0,0,1,1,0,0,1,0,1,0,1,1,1,0,0,1,0,0,1,0,0,0,0,0,0,1,0,0,0,0,0,0,0,0,0,0,1,0,1,1,1,1,1,1,0,1,1,1,0,1,0,0,1,0,0,0,1,0,0
1882
312,365,22,22,22,22,333,2,2,2,2,2,2,2,2,2,2,2,2,2,2,2,326
0,1,1,0,1,1,0,0,0,1,1,0,0,0,1,0,1,0,1,0,0,0,0
1883
68,22,22,2,2,2,284
1,1,0,0,1,0,1
1884
22,22,22,22,22,2,2,2,2,2,2,2,2,2,2,2,2,2,2,2,2,2,2,2,2,2,2
0,0,1,0,1,1,0,1,0,0,0,0,0,0,0,0,0,0,0,1,0,1,1,1,0,1,0
1885
299,73,246,347,236,236,303,276,247,284,22,22,22,22,22,22,22,22,22,22,22,22,22,22,22,22,22,22,22,22,22,22,22,22,22,22,322,237,348,155,343,312,293,365,336,27,329,182,335,144,349,111,359,314,294,171,307,45,2,2,2,2,2,2,2,2,2,2,2,2,2,2,2,2,2,2,2,2,2,2,2,2,2,2,2,2,2,2,2,2,2,2,2,2,2,2,2,2,2,2,2,2,2,2,2,2,2,2,2,2,2,2,2,2,2,2,2,2,2,2,2,2,2,2,177,296,235,41,304,5,5,5,252,283,363,292,295,91,91,346,352,317,65,341,289,342,354,199,68,86,319,364,328,327,124,124,291,48,279,288,301
1,1,1,1,1,1,0,1,1,0,0,0,1,1,1,1,0,0,0,0,0,0,0,1,1,0,0,0,1,0,0,0,1,0,1,0,0,0,0,0,0,0,1,1,0,1,0,1,0,1,0,0,0,1,0,1,0,0,1,0,0,0,0,1,1,0,1,1,0,0,0,1,0,0,1,0,0,0,0,1,1,0,1,0,1,0,0,1,0,0,0,1,0,0,1,0,1,1,0,1,0,1,1,1,1,1,0,0,0,1,0,1,0,0,1,1,0,0,0,1,0,1,0,0,0,1,0,1,0,1,0,0,1,0,0,1,0,0,0,1,1,0,0,0,1,1,1,1,1,0,0,0,0,1,0,0,1,1,0,0,0
1886
78,177,365,320,287,344,350,146,68,330,328,22,22,22,22,22,65,307,325,2,2,2,2,2,2,2,2,2,2,2,2,2,2,2,2
1,0,1,0,1,1,0,0,1,0,0,0,0,0,1,0,1,1,0,0,0,1,0,0,1,0,0,1,1,0,0,0,0,0,0
1887
318,22,2
1,0,0
1888
309,22,22,22,339,333,237,352,349,2,2,2,2,2,2,2,2,2,2,2,2,2,2
1,0,0,1,0,0,1,1,0,1,1,1,1,0,0,0,1,1,1,0,1,1,0
1889
351,22,22,22,236,237,56,2,2,2,2,2,2,2,2,2
0,0,0,1,1,0,0,0,0,1,0,1,1,0,1,0
1890
111,22,22,2,2,2,2,2
0,1,1,0,1,0,0,0
1891
290,331,304,337,236,236,41,286,276,5,175,292,91,91,336,346,293,305,56,317,332,73,327,289,315,354,343,263,350,316,288,235,2,2,2,2,2,2,2,2,2,2,2,2,2,2,2,2,2,2,2,2,2,2,2,2,2,2,2,2,2,2,2,2,2,2,2,2,124,344,291,48,171,45,301,22,22,22,22,22,22,22,22
0,1,0,1,1,1,1,0,0,1,0,1,0,0,1,1,1,1,1,0,0,0,1,1,1,1,1,1,0,0,0,0,1,1,0,0,1,0,1,1,0,0,0,0,1,0,1,1,0,1,1,1,1,1,1,0,0,0,0,0,1,1,1,0,1,0,1,1,1,1,0,0,1,1,1,1,1,1,1,1,1,0,1
1892
303,246,358,281,252,284,5,330,22,22,22,22,22,22,22,22,22,22,352,182,325,341,289,338,177,354,343,329,110,67,333,319,364,353,334,2,2,2,2,2,2,2,2,2,2,2,2,2,2,2,2,2,2,2,2,2,2,2,2,2,2,2,2,2,2,2,2,2,2,2,2,2,2,2,2,2,2,2,2,2,2,2,2,2,321
1,1,1,0,1,0,0,1,1,1,0,0,1,0,0,1,0,0,1,0,0,0,1,0,0,0,0,1,0,1,0,0,0,0,1,0,1,0,1,0,1,1,1,0,1,0,0,0,1,0,0,0,0,0,0,0,0,1,0,1,1,0,1,0,0,1,0,0,0,0,0,1,1,0,0,0,0,0,0,1,0,0,0,0,1
1893
315,336,253,305,305,45,292,22,22,22,22,22,22,22,22,22,22,22,22,22,22,22,22,22,22,22,346,293,65,56,288,2,2,2,2,2,2,2,2,2,2,2,2,2,2,2,2,2,2,2,2,2,2,2,2,2,2,2,2,2,2,2,2,2,2,2,2,2,2,2,2,2,2,2,2,2,2,2,2,2,2,2,2,2,2,2,2,2,2,2,2,2,2
0,0,0,0,1,1,0,0,1,0,1,0,1,0,1,1,0,1,0,1,0,1,1,0,1,1,1,1,1,1,0,0,0,0,0,0,0,0,1,0,0,0,1,1,0,0,1,0,0,0,0,0,0,0,1,0,0,1,1,0,0,1,1,0,0,0,1,0,1,0,0,1,0,0,0,0,0,0,1,1,0,0,1,0,0,0,0,0,0,0,0,0,1
1894
78,296,290,236,297,313,45,310,22,22,22,2,2,2,2,2,2,2,279,288,288,301
1,0,0,0,0,1,0,0,0,1,0,1,1,1,0,0,0,1,0,0,0,0
1895
235,22,2,2,2,2,2,2,2,2,2,284,333,347
1,0,0,0,0,0,0,0,0,0,0,0,0,0
1896
2,22,361
1,1,0
1897
323,235,356,347,287,253,301,174,306,22,22,22,22,22,22,22,247,339,2,2,2,2,2,2,2,2,2,2,2,2,2,2,2,2,2,2,2,2,2,2,2,2,2,2,2,2,2,318,326
0,0,0,0,1,0,1,0,1,1,0,1,1,0,1,0,0,0,0,0,1,1,0,0,1,1,1,0,0,1,0,0,1,0,0,0,0,0,0,1,0,0,0,0,1,0,1,0,0
1898
78,296,352,335,5,306,68,292,2,2,2,2,2,2,2,2,2,2,2,2,2,2,2,2,2,2,2,2,2,2,2,2,2,2,2,2,2,2,2,2,2,2,2,2,2,2,2,2,2,2,2,2,2,2,2,2,2,2,2,2,2,2,2,2,2,2,2,2,282,282,279,279,288,361,22,22,22
1,1,1,0,0,0,0,0,0,0,1,0,0,0,0,1,0,1,0,0,1,1,0,0,1,1,0,0,0,1,0,0,0,1,1,0,0,1,1,1,1,0,1,0,1,0,0,1,0,1,1,1,0,0,1,1,1,1,0,1,1,1,0,1,0,1,1,0,0,0,1,1,0,1,1,0,0
1899
175,22,2
0,0,0
1900
315,292,22,22,22,22,22,236,171,317,313,2,2,2,2,2,2,2,2,2,2,2,45
1,1,0,0,0,1,1,1,1,0,1,1,0,0,0,0,0,0,1,0,0,0,1
1901
247,295,22,2,2,2,2,2
0,0,0,0,0,1,0,0
1902
247,294,155,22,22,22,22,22,22,22,22,22,22,22,22,2,2,2,2,2,2,2,2,2,2,2,2,2,2,2,2,2,2,2,2,2,2
0,0,0,1,1,1,1,1,1,1,0,0,1,0,1,0,1,0,0,0,0,1,0,0,1,0,0,1,1,1,1,0,0,0,1,0,0
1903
315,171,22,22,22,22,22,236,48,56,317,316,2,2,2,2,2,2,2,2,2,2,2,2,2,2
0,0,0,0,0,1,1,1,0,0,0,1,0,1,0,0,1,0,1,0,0,0,1,0,1,0
1904
289,367,236,286,73,284,324,22,22,22,22,22,298,352,332,308,78,319,280,175,288,306,327,279,305,2,2,2,2,2,2,2,2,2,2,2,2,2,2,2,2,2,2,2,2,2,2,2,2,2,2,2,2,2,2,2,2,2,2,2,2,2,2,2,2,2,2,2,2,2,2,2,2,2,2,2,2,2,2,2,2,2,2,2,2,2,2,2,2,2,2,2,2,2,2,2,2,2,2,2,2,2,2,2,2,2,2,2,2,2,2,2,2,2,2,2,2,2,2,2,2,2,2,2,2,2,2,2
1,1,0,1,0,1,1,0,1,1,0,0,1,0,0,0,0,0,0,0,0,0,0,0,0,0,1,1,0,0,1,1,0,1,0,0,1,1,1,1,1,1,1,0,0,1,1,1,0,1,1,1,1,1,1,1,1,1,1,1,1,0,1,1,0,1,0,1,1,0,1,1,1,1,1,1,1,0,1,1,1,1,0,1,1,0,1,1,0,1,1,1,0,1,0,0,0,0,1,0,0,0,0,1,0,1,0,0,1,1,1,1,0,1,1,1,0,1,0,1,0,0,0,1,0,1,1,1
1905
315,56,236,288,316,348,292,22,22,22,22,293,291,48,48,171,317,45,2,2,2,2,2,2,2,2,2,2,2,2,2,91
0,1,1,0,1,1,0,1,0,0,0,0,1,0,1,1,0,1,0,0,0,0,0,0,0,0,0,0,0,0,0,0
1906
78,296,299,236,298,298,297,67,73,288,22,22,22,22,22,22,22,22,2,2,2,2,2,2,2,2,2,2,2,2,2,2,2,2,2,2,2,2,2,2,2,2,2,2,2,2,2,2,2,2,2,2,2,293,279,313,301
0,0,1,0,1,1,0,1,0,0,0,0,0,1,0,0,0,0,0,0,0,0,0,1,0,1,0,0,1,0,0,1,0,0,1,0,0,0,0,0,0,0,0,0,0,0,0,0,0,0,1,1,0,0,0,0,1
1907
78,296,73,22,22,22,22,236,279,288,2,2,2,2,2,2,2,2,2,2,2,2,2,2,2,2,2,2,2,2,2,2,2
1,0,0,1,1,1,1,1,1,0,0,0,0,1,0,1,0,1,1,1,1,0,0,0,0,0,1,0,1,1,0,1,0
1908
311,351,347,236,281,318,297,302,324,322,237,146,332,329,335,144,319,285,353,309,76,314,308,307,305,326,296,41,253,5,5,5,287,174,254,91,339,352,349,341,289,354,343,86,110,263,348,338,68,328,2,2,2,2,2,2,2,2,2,2,2,2,2,2,2,2,2,2,2,2,2,2,2,2,2,2,2,2,2,2,2,2,2,2,2,2,2,2,2,2,2,2,2,2,2,2,2,2,2,2,2,2,2,2,2,2,2,2,2,2,2,2,2,2,2,2,2,2,2,2,2,2,2,2,2,2,2,2,2,2,2,2,2,2,2,2,2,2,2,2,2,2,2,2,2,2,2,2,2,2,2,2,2,2,2,2,2,2,2,2,2,2,2,2,2,2,2,2,2,2,2,2,2,2,2,2,2,2,2,2,2,2,2,2,2,2,124,124,360,208,65,331,301,368,290,323,367,246,337,336,286,276,247,284,330,22,22,22,22,22,22,22,22,22,22,22,22,22,22,22,22,22,22,22,22,22,22,22,22,22,22,22,22,22,22,22,22,22,22,22,22,22,22,22,282,357,312,280,364,175,321,300,111,294,327,177,235,344,304,252,355,358,363,295,346,55,182,78,151,342,320,199,279,333,27,340,345,303,334,288
1,1,0,1,0,1,0,1,1,1,0,0,1,0,1,1,1,0,0,0,1,1,0,1,1,1,1,1,1,1,1,0,1,1,0,0,1,1,1,1,1,1,0,0,0,0,1,0,0,0,0,1,1,1,1,1,1,0,0,1,0,0,1,1,0,1,1,1,0,1,0,0,1,0,0,0,0,1,1,0,1,1,0,0,1,0,1,1,0,1,0,0,1,0,1,1,0,0,1,0,0,0,1,1,0,1,0,0,1,1,0,1,1,0,1,0,1,1,0,0,0,1,0,1,0,0,0,1,0,1,1,0,1,1,0,0,1,1,1,1,1,0,1,1,0,1,1,1,0,1,0,0,1,1,0,1,1,0,1,1,1,1,0,1,0,1,1,0,0,1,1,1,1,0,0,1,0,1,1,1,1,1,1,0,1,1,0,0,1,0,0,0,0,1,0,1,1,0,0,1,0,0,0,1,1,0,1,1,1,0,0,0,0,0,0,0,0,1,1,1,1,0,0,0,1,1,1,1,1,0,1,1,0,1,1,0,1,0,0,1,1,1,1,1,1,1,1,1,0,1,1,1,0,1,1,0,0,1,1,1,1,0,0,1,1,1,1,1,0,1,0,1,1,0,0,0,0,1,1,0
1909
22,2,2,368
1,1,0,0
1910
2
0
7605
299,299,73,73,246,236,364,110,5,5,254,340,340,298,177,2,2,2,2,2,2,2,2,2,2,2,2,2,2,2,2,2,2,2,2,2,2,2,2,2,2,2,2,2,2,2,2,2,2,2,2,2,2,2,2,2,2,2,2,2,2,2,2,2,2,2,2,2,2,2,2,2,2,2,2,2,2,2,2,2,2,2,2,2,2,2,2,2,2,2,2,2,2,2,2,2,22,22,22,22,22,22,22,22,22,22,22,22,22
1,1,1,1,0,1,0,0,0,0,0,0,0,1,0,1,0,0,0,1,0,0,1,1,1,0,0,1,0,0,1,0,1,1,0,0,0,1,1,0,1,1,0,0,0,0,1,0,0,0,0,0,1,0,0,0,1,1,1,1,1,1,1,1,0,0,0,0,0,0,1,1,1,1,1,1,0,0,0,0,0,1,0,0,0,0,0,0,0,0,0,0,0,0,0,1,0,0,1,0,0,0,1,1,1,1,0,0,1
1912
68,365,22,336,175,252,2,2,2
1,1,1,1,0,1,1,1,0
1913
311,281,360,252,357,282,27,353,22,22,22,22,22,22,22,22,22,22,22,22,22,22,322,346,2,2,2,2,2,2,2,2,2,2,2,2,2,2,2,2,2,2,2,2,2,2,2,2,2,2,2,2,2,2,2,2,2,2,2,2,368
1,0,1,1,1,1,1,0,1,1,0,1,0,1,1,1,1,1,1,1,0,1,1,1,1,1,1,0,0,1,1,1,1,0,1,1,1,1,1,1,1,1,1,0,1,1,1,1,1,1,1,1,0,0,1,0,1,1,1,0,1
8103
254,235,22,22,22,22,336,48,237,2,2,2,2,2,2,2,2,2,2,2,2,2,2,2,2,2,2,2,2,2
0,0,0,0,0,0,1,1,0,0,1,1,0,1,0,0,0,0,0,0,1,1,0,1,1,1,1,0,0,1
1915
367,22,22,2,2,2,348
1,0,1,0,0,1,1
1916
65,151,246,253,347,325,263,297,73,174,309,22,22,22,22,22,22,22,22,346,295,294,318,2,2,2,2,2,2,2,2,2,2,2,2,2,91
1,1,1,1,0,0,0,1,0,0,1,1,1,1,0,1,1,1,1,1,0,0,0,1,0,0,1,0,1,1,1,1,1,0,1,1,0
1917
296,73,347,236,236,344,304,41,5,330,292,22,22,22,22,22,22,22,22,22,22,22,22,22,22,22,22,22,22,22,22,22,22,22,22,22,22,22,22,22,22,336,339,293,182,349,171,199,91,364,317,288,288,68,359,124,360,291,334,45,2,2,2,2,2,2,2,2,2,2,2,2,2,2,2,2,2,2,2,2,2,2,2,2,2,2,2,2,2,2,2,2,2,2,2,2,2,2,2,2,2,2,2,2,2,2,2,2,2,2,2,2,2,2,2,2,2,2,2,2,2,2,2,2,2,2,2,2,368
1,1,0,1,1,0,1,1,1,1,0,0,1,1,0,1,1,0,0,1,1,0,1,0,1,1,1,1,1,1,1,1,1,1,1,1,1,1,1,1,0,1,0,1,1,0,0,1,0,1,0,0,1,1,1,0,1,1,0,1,1,0,0,1,0,1,1,1,1,1,1,0,0,0,1,0,1,1,1,1,0,1,1,1,0,0,0,0,0,1,0,1,0,1,0,0,1,0,0,1,1,0,1,1,1,1,0,0,1,1,1,1,1,0,1,1,1,1,1,1,1,1,1,1,1,1,1,0,1
6156
312,22,22,336,285,294,146,305,2,2,2,2,2,2,2,2,2
0,1,1,1,0,1,1,1,1,1,1,1,0,1,1,0,0
1919
303,364,301,358,252,319,22,22,124,346,237,55,2,2,2,2,2,2,2,2,2
1,0,0,0,1,1,1,0,0,1,1,1,0,0,0,0,1,0,0,0,0
1920
22,2,2,2,2,2,2,2,2
1,1,1,1,1,0,1,1,1
1921
303,56,343,236,318,276,316,288,292,22,22,22,22,22,293,291,171,317,45,2,2,2,2,2,2,2,2,2,2,2,2,2,2,2,91
0,1,0,0,1,1,1,0,1,1,0,0,0,0,1,0,0,0,0,0,1,0,0,0,0,0,0,0,0,0,1,0,0,0,0
1922
323,367,246,236,287,286,276,284,324,330,22,22,22,22,22,22,22,22,22,22,22,22,22,22,22,22,22,22,22,22,22,237,332,343,177,56,182,175,316,5,76,314,171,327,296,358,252,365,339,174,317,341,303,315,354,199,325,333,348,326,2,2,2,2,2,2,2,2,2,2,2,2,2,2,2,2,2,2,2,2,2,2,2,2,2,2,2,2,2,2,2,2,2,2,2,2,2,2,2,2,2,2,2,2,124,345,48,368
0,1,1,0,1,0,1,1,0,1,1,1,0,0,0,0,1,1,1,1,0,1,1,1,1,0,0,1,1,1,0,0,1,0,1,1,1,1,1,0,1,1,1,1,0,1,1,1,0,0,0,1,0,1,1,1,0,1,1,1,1,0,1,0,1,1,1,1,1,1,0,1,1,1,1,1,0,1,1,1,0,1,1,1,1,1,1,0,1,1,1,1,1,1,0,1,0,0,0,1,1,0,0,1,0,0,0,1
1923
367,308,22,22,2,2,2,2,2,2,2,357
1,0,1,1,0,0,0,0,0,1,1,1
1924
111,335,55,5,2,2,2,2,2,2,2,2,2,2,300
0,1,0,0,0,0,1,1,1,1,0,0,1,0,0
1925
299,73,315,86,353,284,330,326,326,22,22,22,22,22,22,22,22,22,22,22,22,22,22,22,22,22,22,22,22,22,22,22,22,22,22,22,22,22,56,2,2,2,2,2,2,2,2,2,2,2,2,2,2,2,2,2,2,2,2,2,2,2,2,2,2,2,2,2,2,2,2,2,2,2,2,2,2,2,2,2,2,2,2,2,2,2,2,2,2,2,2,2,2,2,2,2,2,2,2,2,2,2,2,2,2,199
1,1,0,0,0,1,1,0,1,1,1,0,0,1,0,0,1,1,1,0,1,1,1,0,1,0,1,1,1,1,1,1,1,1,1,1,1,1,1,0,1,0,1,1,1,1,0,1,0,0,0,1,1,0,0,1,0,1,1,1,1,1,0,1,1,1,0,1,0,0,0,0,1,1,0,0,0,1,1,1,1,0,1,0,0,1,1,0,1,1,1,1,1,1,1,1,1,1,1,1,1,1,0,1,0,1
1926
290,323,337,236,281,46,276,5,358,330,22,22,22,22,22,22,22,22,22,22,22,297,297,282,146,289,151,320,336,325,182,182,335,331,111,287,309,177,345,328,48,307,305,2,2,2,2,2,2,2,2,2,2,2,2,2,2,2,2,2,2,2,2,2,2,2,2,2,2,2,2,2,2,2,2,2,2,2,2,2,2,2,321
1,1,1,1,0,1,0,1,1,1,0,0,1,1,1,1,0,0,1,1,1,0,0,1,1,0,1,1,1,1,0,1,1,0,0,1,1,1,0,0,0,1,0,1,1,1,1,0,0,0,0,0,0,0,0,0,1,0,1,1,1,1,1,0,0,1,0,1,0,1,0,1,0,1,0,1,1,1,0,0,1,0,1
7624
290,323,311,236,281,41,46,73,292,22,22,22,22,22,22,22,22,22,22,22,22,22,22,22,22,22,22,22,22,22,22,22,22,22,22,22,22,22,367,293,317,111,280,199,182,263,333,175,235,359,76,291,294,171,307,305,2,2,2,2,2,2,2,2,2,2,2,2,2,2,2,2,2,2,2,2,2,2,2,2,2,2,2,2,2,2,2,2,2,2,2,2,2,2,2,2,2,2,2,2,2,2,2,2,2,2,2,2,2,2,2,2,2,2,2,2,2,2,2
0,0,1,0,0,0,1,0,0,0,0,0,1,0,1,1,1,1,1,1,1,0,0,1,0,0,0,1,0,0,1,0,1,1,0,0,1,0,0,0,0,0,1,1,0,0,0,1,1,0,0,0,0,0,1,0,0,1,0,0,0,0,0,0,0,0,1,0,1,0,1,0,0,0,1,0,0,1,0,0,1,0,0,0,1,0,1,1,1,1,0,1,0,0,0,0,0,0,0,0,0,0,0,0,0,0,0,0,1,0,0,0,1,0,0,0,0,0,1
1928
22,22,22,22,22,22,22,22,22,22,22,22,2,2,2,2,2,2,2,2,2,2,2,2,2
0,1,0,1,0,0,1,1,1,1,0,1,0,0,0,1,0,1,0,0,0,0,0,0,1
1929
311,369,253,335,5,355,352,363,365,22,22,22,22,22,22,22,22,22,22,22,22,219,56,317,312,315,315,171,182,263,144,316,360,279,331,2,2,2,2,2,2,2,2,2,2,2,2,2,2,2,2,2,2,2,2,2,2,2,2,2,2,2,2,2,2
0,0,0,0,0,0,1,0,1,1,1,1,1,0,0,0,0,0,1,0,0,1,1,0,0,0,1,0,0,0,0,1,1,1,0,0,0,0,0,1,0,0,0,0,0,1,1,0,0,0,1,0,0,0,1,0,0,1,1,0,0,0,0,1,0
1930
22,22,22,22,22,22,22,22,22,22,22,22,22,22,22,22,2,2,2,2,2,2,2,2,2,2,2,2,2,2,2,2,2,2,2,2,2,2,2,2,2,2,2,2,2,2,2,2,2,2,2,2,2,2,2,2,2,2,2,2,2,2,2,2,2,2
1,1,1,0,0,1,0,1,0,0,1,1,1,1,1,1,1,0,0,1,0,0,1,1,0,1,0,0,0,1,0,0,1,0,1,1,0,0,1,1,0,1,0,0,0,0,1,0,0,1,1,1,0,0,1,0,1,1,1,1,1,0,1,0,0,1
1931
73,22,22,22,2,2,2,2,2,2,2,2,2,2,2,2,2,298
0,0,0,1,0,1,1,1,0,1,1,0,0,0,1,1,0,1
1932
311,199,86,344,252,2,2,22,22,22,22
0,1,0,1,1,0,1,0,1,1,1
1933
289,352,337,321,144,5,348,353,309,22,22,22,22,22,22,22,2,2,2,2,2,2,2,2,2,2,2,2,2,2,2,341,300,349,155,199
1,0,0,1,0,0,0,0,0,1,1,0,1,0,1,0,1,0,0,0,1,0,0,1,0,0,0,0,1,0,0,0,0,0,1,1
1934
235,337,236,344,318,368,5,5,355,355,254,330,22,22,22,22,22,22,22,293,282,2,2,2,2,2,2,2,2,2,2,2,2,2,2,2,2,2,2,2,2,2,2,2,2,2,2,2,2,2,2,317,313,347,78,346,320,91,329,144,316,45,76,328,327,360,48,171,288,301,321
1,0,1,0,1,1,0,0,0,0,0,1,0,1,1,0,0,1,0,0,0,1,0,0,0,0,0,0,0,0,1,0,1,1,0,1,1,1,0,0,0,1,0,1,0,0,0,0,0,1,1,1,1,0,1,0,0,0,0,0,1,1,1,0,0,0,0,1,0,0,0
1935
46,284,2,2,2,2,2,2,2,2,2,2,2,22
0,1,1,0,0,0,0,1,0,0,1,0,0,1
5741
246,351,347,236,281,286,276,86,302,324,199,22,22,22,22,22,22,22,22,22,22,22,22,22,22,22,22,22,22,22,22,22,22,22,22,22,22,22,22,22,322,237,357,146,155,177,336,331,329,175,144,300,319,285,309,76,27,294,2,2,2,2,2,2,2,2,2,2,2,2,2,2,2,2,2,2,2,2,2,2,2,2,2,2,2,2,2,2,2,2,2,2,2,2,2,2,2,2,2,2,2,2,2,2,2,2,2,2,2,2,2,2,2,2,2,2,2,2,2,2,2,2,2,2,2,2,2,2,2,2,2,2,2,2,2,2,2,2,247,297,345,5,5,5,252,358,295,91,354,55,182,349,308,303,320,343,325,110,263,106,333,348,338,364,327,124,280,208,65,279,288,340,321
1,1,0,1,0,0,0,0,1,0,1,1,0,1,1,1,0,0,1,1,1,1,1,1,1,1,1,1,1,1,1,1,1,1,0,1,1,1,0,1,1,1,1,1,1,1,1,0,1,1,1,1,1,1,1,1,1,1,0,1,0,1,0,1,1,0,1,1,1,1,1,0,1,1,1,1,1,0,0,1,1,1,1,1,1,1,1,0,1,1,1,1,1,1,1,1,0,0,1,1,1,1,1,1,1,1,1,1,1,1,1,1,1,1,1,1,1,1,1,1,1,1,1,1,0,1,1,1,1,1,1,1,0,1,1,1,1,1,1,1,1,1,1,1,1,1,1,1,1,1,1,0,0,1,1,1,0,1,1,1,1,1,1,1,1,1,1,1,1,1,1,1,1
1937
48,73,246,347,281,286,324,330,22,22,22,22,22,22,22,22,22,22,22,22,22,22,22,22,22,22,22,22,22,22,22,22,22,22,22,22,22,22,22,22,22,22,22,22,22,22,22,22,22,22,22,22,22,22,146,364,175,111,285,359,314,171,307,2,2,2,2,2,2,2,2,2,2,2,2,2,2,2,2,2,2,2,2,2,2,2,2,2,2,2,2,2,2,2,2,2,2,2,2,2,2,2,2,2,2,2,2,2,2,2,2,2,2,2,2,2,2,2,2,2,2,2,2,2,2,2,2,2,2,2,2,2,2,2,2,2,2,2,2,2,2,2,2,2,2,2,2,2,2,2,2,2,2,2,78,253,252,5,5,254,363,295,91,352,317,349,341,289,283,151,320,343,325,263,333,348,124,124,360,65,334,288,321
0,1,1,1,0,1,1,0,0,1,0,1,0,0,1,1,1,1,1,1,1,1,1,1,1,1,1,1,1,1,1,1,1,1,1,1,1,1,1,1,1,1,0,1,1,1,1,1,1,1,1,0,0,1,0,1,0,0,1,1,1,1,0,1,1,1,1,0,0,0,1,0,1,1,1,0,1,1,1,1,1,1,1,1,1,1,1,1,1,1,0,1,1,1,1,1,1,0,1,1,1,0,0,1,1,0,1,1,1,0,0,1,1,1,1,1,1,1,1,0,1,1,1,1,1,1,1,1,1,1,1,1,1,1,0,1,1,1,1,1,1,1,1,1,1,1,1,1,0,1,1,0,1,0,0,1,1,1,0,1,1,1,1,1,1,1,1,1,1,1,0,0,1,1,0,1,1,0,1,1,1,1,1
1938
289,303,311,323,86,144,276,324,22,22,22,22,22,22,22,22,22,22,297,352,349,2,2,2,2,2,2,2,2,2,2,2,2,2,2,2,2,2,2,2,2,2,2,2,2
0,1,1,0,0,0,1,1,0,1,0,1,0,1,1,0,0,0,0,1,0,0,0,0,0,0,0,1,1,1,1,1,1,0,1,0,1,1,0,1,0,1,0,1,0
1939
329,330,352,22,2
0,1,0,1,1
1940
290,78,315,315,56,56,337,316,357,45,292,310,22,22,22,22,22,22,22,356,360,208,293,171,2,2,2,2,2,2,2,2,2,2,2,2,2,288,361,91
0,1,0,0,0,0,0,1,0,1,1,1,1,1,0,0,1,0,0,1,1,1,1,0,0,0,0,1,1,1,1,0,0,0,0,1,0,0,1,1
1941
68,247,359,22,22,22,22,22,171,317,358,2,2,2,2,2,2,2
0,0,1,0,1,0,1,0,1,0,0,0,0,1,0,0,1,0
1942
287,22,22,22,2,2,2,2,2,2,2,2,2,2,2,2,2,2,2,2,2,2,2,2,2
1,1,1,0,0,0,1,0,1,0,0,1,1,1,1,1,0,1,1,1,1,1,1,1,1
1943
296,311,246,347,236,287,344,253,5,284,252,302,330,356,295,22,22,22,22,22,22,22,22,22,22,22,22,22,22,22,247,339,348,182,341,303,283,334,354,343,325,335,350,300,235,68,309,340,144,208,279,307,305,2,2,2,2,2,2,2,2,2,2,2,2,2,2,2,2,2,2,2,2,2,2,2,2,2,2,2,2,2,2,2,2,2,2,2,2,2,2,2,2
1,0,1,0,1,0,1,1,0,1,0,0,0,1,0,0,1,1,1,1,1,1,0,1,1,1,1,1,1,1,0,0,0,1,1,1,1,1,0,1,0,0,1,1,0,1,1,0,1,0,0,1,1,1,1,1,1,0,1,0,1,1,1,1,1,1,0,0,0,1,0,1,1,0,1,0,0,1,1,0,0,1,1,1,0,0,1,1,0,1,0,0,1
1944
86,22,2,2,2,2,2
0,0,0,0,0,0,0
1945
367,301,276,304,46,73,327,283,22,22,22,22,22,22,22,22,22,22,22,22,22,22,22,22,298,293,56,317,332,361,341,362,312,315,199,182,306,316,111,68,310,326,208,291,294,171,288,2,2,2,2,2,2,2,2,2,2,2,2,2,2,2,2,2,2,2,2,2,2,2,2,2,2,2,2,2,2,2,2,2,2,2,2,2,2,2,2,2,2,2,2,2,2
0,1,1,1,1,0,1,0,0,1,1,1,0,1,1,1,1,0,1,1,1,1,0,0,1,0,1,1,0,1,0,1,0,1,0,0,1,0,1,1,1,0,0,0,0,1,0,1,1,1,1,0,0,0,0,0,1,1,1,0,0,0,0,0,1,1,1,0,1,1,1,1,1,0,1,0,1,1,0,1,1,1,1,1,1,1,0,0,1,1,1,0,1
1946
315,56,337,370,329,301,335,316,45,254,288,366,22,22,22,22,293,236,171,317,313,2,2,2,2,2,2,2,2,2,2,2,2,2,2
1,0,0,0,1,0,0,1,0,0,0,0,1,0,1,0,0,1,0,0,0,1,0,1,1,0,1,1,1,1,1,1,0,1,0
1947
289,312,367,342,320,199,236,175,269,252,22,22,22,22,22,22,22,22,22,22,22,22,208,2,2,2,2,2,2,2,2,2,2,2,2,2,2,2,2,2,2,2,2,2,2,2,2,2,2,2,2,2,2,2,2,2,2,2,2,2,2,2,2,2,2,2,335,155,308
0,1,0,1,0,0,0,1,1,1,0,1,0,1,1,0,1,0,0,1,0,0,0,0,0,0,0,0,0,1,1,0,1,1,1,0,0,0,0,1,0,0,1,0,0,0,1,0,0,0,0,0,1,0,0,0,1,0,0,0,1,1,1,0,0,0,0,0,1
1948
331,246,236,281,41,311,304,276,284,355,174,302,22,22,22,22,22,22,22,22,22,22,22,22,22,22,297,339,293,56,317,313,321,341,289,319,315,171,320,343,254,329,182,357,316,300,111,325,326,2,2,2,2,2,2,2,2,2,2,2,2,2,2,2,2,2,2,2,2,2,2,2,2,2,2,2,2,2,2,2,2,2,2,2,2,2,2,2,2,2,2,2,2,2,2,208,338,334,288,288,301,301,91,91
0,1,0,0,0,0,1,1,0,1,0,1,0,1,1,1,1,1,0,0,1,1,1,0,1,0,1,0,1,1,0,1,1,0,1,1,1,1,0,0,0,1,1,1,1,0,0,1,0,1,1,0,0,1,0,0,0,0,1,0,0,0,0,0,1,1,0,0,0,1,0,0,0,1,0,0,0,1,0,1,1,0,1,0,0,0,1,0,0,0,0,0,0,0,1,0,0,1,0,0,0,0,0,0
1949
290,323,280,352,5,348,353,22,22,22,22,22,22,22,208,237,334,146,2,2,2,2,2,2,2,2,2,2,2,2,2,2,2,2,2,2,2,321
0,0,0,1,0,0,1,0,0,1,0,0,0,0,0,0,0,0,1,1,0,0,0,0,1,0,0,0,0,0,0,0,1,1,1,1,1,0
1950
2,2,2
0,1,1
1951
315,171,22,22,22,22,22,22,22,22,22,22,56,317,316,2,2,2,2,2,2,2,2,2,2,2,2,2
1,1,1,1,1,1,1,1,1,1,1,1,1,1,1,1,1,1,1,1,1,1,1,1,0,0,0,1
1952
299,331,246,351,236,344,322,252,174,283,22,22,22,22,22,22,22,22,22,298,313,293,317,332,315,370,335,144,316,367,288,111,2,2,2,2,2,2,2,2,2,2,2,2,2,2,2,2,2,2,2,2,2,2,2,2,2,2,2,2,2,2,2,171,45,301
1,0,1,1,1,1,1,0,1,1,0,1,1,1,1,1,1,1,0,1,1,0,1,1,1,1,0,1,1,1,1,1,1,0,1,0,0,0,0,1,0,0,0,0,0,0,0,0,1,1,0,1,1,1,0,0,1,1,0,0,1,1,1,1,1,0
1953
111,299,299,73,289,310,22,22,22,22,22,22,22,22,296,298,287,2,2,2,2,2,2,2,2,2,2,2,2,2,2,2,2,2,2,2,2,2,2,2,2,2,2,2,2,368
1,1,1,0,1,0,1,1,1,0,0,0,1,0,0,1,1,1,1,0,0,1,1,0,1,0,0,1,0,0,0,1,0,1,0,0,1,0,0,0,0,0,1,0,1,0
1954
22,22,22,22,22,22,22,22,22,2,2,2,2,2,2,2,2,2,2,2,2,2,2,2,2
0,1,1,1,0,1,0,1,0,1,0,0,0,0,0,0,1,0,0,1,0,0,0,0,0
1955
22,22,22,22,22,22,22,22,22,22,2,2,2,2,2,2,2,2,2,2,2,2,2,2,2,2,2,2,2,2,2,2,2,2,2,2,2,2,2,2,2,2,2,2,2
0,0,1,1,1,1,1,0,1,1,1,0,0,1,1,1,0,1,0,1,0,0,0,1,1,1,1,0,1,0,0,0,0,0,0,1,0,0,0,0,0,1,1,1,1
1956
296,352,343,301,301,253,276,5,5,365,340,22,22,22,22,22,322,293,326,288,2,2,2,2,2,2,2,2,2,2,2,2,2,2,2,2,2,2,2,2,2,2,2,76
0,1,0,1,1,0,0,0,0,1,0,1,0,1,0,1,0,1,0,0,0,0,0,0,1,1,0,0,0,0,0,0,1,0,0,0,0,0,1,0,0,0,0,1
1957
281,253,5,254,324,22,22,22,22,22,22,22,22,22,22,22,22,22,22,22,22,322,339,318,2,2,2,2,2,2,2,2,2,2,2,2,2,2,2,2,2,2,2,2,2,2,2,2,2,2,2,2,2,2,343,283,151,106,199,329,110,333,340,345,208,65,305,301
0,0,0,0,0,1,0,0,0,0,1,0,0,0,0,0,1,0,1,0,0,0,0,1,0,1,1,1,1,0,1,0,1,0,0,0,0,1,0,0,0,1,1,1,0,0,0,1,0,0,1,0,0,1,0,0,0,0,1,0,0,0,0,1,0,1,0,0
1958
355,2,106,22,236
1,0,1,0,0
1959
110,22,22,22,22,22,22,22,22,22,22,22,2,2,2,2,2,2,2,2,2,2,2,2,2,2,2,2,2,2,2,2,2,2,2,2,2,2,2,2,2,2,2,2,2,2,2
0,1,0,1,1,1,1,0,1,0,1,1,0,1,0,0,1,1,1,0,1,1,1,1,1,1,0,1,0,0,1,1,1,1,1,1,0,0,1,1,0,1,1,1,1,1,0
1960
311,300,236,297,345,368,252,5,5,5,330,22,22,22,22,22,22,22,22,22,22,22,22,22,22,22,293,282,55,317,313,289,315,56,285,301,263,321,316,288,27,174,2,2,2,2,2,2,2,2,2,2,2,2,2,2,2,2,2,2,2,2,2,2,2,2,2,2,2,2,2,2,2,2,2,2,360,171,45,340,91
0,0,1,1,0,0,1,1,1,1,1,0,1,0,1,1,1,0,1,0,1,1,1,1,1,0,1,0,1,1,1,1,1,1,0,1,0,1,1,0,1,0,0,1,0,1,0,0,1,0,1,0,0,0,0,1,1,1,0,1,0,0,0,0,1,1,0,1,0,1,1,1,0,1,1,0,1,1,1,0,0
1961
323,235,110,318,355,111,295,22,22,22,22,22,22,22,124,328,48,307,2,2,2,2,2,2,2,2,2,2,2,2,2,2,2,2,2,2
0,0,0,1,1,1,1,1,1,1,0,0,1,1,0,0,0,1,1,1,0,0,0,1,1,1,1,1,0,0,1,0,1,0,0,1
1962
78,323,290,309,22,22,22,22,22,22,22,22,22,301,279,297,288,2,2,2,2,2,2,2,2,2,2,2,2,2,2,2,2,2,2,2,2,2,2,2,2,2,2,2,2,2,2,2,2,2,2,2,2,2,2,2,2,2,2,2,2,2,2,2,2,313
0,0,0,0,0,0,1,1,0,0,0,0,0,1,1,1,0,0,0,0,1,1,1,1,0,0,1,1,1,0,1,0,1,0,0,1,1,1,0,0,0,0,1,1,0,1,1,1,0,0,1,1,0,0,1,1,1,1,1,1,1,0,1,1,0,1
1963
311,336,297,324,330,22,22,22,22,22,22,22,22,22,22,22,22,22,22,22,22,22,322,313,306,177,365,236,236,329,316,319,171,45,327,296,356,352,345,5,355,293,55,317,308,289,315,342,320,370,325,263,350,67,78,338,328,2,2,2,2,2,2,2,2,2,2,2,2,2,2,2,2,2,2,2,2,2,2,2,2,2,2,2,2,2,2,2,2,2,2,2,2,2,2,2,360,48,334,288,288,301,321
1,1,1,1,1,1,0,1,0,0,1,0,1,1,0,1,0,0,1,0,0,1,1,1,0,1,1,1,1,1,1,0,1,1,1,1,1,1,0,0,1,0,0,0,0,0,0,1,1,0,0,1,1,1,0,0,0,1,1,1,1,0,1,1,0,1,1,1,1,1,1,1,0,0,0,0,1,1,1,1,0,1,1,1,1,0,0,0,0,1,0,1,1,1,0,0,1,0,1,1,0,0,0
1964
2
1
1965
337,325,237,307,2,2,2,2,2,2,2,2,2,2,2,2,22,22
1,0,0,0,1,1,1,0,1,1,0,0,0,0,1,0,0,0
1966
290,73,356,76,236,287,302,304,284,174,283,45,292,295,91,339,293,56,317,349,347,312,315,342,354,343,324,325,5,316,333,313,111,364,353,328,2,2,2,2,2,2,2,2,2,2,2,2,2,2,2,2,2,2,2,2,2,2,2,2,2,2,2,2,2,2,2,2,2,2,2,2,2,2,2,2,2,2,2,2,2,2,2,2,2,2,2,2,2,2,2,294,307,288,288,301,301,22,22,22,22,22,22,22,22,22,22,22,22,22,22,22,22,22,22,22,22
0,0,1,0,0,0,0,0,0,0,0,1,1,0,0,0,0,0,0,0,0,1,0,1,0,0,1,0,0,1,0,0,0,0,0,0,0,0,1,0,0,1,0,1,0,0,0,0,0,1,0,0,0,0,1,1,1,0,0,1,0,0,1,1,0,0,1,0,0,0,1,0,0,0,1,0,0,0,0,0,1,1,1,0,1,0,0,1,1,0,0,0,0,0,0,0,0,0,0,0,0,0,1,0,1,1,0,0,0,0,0,0,1,0,0,1,1
1967
336,350,22,2,2,2
1,0,1,1,0,0
1968
290,323,311,246,337,336,281,318,297,324,330,22,22,22,22,22,22,22,22,22,22,22,22,22,22,22,282,237,357,280,236,329,175,276,306,285,307,2,2,2,2,2,2,2,2,2,2,2,2,2,2,2,2,2,2,2,2,2,2,2,2,2,2,2,2,2,2,2,2,2,2,2,2,2,2,2,2,2,2,2,2,2,2,2,2,2,2,2,2,2,2,2,2,2,2,247,344,304,5,55,182,341,289,151,320,199,350,348,326,124,345,48,279,41,321
0,0,1,1,0,1,0,1,0,1,0,1,0,0,0,0,1,1,1,1,1,0,1,0,0,0,0,0,1,0,1,0,0,1,1,0,1,0,1,0,0,0,1,0,1,0,0,0,1,0,1,1,0,0,0,1,0,0,0,0,1,0,1,0,1,0,1,0,0,1,1,0,0,1,1,0,0,1,1,1,0,0,1,0,0,1,0,0,1,0,1,0,1,1,1,0,1,0,1,1,0,1,0,0,1,0,0,1,1,0,0,1,1,0,1
1969
48,48,311,356,347,236,247,276,318,345,368,367,174,146,346,292,295,22,22,22,22,22,22,22,22,22,22,22,22,22,22,22,22,22,22,22,22,22,22,22,305,305,293,352,317,332,332,73,151,336,68,329,314,144,301,349,45,364,353,76,124,360,291,294,171,288,2,2,2,2,2,2,2,2,2,2,2,2,2,2,2,2,2,2,2,2,2,2,2,2,2,2,2,2,2,2,2,2,2,2,2,2,2,2,2,2,2,2,2,2,2,2,2,2,2,2,2,2,2,2,2,2,2,2,2,2,2,2,91,91
0,1,1,1,1,1,1,0,1,1,1,0,1,0,1,1,0,0,1,1,1,1,0,1,1,1,1,0,0,0,1,1,0,1,1,1,1,0,1,0,1,1,1,1,1,1,1,1,1,1,1,1,1,0,0,0,1,1,0,1,1,1,0,1,1,0,1,1,1,1,1,1,1,0,1,1,0,1,0,0,0,1,0,0,0,1,1,1,0,0,0,1,0,0,1,0,1,1,1,0,0,1,1,1,1,1,0,1,1,1,0,0,0,1,0,1,1,1,1,1,1,1,1,1,0,0,1,1,1,1
1970
290,155,320,5,301,325,344,253,350,284,333,357,235,353,22,22,22,22,22,22,22,22,22,22,22,22,345,354,294,279,2,2,2,2,2,2,2,2,2,2,2,2,2,2,2,2,2,2,2,2,2,2,2,2,2,2,2,2,2,2,2,321
0,0,1,0,1,0,0,1,0,0,0,0,1,1,1,1,1,1,1,0,1,0,0,0,0,0,1,0,0,0,0,0,0,0,0,0,0,1,0,0,1,0,0,0,0,1,1,0,0,0,0,0,0,0,0,0,0,0,0,0,0,1
1971
303,296,292,22,22,22,22,22,22,22,236,329,78,279,288,2,2,2,2,2,2,2,2,2
0,1,1,0,1,0,0,1,0,1,1,0,1,1,0,0,0,0,1,0,1,0,1,1
1972
289,151,22,22,280,330,2,2,2,2,2
1,0,0,0,0,0,0,1,0,0,0
1973
155,336,2,2,2,2,2,2,2,2,2,2,2,2,2,2,2,2,2,2,2,2,2,2,2,2,2,2,2,2,2,2,2,2,2,2,2,2,2,2,2,2,2,252,326,22,22,22,22,22,22,22,22,22,22,22,22
1,0,0,1,1,1,0,0,1,0,0,1,1,1,0,1,1,1,0,1,1,0,0,1,1,1,0,1,1,1,1,1,0,0,1,1,0,0,1,1,0,1,1,0,1,1,0,1,0,1,0,1,1,1,0,1,0
1974
312,247,354,347,364,301,280,367,67,254,285,22,22,22,22,22,22,22,22,360,48,326,283,325,2,2,2,2,2,2,2,2,2,2,2,2,2,2,2,2,2,2,2,2,2,308
1,0,1,0,1,0,0,0,1,0,0,1,1,0,0,0,1,0,1,1,0,1,1,0,0,0,1,1,0,1,1,0,1,0,1,0,1,0,1,0,0,1,0,0,1,0
1975
285,22,344,237,349,2,2,2,2,2,358
0,0,0,0,1,0,0,0,0,1,0
1976
290,367,347,253,345,41,235,355,252,302,22,22,22,22,22,22,22,22,22,22,22,282,339,346,326,294,303,73,332,327,124,360,48,334,2,2,2,2,2,2,2,2,2,2,2,2,2,2,2,2,2,2,2,2,2,2,2,2,2,2,2,2,2,2,2,2
0,1,0,1,1,1,0,0,0,1,0,1,0,0,0,0,0,1,0,1,1,1,1,1,1,0,1,1,0,0,0,1,1,1,0,1,0,0,0,0,0,0,1,1,1,1,1,1,0,0,0,0,0,0,0,1,1,1,0,1,0,1,0,1,1,1
1977
303,5,5,5,22,22,22,22,22,2,2,2,2,2,2,2,2,2,2,2,2,2,2,76
1,0,0,0,1,1,0,1,1,0,1,1,1,0,1,1,0,1,0,0,1,0,0,0
1978
282,276,2
0,1,0
1979
22,2,2
0,1,0
1980
287,263,2,2,2,2
1,1,0,0,1,0
1981
290,323,311,281,324,330,22,22,22,22,22,22,22,22,22,22,22,22,22,22,22,22,22,22,22,22,22,22,22,322,282,237,146,177,365,329,317,335,5,5,353,309,76,314,171,307,2,2,2,2,2,2,2,2,2,2,2,2,2,2,2,2,2,2,2,2,2,2,2,2,2,2,2,2,2,2,2,2,2,2,2,2,2,2,2,2,2,2,2,2,2,2,2,2,2,2,2,2,2,2,247,344,304,252,358,363,364,339,174,182,349,151,320,325,350,175,68,124,280,208,48,279,331,321
0,1,1,1,1,1,1,1,1,1,1,1,0,1,0,0,0,1,1,1,1,1,0,1,1,0,0,1,0,1,1,0,1,1,0,1,0,1,0,1,0,1,0,1,1,0,1,1,1,1,1,1,1,1,1,0,1,1,1,0,0,1,0,1,1,1,1,1,0,1,1,1,0,1,1,0,1,1,1,0,1,0,1,0,0,1,1,1,1,1,0,1,0,1,0,1,0,1,1,1,1,1,1,1,1,1,1,1,1,1,0,0,1,0,1,1,1,1,1,1,1,1,1,1
1982
320,359,236,343,348,5,5,288,287,76,292,22,22,22,22,22,22,22,22,22,22,22,22,22,22,293,291,237,171,45,2,2,2,2,2,2,2,2,2,2,2,2,2,2,2,2,2,2,2,2,2,2,2,2,2,2,2,2,91
0,0,1,0,1,0,1,1,1,0,1,1,1,0,0,0,0,1,1,0,1,1,0,1,1,1,1,0,1,1,0,0,1,0,0,1,0,0,0,1,0,1,0,0,0,1,1,1,1,1,0,1,0,1,1,1,0,0,0
1983
73,73,246,337,236,236,281,286,41,302,330,22,22,22,22,22,22,22,22,22,22,22,22,22,22,22,22,22,22,22,22,22,22,22,22,22,22,22,22,322,282,146,313,155,336,336,27,175,144,332,111,353,359,76,294,171,45,2,2,2,2,2,2,2,2,2,2,2,2,2,2,2,2,2,2,2,2,2,2,2,2,2,2,2,2,2,2,2,2,2,2,2,2,2,2,2,2,2,2,2,2,2,2,2,2,2,2,2,2,2,2,2,2,2,2,2,2,2,2,2,2,2,2,2,2,2,2,2,2,296,247,356,344,304,358,355,254,363,339,293,331,317,48,199,151,106,343,325,354,350,333,305,305,338,86,328,124,360,65,279,288,288,301,368
1,1,1,1,1,1,1,1,1,1,1,1,1,1,1,1,1,1,1,1,1,1,1,1,1,1,1,1,1,1,1,1,1,1,1,1,1,1,1,1,1,1,1,1,1,1,1,1,1,1,1,1,1,1,1,1,1,1,1,1,1,1,1,1,1,1,1,1,1,1,1,1,1,1,1,1,1,1,0,1,1,1,1,1,1,1,1,1,1,1,1,1,1,1,0,1,1,1,1,1,1,1,1,1,1,1,1,1,1,1,1,1,1,1,1,1,1,1,0,1,1,1,1,1,1,1,1,1,1,1,1,1,0,1,1,1,1,1,1,1,1,1,1,1,1,1,1,1,1,1,1,1,1,1,1,1,0,1,1,1,1,1,1,1
1984
296,365,253,314,276,5,68,309,22,22,322,65,341,331,2,2,2,2,2,2,2,2,2,2,2,2,2,2,2,2,2,2,91
1,1,1,1,0,0,1,1,1,1,1,0,0,0,0,0,0,0,0,1,0,1,1,1,0,1,1,1,0,0,1,1,1
1985
289,356,340,287,5,276,358,355,174,330,295,22,22,22,22,22,22,22,22,22,124,360,48,55,2,2,2,2,2,2,2,2,2,2,2,2,2,2,2,2,2,2
0,1,0,1,0,0,1,1,1,0,1,0,1,1,1,1,1,0,0,1,0,1,1,1,0,1,1,0,1,0,0,1,1,1,1,1,1,0,0,0,0,0
1986
2,2,321
0,1,1
1987
73,22,22,22,22,22,2,2,2,2,2,2,2,2,2,2,2,2,2,2,2,2,2,2,2,2,2,2,2,2,2,2,2,2,2,2,2,2,2,2,298
1,1,1,1,0,1,0,0,0,0,0,0,0,0,1,0,1,0,0,0,1,0,0,0,1,1,1,1,0,0,0,1,1,1,1,1,0,1,1,1,1
1988
299,247,347,336,68,350,297,73,333,348,27,199,22,22,22,22,22,22,22,22,124,352,305,2,2,2,2,2,2,2,2,2,2,2,2,2,2,2,2,2,2,2,2,2,2,2,2,2,2,2,2,341
1,0,0,1,0,1,1,1,0,1,1,1,1,0,1,0,1,1,1,1,0,1,0,0,0,1,0,0,0,0,1,0,1,1,0,1,1,1,0,0,0,1,1,0,1,0,1,1,0,0,0,0
1989
290,323,73,73,246,351,236,287,318,322,325,367,324,22,22,22,22,22,22,22,22,22,22,22,22,22,22,22,22,22,22,22,22,22,22,22,22,22,22,22,22,22,22,22,293,332,332,319,177,55,336,329,182,335,321,353,349,300,111,285,174,359,76,78,328,294,171,45,327,296,247,356,252,360,5,5,5,355,358,254,354,295,304,346,286,352,317,48,48,341,303,308,334,106,199,86,110,263,350,333,305,305,235,27,340,2,2,2,2,2,2,2,2,2,2,2,2,2,2,2,2,2,2,2,2,2,2,2,2,2,2,2,2,2,2,2,2,2,2,2,2,2,2,2,2,2,2,2,2,2,2,2,2,2,2,2,2,2,2,2,2,2,2,2,2,2,2,2,2,2,2,2,2,2,2,2,2,2,2,2,2,2,2,2,2,2,2,2,2,2,2,2,2,2,2,2,2,2,124,345,291,65,279,288,301,368
0,1,0,1,1,1,1,1,1,1,1,1,1,1,1,1,1,1,1,1,0,1,1,1,1,1,1,1,1,1,1,1,1,1,0,1,0,1,1,1,1,1,1,1,0,0,1,1,1,1,1,1,1,1,1,1,0,1,1,1,1,0,1,1,0,1,1,1,1,1,1,0,1,1,1,0,1,1,1,1,1,1,1,1,1,1,1,0,1,1,1,1,1,1,1,0,1,1,0,1,1,1,1,1,0,1,0,1,1,0,1,1,1,1,1,1,1,1,1,1,1,1,1,1,1,1,1,0,1,1,1,1,1,1,1,1,1,1,1,1,1,1,1,1,1,1,1,1,0,1,1,1,1,1,1,0,0,1,1,1,1,1,1,1,1,1,0,1,1,1,1,1,1,1,1,1,1,1,0,0,0,1,1,1,1,1,1,1,1,1,1,1,1,1,0,1,1,1,1,1,1,1,1,1,0,1
1990
2,2
0,0
1991
283,151,155,65,352,2,2,2,22
1,1,1,1,1,1,1,0,0
1992
359,22,22,22,22,22,22,22,22,22,22,22,22,22,22,22,22,22,22,22,22,22,22,22,22,22,236,171,317,313,2,2,2,2,2,2,2,2,2,2,2,2,2,2,2,2,2,2,2,2,2,2,2,2,2,2,2,2,2,2,2,2,2,2,2,2,2,2,2,2,2,2,2,2,2,2,2,2,2,2,2,2,2,2,2
0,1,1,1,1,1,1,0,1,1,1,1,1,1,1,0,1,1,1,1,1,1,0,0,0,1,1,0,1,1,0,1,0,1,0,1,1,0,1,1,1,1,1,1,0,1,1,0,0,1,1,1,0,0,1,0,1,1,1,0,1,1,1,1,1,1,1,1,1,0,1,1,0,1,1,1,1,1,0,1,0,1,1,0,1
1993
2
0
1994
290,111,73,351,296,329,318,319,22,22,22,345,352,2,2,2,2,2,2,2,2,2,2,2,2,2,2,2,2,2,2,2,2,2,2,2,2
0,0,0,0,1,0,1,0,0,0,1,0,1,1,0,1,0,1,0,0,0,1,0,1,0,0,0,0,0,0,0,0,0,1,0,1,0
1995
338,333,363,22,2,2,2,2,2,2,2,2,2,2
0,0,0,0,1,1,1,0,0,1,0,0,1,0
1996
303,235,246,347,344,318,276,252,174,324,330,295,22,22,22,22,22,22,22,22,22,22,22,22,22,22,22,22,22,2,2,2,2,2,2,2,2,2,2,2,2,2,2,2,2,2,2,2,2,2,2,2,2,2,2,2,2,2,2,2,2,2,2,2,2,2,2,2,2,2,2,2,2,2,2,2,2,326,349,308,78,320,199,357,332,332,68,328,301,341,340,289
1,0,1,1,0,1,1,0,1,0,1,1,0,1,1,0,0,1,1,1,1,1,0,1,1,1,0,1,0,1,0,0,1,0,0,1,1,0,1,1,1,1,0,1,1,1,1,1,1,0,1,1,1,1,1,0,1,1,1,1,1,1,1,0,1,1,1,1,1,1,0,0,0,1,0,1,1,0,0,0,1,0,1,0,1,1,1,0,0,0,0,1
1997
111,323,311,22,22,22,22,22,22,22,22,22,22,22,22,22,22,22,22,346,73,2,2,2,2,2,2,2,2,2,2,2,2,2,2,2,2,2,2,2,2,2,2,2,2,2,2,2,2,2,2,2,2,2,2,2,2,2,2,2,2,2,2,2,2,2,2,2,2,2,2,177
0,1,0,0,0,1,0,1,1,0,0,1,1,1,0,0,0,0,0,1,1,0,0,0,1,0,0,1,1,1,1,0,1,0,1,0,1,0,0,0,1,1,0,0,1,0,1,1,0,0,0,1,1,0,0,0,0,0,1,0,1,0,1,1,0,1,1,1,1,1,0,1
1998
329
1
1999
314
0
2000
329,295,333,364,318,305,2,2,2,2,2,2,2,357
1,1,1,0,1,0,1,0,1,1,1,1,0,0
2001
290,247,337,236,344,355,302,22,22,22,22,22,22,22,22,22,22,22,313,293,2,2,2,2,2,2,2,2,2,2,2,2,2,2,2,2,2,2,2,2,2,2,2,2,2,2,2,2,2,2,2,2,2,2,2,2,2,2,2,317,349,341,279,331,86,144,350,45,359,327,327,171,288,301,76
0,0,0,1,1,0,0,0,1,1,0,0,0,0,0,0,1,1,1,1,0,1,1,0,1,1,1,1,0,0,0,0,0,0,0,0,1,0,0,0,0,1,0,0,1,1,0,0,0,0,1,1,0,0,1,0,0,1,0,0,1,0,0,0,0,1,1,1,1,0,0,0,0,0,0
2002
356,286,326,343,345,2,2,2,2,2,2,2,2,2,2,2,2,2,2,5,355,22,22,22,22
1,0,0,0,1,1,1,0,0,0,1,0,1,1,1,0,1,0,0,0,0,1,0,1,0
2003
312,151,236,110,263,144,247,288,297,340,22,22,22,22,22,22,22,22,22,22,22,22,22,22,22,124,291,293,2,2,2,2,2,2,2,2,2,2,2,2,2,2,2,2,2,2,2,2,2,2,2,2,2,2,2,2,2,2,2,2,2,2,2,2,2,2,2,2,45,301,368
1,1,1,1,1,1,0,0,1,0,0,1,0,0,1,1,1,1,0,0,1,1,0,0,1,0,1,1,0,0,1,0,0,1,0,0,0,0,0,0,1,0,0,0,1,1,1,1,0,0,0,0,1,0,0,1,0,1,1,1,1,0,0,1,0,1,1,1,1,0,0
2004
311,351,337,236,281,318,297,73,330,22,22,22,22,22,22,22,22,22,22,22,22,22,22,22,22,22,22,322,146,332,347,111,365,336,68,300,319,285,308,307,45,2,2,2,2,2,2,2,2,2,2,2,2,2,2,2,2,2,2,2,2,2,2,2,2,2,2,2,2,2,2,2,2,2,2,2,2,2,2,2,2,2,2,2,2,2,2,2,2,2,2,2,2,2,2,2,2,2,296,247,305,252,304,304,288,355,174,363,292,91,91,339,293,56,317,341,289,171,354,199,110,350,333,357,338,27,345,208,291,48,48,279,331,321
1,1,1,1,0,1,1,1,1,1,0,0,1,1,1,1,1,1,1,1,1,0,1,1,0,1,1,1,1,1,0,1,1,1,1,1,1,0,0,1,1,0,1,1,1,1,1,0,0,0,0,1,0,1,0,1,1,0,1,1,0,1,1,1,0,1,1,0,1,1,1,1,1,0,0,0,1,1,1,1,1,1,0,1,1,1,1,0,0,1,0,1,1,1,1,1,1,1,0,0,1,1,1,0,1,1,1,1,1,1,0,0,1,1,0,1,1,0,1,1,1,1,1,1,1,1,0,0,1,0,0,1,0,1
2005
78,296,299,299,360,76,236,322,144,73,355,285,330,340,22,22,22,22,22,22,22,22,22,22,22,22,2,2,2,2,2,2,2,2,2,2,2,2,2,2,2,2,2,2,2,2,2,2,2,2,2,2,2,2,2,2,2,2,2,2,2,279,279,307,288,301,289
0,0,1,1,0,0,1,0,0,1,1,0,1,0,1,0,0,1,0,1,0,1,1,0,0,0,0,0,0,1,1,0,0,1,0,1,0,1,0,0,1,1,1,1,1,1,0,0,0,0,0,1,1,1,0,1,1,1,0,0,1,1,1,0,0,0,0
2006
290,73,246,315,236,287,318,302,330,22,22,22,22,22,22,22,22,22,22,22,22,22,22,22,22,22,22,22,22,237,357,146,343,312,56,182,175,144,316,300,319,353,309,314,310,171,45,2,2,2,2,2,2,2,2,2,2,2,2,2,2,2,2,2,2,2,2,2,2,2,2,2,2,2,2,2,2,2,2,2,2,2,2,2,2,2,2,2,2,2,2,2,2,2,2,2,303,284,295,91,339,293,352,317,341,289,151,199,110,263,333,348,68,328,124,345,65,334,288,301,368
0,0,1,1,1,1,1,0,1,0,0,0,1,1,1,1,1,1,0,0,0,1,0,0,1,0,0,0,1,0,1,0,0,0,1,1,0,0,1,0,1,1,1,1,1,1,1,1,1,1,1,0,1,1,1,1,1,0,0,1,0,1,1,0,1,1,1,1,1,1,0,1,1,0,0,0,0,0,0,1,0,0,1,0,1,0,1,0,1,1,1,0,0,1,0,0,1,1,1,0,0,1,1,0,0,1,0,0,0,0,0,1,0,0,0,0,1,1,1,0,1
2007
289,367,342,329,344,318,314,144,5,284,68,363,295,22,22,22,22,22,22,22,22,22,22,322,339,325,2,2,2,2,2,2,2,2,2,2,2,2,2,2,2,2,2,2,2,2,2,2,2,2,2,2,2,2,2,341
1,0,1,1,1,1,1,0,0,1,1,1,0,1,1,0,0,0,1,1,1,0,0,1,1,1,1,1,1,1,1,0,0,1,0,1,1,0,0,1,0,1,0,0,1,1,0,1,1,1,1,0,1,0,1,1
2008
22,2,2,2,2
1,0,1,1,0
2009
247,236,287,350,252,5,330,91,282,339,293,332,289,151,342,346,364,175,144,305,319,76,291,368,45,2,2,2,2,2,2,2,2,2,2,2,2,2,2,2,2,2,2,2,2,2,2,2,2,2,2,2,2,2,2,2,2,22,22,22,22,22,22,22,22,22,22,22,22,22
1,1,1,1,1,1,1,0,1,1,0,0,1,1,1,1,1,1,1,0,0,1,1,0,1,1,1,0,1,0,1,1,1,1,1,0,1,0,1,0,1,0,1,1,1,1,0,1,0,0,0,1,1,1,0,0,1,1,0,1,1,1,1,1,1,0,1,1,0,1
2010
73,337,236,41,305,22,22,22,22,22,219,293,237,56,317,332,332,289,315,171,336,146,316,288,360,291,48,279,45,2,2,2,2,2,2,2,2,2,2,2,2,2,2,2,2,2,2,2,2,2,2,2,2,2,2,2,2,2,2,2,2,2,2,2,2,2
1,1,1,0,1,0,1,1,1,0,1,1,0,1,0,0,0,1,1,1,1,0,1,0,1,1,1,1,1,0,0,0,0,1,1,0,1,0,0,0,0,0,1,1,1,0,1,0,1,1,1,0,1,0,1,1,1,1,1,1,1,1,1,1,1,1
2011
299,78,155,199,236,296,41,322,46,5,367,309,22,22,22,22,22,22,22,22,22,22,282,291,341,279,305,2,2,2,2,2,2,2,2,2,2,2,2,2,2,2,2,2,2,2,2,2,2,2,2,2,2,2,2,2,2,2,2,2,2,2,2,2,2,2,2,2,2,2,2,2,2,2,2,2,2,2,2,2,2,2,2,2,2,2,2,2,2,2,2,2,2,2,2,2,2,2,2,2,2,2,2,2,2,2,2,2,2,2,2,2,2,2,2,2,2,2,2,2,2,2,2,2,2,2,2,91,91
1,0,1,1,1,1,1,1,0,0,1,1,1,1,1,1,1,1,1,1,0,1,1,1,1,1,1,0,0,0,1,0,0,0,1,1,1,1,1,1,1,1,1,1,1,0,0,0,1,1,0,1,1,1,1,1,1,1,1,1,1,1,1,1,1,1,1,1,1,1,1,1,1,1,1,0,0,1,1,1,1,0,1,0,1,1,1,1,1,1,0,0,1,0,1,1,0,1,1,0,1,0,1,1,1,0,1,1,0,1,1,1,1,1,1,1,1,1,1,1,1,1,1,1,1,1,1,1,1
2012
290,235,356,337,41,253,304,276,5,355,252,254,330,284,295,22,22,22,22,22,22,22,22,22,22,322,352,283,48,289,302,68,325,182,335,174,350,363,285,353,309,124,360,294,368,2,2,2,2,2,2,2,2,2,2,2,2,2,2,2,2,2,2,2,2,2,2,2,2,2,2,2,2,2,2,2,2,2,2,2,2,2,2,2,2,2,2,2,321
0,1,1,0,0,0,0,1,1,0,0,0,1,1,1,0,1,0,0,1,1,1,0,0,0,0,1,0,0,0,0,1,0,0,0,0,0,0,1,1,0,0,1,0,0,1,0,0,0,0,0,0,0,1,1,1,0,0,0,1,1,0,1,1,0,0,0,0,1,0,1,0,1,1,1,1,1,0,0,0,0,1,0,1,0,1,0,1,1
8282
314,309,5,2,2,22,22
1,1,1,0,1,1,0
2014
76,347,368,276,288,2,2,2,2,2,2,2,2,300
0,1,1,1,0,0,1,0,0,0,0,0,0,0
2015
22,22,22,2,2,2,2,2
1,0,0,0,1,0,0,0
2016
299,367,354,247,311,286,73,355,358,22,22,22,22,22,22,280,346,2,2,2,2,2,2,2,2,2,2,2,2,2,332,340
1,1,1,1,1,0,1,1,0,0,0,0,1,1,1,0,1,1,1,0,0,1,1,1,0,1,0,1,1,1,0,0
2017
22,22,22,22,22,22,22,22,2,2,2,2,2,2,2,2,2,2,2,2,2,2,2,2,2,2,2,2,2
0,0,0,1,1,1,1,0,0,1,1,0,0,0,0,0,0,0,1,0,0,1,1,0,0,1,0,0,1
2018
338,151,352,253,263,236,325,335,5,348,111,330,295,22,22,22,322,237,321,65,2,2,2,2,2,2,2,2,2,2,2,2,2,2,2,2,2,2,2,2,2,2,2,2,2,2,2,2,327
0,0,1,0,1,1,0,0,0,0,0,0,0,0,0,0,1,0,1,1,0,1,1,1,1,1,0,1,0,0,1,1,1,0,1,1,1,1,0,1,0,1,1,0,0,0,1,1,0
2019
355,296,22,22,22,2,2,2,2,2,361
0,0,1,1,0,1,0,0,1,1,0
2020
151,356,337,5,355,27,330,22,22,360,282,332,2,2,2,2,2,2,2,2,2,2,2,2
1,0,1,1,1,1,1,1,0,1,1,1,1,1,0,1,1,0,1,1,1,0,1,0
2021
22,22,22,22,22,22,22,22,22,22,22,2,2,2,2,2,2,2,2,2,2,2,2,2,2,2,2,2,2,2,2,2,2,2,2,2,2,2,2,2,2,2,2,2
0,0,0,1,0,1,1,1,0,0,0,1,0,0,1,1,1,1,0,1,1,0,0,0,1,1,0,1,0,0,0,0,0,0,1,1,0,0,0,0,1,1,1,1
2022
353,22,2,2
1,0,0,0
2023
290,246,236,236,318,46,358,355,252,283,330,292,295,22,22,22,22,22,22,22,22,22,22,22,22,22,22,22,22,22,22,322,339,320,237,174,146,313,341,289,308,293,334,354,329,317,263,5,357,359,328,310,294,171,45,2,2,2,2,2,2,2,2,2,2,2,2,2,2,2,2,2,2,2,2,2,2,2,2,2,2,2,2,2,2,2,2,2,2,2,2,2,2,2,2,2,2,2,2,2,2
0,1,1,1,0,0,0,0,0,1,1,0,0,1,0,1,0,1,1,0,0,0,0,0,1,1,1,1,0,1,0,1,0,0,0,0,0,1,0,0,0,1,0,1,0,0,0,0,0,0,0,1,0,1,1,0,1,0,1,0,0,1,0,0,0,1,0,0,0,0,0,0,0,0,0,1,1,0,0,1,1,0,1,1,0,0,0,0,0,0,1,1,0,0,1,0,0,1,0,0,0
2024
311,351,337,281,286,5,5,324,363,295,22,22,22,22,22,22,22,22,22,22,22,346,339,282,155,106,86,335,348,111,309,326,48,279,305,2,2,2,2,2,2,2,2,2,2,2,2,2,2,2,2,2,2,2,2,2,2,2,2,2,2,2,2,2,2,2,91
0,1,0,0,0,0,1,0,0,0,0,0,0,0,1,0,1,1,0,0,1,1,0,1,1,0,0,0,1,0,0,1,0,1,0,0,0,0,0,0,1,0,0,1,0,0,0,1,1,1,0,1,1,0,0,1,0,1,0,0,0,1,0,0,0,0,1
2025
303,246,347,279,287,286,144,252,5,5,357,285,295,22,22,22,22,22,22,22,22,22,22,22,22,22,22,22,304,360,339,328,65,352,2,2,2,2,2,2,2,2,2,2,2,2,2,2,2,2,2,2,2,2,2,2,2,2,2,2,2,2,2,2,2,2,2,2,2,2,2,2,2,2,2,2,2,2,2,2
1,1,0,1,1,0,1,0,0,0,1,0,0,0,0,0,0,1,0,1,0,0,1,1,1,0,0,1,0,1,0,0,1,1,1,0,0,0,0,0,0,0,1,0,1,1,0,1,1,0,0,0,1,0,0,0,0,1,0,0,0,1,0,0,0,1,0,0,0,0,1,0,1,0,0,0,0,0,1,0
2026
22,22,22,22,2,2,2,2,2,2,2,2,2,2,2,2,2,2,2,2,2,2,2,2
1,1,1,1,1,0,1,1,0,1,1,1,1,1,0,1,1,1,1,0,1,0,0,0
2027
22,22,2,2,2,305
0,0,1,0,1,0
2028
323,367,356,336,296,252,5,284,174,22,22,22,22,22,22,22,22,22,22,22,282,339,346,73,303,319,280,106,311,335,144,300,306,353,326,360,177,334,288,2,2,2,2,2,2,2,2,2,2,2,2,2,2,2,2,2,2,2,2,2,2,2,2,2,2,2,2,2,2,2,76
0,1,1,1,1,1,0,1,1,1,1,1,0,0,0,1,0,1,1,1,0,0,1,0,0,0,0,1,0,1,1,0,0,0,0,1,1,0,0,1,0,0,0,0,1,0,0,1,0,0,0,1,1,0,1,1,0,0,0,0,1,0,1,0,0,0,1,0,1,1,1
2029
22,2,308
1,1,0
8838
323,367,246,337,236,236,287,318,276,311,284,302,330,22,22,22,22,22,22,22,22,22,22,22,22,22,22,22,22,22,22,22,22,22,22,22,22,22,22,22,22,22,22,22,22,22,22,22,22,22,22,22,22,22,22,293,237,357,365,332,73,347,312,280,55,336,68,329,182,335,5,5,300,319,353,359,309,314,171,307,45,2,2,2,2,2,2,2,2,2,2,2,2,2,2,2,2,2,2,2,2,2,2,2,2,2,2,2,2,2,2,2,2,2,2,2,2,2,2,2,2,2,2,2,2,2,2,2,2,2,2,2,2,2,2,2,2,2,2,2,2,2,2,2,2,2,2,2,2,2,2,2,2,2,2,2,2,2,2,2,2,2,2,2,2,2,2,2,2,2,2,2,2,2,2,2,2,2,2,2,2,2,2,2,2,2,2,2,2,2,2,2,2,2,2,2,2,2,2,2,360,356,358,344,253,304,252,175,174,254,363,364,295,91,339,346,341,352,317,308,303,334,354,199,110,263,350,333,348,27,328,301,301,124,345,291,279,288,340,368
1,1,1,1,1,1,1,1,0,1,1,1,1,1,1,0,1,1,0,1,0,1,1,1,1,1,1,1,1,1,0,0,1,0,1,1,1,1,0,0,0,0,0,1,1,1,0,1,1,0,0,1,1,1,1,1,1,0,1,1,1,0,1,1,1,1,1,1,1,1,1,1,1,1,0,1,1,1,1,1,1,1,1,0,1,1,1,1,1,1,1,1,0,0,0,0,0,1,1,1,1,1,0,1,1,1,1,1,0,1,0,1,0,0,1,1,1,1,1,0,1,1,1,0,1,0,1,1,1,0,1,1,1,1,1,1,1,1,1,0,1,1,1,0,1,1,1,1,1,0,1,0,0,1,1,1,1,0,0,1,1,1,0,0,1,1,1,1,0,1,1,1,1,1,1,1,1,1,1,1,1,1,1,1,1,0,1,1,1,1,0,1,1,1,1,1,1,0,0,1,1,1,1,1,1,1,1,1,1,1,1,1,1,1,1,1,1,1,1,1,0,1,1,1,1,1,0,1,0,1,0,1,1,1,1,1,1,1,0,0
2031
289,302,22,2,2,2,2,2,2,2,2,2,2,76
0,0,1,1,0,1,0,0,1,1,1,0,1,0
7803
337,236,364,344,286,350,348,338,285,330,332,22,22,22,22,22,124,345,208,282,300,331,2,2,2,2,2,2,2,2,2,2,2,2,2,2,2,2,2,2,2,2,2,2,2,2,2,2,2,2,2,327
1,1,0,1,0,0,0,0,0,0,0,1,0,1,1,1,0,1,0,0,0,0,0,0,0,0,1,0,0,1,1,0,0,0,1,0,0,0,0,0,0,0,1,1,1,0,0,0,0,1,0,1
2033
290,323,311,246,351,347,318,286,41,235,284,111,302,22,22,22,22,22,22,22,22,22,22,22,22,22,22,22,22,22,22,22,22,22,22,22,297,237,146,312,280,365,329,335,300,319,353,76,55,294,327,177,296,247,344,253,5,5,174,283,295,48,339,352,182,349,343,78,254,151,279,354,199,325,263,348,338,68,2,2,2,2,2,2,2,2,2,2,2,2,2,2,2,2,2,2,2,2,2,2,2,2,2,2,2,2,2,2,2,2,2,2,2,2,2,2,2,2,2,2,2,2,2,2,2,2,2,2,2,2,2,124,360,208,303,65,334,288,340,321
0,0,1,1,1,1,1,1,1,1,0,1,1,1,1,0,1,0,0,1,1,0,0,0,0,0,0,0,0,0,0,0,1,1,1,1,0,0,0,1,1,0,1,1,1,0,0,1,1,1,0,0,0,1,1,1,1,1,0,1,0,0,1,1,1,0,1,1,1,1,0,1,1,1,1,1,1,1,1,1,0,0,0,1,1,1,1,1,1,1,1,0,0,0,0,0,0,0,0,1,1,1,1,1,1,0,0,1,1,1,1,1,1,1,1,1,0,1,0,0,1,1,0,0,1,0,0,0,0,1,1,1,1,0,1,0,1,1,0,1
2034
111,312,235,22,22,22,367,2,2,2,2,2,2,2,2,2,2,2,2,2,321
1,1,0,1,1,1,1,0,0,0,1,0,1,1,0,1,1,1,0,0,0
2035
337,2,22
1,1,1
2036
247,318,235,254,292,91,291,339,293,317,289,177,263,45,353,359,310,2,2,2,2,2,2,2,2,2,2,2,2,2,2,2,2,2,2,2,2,2,2,2,2,2,2,2,2,360,309,171,288,327,22,22,22,22,22,22,22,22,22,22,22,22,22,22,22,22,22
1,1,0,0,0,1,1,0,1,0,1,1,1,1,1,0,1,0,1,0,1,0,0,0,1,1,1,0,1,0,0,0,0,1,1,1,1,1,0,0,0,1,0,1,0,1,1,1,1,1,0,0,0,0,0,1,0,0,1,1,1,1,0,0,1,1,1
2037
78,296,290,22,22,22,22,22,22,236,298,175,279,73,2,2,2,2,2,2,2,2,2,2,2,2,2,2,2,2,2,2,2,2,357
1,1,0,0,1,0,0,1,1,0,1,1,1,1,0,0,0,0,0,1,1,1,0,1,1,0,1,0,0,0,1,0,0,0,0
2038
306,323,352,354,22,22,22,22,22,22,22,341,41,5,2,2,2,2,2,2,2,2,2,2,2,2,2,2,2,2,2,2,2,2,2,174
1,0,1,1,1,1,1,1,1,1,0,0,1,1,1,1,0,1,0,1,1,1,1,0,0,1,0,1,1,0,0,0,1,0,0,1
2039
247,293,336,287,297,311,284,174,330,292,91,219,346,317,332,312,280,236,329,263,235,359,2,2,2,2,2,2,2,2,2,2,2,2,2,2,2,2,2,2,2,2,2,2,2,2,2,2,2,2,2,2,2,2,2,2,2,2,2,2,2,2,2,65,171,288,301,22,22,22,22,22,22,22,22,22
0,1,0,1,1,0,1,1,1,1,0,1,1,0,0,1,0,1,1,0,0,1,1,1,1,1,1,0,1,1,1,1,1,0,0,1,1,0,0,1,1,1,1,0,0,1,0,1,0,1,0,0,1,1,0,1,1,0,0,1,0,1,0,1,1,1,0,1,1,1,0,1,1,1,1,1
2040
296,236,22,22,2,2
0,1,0,0,1,0
2041
344,332,2,2,2
1,1,0,1,1
2042
246,351,76,236,287,344,318,304,368,5,174,302,330,292,91,322,293,326,317,155,337,78,254,370,325,45,111,86,359,301,360,208,291,65,171,252,288,2,2,2,2,2,2,2,2,2,2,2,2,2,2,2,2,2,2,2,2,2,2,2,2,2,2,2,2,2,2,2,2,2,2,2,2,2,2,2,2,2,2,2,2,2,22,22,22,22,22,22,22,22,22,22,22,22,22,22,22,22,22,22
1,1,0,1,1,1,1,0,0,1,0,1,1,0,0,1,1,1,1,0,1,1,1,1,1,1,1,0,1,0,1,1,1,0,0,1,1,1,1,0,1,1,1,1,0,0,1,0,0,1,0,0,1,1,1,1,1,0,1,0,1,1,1,1,1,0,0,0,1,0,0,0,1,1,1,1,1,0,1,1,1,1,1,1,1,1,1,0,1,0,1,1,1,1,0,0,1,1,0,1
2043
73,347,312,287,276,318,297,5,5,5,252,283,22,22,22,22,22,22,22,22,22,22,22,346,55,182,319,343,364,263,144,111,68,328,309,321,2,2,2,2,2,2,2,2,2,2,2,2,2,2,2,2,2,2,2,2,2,2,2,2,2,2,2,2,2,2,2,2,2,2,2,2,2,2,2,2,2,2,2,2,2,2,2,2,2,2,2,2,2,2,2,2,2,2,2,2,2,2,2,2,2,2,2,2,2,2,2,2,2,2,2,2,2,2,2,2,2,2,2,2,2,254
0,0,0,1,1,1,1,0,0,0,1,1,1,1,0,1,0,0,1,1,1,1,1,1,0,0,0,1,1,1,0,1,1,1,0,1,0,0,0,0,1,0,0,0,1,0,1,0,0,1,1,1,1,1,1,1,1,1,0,0,1,1,1,1,1,1,1,1,1,1,1,1,1,1,1,1,1,0,1,1,1,1,0,1,1,1,1,0,1,1,1,1,1,1,0,1,1,1,1,1,1,0,1,1,1,1,1,1,1,1,1,1,1,1,0,0,1,1,0,0,1,1
2044
338,285,351,22,22,175,288,2,2,2,2,2,2,2,5
0,0,1,1,0,1,0,1,0,0,0,0,0,1,1
2045
2
0
2046
236,284,358,254,45,292,22,22,22,22,22,22,22,22,22,22,22,322,293,56,317,308,151,283,315,280,329,316,357,314,291,171,288,2,2,2,2,2,2,2,2,2,2,2,2,2,2,2,2,2,2,2,2,2,2,2,2,2,2,2,2,2,2,2,2,2,91
0,1,1,1,1,0,1,0,0,1,0,1,1,0,1,1,0,1,1,0,0,1,0,1,1,1,1,1,1,1,1,0,0,1,0,1,1,0,0,1,1,0,1,1,0,0,0,1,1,0,1,0,0,0,1,0,1,1,0,0,0,1,0,0,1,0,0
2047
78,279,22,22,2,2,2,2,2,2,2,2,2,2,2,2,2,2,2,2,2,2,2,2,2,2,2,2,2,2,2,2,2,2,2,2,2,2,2,2,2,2,2,2,2,2,2,2
0,0,1,0,1,1,0,1,0,1,1,1,1,0,1,0,1,0,1,0,0,1,0,1,1,0,1,1,1,1,1,1,1,1,1,1,1,1,1,1,0,1,1,1,0,1,1,1
2048
303,299,367,367,294,343,301,281,372,253,286,297,5,73,332,22,22,22,22,22,22,22,346,48,321,288,2,2,2,2,2,2,2,2,2,2,2,2,2,2,2,2,2,2,2,2,76
0,1,1,1,1,1,0,0,0,1,0,1,0,1,0,1,0,1,1,1,1,0,1,0,1,1,1,0,1,0,1,0,1,1,0,1,0,0,0,0,0,0,0,1,0,0,1
2049
315,171,22,22,370,56,317,316
1,1,0,1,1,1,1,0
2050
2,2,22,236,313
0,0,0,1,0
2051
22
1
2052
22
0
2053
78,296,73,22,22,22,236,279,5,2,2,2,2,2,2,2,2,2,2,2,2,2,2,2,2,2,2,2,2,2,2,2,2,2,2,2,2,2,2,2,2,2,2,2,2,2,2,288
1,0,0,0,0,1,0,0,0,0,0,1,0,0,0,0,0,1,0,0,1,0,0,0,1,1,1,1,0,1,0,1,1,1,1,1,1,1,1,1,1,1,1,1,0,0,0,0
2054
296,151,351,281,253,304,144,357,254,285,330,288,22,22,22,22,22,22,22,22,22,22,22,22,22,22,22,314,346,48,175,2,2,2,2,2,2,2,2,2,2,2,2,2,2,2,2,2,2,2,2,2,2,2,2,2,2,2
0,0,0,0,1,0,0,1,1,0,1,1,0,1,0,0,0,0,1,0,0,0,0,1,1,0,0,0,1,0,0,1,1,0,1,1,0,0,0,1,1,1,0,1,0,0,1,0,0,1,1,1,1,0,1,1,1,1
2055
289,151,356,199,358,337,329,318,335,76,300,287,352,288,22,22,22,22,22,22,22,22,22,22,22,22,22,360,346,279,331,2,2,2,2,2,2,2,2,2,2,2,2,2,2,2,2,2,2,2,2,2,341
1,1,1,0,0,1,0,1,0,0,0,1,1,1,1,0,1,1,0,0,1,1,1,1,1,1,1,1,1,1,0,1,0,0,0,1,1,1,1,1,0,1,1,0,1,0,0,0,0,1,1,1,0
2056
315,236,316,174,111,330,22,22,22,22,22,22,22,22,291,171,317,2,2,2,2,2,2,2,2,2,308
0,0,0,1,0,1,0,1,1,0,1,0,1,1,0,0,0,0,1,0,0,1,0,0,0,1,1
2057
367,246,351,347,236,41,302,22,22,22,22,22,22,22,22,22,22,22,22,22,22,22,22,22,22,322,282,146,332,343,362,336,329,175,144,300,319,353,76,314,294,308,307,305,326,344,284,5,5,254,295,352,349,341,289,283,151,199,110,263,348,27,328,2,2,2,2,2,2,2,2,2,2,2,2,2,2,2,2,2,2,2,2,2,2,2,2,2,2,2,2,2,2,2,2,2,2,2,2,2,2,2,2,2,2,2,2,2,2,2,2,2,368,288,321
1,1,1,0,1,0,0,0,1,1,1,1,0,0,1,1,1,1,1,1,1,1,1,1,1,1,1,0,1,0,1,0,1,0,0,1,1,1,1,1,1,1,0,1,0,1,1,0,1,1,1,1,0,1,0,1,0,1,0,1,1,1,0,1,1,0,1,1,1,1,1,0,1,0,1,1,1,0,1,1,1,1,1,0,1,1,0,1,1,0,1,0,1,1,0,0,1,1,1,1,1,1,1,0,1,0,1,1,1,0,1,0,1,1,0
2058
2
1
2059
247,356,76,336,5,295,22,22,22,22,22,22,22,22,22,322,237,300,146,111,177,55,199,68,263,348,319,285,353,309,301,360,338,334,307,2,2,2,2,2,2,2,2,2,2,2,2,2,2,2,2,2,2,2,2,2,2,2,2,2,2,2,2,2,2,2,2,2,2,2,2,2,2,2,2,2,2,321
0,1,1,1,0,0,0,0,1,1,1,0,0,1,0,0,1,0,1,1,0,1,1,1,1,0,0,1,0,0,1,0,0,0,0,1,1,0,0,0,1,0,1,1,0,1,0,0,0,1,1,0,1,0,1,1,0,1,1,0,0,0,0,1,1,1,0,0,1,0,0,1,0,0,0,0,1,0
2060
22,2,2,2,2
0,1,0,1,0
2061
2,2,2,2,2,2,2,2,2,2,2,2,2,2,2,2,2,2,2,2,2,280,276,144,355,331,302,22,22,22,22,22,22,22,294,334,305,361
0,1,0,1,1,1,1,0,1,1,1,1,0,0,0,1,0,1,0,0,0,1,1,1,1,0,1,1,1,1,1,1,1,1,1,1,0,1
2062
311,351,236,281,318,360,276,358,355,174,283,330,22,22,22,22,22,22,22,22,22,22,22,237,146,308,312,285,86,302,338,68,309,76,345,334,307,288,2,2,2,2,2,2,2,2,2,2,2,2,2,2,2,2,2,2,2,2,2,2,2,2,2,2,2,2,2,2,2,2,2,2,2,2,2,2,2,2,2,2,2
1,1,1,0,1,1,1,0,0,1,1,1,0,0,0,1,0,1,1,1,0,1,0,0,0,0,0,0,0,0,0,1,0,0,0,1,1,1,0,0,1,0,1,0,0,1,1,0,0,1,0,1,1,1,1,0,0,1,1,0,0,0,1,1,0,1,0,0,0,1,1,1,1,1,1,0,1,1,0,0,0
2063
2
0
2064
289,236,364,335,5,5,175,306,363,328,22,22,22,22,22,22,282,48,279,332,2,2,2,2,2,2,2,2,2,2,2,2,2,2,2,2,2,2,2,2,2,2,2,2,2,341
1,1,0,0,1,1,0,1,0,0,1,1,1,1,1,0,1,0,1,1,1,1,1,1,0,0,0,1,0,0,0,1,0,0,1,1,1,1,1,1,1,1,1,1,1,1
2065
2
1
2066
359,22,22,22,22,22,22,361,291,317,45,2,2,2,2,2,2,2,2,2,2
0,1,0,0,1,0,0,1,0,0,1,1,0,1,0,1,0,1,1,0,0
2067
296,311,304,351,337,344,286,297,174,295,22,22,22,22,22,22,22,22,22,22,22,22,322,237,300,298,349,155,308,151,343,343,175,333,357,319,285,314,208,65,279,307,2,2,2,2,2,2,2,2,2,2,2,2,2,2,2,2,2,2,2,2,2,2,2,2,2,2,2,2,2,2,2,2,2,2,2,2,2,2,2,2,2
1,0,1,0,1,1,0,1,1,1,1,0,0,1,0,0,1,1,0,0,1,1,1,1,1,1,0,1,1,0,0,0,1,1,1,1,0,1,0,1,1,0,1,1,1,1,1,0,0,1,0,1,0,1,1,1,0,1,0,0,1,1,0,0,1,0,1,0,1,1,0,1,1,1,1,1,1,0,1,0,1,1,0
2068
2
0
2069
323,311,356,337,236,287,314,22,22,22,22,22,22,22,22,22,22,339,293,352,146,313,341,151,354,343,325,317,106,288,68,359,326,301,110,171,45,2,2,2,2,2,2,2,2,2,2,2,2,2,2,2,2,2,2,2,2,2,2,2,2,2,2,2,2,2,2,2,2,2,2,2,76
1,1,1,1,1,0,1,0,1,1,1,1,1,1,1,0,0,1,1,0,0,1,1,0,1,1,0,1,0,1,1,1,1,0,0,1,1,1,1,0,1,0,1,0,0,0,0,1,0,0,1,0,0,1,1,0,0,0,1,1,1,1,1,1,1,1,1,0,1,1,0,0,1
2070
22,2,2,2,2,2,2,345
1,1,1,1,0,1,0,0
2071
2,2,2,2
1,1,1,1
2072
55,309,22,22,22,22,22,22,22,22,22,22,2,2,2,2,2,2,2,2,2,2,2,2,2,2,2,2,2,2,2,2,2,2,2,2,2,2,2,2,2,2,2,2,2,2,2,2,2,2,2,2,2
1,0,0,0,1,1,0,1,0,1,1,1,0,0,1,1,1,0,0,0,0,1,1,0,0,0,0,0,0,0,0,1,0,0,0,0,0,0,0,1,1,0,0,0,1,1,1,1,0,0,0,1,0
2073
289,235,236,359,22,22,22,22,22,22,22,345,291,237,171,317,45,2,2,2,2,2,2,2,2,2,2,2,2,2,2
1,0,1,1,0,0,0,0,0,0,1,1,1,0,1,0,1,0,0,1,0,1,1,1,1,1,0,0,0,0,0
2074
354,22,22,22,22,320,2,2,2,2,2,2,2,2,2,2,2,2,2,2,276,361,343
1,0,1,1,1,0,0,1,0,0,1,1,0,1,1,1,0,0,0,0,1,1,0
2075
342,303,235,171,171,315,315,175,246,280,300,363,288,295,22,22,22,22,22,22,22,339,316,316,318,279,317,349,2,2,2,2,2,2,2,2,2,2,2,2,2,2,2,2,2,2,2,2,2,2,2,2,2,2,2,2,2,2,2,2,2,2,2,2,368
1,0,0,0,0,0,1,0,1,0,0,0,0,0,1,1,0,0,0,0,1,1,0,0,1,0,0,0,0,0,0,0,0,0,1,0,0,0,1,0,0,0,1,1,0,0,0,0,0,0,0,1,0,0,0,1,0,0,1,0,1,0,1,1,1
2076
289,315,342,347,56,316,283,22,22,22,22,22,314,171,317,2,2,2,2,2,2,2,2,2,2,2,2,2,2,2,2,2,2,2,2,2,2,2,2,2,2
0,1,1,0,1,0,0,1,1,1,0,1,0,1,0,1,1,1,1,0,1,0,1,1,1,1,1,1,1,1,0,0,1,0,0,1,1,0,0,0,1
2077
323,280,354,364,353,247,333,300,111,363,22,22,22,22,22,357,307,2,2,2,2,2,2,2,2,2,2,2,2,2
0,1,1,1,0,1,1,1,1,1,1,1,0,0,0,0,0,1,0,0,1,1,1,1,1,1,0,0,0,0
2078
299,177,276,318,350,73,5,175,111,285,22,22,22,22,22,124,298,331,2,2,2,2,2,2,2,2,2,2,2,2,2,2,2,2,2,2,2,2,2,2,2,2,2,2,2,2,2,2,2,2,2,2
1,1,1,1,0,1,0,0,1,0,0,1,1,1,1,0,1,0,1,1,0,0,0,1,1,0,1,1,1,1,0,0,1,0,1,1,0,1,1,1,0,1,0,0,1,0,0,1,1,1,1,1
2079
367,246,236,297,311,302,324,330,22,22,22,22,22,22,22,22,22,22,22,22,22,22,22,22,22,22,22,22,22,22,22,346,282,146,313,177,352,336,182,175,316,300,171,45,326,289,344,46,252,174,91,339,293,56,317,349,343,78,315,199,325,350,2,2,2,2,2,2,2,2,2,2,2,2,2,2,2,2,2,2,2,2,2,2,2,2,2,2,2,2,2,2,2,2,2,2,2,2,2,2,2,2,2,2,2,2,2,2,2,2,2,2,2,2,2,2,2,2,2,2,2,2,2,2,2,2,2,2,2,335,340,368
1,0,0,1,1,0,1,0,0,1,0,0,0,1,0,0,1,1,1,1,1,0,0,1,0,1,1,1,1,0,0,1,0,1,0,1,1,0,1,0,0,0,0,1,1,1,1,1,0,0,0,0,0,0,0,0,0,1,0,1,0,0,0,1,0,0,1,1,1,0,1,0,1,1,1,1,0,1,1,0,1,1,0,1,0,1,1,1,0,1,0,1,1,0,1,0,1,1,1,1,1,1,1,1,1,0,1,0,1,0,0,1,0,1,1,0,1,0,0,1,0,0,0,0,1,0,1,0,1,0,0,1
2080
327
0
2081
246,22,236,276,2,2,2,2,2,337
0,0,0,1,0,1,0,0,0,0
2082
299,299,296,73,352,351,361,344,78,22,22,22,22,22,22,22,298,282,279,288,2,2,2,2,2,2,2,2,2,2,2,2,2,2,2,2,2,2,2,2,2,2,2,2,2,2,2,2,2,2,2,2,2,2,2,2,2,2,2,2,2,2,2,2,76
1,1,1,1,1,0,0,1,1,1,1,1,0,1,0,0,1,0,1,0,0,0,1,0,0,0,1,1,1,1,1,1,1,0,1,1,0,0,1,0,1,1,1,0,1,1,1,1,1,1,1,1,0,1,1,1,1,0,1,0,0,0,0,0,1
2083
2,2,2,2,2,2,2,2,2,2,2,2,2,2,2,2,2,2,2,2,155,337,236,318,288,5,284,357,208,359,22,22,22,22,22,22,22,22,22,22,22,22,22,22,22,22,22,22,339,339,293,171,317,45,301,91
1,0,0,1,0,1,1,1,1,1,1,1,1,1,1,1,1,0,1,1,1,1,1,1,0,0,1,1,0,0,1,1,1,1,1,0,1,1,1,1,1,1,0,1,1,1,1,1,0,1,1,0,1,1,1,0
2084
362,235,352,236,318,288,288,5,45,327,324,292,359,328,22,22,22,22,22,22,293,291,171,317,331,2,2,2,2,2,2,2,2,2,2,2,2,2,2,2,91
1,0,1,1,1,0,0,0,1,1,0,1,0,0,0,0,0,0,0,0,0,0,0,0,0,0,1,0,0,0,0,0,0,0,0,0,0,0,0,0,0
2085
22,22,2,2,2
1,1,0,1,0
2086
365,236,301,301,56,345,41,41,316,175,5,288,332,22,22,22,22,22,22,22,22,22,22,304,110,246,293,171,317,45,2,2,2,2,2,2,2,2,2,2,2,2,2,2,2,2,2,2,2,2,2,2,76
0,1,1,0,1,0,0,0,1,0,0,1,1,1,0,1,1,1,1,1,0,0,1,0,0,1,1,0,1,0,0,1,1,0,0,0,1,1,1,0,1,1,0,0,0,0,0,0,0,1,1,1,1
2087
283,295,76,236,86,5,2,2,2,2,2,2,2,22
1,1,1,1,0,0,1,1,1,1,1,1,1,0
2088
315,56,253,357,350,247,327,5,5,235,330,349,328,91,367,316,171,317,331,2,2,2,2,2,2,2,2,2,2,2,2,2,2,2,2,2,2,2,2,2,2,2,2,2,2,2,2,2,2,2,2,2,2,22,22,22,22,22,22,22,22
0,0,1,1,0,0,0,0,0,0,1,0,0,0,1,1,1,0,0,0,0,0,1,0,0,0,1,1,0,0,0,0,1,1,0,0,1,0,0,0,0,0,0,1,0,1,0,1,1,1,1,1,1,1,1,0,1,1,0,1,0
2089
22,22,22,22,22,22,22,22,22,22,2,2,2,2,2,2,2,2,2,2,2,2,2,2,2,2,2,2,2,2,2,2,2,2,2,2,2,2
1,1,1,0,0,0,0,0,0,0,0,0,0,0,0,0,0,0,0,0,0,0,0,0,1,1,1,0,0,0,1,0,0,0,0,0,0,0
2090
327,22,22,22,22,282,5,332,2,2,2,2,2,2,2,2,2,321
0,1,1,0,0,0,0,0,1,1,1,0,0,1,1,1,0,1
2091
289,315,171,253,236,236,91,317,263,252,45,288,326,322,291,2,2,2,2,2,2,2,2,2,2,2,2,2,2,2,2,2,2,2,2,2,2,2,2,2,2,2,2,2,2,307,305,155,22,22,22,22,22,22
1,0,1,1,0,1,0,1,1,0,1,0,0,1,1,1,1,0,0,1,0,0,1,1,0,0,0,0,1,0,0,1,0,0,0,0,1,0,0,1,1,1,1,1,0,0,0,1,0,1,1,1,0,0
2092
306,22,2,2,2,2,2,2,2,2,2,2,2,2,2,2,2,2,2,2,2,2,2,2,2,2,2,2,2,2,2,2,2,2,2,2,2,2,2,2,2,2,2,2
0,0,1,1,0,1,1,1,1,1,1,0,1,1,0,1,1,1,1,1,0,1,1,1,1,1,0,1,1,1,1,1,1,1,1,0,0,1,1,0,1,0,0,0
2093
299,73,356,236,236,318,304,5,5,174,352,22,22,22,22,22,22,22,22,22,282,293,55,317,313,341,362,171,354,146,316,67,288,288,235,340,2,2,2,2,2,2,2,2,2,2,2,2,2,2,2,2,2,2,2,2,2,2,2,2,2,2,2,2,2,2,2,2,2,2,2,2,2,2,2,48,334,307,45,301,321
1,0,1,0,1,0,0,0,0,0,0,1,1,0,1,0,1,0,0,0,0,1,0,0,0,0,1,0,0,0,1,1,0,0,0,0,0,0,0,0,1,0,0,0,0,1,0,1,0,0,0,0,0,0,0,0,1,0,0,1,0,0,1,0,0,0,0,1,1,1,0,1,1,0,0,0,0,1,1,0,0
2094
299,367,22,22,22,298,286,332,2,2
1,0,1,1,1,1,1,0,0,0
2095
291,236,22,22,22,22,22,22,22,22,22,22,22,22,22,22,22,22,2,2,2,2,2,2,2,2,2,2,2,2,2,2,2,2,2,2,2,2,2,2,2,2,2,2,2,2,2,2,2,2,2,2,2,2,2,2,2,2,2,2,2,2,2,2,2
0,1,1,1,1,0,0,1,1,1,1,1,0,1,1,1,1,1,1,1,0,1,1,0,0,1,1,0,0,0,1,0,0,1,0,1,1,0,1,0,1,0,1,1,1,1,1,1,1,1,1,1,1,0,1,0,0,0,1,1,0,0,1,0,0
2096
45,367,359,22,22,22,22,22,236,171,317,5,2,2,2,2,2,313
0,0,0,1,0,0,0,1,1,1,0,1,1,0,0,0,0,1
2097
296,236,22,22,22,22,2,2,2,2,2,2
0,1,0,0,1,0,0,0,1,1,1,0
2098
22,2,2,337
0,1,0,1
2099
340,236,276,297,284,5,288,22,22,22,22,22,22,22,22,22,22,22,22,22,22,22,22,22,22,22,293,56,317,313,341,315,342,336,364,146,144,316,357,174,309,2,2,2,2,2,2,2,2,2,2,2,2,2,2,2,2,2,2,2,2,2,2,2,2,2,2,2,2,2,2,2,2,2,2,2,2,2,2,2,2,2,2,2,2,2,2,2,2,2,2,2,171,45,301
0,1,0,1,0,0,0,1,1,0,1,1,0,1,1,0,0,0,1,0,1,1,0,0,0,0,1,1,1,1,0,1,1,1,0,0,1,1,0,1,1,1,0,0,1,1,1,0,1,1,0,1,0,0,0,1,0,1,0,0,1,1,1,0,0,0,0,0,0,0,0,0,0,1,0,0,0,1,1,1,0,0,0,0,1,1,0,1,1,0,1,1,0,1,1
2100
2
0
2101
22,22,22,22,22,22,22,22,22,22,2,2,2,2,2,2,2,2,2,2,2,2,2,2,2
0,1,0,1,0,0,1,0,1,1,1,1,0,0,0,0,0,1,0,1,0,0,1,1,0
2102
235,177,354,22,22,22,22,247,144,368,182,311,2,2,2,2,2,2,2,2,2,2,2,2,2,332
0,1,1,0,1,0,0,0,1,1,1,1,0,0,1,1,0,1,0,1,1,0,1,0,0,0
2103
359,22,22,22,22,22,22,325,171,317,2,2,2,2,2,2,2,2
0,0,1,1,1,1,0,1,1,1,0,1,1,1,1,1,1,1
2104
367,298,22,22,2,2,2,2,2,332
0,1,1,1,0,0,1,1,0,0
2105
367,351,337,236,236,287,41,302,324,22,22,22,22,22,22,22,22,22,22,22,22,22,22,22,22,22,22,22,22,282,237,155,343,280,352,336,329,335,321,144,319,285,309,45,2,2,2,2,2,2,2,2,2,2,2,2,2,2,2,2,2,2,2,2,2,2,2,2,2,2,2,2,2,2,2,2,2,2,2,2,2,2,2,2,2,2,2,2,2,2,2,2,2,2,2,2,2,2,2,2,2,2,2,2,2,2,2,2,2,2,2,2,2,296,247,345,5,358,283,363,295,293,55,341,289,354,199,263,305,360,303,279,288,288,301,368
0,1,0,1,1,1,0,0,0,1,0,1,1,1,0,1,0,1,1,1,1,1,0,1,0,0,1,1,1,0,1,0,1,1,1,1,1,0,1,1,1,0,1,1,0,1,1,0,0,1,0,0,0,0,1,0,1,1,1,1,1,1,1,0,0,0,0,0,0,0,1,1,0,1,0,0,0,0,0,1,0,1,1,1,1,1,1,0,1,0,1,1,1,0,0,0,1,1,0,1,1,0,0,1,1,1,1,1,0,1,1,1,1,0,1,1,0,1,1,0,0,1,1,1,0,1,1,0,0,1,0,1,0,1,0,1
2106
289,323,247,352,337,319,329,284,5,348,111,330,349,309,22,22,22,22,22,22,22,295,65,300,331,2,2,2,2,2,2,2,2,2,2,2,2,2
1,0,0,1,1,1,0,0,0,1,0,0,0,0,1,1,0,1,1,1,0,1,1,1,0,1,0,0,0,0,0,0,0,0,0,0,0,1
2107
295,337,340,41,307,331,2,2,2,2,22
1,1,0,1,0,0,0,1,0,0,1
2108
323,22,22,22,22,22,22,22,2,2,2,2,2,2,2,2,2,2,2,2,2,2,2,2,2,2,2,2,2,2,2,2,2,2,2,2,2,2,2,2,2,2
0,1,1,1,0,1,1,1,0,0,1,0,1,0,1,0,0,1,0,0,0,0,0,0,1,0,0,1,0,0,1,0,0,0,0,0,1,0,0,0,1,0
2109
309,276,336,2,2,2,2,2,2,22,22
1,0,1,0,1,0,0,0,0,1,0
2110
323,311,246,236,287,41,302,22,22,22,22,22,22,22,22,22,22,22,22,22,22,22,22,22,22,22,22,22,22,22,22,22,297,282,237,280,331,144,300,174,76,294,305,2,2,2,2,2,2,2,2,2,2,2,2,2,2,2,2,2,2,2,2,2,2,2,2,2,2,2,2,2,2,2,2,2,2,2,2,2,2,2,2,2,2,2,2,2,2,2,2,2,2,2,2,2,2,2,2,2,2,2,177,296,235,356,276,304,5,5,252,283,91,346,352,182,349,308,78,151,320,199,86,263,333,348,328,327,345,303,48,288,321
0,1,1,0,1,0,0,0,0,0,0,0,1,1,0,0,1,1,1,0,0,1,0,0,0,1,1,0,1,0,1,0,0,1,0,1,1,0,0,0,0,1,0,1,1,0,1,1,1,0,0,0,1,0,1,0,0,0,0,1,1,0,0,0,1,0,0,0,0,1,0,1,1,0,0,1,1,0,1,1,1,0,0,1,1,1,0,0,1,1,0,0,0,0,0,1,0,0,1,1,0,1,0,1,0,0,1,0,0,0,1,0,0,1,0,0,1,0,1,0,0,1,1,1,1,0,0,1,0,1,0,0,1
8986
323,22,281,297,276,2,2,2,2,2,2,2,2,2,2,2
1,0,1,1,0,1,1,0,1,1,1,1,0,0,1,1
2112
22,360
1,1
2113
22,2,2,2,2,284
1,0,0,0,0,1
2114
295,2,2,2,2
0,0,0,0,0
2115
22,22,22,2,2,2
0,1,1,1,0,1
2116
22,2
1,0
2117
2,2,2,2,2,2,2,2,2,2,312,199,236,318,349,313,355,45,174,359,22,22,22,22,22,22,22,305,293,65,171,317,288,301
1,0,1,1,0,0,0,1,0,0,0,1,1,1,0,1,0,1,1,0,1,1,1,0,1,1,0,0,0,1,1,0,1,0
2118
323,311,246,351,337,336,322,41,73,284,302,324,330,22,22,22,22,22,22,22,22,22,22,22,22,22,22,22,22,22,22,22,22,22,22,22,22,22,22,22,22,22,22,22,297,346,282,237,348,295,332,343,319,365,236,331,329,175,321,301,300,111,285,65,309,76,27,294,341,307,325,2,2,2,2,2,2,2,2,2,2,2,2,2,2,2,2,2,2,2,2,2,2,2,2,2,2,2,2,2,2,2,2,2,2,2,2,2,2,2,2,2,2,2,2,2,2,2,2,2,2,2,2,2,2,2,2,2,2,2,2,2,2,2,2,2,2,2,2,2,2,2,2,2,2,2,2,2,2,2,2,2,2,2,2,2,2,2,2,2,2,2,2,2,2,2,364,296,235,326,344,253,304,5,5,355,252,358,353,347,91,339,106,55,182,48,308,289,151,354,320,199,86,110,263,350,67,333,357,68,328,327,124,303,276,279,335,78,368
1,1,1,1,1,0,1,1,1,1,1,1,1,1,1,1,1,1,1,1,1,0,0,1,1,1,0,1,1,1,1,1,1,1,1,1,1,1,0,1,1,1,1,1,1,1,1,1,1,1,0,1,1,1,1,0,1,0,1,0,0,0,0,1,1,1,0,1,1,1,1,0,0,1,0,0,1,0,1,1,1,0,1,1,1,1,1,0,1,1,0,1,0,0,1,0,0,1,1,1,1,1,0,1,1,0,1,0,1,1,1,1,0,1,1,1,1,1,1,0,1,1,1,1,1,1,1,1,1,1,1,1,1,1,1,0,1,1,1,1,1,1,1,1,0,1,1,1,1,1,1,1,1,1,0,1,1,1,1,1,1,1,1,0,1,0,1,1,0,1,1,0,0,1,1,1,1,1,1,1,1,1,1,1,1,0,1,0,1,1,0,1,0,0,1,1,1,1,1,1,1,1,0,0,0,0,1,1,1
2119
367,246,351,337,296,247,318,276,73,284,324,330,22,22,22,22,22,22,22,22,22,22,22,22,22,22,22,22,22,22,22,22,22,22,22,22,22,22,22,22,22,146,347,177,65,364,335,306,353,309,307,2,2,2,2,2,2,2,2,2,2,2,2,2,2,2,2,2,2,2,2,2,2,2,2,2,2,2,2,2,2,2,2,2,2,2,2,2,2,2,2,2,2,2,2,2,2,2,2,2,2,2,2,2,2,2,2,2,2,2,2,2,2,2,2,2,2,2,2,2,2,2,303,235,297,252,360,5,5,355,174,358,295,339,320,55,182,349,308,289,334,106,343,325,354,350,78,348,27,366,280,208,48,279,288,340,321
1,0,1,0,1,1,1,0,1,1,1,1,0,1,1,1,1,1,0,1,1,1,0,1,1,0,0,0,1,1,1,1,1,1,1,1,0,1,1,0,0,1,1,1,1,1,0,1,1,0,1,1,1,1,0,0,1,0,1,1,1,0,1,1,1,1,0,1,1,0,0,1,0,1,1,1,1,0,0,1,1,1,0,1,1,1,1,1,1,1,1,0,1,1,0,1,1,0,1,1,0,1,0,1,0,1,1,1,1,1,1,1,0,1,0,1,1,1,1,1,1,1,0,1,1,1,1,1,1,0,1,1,0,1,1,1,1,1,1,1,1,1,0,1,1,1,0,1,0,1,1,1,1,1,0,0,1
2120
299,299,299,78,367,367,73,73,73,22,22,22,22,22,22,22,298,298,346,318,286,286,332,332,2,2,2,2,2,2,2,2,2,2,2,2,2,2,2,2,2,2,2,2,2,2,2,2,2,2,2,2,2,2,2,2,2,2,2,2,2,2,2,2,2,2,2,2,2,2,2,2,2,2,2,2,2,2,2,2,2,2,2,2,2,2,2,2,2,2,2,2,2
1,1,1,1,1,1,1,1,1,1,0,1,1,1,1,1,1,1,1,1,0,1,1,1,0,1,0,0,1,1,0,1,1,1,1,1,1,1,1,1,1,1,1,1,0,1,1,1,1,1,1,0,1,1,1,1,1,1,1,1,1,1,1,1,1,1,0,1,1,1,1,0,1,0,1,1,1,1,1,1,1,1,1,1,1,1,1,1,1,1,1,0,1
2121
301,2,2,2,2,2,2
0,0,0,1,1,0,1
2122
290,246,351,337,236,253,358,252,254,292,91,339,293,341,55,317,327,303,283,365,320,199,182,263,110,333,111,285,359,76,314,291,171,45,2,2,2,2,2,2,2,2,2,2,2,2,2,2,2,2,2,2,2,2,2,2,2,2,2,2,2,2,2,2,2,2,2,2,2,2,2,2,2,2,2,2,2,2,2,2,22,22,22,22,22,22,22,22,22,22,22,22,22,22,22,22
0,1,0,0,0,0,1,1,0,0,0,0,0,0,1,0,1,0,1,1,0,1,1,0,0,0,0,0,0,1,1,1,1,1,1,0,1,0,0,1,1,0,0,1,0,0,1,0,1,0,1,0,0,0,0,0,1,1,0,0,1,1,1,0,1,1,1,1,1,1,0,0,1,1,1,0,0,0,1,0,1,1,1,1,0,0,1,0,0,0,0,0,0,1,0,0
2123
2,2,2,2,2,2
1,0,0,0,1,0
2124
22,22,22,22,22,22,22,22,22,22,22,22,22,2,2,2,2,2,2,2,2,2,2,2,2,2,2,2,2,2,2,2,2,2,2,2,2,2,2,2,2,2,2,2,2,2,2,2,2,2,2,2,2,2,2,2,2,2,2,2,2,2,2,2,2,2
0,0,0,0,1,1,1,1,1,1,0,1,1,0,0,0,0,0,0,0,0,1,0,0,0,0,0,0,0,1,1,1,1,0,1,0,0,0,1,0,0,0,0,1,0,0,0,0,1,0,0,0,0,0,0,1,0,0,1,1,0,1,0,0,0,0
2125
22,2,2,2
0,1,0,0
9014
283,312,73,22,22,22,22,316,315,56,5,2,2,2,2,2,2,2,2,2,2,2,2,2,2,2,2,2,2,2,2,2,2,2,2,2,2,341
1,1,1,1,0,1,1,0,1,1,1,1,0,1,1,0,1,1,0,0,1,0,0,0,1,1,1,1,0,0,0,1,0,0,0,0,0,1
2127
2,2,2,2,2,2,2,2,2,2,2,2,2,2,2,2,2,2,2,2,2,246,351,347,336,5,174,359,22,22,22,22,22,339,48,171,317,294,326
0,1,0,1,0,1,1,1,0,0,1,0,0,0,1,1,1,1,1,0,0,0,0,0,0,1,0,0,0,1,0,1,0,0,0,0,0,1,1
2128
292,151,336,236,236,182,288,41,300,355,45,330,359,22,22,22,22,22,22,22,22,22,22,22,22,293,171,317,313,2,2,2,2,2,2,2,2,2,2,2,2,2,2,2,2,2,2,2,2,91
1,0,0,1,1,0,0,0,0,0,1,1,1,0,0,0,0,0,1,0,0,0,0,0,0,0,1,0,1,0,0,0,0,1,1,0,0,0,0,0,1,0,0,0,0,1,0,1,0,0
2129
323,368,22,22,22,2,2,2,2,2,2,5
0,0,1,1,1,0,1,1,1,0,0,0
2130
246,22,2,2
0,0,0,0
2131
45,236,22,22,22,22,22,22,22,22,22,22,22,22,22,22,22,2,2,2,2,2,2,2,2,2,2,2,2,2,2,2,2,2,2,2,2,2,2,2,2,2,2,2,2,2,2,2,2,2,2,2,2,2,2,2,2,2,2,2,2,2,2,2,2,2,2,313
1,1,0,1,1,1,1,1,1,1,1,1,1,1,1,1,0,1,1,0,1,1,1,0,1,1,1,1,0,0,0,0,1,1,0,0,1,1,1,1,1,1,0,0,1,1,1,1,1,1,1,1,1,1,1,1,1,1,1,1,1,1,1,1,0,0,1,1
2132
2,2,2,2,2,2,2,2,2,2,2,2,2,2,2,2,2,2,2,2,171,325,288,369,301,313,359,310,22,22,22,22,22,22,246,293,341,334,295,45,361,368
1,1,0,0,0,1,0,0,0,0,1,0,0,1,0,1,0,0,1,0,0,0,1,1,0,1,0,1,0,0,0,1,0,1,0,1,0,1,0,1,1,0
2133
78,22
0,0
2134
289,351,236,236,358,252,284,324,330,292,22,22,22,22,22,22,22,22,22,22,22,22,22,22,22,357,317,349,327,78,312,354,65,370,68,350,300,5,5,45,27,359,340,2,2,2,2,2,2,2,2,2,2,2,2,2,2,2,2,2,2,2,2,2,2,2,2,2,2,2,2,2,2,2,2,2,2,2,2,2,2,2,2,2,2,2,2,2,2,2,2,2,291,48,171,288,301
0,0,1,0,1,0,1,0,0,0,0,0,1,1,1,1,0,0,0,0,1,0,0,1,0,0,0,0,0,0,0,0,0,0,1,0,0,0,0,1,0,1,0,1,1,1,0,0,1,1,1,0,1,0,1,1,1,0,1,0,0,0,0,0,0,0,0,0,0,1,0,0,0,1,1,0,0,0,0,1,0,1,0,0,0,0,0,0,0,1,0,1,1,0,0,0,0
2135
78,296,22,22,236,279,288,2,2
0,0,0,1,1,1,1,0,0
2136
78,302,235,334,106,199,296,329,110,144,177,333,305,319,27,22,22,22,22,22,22,22,22,22,22,345,346,357,332,2,2,2,2,2,2,2,2,2,2,2,2,2,2,2,2,2,2,2,2,2,2,2,2,2,2,2,2,2,2,2,2,2,2,2,2,2,2,2,2
1,0,0,1,1,1,1,1,1,0,0,0,1,0,1,1,1,0,1,0,0,0,1,1,0,1,1,1,1,1,0,1,1,1,1,1,1,1,1,0,1,1,1,0,1,0,0,0,0,0,1,0,0,1,1,1,1,1,1,0,0,1,1,1,0,0,0,1,1
2137
299,351,124,236,287,344,304,5,5,284,283,346,292,295,22,22,22,22,22,22,22,22,22,22,22,22,22,22,22,22,298,293,317,151,106,336,325,335,144,45,364,359,328,326,320,360,291,171,171,288,2,2,2,2,2,2,2,2,2,2,2,2,2,2,2,2,2,2,2,2,2,2,2,2,2,2,2,2,2,2,2,2,2,2,2,2,91
1,0,0,1,1,1,1,1,0,0,1,1,1,1,1,1,0,0,0,1,1,1,0,1,1,1,1,1,1,1,1,1,0,1,1,1,1,1,1,1,1,1,1,0,1,1,1,0,1,0,0,1,1,1,0,0,0,1,1,0,1,1,1,0,0,1,1,1,1,1,1,0,1,0,1,1,1,1,1,0,0,0,1,0,1,0,0
2138
290,236,5,283,22,22,22,22,22,22,22,22,22,22,22,22,22,22,322,293,305,317,313,171,354,343,350,45,27,359,309,2,2,2,2,2,2,2,2,2,2,2,2,2,2,2,2,2,2,2,2,2,2,310,294,279,288,301,321
0,1,1,0,1,0,0,1,1,1,1,1,0,1,1,0,1,1,1,1,1,1,1,1,1,0,1,1,1,0,1,0,1,1,1,0,0,0,0,1,1,1,1,1,1,1,1,0,0,1,1,1,1,1,0,1,0,0,1
2139
290,367,246,347,331,286,368,311,324,22,22,22,22,22,22,22,22,22,22,22,22,22,22,22,22,22,22,332,327,312,177,365,68,364,175,111,285,353,76,314,27,294,2,2,2,2,2,2,2,2,2,2,2,2,2,2,2,2,2,2,2,2,2,2,2,2,2,2,2,2,2,2,2,2,2,2,2,2,2,2,2,2,2,2,2,2,2,2,2,2,2,2,2,2,2,2,296,247,356,5,5,5,254,288,349,341,289,320,86,350,333,348,338,329,326,124,345,208,48,279,335,340,321
0,1,1,0,0,0,1,1,1,0,1,0,0,0,1,0,0,1,1,1,1,1,1,0,1,1,1,0,0,0,1,1,1,1,1,1,0,1,0,1,0,0,0,1,0,0,1,0,0,1,0,0,1,1,1,1,1,0,1,0,0,1,0,1,1,0,1,0,0,1,0,0,1,1,0,1,1,1,1,1,0,1,1,1,1,0,1,1,0,0,0,0,1,1,1,1,0,0,1,1,0,1,0,0,0,0,0,0,1,0,1,0,1,0,1,0,1,0,0,1,1,0,1
2140
359,22,22,22,22,22,22,22,22,22,22,22,236,171,317,2,2,2,2,2,2,2,2,2,2,2,2,2,2,2,2,2,2,2,2,2,2,2,2,2,2
0,1,0,0,0,0,0,0,0,1,1,1,1,0,0,0,1,0,0,0,0,0,0,0,0,1,1,0,0,0,0,0,0,0,0,1,0,1,0,0,1
2141
344,284,351,336,350,318,304,5,5,5,355,174,302,330,263,91,352,182,155,341,78,73,342,106,236,364,175,144,363,348,111,68,235,124,314,307,305,2,2,2,2,2,2,2,2,2,2,2,2,2,2,2,2,2,2,2,2,2,2,2,2,2,2,2,2,2,2,2,2,2,2,2,2,2,2,2,2,2,22,22,22,22,22,22,22,22,22,22,22,22,22,22,22
1,1,0,0,1,1,0,1,0,1,1,0,0,1,0,0,1,0,1,1,1,1,1,0,1,0,1,1,1,0,0,0,0,0,1,0,1,1,0,1,1,0,0,1,1,1,0,1,0,1,1,1,0,0,1,1,0,1,1,0,1,1,1,1,0,0,0,0,0,1,0,1,0,0,0,0,1,1,1,1,1,0,1,0,1,1,0,0,0,0,0,1,1
6995
78,22
1,0
2143
22,22,22,2,2,2,2,2,2,2,2,2,2,2,2,2,2
1,0,1,1,0,0,0,1,0,0,1,1,1,1,1,0,0
2144
296,235,356,351,263,252,311,174,302,363,22,22,22,22,22,22,22,22,22,22,22,22,22,22,22,22,22,22,322,237,182,308,78,111,177,365,320,343,331,364,335,300,319,124,360,294,288,2,2,2,2,2,2,2,2,2,2,2,2,2,2,2,2,2,2,2,2,2,2,2,2,2,2,2,2,2,2,2,2,2,2,254
0,0,0,1,1,1,1,0,1,0,0,1,1,0,1,1,0,1,1,0,0,1,0,1,0,1,1,1,1,0,1,0,1,0,1,0,1,0,0,1,1,1,0,0,1,0,0,0,1,1,0,0,1,1,0,1,1,1,1,0,1,0,1,1,1,0,1,0,0,1,0,1,1,1,1,1,0,1,0,1,1,0
2145
367,337,247,253,286,297,5,174,146,358,295,22,22,22,22,22,22,22,22,22,22,22,22,22,22,22,22,22,22,22,22,22,354,348,182,155,111,151,334,320,311,68,317,333,357,319,27,353,359,301,360,338,65,171,305,2,2,2,2,2,2,2,2,2,2,2,2,2,2,2,2,2,2,2,2,2,2,2,2,2,2,2,2,2,2,2,2,2,2,2,2,2,2,2,2,2,2,2,2,2,2,2,91
1,0,1,0,0,0,1,0,1,0,1,0,1,1,0,0,1,0,1,0,0,0,1,0,0,1,1,0,0,1,1,0,1,0,0,1,0,1,1,1,0,1,0,0,0,0,0,1,1,0,1,0,0,1,1,0,1,1,1,0,0,0,0,0,1,0,1,1,1,0,0,1,1,0,0,0,1,0,0,0,0,0,0,1,0,0,1,0,0,1,0,1,1,1,1,0,1,0,1,0,0,1,0
2146
22,2,2,2
0,1,0,0
2147
299,296,73,246,253,297,355,292,22,22,22,22,22,22,22,22,22,22,22,293,55,332,361,78,78,151,342,320,285,86,263,329,124,291,279,288,2,2,2,2,2,2,2,2,2,2,2,2,2,2,2,2,2,2,2,2,2,2,2,2,2,2,2,2,2,2,2,2,2,2,2,2,2,2,2,2,2,2,2,2,2,2,2,2,2,2,2,2,2,2,2,2,2,2,2,2,2,2,2,2,2,2,2,2,2,2,2,2,2,2,2,2,2,2,2,2,2,2,2,2,2,2,2,2,2,2,2,2,2,2,2,2,2,2,2,2,2,2,2,2,2,2,2,2,2,2,2,2,2,2,2,2,2,2,2,2,2,2,2,91,91
1,0,1,1,1,0,1,0,1,0,1,0,0,1,1,1,1,0,0,1,0,0,1,0,0,1,0,0,0,0,1,1,0,1,0,0,1,1,1,0,0,0,0,1,0,0,1,1,1,0,0,0,1,1,0,0,1,1,0,1,1,1,1,1,1,1,1,1,1,1,0,0,1,0,0,0,1,1,1,1,1,1,1,1,1,1,0,0,1,1,1,1,1,1,1,1,0,1,0,0,0,0,0,0,1,1,0,1,0,0,1,1,1,1,1,1,1,1,1,1,0,0,0,0,0,0,1,0,0,1,1,1,1,1,1,1,1,1,1,0,1,1,1,1,1,1,1,1,1,1,1,1,0,1,0,0,1,1,1,0,0
2148
290,367,246,351,347,336,247,286,297,311,284,330,22,22,22,22,22,22,22,22,22,22,22,22,22,22,22,22,22,22,22,22,22,22,22,22,22,322,282,357,55,329,175,144,294,307,305,327,296,235,253,304,5,358,283,295,91,352,349,308,78,342,343,350,333,348,2,2,2,2,2,2,2,2,2,2,2,2,2,2,2,2,2,2,2,2,2,2,2,2,2,2,2,2,2,2,2,2,2,2,2,2,2,2,2,2,2,2,2,2,2,2,2,2,2,2,2,2,2,2,2,2,2,2,2,2,2,2,2,2,2,2,2,2,2,2,2,2,2,2,2,124,360,65,279,288,301,321
0,1,0,1,0,1,0,0,0,0,1,1,1,1,1,0,0,1,1,1,0,0,0,1,0,0,1,0,1,1,0,0,0,1,0,0,1,1,0,0,1,0,0,0,1,0,1,0,0,0,0,0,1,1,0,1,0,1,0,0,1,1,0,0,0,0,0,0,0,0,1,1,0,0,0,0,1,0,0,0,0,1,1,0,0,0,1,0,1,1,0,1,0,0,0,0,0,0,1,1,1,0,0,0,1,1,0,0,1,0,1,1,0,0,1,0,0,1,0,0,0,1,1,1,0,1,0,0,1,1,0,0,1,1,0,1,1,0,1,0,0,0,1,1,0,1,1,1
2149
344,48,367,246,297,253,345,46,284,144,252,283,330,263,22,22,22,22,22,22,22,22,22,22,22,22,22,22,22,22,22,22,22,22,22,22,22,22,22,22,22,22,363,282,352,349,73,343,289,254,280,334,199,110,175,5,302,333,357,314,2,2,2,2,2,2,2,2,2,2,2,2,2,2,2,2,2,2,2,2,2,2,2,2,2,2,2,2,2,2,2,2,2,2,2,2,2,2,2,2,2,2,2,2,2,2,2,2,2,2,2,2,2,2,2,2,2,2,2,2,2,2,2,2,2,2,2,2,2,2,2,2,2,2,2,2,2,2,2,2,2,2,2,124,360,208,276,279,305,340,76
1,1,1,1,0,0,1,1,1,1,0,1,0,0,0,0,1,1,1,1,0,0,1,1,0,1,0,0,1,1,1,0,1,1,0,0,1,1,1,0,1,1,0,1,1,0,0,1,1,0,1,0,1,0,1,0,0,1,0,1,0,1,1,0,0,0,1,1,1,0,0,1,1,1,1,1,1,1,1,1,1,0,1,0,0,1,0,1,1,0,1,1,1,0,0,1,1,1,1,0,0,1,0,1,1,1,1,1,1,0,1,1,1,1,1,1,0,1,1,0,1,1,1,1,1,1,0,0,0,0,0,0,0,1,1,1,0,1,0,0,1,1,1,0,1,1,0,1,1,0,1
2150
2,2,2,2
0,1,1,0
2151
335,353,22,2,2,2,2,2
0,1,1,1,1,1,1,0
