1554
367,354,336,336,41,144,348,319,295,22,22,22,22,22,22,124,124,282,346,237,2,2,2,2,2,2,2,2,2,2,2,2,2,2,2,2,2,2,2,2,2,2,2,2,2,2,2,2,2,2,2,2,2,2,2,2,2,2,2,2,2,2,2,2,2,2,2,2,2,2,2,2,2,2,2,2,2,2,2,2,2,2,2,2,2,2,2,2,2,2,2,2,2,2,2,2,327
0,1,0,0,1,0,1,0,0,1,1,0,1,0,1,0,0,1,1,0,0,1,0,1,1,1,0,0,0,0,1,1,1,1,1,1,1,1,1,1,1,1,1,0,1,1,1,1,1,1,1,1,0,0,1,1,1,1,0,1,1,1,1,0,0,1,1,1,1,1,1,0,0,0,1,1,0,1,1,0,1,1,1,1,1,1,1,0,1,1,0,1,0,0,0,0,0
1555
323,177,342,336,344,311,280,246,22,22,22,22,22,22,22,22,22,22,22,22,294,2,2,2,2,2,2,2,2,2,2,2,2,2,2,2,2,2,2,2,2,2,2,2,2,2,2,2,2,2,2,2,2,2,2,2,2,2,2,2,2,2,2,341
1,0,1,0,1,1,0,1,0,0,1,1,1,1,0,0,0,0,1,0,1,0,1,0,1,1,1,1,0,1,0,0,1,0,1,1,0,0,1,0,1,1,1,1,0,1,0,0,1,1,0,0,1,0,0,0,0,1,1,1,1,1,0,0
1556
303,73,289,347,247,252,286,311,5,324,356,22,22,22,22,22,322,346,78,177,106,263,367,348,27,340,124,305,2,2,2,2,2,2,2,2,2,2,2,2,2,2,2,2,2,2,2,2,2,2,2,2,2,2,2,2,2,2,2,2,321
1,0,1,1,1,1,1,1,1,1,1,1,1,1,0,0,1,1,1,1,1,1,1,1,1,1,0,1,1,1,0,1,1,1,0,0,0,1,1,1,1,0,1,1,1,1,1,0,1,1,0,1,1,1,1,0,0,1,0,0,1
1557
296,296,367,356,351,337,236,344,318,286,41,73,292,22,22,22,22,22,22,22,22,22,22,22,22,22,22,298,246,332,332,341,78,280,354,350,327,124,124,253,279,288,2,2,2,2,2,2,2,2,2,2,2,2,2,2,2,2,2,2,2,2,2,2,2,2,2,2,2,2,2,2,2,2,2,2,2,2,2,2,2,2,2,2,2,2,2,2,2,2,2,2,2,2,2,2,2,2,2,2,2,2,2,2,2,2,2,2,2,2,2,2,2,2,2,2,2,2,2,2,2,2,2,2,2,2,2,2,2,2,2,2,2,2,2,2,2,2,2,2,2,2,2
1,1,1,0,0,1,0,1,1,0,1,1,0,1,0,1,1,1,1,1,1,1,0,0,1,0,0,1,0,0,0,0,1,0,1,0,0,0,0,0,0,0,1,0,0,1,1,0,0,1,0,1,1,1,0,0,0,1,0,0,0,1,1,0,1,1,1,0,1,0,1,1,1,0,1,0,1,0,1,1,0,1,1,1,1,1,1,0,1,1,1,1,0,1,1,1,1,1,1,1,1,0,0,1,0,1,0,0,1,1,0,1,1,1,1,0,1,1,0,1,1,1,1,0,1,1,1,1,1,1,1,1,1,1,1,1,1,1,0,1,1,1,0
1558
283,48,22,318,263,2,2,2,2,2,2,2,2,2,2,2,2,2,2,174
0,1,0,0,0,0,0,0,1,0,0,0,0,1,1,1,0,0,0,0
1559
276,2,2,2,2,2
1,1,1,0,0,0
1560
291,236,317,22,22,22,22,2,2,2,2,2,2,2
0,1,0,1,1,0,0,0,0,0,1,1,1,0
1561
296,235,246,347,236,334,318,304,358,289,5,302,346,288,286,22,22,22,22,22,22,22,22,22,22,22,22,22,22,22,22,22,22,22,22,322,293,341,352,182,313,327,78,283,253,55,106,151,331,335,357,332,27,353,111,301,301,356,65,279,45,2,2,2,2,2,2,2,2,2,2,2,2,2,2,2,2,2,2,2,2,2,2,2,2,2,2,2,2,2,2,2,2,2,2,2,2,2,2,2,2,2,2,2,2,2,2,2,2,2,2,2,2,2,2,2,368
0,0,1,0,1,1,1,0,0,0,1,1,1,1,0,1,0,1,0,0,1,1,1,1,0,0,0,0,1,1,1,0,0,1,0,1,1,1,1,0,1,1,1,1,0,1,1,1,0,1,0,1,1,0,0,1,0,1,0,1,1,1,1,0,0,1,0,0,1,0,0,0,1,1,1,0,0,1,1,1,0,1,0,1,0,1,0,0,0,0,0,1,1,0,1,0,1,1,1,1,0,1,0,0,1,0,1,0,0,1,0,1,1,0,1,0,1
1562
296,280,334,318,41,252,5,302,353,328,22,22,22,22,22,22,22,22,22,22,22,22,22,22,22,22,22,22,22,22,22,22,322,111,2,2,2,2,2,2,2,2,2,2,2,2,2,2,2,2,2,2,2,2,2,2,2,2,2,2,2,2,2,2,2,2,2,2,2,2,2,2,2,2,2,2,2,2,2,2,2,2,2,2,2,2,2,2,2,2,2,305,327,308
0,1,0,0,0,1,1,0,0,0,1,0,0,1,0,1,1,1,1,1,0,1,1,1,0,1,0,1,1,1,1,1,1,0,0,0,1,0,1,1,1,1,0,1,1,1,1,0,0,0,0,1,1,0,1,1,1,1,1,0,0,1,1,1,0,1,1,1,1,1,1,1,1,1,1,1,0,1,0,0,1,1,0,1,1,1,1,1,1,0,0,0,0,0
1563
171,359,236,313,352,331,2,2,2,2,2,2,2,2,2,2,2,2,2,2,2,2,2,2,2,2,2,2,2,2,2,2,2,2,2,2,2,2,22,22,22,22,22,22,22,22,22,22,22,22,22,22,22,22,22
0,1,1,0,1,0,1,1,1,1,1,0,1,1,1,1,0,0,1,0,1,1,1,1,1,1,0,1,1,1,0,1,0,0,0,1,1,1,1,1,1,1,0,1,1,0,1,0,1,1,1,0,1,1,1
1564
22,2,2,2,2,2,2,2,2,2
0,1,1,0,1,0,1,1,1,1
1565
247,5,2,2,2,2,2,2
0,0,0,0,1,1,1,0
1566
235,144,22,2,2,2
0,0,0,1,1,1
1567
78,106,236,364,253,5,284,45,302,285,174,288,22,22,22,22,22,22,22,22,22,22,360,293,65,2,2,2,2,2,2,2,2,2,2,2,2,2,2,2,2,2,182,313,301
0,1,0,1,1,1,0,0,0,0,1,0,1,1,0,1,1,0,1,1,1,1,1,1,0,0,1,0,1,0,0,0,0,1,0,1,1,0,0,0,0,0,1,1,0
1568
247,356,351,337,236,236,318,304,276,5,5,5,355,284,302,324,330,288,295,22,22,22,22,22,22,22,22,22,22,22,22,22,22,22,22,22,322,339,346,237,55,146,86,341,78,111,177,354,285,364,335,348,327,68,326,76,280,48,321,331,2,2,2,2,2,2,2,2,2,2,2,2,2,2,2,2,2,2,2,2,2,2,2,2,2,2,2,2,2,2,2,2,2,2,2,2,2,2,2,2,2,2,2,2,2,2,2,2,2,2,2,2,2,2,2,2,2,91
0,1,1,0,1,1,1,0,0,1,1,0,0,1,1,1,1,0,0,1,0,0,1,1,0,1,0,1,0,1,1,1,1,1,0,1,1,1,1,0,0,0,0,1,1,0,1,1,1,1,1,1,1,1,0,1,1,0,1,0,0,0,1,0,1,1,1,1,1,1,1,1,1,0,0,0,1,0,0,1,1,0,1,1,0,1,0,0,0,1,1,0,0,0,1,0,1,0,1,0,1,1,0,1,1,1,1,1,1,1,1,0,0,1,0,1,0,1
1569
22,2,2,2
0,1,0,0
1570
22,22,22,2,2
1,1,1,1,1
1571
299,303,279,351,337,335,297,297,297,5,333,22,22,22,22,22,22,22,22,22,22,22,22,22,22,22,22,22,22,22,22,22,22,22,22,298,65,2,2,2,2,2,2,2,2,2,2,2,2,2,2,2,2,2,2,2,2,2,2,2,2,2,2,2,2,2,2,2,2,2,2,2,2,2,2,2,2,327,327,199
1,0,0,1,0,1,0,0,0,1,1,1,1,0,0,0,1,0,0,1,1,0,1,0,1,1,1,1,1,0,0,1,1,0,0,1,0,1,1,1,1,0,1,0,1,1,0,1,1,0,0,0,1,1,1,1,0,1,0,1,1,1,1,0,1,0,1,0,1,0,0,0,1,1,1,1,1,1,0,1
1572
304,337,236,287,360,252,55,5,330,22,22,22,22,22,22,22,22,22,22,22,22,22,22,22,22,22,22,22,22,22,22,22,22,22,336,336,346,293,56,317,332,332,348,78,315,342,106,199,67,333,288,309,345,316,48,171,307,305,305,2,2,2,2,2,2,2,2,2,2,2,2,2,2,2,2,2,2,2,2,2,2,2,2,2,2,2,2,2,2,2,2,2,2,2,2,2,2,2,2,2,2,2,2,2,2,2,2,2,2,2,2,2,2,2,2,91
0,1,1,0,0,1,1,1,0,1,1,1,1,1,1,1,1,1,1,1,1,1,1,1,1,1,0,1,1,1,0,1,1,1,0,0,1,1,0,1,0,0,0,0,1,1,1,1,1,0,0,1,0,0,0,1,0,0,0,0,1,1,1,0,0,1,0,0,1,0,1,1,0,1,0,1,1,1,0,1,0,1,1,1,1,1,1,0,1,1,1,1,1,1,1,1,1,1,0,1,0,1,1,1,1,0,1,1,1,1,1,1,1,0,1,0
1573
360,315,236,281,318,276,330,22,22,22,22,22,22,22,22,22,22,22,22,22,22,22,22,22,22,22,357,146,332,155,336,331,364,182,316,300,353,309,171,307,45,327,247,356,304,358,363,292,91,293,56,317,341,303,151,86,348,2,2,2,2,2,2,2,2,2,2,2,2,2,2,2,2,2,2,2,2,2,2,2,2,2,2,2,2,2,2,2,2,2,2,2,2,2,2,2,2,2,2,2,2,2,2,345,291,334,288,288
1,1,0,0,1,1,1,0,0,0,1,1,1,1,1,1,0,0,1,0,1,1,1,0,0,1,1,0,0,1,1,1,0,0,0,1,1,1,1,0,1,0,1,0,0,1,1,0,1,0,0,0,1,1,0,0,1,1,1,0,0,0,0,1,1,0,1,1,0,0,0,0,1,1,0,1,1,1,0,0,0,1,1,0,1,0,1,0,1,1,0,1,1,1,0,1,0,0,0,0,1,0,0,1,1,1,1,0
1574
323,351,337,236,287,276,55,302,330,22,22,22,22,22,22,22,22,22,22,22,22,22,22,22,22,22,22,22,22,22,22,22,22,22,22,22,22,22,22,22,22,151,237,357,347,280,352,336,68,364,182,144,316,5,300,319,285,353,309,314,294,171,305,2,2,2,2,2,2,2,2,2,2,2,2,2,2,2,2,2,2,2,2,2,2,2,2,2,2,2,2,2,2,2,2,2,2,2,2,2,2,2,2,2,2,2,2,2,2,2,2,2,2,2,2,2,2,2,2,2,2,2,2,2,2,2,2,2,2,2,2,2,2,2,2,2,2,2,2,2,2,2,2,2,2,2,2,2,2,2,2,2,2,320,296,247,356,253,345,284,355,252,283,363,365,91,339,346,341,56,317,349,308,303,254,315,354,343,110,350,333,348,329,326,124,360,208,291,65,368,331,301,321
1,1,1,1,1,1,0,0,1,1,0,0,1,1,0,0,1,0,1,1,1,1,0,1,1,1,1,1,1,0,0,0,1,1,1,1,0,1,0,1,1,1,0,0,1,1,1,1,1,1,0,1,1,0,0,1,0,0,1,1,1,1,0,0,0,0,0,0,1,0,0,0,1,0,1,0,1,0,0,0,1,1,0,0,1,1,1,1,1,0,1,0,1,1,1,0,0,1,0,1,1,1,1,1,1,0,1,1,0,0,0,1,0,0,0,1,1,1,1,1,1,1,0,0,1,1,1,1,1,1,0,0,1,0,0,0,0,0,0,1,1,1,0,1,1,1,0,0,0,0,0,1,0,0,0,1,1,1,1,1,1,1,1,1,1,1,0,1,1,1,1,0,1,1,1,1,0,0,1,1,0,1,1,0,0,1,1,0,0,0,0,1,1
1575
22,22,22,22,2,2,2,2,2,2,2,2,2,2,2,2,2,2,2,2,2,2,2,2,2
1,0,0,0,0,1,1,1,1,1,1,0,1,0,1,0,0,0,1,0,1,1,1,1,1
1576
155,22,330,360,282,253,2,2,2,2,2,2,2,2,2,2,2,2,2,297,349,326,5
1,1,1,1,0,1,0,0,0,1,1,0,1,1,1,1,0,1,1,0,0,1,1
1577
325,2,5,326,174
0,0,0,0,0
1578
367,246,351,351,347,336,296,296,287,287,286,41,235,302,324,330,22,22,22,22,22,22,22,22,22,22,22,22,22,22,22,22,22,22,22,22,22,22,22,22,22,22,22,282,237,146,146,155,312,236,285,285,175,144,281,353,76,307,327,360,78,247,297,253,304,284,284,355,252,254,358,295,48,339,320,182,349,303,354,354,199,325,350,106,333,68,68,2,2,2,2,2,2,2,2,2,2,2,2,2,2,2,2,2,2,2,2,2,2,2,2,2,2,2,2,2,2,2,2,2,2,2,2,2,2,2,2,2,2,2,2,2,2,2,2,2,2,2,2,2,2,2,2,2,2,2,2,2,2,2,2,2,2,2,2,2,2,2,2,2,2,2,2,2,2,2,2,2,2,2,2,2,124,345,65,334,288,340,321
1,1,1,1,0,0,0,1,0,1,1,1,0,0,1,1,1,1,0,0,0,0,0,0,1,0,1,0,0,0,0,0,1,0,1,0,1,0,1,0,0,1,1,0,0,0,0,0,0,1,0,0,1,1,0,1,0,1,0,1,1,1,1,1,0,1,0,0,1,0,1,1,0,1,0,0,1,1,1,0,1,1,0,0,1,1,1,0,1,0,1,0,1,0,1,1,0,0,1,1,0,1,1,0,1,0,1,0,1,0,0,1,1,1,1,1,0,0,1,0,1,0,0,0,0,0,1,0,1,1,0,1,0,0,0,1,0,1,0,1,1,0,1,0,0,1,0,1,1,1,1,1,0,0,0,1,1,1,1,1,0,1,0,0,1,1,1,1,0,1,1,0,0,0,1,1,1,0,1
1579
2,2,2,2,2,2,2,2,2,2,2,2,2,2,2,2,2,2,2,2,2,2,2,2,2,2,2,2,2,2,2,2,2,2,2,323,177,236,344,318,144,309,22,22,22,22,22,22,22,55,301,91
1,0,1,1,0,1,0,0,0,0,0,0,1,0,0,0,1,0,0,0,0,1,1,1,0,0,0,1,0,0,0,0,0,0,0,0,1,1,1,0,0,0,0,1,1,0,1,1,1,0,1,0
1580
289,290,177,342,106,343,318,297,5,333,332,283,363,328,22,22,22,22,22,22,22,22,22,22,22,22,22,22,22,22,22,22,22,22,22,22,22,124,339,294,253,2,2,2,2,2,2,2,2,2,2,2,2,2,2,2,2,2,2,2,2,2,2,2,2,2,2,2,2,2,2,2,2,2,2,2,2,2,2,2,2,2,2,2,2,2,2,2,2,2,2,2,2,2,2,2,2,2,2,2,2,2,2,2,2,2,306
1,0,0,1,1,0,0,0,1,0,1,0,0,0,0,0,0,0,1,1,0,1,0,1,1,0,1,0,1,1,1,0,1,1,1,1,0,1,0,1,0,0,1,0,0,0,1,1,0,0,1,0,1,0,0,1,0,0,1,0,0,0,1,1,1,1,1,1,1,1,0,0,1,1,1,0,1,1,0,1,1,1,1,1,1,1,1,1,0,1,1,1,1,1,0,0,1,1,1,0,1,1,1,1,1,1,1
1581
22,27,343,124,182,335,283,48,2,2,2,2,2,2,2,2,2,91
1,0,0,1,1,0,1,0,0,1,0,0,1,1,0,1,0,0
1582
293,359,236,253,288,111,292,22,22,22,22,22,22,322,291,171,317,45,2,2,2,2,2,2,2,2,91
1,0,1,0,0,0,1,1,0,0,0,0,0,0,0,1,0,0,0,0,0,0,0,0,1,0,1
1583
291,22,22,22,2,2,2,2,361
0,0,1,1,0,0,0,0,1
1584
296,311,320,22,22,22,22,22,22,22,22,22,358,281,287,263,5,5,2,2,2,2,2,2,2,2,2,2,2,2,2,2,2,2,2,2,2,2,2,2,2,2,2,2,2,2,2,91
1,1,1,0,0,0,0,1,0,0,0,0,0,0,0,1,0,0,1,1,1,0,1,1,0,1,0,0,0,1,0,0,0,0,1,1,1,1,0,0,0,1,0,1,0,1,1,0
1585
338,330,22,236,329,247,2,2,2,321
1,0,1,1,1,1,1,1,0,1
1586
55,22,22,22,22,22,22,22,343,364,236,334,263,2,2,2,2,2,2,368
1,0,1,1,0,1,1,1,0,1,1,1,1,1,0,0,0,1,0,1
1587
290,367,347,236,236,314,284,254,324,330,292,22,22,22,22,22,22,22,22,22,22,22,22,22,22,22,293,282,352,317,341,289,312,280,328,350,288,353,359,366,124,360,208,291,171,45,2,2,2,2,2,2,2,2,2,2,2,2,2,2,2,2,2,2,2,2,2,2,2,2,2,2,2,2,2,2,2,2,2,2,2,2,2,2,2,2,2,2,91,91
0,1,1,1,1,1,1,0,1,1,0,1,1,1,0,1,1,0,0,0,1,0,1,1,1,1,1,0,1,1,0,1,0,1,0,1,1,1,1,1,0,1,0,1,1,1,1,0,1,1,1,1,1,1,0,1,1,1,1,1,0,1,1,0,0,1,1,1,1,0,1,1,0,1,0,1,0,1,0,0,0,0,1,1,1,1,0,1,0,1
1588
290,289,311,337,236,296,281,318,297,252,358,302,363,22,22,22,22,22,22,22,22,22,22,22,22,336,346,237,146,327,78,254,151,320,199,329,354,335,350,333,348,2,2,2,2,2,2,2,2,2,2,2,2,2,2,2,2,2,2,2,2,2,2,2,2,2,2,2,2,2,2,2,2,2,2,2,2,2,2,2,2,2,2,2,2,2,2,124,360,308,331,340
0,0,1,0,0,1,0,1,0,1,1,0,0,0,1,0,1,1,0,1,1,0,0,0,1,1,1,0,0,0,1,0,1,0,1,1,1,0,0,0,1,0,0,0,1,0,0,1,0,1,1,0,0,0,0,1,1,1,0,0,1,1,0,1,1,1,1,1,1,1,1,0,0,1,0,0,0,1,0,0,0,0,1,1,1,0,0,1,1,1,0,0
1589
78,296,355,22,22,22,22,22,22,22,22,22,22,22,22,22,22,236,298,279,288,2,2,2,2,2,2,2,2,2,2,2,2,2,2,2,2,2,2,2,2,2,2,2,349
1,0,1,1,1,0,1,1,0,0,1,1,0,1,1,1,0,1,1,1,1,0,1,1,0,1,0,0,0,0,0,0,0,0,1,1,1,0,1,1,1,0,0,0,1
1590
324,315,22,22,22,22,22,236,316,2,2
1,0,0,1,0,0,1,1,1,0,0
1591
299,296,334,361,292,22,22,22,22,22,22,22,298,291,291,279,288,2,2,2,2,2,2,2,2,2,2,2,2,2,2,2,2,2,2,2,2,2,2,2,2,2,2,2,2,2,2,2,2,2,2,2,2,2,2,2,2,91
1,0,0,1,1,1,1,1,1,1,1,1,1,0,0,1,1,1,0,1,0,0,1,0,1,0,1,1,1,1,0,1,0,1,0,1,0,1,1,0,1,0,1,1,1,1,0,0,1,1,1,0,1,0,1,0,0,0
1592
2,2
1,0
1593
285,76,340,348,2,2,2,2,2,2,2,2,2,301,22,22,22,22
0,0,0,1,0,1,0,0,0,1,0,1,0,0,0,0,0,0
1594
299,290,367,289,351,347,236,323,318,286,286,286,41,73,73,330,22,22,22,22,22,22,22,22,22,22,22,22,22,22,22,22,22,22,22,22,22,22,22,22,22,22,22,22,22,22,22,22,22,319,237,300,313,337,312,177,365,329,175,332,111,285,309,344,294,305,327,296,235,297,253,304,5,355,174,283,363,91,55,348,341,78,86,350,333,357,325,2,2,2,2,2,2,2,2,2,2,2,2,2,2,2,2,2,2,2,2,2,2,2,2,2,2,2,2,2,2,2,2,2,2,2,2,2,2,2,2,2,2,2,2,2,2,2,2,2,2,2,2,2,2,2,2,2,2,2,2,2,2,2,2,2,2,2,2,2,2,2,2,2,2,2,2,2,2,2,2,2,2,2,2,2,2,2,2,2,2,2,2,2,2,2,2,2,2,2,2,2,2,2,2,2,2,2,2,2,2,2,2,2,2,2,2,2,2,2,2,2,2,2,2,2,2,2,2,2,2,2,2,2,2,2,2,124,345,65,279,288,301,321
1,0,1,1,1,0,1,1,1,0,0,1,1,0,0,1,1,0,1,0,1,1,1,0,1,0,1,1,0,1,1,0,0,1,1,1,1,1,1,1,1,0,1,1,0,1,1,1,1,1,1,1,1,1,0,1,1,1,1,0,1,0,1,1,1,1,0,0,0,1,1,0,1,1,1,1,1,0,1,1,1,1,0,1,0,1,0,1,0,1,1,0,1,1,1,0,1,1,1,0,1,1,1,1,1,1,1,1,1,0,1,1,1,0,1,1,1,1,1,1,1,1,1,1,1,1,1,1,1,1,1,1,1,1,0,1,1,1,1,1,1,1,0,1,1,1,1,1,1,0,1,1,1,1,1,1,1,1,1,1,1,1,1,1,1,1,1,1,0,1,1,1,1,1,1,0,1,1,1,1,1,1,0,1,1,1,0,1,0,0,1,0,1,0,0,1,1,1,1,1,0,1,1,1,1,1,0,1,1,1,1,1,1,1,1,1,1,1,1,1,0,1,0,0,1,1,1,1,0,1
1595
319,280,76,124,336,144,253,174,276,2,2,2,2,2,2,2,2,2,2,2,2,2,2,2,2,2,2,2,2,2,2,2,22,22,22,22,22
1,0,0,1,0,1,1,0,1,0,0,1,0,0,0,0,0,0,0,0,0,0,0,0,0,0,0,0,1,0,1,0,1,0,0,0,0
4653
280,171,301,76,236,334,364,110,297,315,252,283,283,288,22,22,22,22,22,22,22,22,293,291,279,317,349,2,2,2,2,2,2,2,2,2,2,2,2,2,2,2,2,2,2,2,2,2,2,2,2,2,2,2,2,2,2,91
0,0,0,0,1,0,0,1,1,0,0,0,1,0,1,0,0,0,1,1,0,1,0,1,1,0,0,1,1,1,0,1,0,0,0,1,1,0,0,1,0,0,0,0,1,0,1,0,0,0,1,0,1,0,1,0,0,0
1597
296,22,314,287,175,2,2,2,2,2,2,2,2,2,2,2,2,2,76
0,1,1,0,1,1,0,1,0,1,0,0,0,1,0,0,1,0,0
1598
22
0
1599
367,347,281,276,5,300,325,309,22,22,22,22,124,237,2,2,2,2,2,2,2,2,2,2,2,2,308
1,1,0,1,1,1,0,1,0,1,0,0,0,1,1,0,1,1,1,0,0,1,1,1,1,0,0
1600
323,367,236,304,276,358,174,252,254,295,22,22,22,22,22,22,22,22,22,22,22,22,22,282,55,146,348,289,319,280,352,336,86,350,300,111,353,326,124,314,338,48,279,307,305,2,2,2,2,2,2,2,2,2,2,2,2,2,2,2,2,2,2,2,2,2,2,2,2,2,2,2,2,2,2,2,2,2,2,321
1,1,1,0,0,1,1,1,1,1,0,1,0,1,0,0,1,1,1,1,1,1,0,1,1,1,0,1,0,1,1,1,0,1,0,1,1,0,1,0,0,0,0,1,1,0,1,0,0,0,0,1,1,1,0,1,1,0,1,0,1,1,0,0,1,1,1,1,1,0,0,1,1,1,1,0,1,1,1,1
1601
290,331,331,356,351,347,236,252,330,292,22,22,22,22,22,22,22,22,22,22,22,22,293,237,317,313,341,303,279,336,263,45,111,68,359,2,2,2,2,2,2,2,2,2,2,2,2,2,2,2,2,2,2,2,2,2,2,2,2,2,2,124,171,288,326,91
0,0,0,1,1,0,1,1,0,1,0,0,1,1,1,1,1,0,0,0,0,0,1,0,0,0,1,1,1,0,1,1,0,1,0,1,0,1,0,1,1,0,1,1,1,0,0,0,0,1,1,0,0,0,0,1,1,1,1,0,0,0,1,1,0,0
1602
290,236,281,318,286,41,247,302,324,22,22,22,22,22,22,22,22,22,22,22,22,22,22,22,322,282,237,146,332,177,56,175,316,300,319,309,304,294,171,45,2,2,2,2,2,2,2,2,2,2,2,2,2,2,2,2,2,2,2,2,2,2,2,2,2,2,2,2,2,2,2,2,2,2,2,2,2,2,2,2,2,2,2,2,2,2,2,2,2,235,356,253,360,151,5,283,363,292,295,91,346,55,317,308,315,106,343,354,293,328,124,345,291,334,288,301,321
0,1,0,1,0,1,0,0,1,1,1,1,1,1,0,1,1,1,1,1,0,0,0,0,1,0,0,0,1,1,0,1,0,0,0,0,0,0,0,0,0,1,0,0,1,1,1,1,1,1,1,0,1,1,1,0,0,1,1,1,0,1,1,0,0,0,0,0,0,1,0,1,1,0,0,0,1,1,0,1,0,1,1,1,0,1,1,0,0,0,1,1,1,0,0,1,1,0,0,0,1,0,0,1,1,1,0,0,0,0,0,1,0,1,0,0,1
1603
2
1
1604
290,318,351,253,5,5,300,302,353,309,22,22,22,22,22,22,22,22,22,22,22,22,298,334,182,182,288,2,2,2,2,2,2,2,2,2,2,2,2,2,2,2,2,2,2,2,2,2,2,2,2,2,2,2,2,2,2,2,2,2,2,2,2,2,2,2,2,2,2,2,2,2,2,2,2,2,2,2,2,2,2,2,2,2,2,2,2,2,2,2,2,2,2,2,2,2,2,2,2,2,2,2,2,2,2,2,2,2,2,2,2,2,2,2,2,2,2,2,2,2
0,1,0,1,0,0,0,0,0,0,0,1,1,1,1,0,1,0,1,1,1,0,1,1,0,0,1,1,0,0,0,0,0,1,0,0,1,0,1,1,0,1,0,1,0,0,0,0,1,0,0,0,1,0,1,0,0,1,1,0,0,0,1,0,0,1,1,0,1,1,0,0,1,0,0,0,0,1,0,0,0,1,1,0,1,0,0,0,0,0,1,0,1,0,1,0,1,0,0,1,0,1,0,0,1,0,0,0,0,1,1,1,1,0,1,1,1,0,0,1
1605
78,351,343,236,324,5,288,68,295,91,124,291,208,293,341,2,2,2,2,2,2,2,2,2,2,2,2,2,2,2,2,2,2,2,2,45,301,22,22,22,22,22,22,22
1,1,0,1,1,0,1,1,0,0,0,0,1,1,0,1,0,0,1,1,0,0,0,0,1,0,1,0,1,1,0,1,1,1,0,1,1,1,1,1,0,1,1,1
1606
289,342,344,5,111,353,246,328,22,22,22,22,352,2,2,2,2,2,2,2,2,2,2,2,2,2,2,2,2,2,2,368
0,1,1,0,0,1,0,0,1,1,0,0,0,1,0,1,1,1,1,0,0,0,0,1,0,1,0,0,0,0,1,0
1607
347,2,2,22,22
1,1,0,0,0
1608
325,304,327,2,2,2,2,2,2,22,22
0,0,1,0,0,0,0,0,0,0,1
1609
299,296,73,73,76,236,236,281,297,5,5,254,22,22,22,22,22,22,22,22,22,22,22,22,22,22,22,22,22,22,22,22,22,22,22,22,22,22,22,22,22,22,22,22,22,22,22,22,298,55,317,313,341,303,177,320,263,67,349,45,359,2,2,2,2,2,2,2,2,2,2,2,2,2,2,2,2,2,2,2,2,2,2,2,2,2,2,2,2,2,2,2,2,2,2,2,2,2,2,2,2,2,2,2,2,2,2,2,2,2,2,2,2,2,2,2,2,2,2,2,2,2,2,2,2,2,2,2,2,2,2,2,2,2,2,2,2,2,2,2,2,2,2,2,2,2,360,48,171,331,340,321
1,0,1,1,1,0,0,0,1,0,1,1,1,0,0,1,1,1,0,0,1,0,1,1,0,1,0,1,0,0,0,1,0,1,1,1,1,0,1,1,0,1,1,0,1,1,0,0,1,1,1,0,1,0,0,1,1,1,0,0,1,1,1,0,1,0,0,1,0,0,0,1,1,0,1,0,1,1,0,0,1,0,1,0,0,0,1,1,0,0,1,1,0,0,0,0,0,1,1,0,0,1,1,0,0,1,0,0,1,1,0,1,1,1,0,0,1,1,1,0,1,0,1,1,1,1,1,0,1,1,0,0,1,1,1,1,1,1,1,1,0,1,0,0,0,1,1,1,0,0,0,1
1610
2,2,2,2,2,2,2,2,2,2,2,2,2,2,2,2,2,2,2,2,2,312,312,315,56,343,297,284,22,22,22,22,22,22,171,317,305,301
0,0,0,0,0,0,0,1,0,1,1,1,0,0,1,1,1,1,1,1,1,0,0,0,1,0,1,0,0,0,1,1,1,1,1,0,1,0
1611
311,236,253,5,5,283,22,22,22,22,22,22,22,22,22,22,22,22,22,22,22,22,22,22,22,22,22,22,22,22,22,22,22,22,22,22,22,22,22,293,56,317,313,155,312,329,335,316,300,353,328,301,171,45,2,2,2,2,2,2,2,2,2,2,2,2,2,2,2,2,2,2,2,2,2,2,2,2,2,2,2,2,2,2,2,2,2,2,2,2,2,2,2,2,2,2,2,2,2,2,2,2,2,2,2,2,2,2,2,2,2,2,2,2,2,2,2,2,2,2,2,2,2,2,2,2
1,1,1,1,1,0,1,1,0,0,1,0,1,0,1,1,0,1,1,1,1,0,1,1,1,1,1,1,1,1,1,0,1,1,1,1,1,1,1,1,1,0,1,1,1,1,1,1,1,1,0,0,1,1,0,1,0,0,1,0,0,0,1,0,0,0,1,1,0,1,1,0,1,1,0,1,0,0,1,0,1,1,1,1,1,1,1,1,1,1,1,1,1,1,1,1,1,1,1,1,0,1,0,1,0,0,0,1,0,1,1,1,0,1,1,1,1,1,1,1,1,1,0,0,1,0
1612
290,323,311,356,351,337,336,41,235,276,5,252,283,330,246,22,22,22,22,22,22,151,55,332,155,177,352,106,263,144,333,348,111,340,2,2,2,2,2,2,2,2,2,2,2,2,2,2,2,2,2,2,2,2,2,2,2,2,2,2,2,2,2,2,2,2,2,2,2,2,2,2,2,2,124,345,334,335,326,91
0,1,1,1,1,1,1,0,1,0,1,1,1,1,1,0,0,1,0,0,0,1,1,0,1,1,1,1,1,1,1,1,1,0,1,1,0,1,0,0,1,1,0,1,1,1,0,1,1,1,1,1,1,1,0,1,1,1,1,1,1,1,1,1,1,1,1,1,1,0,0,1,1,1,0,1,1,1,1,0
1613
359,22,22,22,22,22,22,22,22,236,171,317,2,2,2,2,2,2,2,2,2,2,2,2,2
0,1,1,0,0,0,0,0,0,1,0,0,0,1,1,1,0,1,0,0,0,0,1,0,0
1614
247,246,336,350,253,304,311,330,292,22,22,22,22,22,22,22,22,22,22,22,22,22,22,22,22,22,22,22,22,22,22,22,293,300,317,155,303,352,236,364,146,144,363,333,45,319,68,359,327,124,171,288,2,2,2,2,2,2,2,2,2,2,2,2,2,2,2,2,2,2,2,2,2,2,2,2,2,2,2,2,2,2,2,2,2,2,2,2,2,2,2,2,2,2,2,2,2,2,2,2,2,2,2,91,91
0,1,0,0,1,0,0,0,0,0,0,1,1,1,1,1,0,0,1,0,0,1,1,0,0,0,0,1,1,1,0,0,0,0,0,0,0,1,1,0,1,0,0,0,1,0,1,1,1,0,1,0,0,0,0,0,1,0,0,1,1,1,0,0,1,0,0,1,0,0,0,0,0,0,0,1,1,0,0,1,0,0,0,1,0,1,0,0,0,0,0,1,1,0,0,0,1,1,0,1,1,1,1,0,0
1615
2
1
1616
2,2
0,0
1617
2,314
0,1
1618
111,237,22,2,2,2,2,2,2,2,2
0,0,0,1,0,0,0,0,0,1,1
1619
323,367,246,281,276,304,46,177,355,252,302,324,363,295,22,22,22,22,22,22,22,22,22,22,22,22,22,22,22,22,22,22,22,22,22,22,22,22,22,22,22,22,22,22,22,22,22,22,22,22,339,55,182,332,361,341,289,151,342,320,330,67,348,111,2,2,2,2,2,2,2,2,2,2,2,2,2,2,2,2,2,2,2,2,2,2,2,2,2,2,2,2,2,2,2,2,2,2,2,2,2,2,2,2,2,2,2,2,2,2,2,2,2,2,2,2,2,2,2,2,2,2,2,2,2,2,2,2,2,2,2,2,2,2,2,2,2,2,2,2,2,2,2,2,2,2,2,2,2,2,2,2,2,2,2,2,2,2,2,2,2,2,2,2,2,2,2,2,2,2,124,360,294,326
0,0,0,0,1,0,1,0,0,1,0,1,0,1,1,1,1,0,0,1,1,1,0,0,0,0,0,0,1,0,0,0,1,0,1,0,1,1,1,1,1,1,1,1,1,1,1,1,0,1,0,0,0,0,1,0,0,0,1,0,0,1,0,0,1,0,1,1,0,0,0,1,1,1,1,1,1,0,1,1,1,0,1,1,0,1,0,0,0,0,1,0,0,0,0,0,1,1,0,1,1,0,1,0,0,0,1,0,0,0,0,0,0,0,0,1,0,0,1,0,0,1,1,1,1,0,1,1,1,1,0,1,0,1,1,1,1,1,1,1,1,1,0,1,1,0,1,1,0,1,0,1,1,1,1,1,1,0,1,0,1,0,1,1,1,1,1,1,1,1,0,0,1,0
1620
360,323,247,246,151,345,281,254,318,304,41,5,355,314,302,253,363,22,22,22,22,22,22,22,22,22,22,22,22,22,22,22,22,22,22,22,22,368,322,339,354,352,303,312,177,55,106,343,311,329,110,263,144,333,331,364,280,294,279,305,2,2,2,2,2,2,2,2,2,2,2,2,2,2,2,2,2,2,2,2,2,2,2,2,2,2,2,2,2,2,2,2,2,2,2,2,2,2,2,2,2,2,2,2,2,2,2,2,2,2,2,2,2,2,2,2,2,2,2,2,2,2,321
1,1,0,1,0,1,0,1,1,1,0,1,1,1,0,1,1,1,0,1,0,1,0,1,1,1,1,1,1,1,0,0,1,0,1,0,1,0,1,0,0,1,1,0,1,1,1,1,1,0,1,1,1,1,0,1,1,0,1,1,1,0,1,0,0,1,1,1,1,1,1,1,1,1,0,1,0,1,1,0,0,0,1,1,0,1,1,1,0,1,1,1,1,1,1,0,0,0,0,0,1,1,1,0,1,0,1,1,0,1,1,1,1,1,0,0,1,1,0,1,1,1,1
1621
41,5,355,22,22,22,22,22,22,22,22,22,22,22,22,22,282,237,55,146,349,155,177,334,106,110,263,144,333,111,285,2,2,2,2,2,2,2,2,2,2,2,2,2,2,2,2,2,2,2,2,2,2,2,2,2,2,2,2,2,2,2,2,2,2,65,279,305,340
0,0,0,1,1,0,0,1,1,1,1,0,0,1,1,1,1,0,1,0,0,1,1,1,1,0,1,1,0,0,0,1,0,1,0,0,0,1,0,1,0,0,0,0,1,1,1,0,0,1,0,1,0,1,1,1,1,1,1,1,0,0,1,1,1,1,1,1,0
1622
296,296,73,76,236,287,5,283,363,292,22,22,22,22,22,22,22,22,22,22,22,22,298,346,352,146,332,327,78,78,279,279,106,91,325,110,335,349,111,310,301,291,334,288,2,2,2,2,2,2,2,2,2,2,2,2,2,2,2,2,2,2,2,2,2,2,2,2,2,2,2,2,2,2,2,2,2,2,2,2,2,2,2,2,2,2,2,2,2,2,2,2,2,2,2,2,2,2,2,2,2,2,2,2,2,2,2,2,2,2,2,2,2,2,2,2,2,2,2,2,2,2,2,2,2,2,2,2,2,2,2,2,2,2,2,2,2,2,2,2,2,2,2,2,2,2,2,2,2,2,2,2,2,2,2,2,2,2,2,2,2,2,2,2,2,2,2,2,2,2,2,2,2,368
1,1,1,1,1,1,1,1,0,1,1,0,1,1,0,1,1,0,1,1,1,1,1,1,1,0,1,1,1,1,0,1,1,1,1,1,1,0,0,1,0,1,1,1,1,1,1,0,1,1,0,1,1,1,0,1,1,1,1,1,1,0,1,1,1,1,1,1,1,0,0,1,0,1,1,1,0,1,0,1,1,1,1,1,1,1,1,1,1,1,1,1,1,1,1,1,1,1,1,1,1,1,1,1,1,1,1,1,1,1,1,0,1,0,1,1,1,0,1,1,1,0,1,1,1,1,0,1,1,0,1,1,1,0,1,1,1,0,1,0,0,1,0,1,0,1,1,1,0,1,0,1,1,1,1,1,1,1,1,1,1,1,1,1,1,0,1,0,0,1,1,0,1,0
1623
22,22,22,22,22,22,22,22,2,2,2,2,2,2,2,2,2,2,2,2,2,2,2,2,2
0,0,1,1,1,0,0,0,0,1,0,0,1,0,1,0,1,1,1,0,0,0,0,0,0
1624
247,328,22,110,175,41,2,2,2,2,2,2,2,2,2,2,368
0,1,1,0,1,1,1,1,0,1,0,1,1,1,1,0,1
1625
73,337,236,288,297,235,302,22,22,22,22,22,22,22,22,22,22,22,22,282,348,146,177,27,364,175,144,5,300,285,353,309,307,45,327,247,356,41,335,358,174,292,295,91,91,354,352,349,320,343,110,263,305,68,328,2,2,2,2,2,2,2,2,2,2,2,2,2,2,2,2,2,2,2,2,2,2,2,2,2,2,2,2,2,2,2,2,2,2,2,2,2,2,2,2,2,2,2,2,2,2,2,360,291,331,340
0,1,1,0,1,0,0,1,0,1,0,1,1,0,0,0,1,1,0,1,0,0,1,0,1,1,1,0,1,0,1,1,1,1,1,0,0,1,1,0,0,1,1,0,0,0,1,0,0,0,0,0,1,1,0,1,1,0,0,0,1,0,0,0,0,1,0,0,1,0,0,0,1,0,0,0,1,0,0,1,1,1,1,1,0,0,1,0,0,1,0,1,1,1,0,1,0,1,0,0,0,1,1,1,0,0
1626
247,356,337,236,253,304,5,5,355,284,324,358,364,295,22,22,22,22,22,22,22,22,22,22,22,22,22,22,22,22,346,182,325,155,347,303,73,354,343,86,146,144,111,285,353,314,286,294,279,318,2,2,2,2,2,2,2,2,2,2,2,2,2,2,2,2,2,2,2,2,2,2,2,2,2,2,2,2,2,2,2,2,2,2,2,2,2,2,2,2,2,2,2,2,2
0,1,1,1,0,0,1,0,1,0,1,1,0,1,0,1,1,0,0,1,0,0,1,1,0,1,0,0,0,1,1,0,0,0,1,0,1,1,0,1,1,0,0,0,0,1,1,0,1,1,0,1,1,0,0,0,0,0,0,1,1,0,0,1,0,0,0,0,1,0,0,0,1,1,0,0,0,0,0,0,1,1,1,0,1,0,0,1,1,0,1,1,0,1,0
1627
323,247,337,344,253,314,297,311,5,5,254,295,22,22,22,22,22,22,22,22,22,22,22,22,346,282,237,55,325,155,341,289,319,308,199,343,364,144,111,285,174,328,340,345,208,368,252,2,2,2,2,2,2,2,2,2,2,2,2,2,2,2,2,2,2,2,2,2,2,2,2,2,2,2,2,2,321
1,1,1,1,1,1,1,1,1,1,0,1,1,1,1,1,1,0,1,1,1,0,1,0,1,1,0,1,0,0,1,1,0,1,1,0,1,1,0,0,1,0,0,1,0,0,0,1,1,0,1,1,0,0,1,1,1,0,0,1,1,0,1,0,0,1,0,1,0,0,0,0,1,0,0,1,0
1628
280,354,329,175,247,348,254,68,363,22,22,22,22,22,22,22,22,237,2,2,2,2,2,2,2,2,2,2,2,2,2,2,2,2,2,2,2,2
1,0,0,0,0,0,0,0,1,0,1,1,1,0,0,1,0,0,0,0,1,0,0,0,1,0,1,0,0,0,0,1,0,0,0,0,1,0
1629
2,2,2,2,2
0,1,0,0,0
1630
362,356,236,369,300,111,324,366,22,22,22,22,22,22,22,219,288,2,2,2,2,2,2,2,2,2,2,2,2,2,2,2,2,2,2,2,2,2,2,2,2,2,2,2,2,2
1,1,0,1,0,0,1,1,0,1,1,1,1,0,1,1,0,0,0,0,1,0,0,1,1,1,1,1,1,1,1,0,1,1,1,1,0,0,1,1,1,1,1,1,1,1
1631
315,56,236,311,369,316,288,302,353,292,22,22,22,22,22,22,22,22,22,368,293,291,171,182,45,2,2,2,2,2,2,2,2,2,2,91
0,1,1,1,1,1,0,1,1,0,1,0,0,1,1,0,1,0,1,1,1,1,1,1,1,1,0,1,1,0,1,1,1,1,0,0
1632
22,22,22,22,2,2,2,2,2,2,2,2,2,2,2,2
0,0,1,1,1,0,1,1,0,1,0,1,0,1,1,0
1633
22,247,342,2,2,2,2,2,339,282,65,327,368
0,1,1,0,0,1,1,0,0,1,1,0,1
1634
315,56,236,263,369,316,288,292,22,22,22,22,22,22,22,293,291,237,171,307,45,2,2,2,2,2,2,2,2,2,2,2,2,2,2,2,2,2,2,91
0,1,1,0,1,0,0,1,1,0,1,1,1,0,0,1,1,0,1,1,1,0,1,0,1,0,1,0,0,0,0,1,1,0,0,0,0,0,1,0
1635
294,22,22,22,22,22,2,2,2,2,2,2,2,2,2,2,2,2,2,357
1,1,1,0,0,1,1,0,0,1,0,0,1,1,0,1,0,1,0,0
1636
303,111,360,253,297,2,2,2
1,1,1,1,1,1,0,0
1637
290,247,347,236,287,253,276,5,292,22,22,22,22,22,22,22,22,22,22,22,22,336,293,237,317,199,370,285,359,310,345,291,171,307,288,2,2,2,2,2,2,2,2,2,2,2,2,2,2,2,2,2,2,2,2,2,2,2,2,2,2,2,2,91
0,1,0,1,0,0,1,0,1,0,0,1,1,0,1,1,0,1,0,0,0,1,1,1,0,1,0,0,1,0,0,0,0,1,0,0,0,0,0,0,1,0,1,1,0,0,1,0,0,1,0,1,0,0,0,0,0,0,0,1,0,0,0,0
1638
2
1
1639
247,356,318,345,252,283,22,22,22,22,22,22,22,22,22,22,22,22,22,320,182,294,303,177,354,350,348,338,68,309,314,208,65,2,2,2,2,2,2,2,2,2,2,2,2,2,2,2,2,2,2,2,2,2,2,2,2,2,2,2,2,2,2,2,2,2,2,2,2,2,2,2,2,2,2,2,2,2,2,2,2,2,2,2,2,2,2,2,2,2,2,2,2,2,2,2,2,2,2,2,2,2,2,2,2,2,2,2,2,2,2,2,2,2,2,2,2,2,2,2,2,2,2,2,2,2,2,2
1,1,1,1,0,1,1,1,1,0,1,1,1,0,0,0,1,0,1,0,1,1,1,0,1,0,0,0,1,1,1,0,0,1,0,0,0,1,1,0,0,0,1,1,0,0,1,0,1,1,1,1,1,1,1,1,1,1,1,1,1,0,1,1,1,1,1,1,1,0,1,1,1,1,0,1,1,1,1,1,1,0,0,0,0,0,0,0,1,1,1,1,1,0,1,1,1,1,0,0,0,1,1,1,1,1,1,1,1,1,1,1,1,1,1,1,1,1,1,0,1,1,1,1,1,0,1,0
1640
290,323,311,347,336,336,318,276,247,324,330,22,22,22,22,22,22,22,22,22,22,22,22,22,22,22,22,22,22,22,22,22,305,282,237,146,332,332,312,73,236,331,329,182,175,144,5,313,285,359,309,76,294,171,307,45,327,296,235,340,252,304,308,358,284,283,363,91,339,293,174,317,349,341,303,151,354,343,110,350,348,338,68,326,2,2,2,2,2,2,2,2,2,2,2,2,2,2,2,2,2,2,2,2,2,2,2,2,2,2,2,2,2,2,2,2,2,2,2,2,2,2,2,2,2,2,2,2,2,2,2,2,2,2,2,2,2,2,2,2,2,2,2,2,2,2,2,2,2,2,2,2,2,2,2,124,48,48,279,288,301,368
0,0,1,0,1,1,1,0,1,1,1,1,1,1,1,1,1,1,0,1,1,0,1,1,1,0,0,1,1,1,1,0,1,1,0,1,1,1,1,1,1,0,1,0,1,1,1,1,1,0,1,0,0,1,1,1,1,0,1,0,1,0,1,1,1,1,1,0,0,1,1,1,1,1,0,1,1,0,0,1,1,0,1,1,0,1,1,0,1,1,1,0,1,1,1,1,1,1,0,0,1,0,1,1,1,0,1,1,1,1,1,0,1,0,1,1,1,1,1,0,1,1,1,1,1,0,1,0,1,0,1,1,1,1,0,1,1,1,1,1,1,0,0,1,1,0,1,1,1,1,1,1,1,1,1,0,0,1,1,0,0,1
1641
235,76,336,344,318,297,252,5,330,364,22,22,22,22,22,22,22,22,320,343,289,280,354,236,27,329,335,357,319,86,327,360,2,2,2,2,2,2,2,2,2,2,2,2,91
0,1,1,0,1,0,1,1,1,1,0,1,1,0,1,1,1,0,0,1,1,1,1,1,0,1,0,0,0,1,1,1,1,1,1,1,0,1,1,1,0,1,0,0,0
1642
292,22,22,236,291,45,2,2,2,91
1,0,1,1,1,1,1,1,1,0
1643
362,323,315,199,2,2,2,2,2,2,2,2,2,2,2,2,2,2,2,2,2,2,2,2,2,2,2,2,2,2,2,2,2,2,2,2,2,2,2,2,2,2,46,310,22,22,22,22,22,22,22,22,22,22,22,22,22,22,22,22,22,314,366,276,56,317,313,361,361
1,0,0,0,1,0,0,0,0,1,0,1,0,0,1,1,0,1,1,1,1,1,1,0,0,1,1,0,1,0,1,1,1,1,0,0,1,1,1,1,1,1,1,1,1,0,1,1,1,1,1,1,1,1,1,1,1,1,1,1,1,0,1,0,1,0,1,0,1
1644
254,324,352,320,22,22,333,2,2,2,2,2,2,2,2,2,2,2,2,307,340
0,1,1,0,1,0,1,0,0,1,0,1,0,1,0,0,1,0,0,0,0
1645
362,359,359,359,317,22,22,22,22,22,22,22,22,236,301,301,171,171,369,313,2,2,2,2,2,2,2,2,2,2,2,2,2,2,2,2,342,342
1,0,0,0,1,0,0,0,1,1,1,1,1,1,0,0,1,1,1,1,1,1,1,0,0,0,0,0,0,1,0,0,1,1,1,1,1,1
1646
356,106,91,2,2,2,2
1,1,0,0,0,1,1
1647
48,73,73,347,347,236,344,286,284,363,288,22,22,22,22,22,22,22,22,22,22,22,298,293,56,317,332,315,354,182,144,316,313,301,360,294,171,45,2,2,2,2,2,2,2,2,2,2,2,2,2,2,2,2,2,2,2,2,2,2,2,2,2,2,2,2,2,2,2
0,0,0,0,0,1,1,0,1,0,0,1,0,1,0,1,0,0,0,1,0,1,1,0,1,0,0,1,1,0,0,1,0,1,0,1,0,0,0,0,0,1,1,0,0,0,0,1,0,0,0,0,0,0,0,0,0,0,0,0,0,1,0,0,0,0,0,0,0
1648
344,341,2,2,2,360
0,0,0,0,0,1
1649
356,22,22,22,344,253,2,2,2,321
1,0,1,1,1,1,0,1,1,1
1650
235,246,337,344,286,358,5,363,22,22,22,22,22,22,22,22,22,22,2,2,2,2,2,2,2,2,2,2,2,2,2,2,2,2,2,2,2,2,2,2,2,2,346,237,56,317,317,303,312,315,315,199,316,316,319,328,111,124,171,171,301
0,1,0,1,0,1,1,0,0,1,0,1,0,0,0,0,0,1,1,1,0,1,0,1,0,0,1,1,0,1,1,1,0,0,0,1,0,0,0,0,0,1,0,0,0,0,0,0,0,1,1,1,1,0,1,0,1,0,1,0,0
1651
311,351,337,318,297,367,324,22,22,22,22,22,22,22,22,22,22,22,22,22,22,22,22,22,237,146,319,280,329,144,111,353,76,314,2,2,2,2,2,2,2,2,2,2,2,2,2,2,2,2,2,2,2,2,2,2,2,2,2,2,2,2,2,2,2,2,2,2,2,2,2,2,2,2,2,2,2,2,2,2,177,235,356,344,360,5,358,283,339,352,182,308,303,151,279,354,325,263,333,357,86,328,326,124,345,208,48,334,340,321
1,0,1,1,0,1,1,1,1,1,0,1,1,0,1,1,1,1,0,1,0,1,1,1,0,1,0,1,1,1,0,1,1,1,1,1,1,0,1,1,1,0,1,1,1,1,0,1,1,1,1,1,1,1,1,1,1,1,0,1,1,1,0,1,1,1,1,0,0,0,1,0,0,1,1,1,1,1,1,1,1,1,1,1,1,1,1,1,1,1,0,1,0,0,1,0,0,1,0,1,0,1,0,0,0,1,0,1,0,1
1652
254,254,359,22,22,171,317,2,2,2,2,2,2,2,91
0,1,0,0,0,1,0,1,1,0,1,1,0,0,0
1653
78,296,292,22,22,22,22,22,22,22,236,298,291,279,5,5,5,2,2,2,2,2,2,2,2,2,2,2,2,2,2,2,2,2,2,2,2,2,2,2,2,2,2,2,2,2,2,2,2,2,2,2,2,2,2,2,2,2,2,2,2,2,2,2,2,2,2,2,2,2,2,2,2,2,2,2,2,2,2,2,2,2,2,2,2,2,2,2,2,2,2,2,2,2,2
0,0,1,0,0,1,0,1,1,1,1,1,0,1,0,0,0,1,0,1,0,0,0,0,0,0,1,1,0,1,0,0,0,1,0,0,0,0,0,0,0,1,1,0,1,0,0,0,0,0,0,1,1,0,1,0,1,0,1,1,0,1,1,1,1,1,0,1,1,0,0,1,0,1,1,0,0,1,0,0,0,1,1,1,1,1,1,1,1,1,1,1,1,1,1
1654
319,22,22,146,144,358,2,2,2,2,2,2,2,2
1,1,1,0,1,0,1,1,1,1,1,0,1,1
1655
283,324,22,287,335,341,307,2,2,2,2,2,2,2,321
0,0,1,1,0,1,1,1,1,1,0,0,0,1,1
1656
175,354,22,2,2,2,2,2,2,2,2
0,1,0,0,0,1,1,1,0,0,0
1657
2,2
0,0
1658
323,235,246,236,236,344,304,297,5,67,283,356,295,22,22,22,22,22,22,22,22,22,22,22,22,293,339,282,326,317,294,155,341,289,151,343,91,73,199,316,367,288,68,292,327,124,280,291,65,171,307,45,2,2,2,2,2,2,2,2,2,2,2,2,2,2,2,2,2,2,2,2,2,2,2,2,2,2,2,2,2,2,2,2,2,2,2,2,2,2,2,2,2,2,2,2,2,2,321
1,0,1,1,1,1,0,0,0,1,0,1,0,1,0,0,1,1,1,0,0,1,0,0,0,1,1,0,0,0,1,1,1,1,0,0,0,0,1,0,0,0,1,1,0,0,0,1,1,1,0,0,0,1,0,1,1,0,0,0,1,1,1,1,1,0,0,1,0,1,0,0,0,1,1,1,0,0,0,0,0,0,1,1,1,0,0,0,0,1,1,0,1,0,0,0,1,1,1
1659
22,22,322,346,294,41,331
0,1,1,1,1,0,1
1660
2
0
1661
353,337,336,280,350,73,2,2,2,2,2,2,2,2,2,305
0,1,0,0,1,0,0,0,1,1,0,1,1,1,0,0
1662
296,247,351,337,304,41,284,302,22,22,22,22,22,22,22,22,22,339,237,55,349,312,354,343,364,175,144,332,27,340,345,294,2,2,2,2,2,2,2,2,2,2,2,2,2,2,2,2,2,2,2,2,2,2,2,2,2,2,2,2,2,2,91
0,0,0,0,0,0,0,1,0,0,0,1,0,1,0,1,0,0,0,1,0,0,0,1,0,0,0,1,0,0,0,0,0,0,0,1,0,1,1,0,1,1,0,1,1,0,0,0,0,0,0,0,0,0,0,1,0,0,0,0,0,0,0
1663
315,56,236,91,304,5,316,55,288,280,352,292,2,2,2,2,2,2,2,2,2,2,2,2,2,2,2,2,2,2,2,2,2,2,2,293,291,171,317,45,155,22,22,22,22,22,22,22,22
1,1,1,0,0,0,1,1,1,1,1,1,0,1,0,0,0,1,0,1,0,1,1,1,1,1,1,0,0,1,0,1,1,1,1,0,0,1,0,1,0,1,1,1,1,1,1,1,1
1664
78,296,367,236,286,46,301,73,73,357,355,299,22,22,22,22,22,22,22,22,22,22,2,2,2,2,2,2,2,2,2,2,2,2,2,2,2,2,2,2,2,2,2,2,2,2,2,2,2,2,2,2,2,2,2,2,2,2,2,2,2,2,2,2,2,2,2,2,2,2,2,2,2,2,2,2,2,2,2,2,2,2,2,2,2,2,2,282,279,298,332,326,326
1,1,1,1,1,1,0,1,1,0,1,1,1,1,1,1,0,0,0,1,1,1,1,0,0,0,1,1,1,1,1,0,1,0,1,0,1,0,0,0,1,0,1,1,0,1,1,1,0,0,1,1,1,1,1,1,1,1,1,1,1,1,1,1,1,0,1,0,1,1,0,1,1,0,0,0,1,1,1,1,1,1,1,1,1,1,0,0,1,1,0,0,1
1665
299,342,347,297,175,304,46,295,22,22,22,22,22,22,22,22,22,22,22,22,22,22,22,22,22,22,298,350,253,2,2,2,2,2,2,2,2,2,2,2,2,2,2,2,2,2,2,2,2,2,2,2,2,2,2,2,2,2,2,2,2,2,2,2,2,2,2,2,2,2,2,2,2,2,2,2,2,2,2,2,2,2,2,2,2,2,2,2,2,2,2,2,2,2,2,2,2,2,2,2,2,2,2,2,2,2,2,2,2,2,2,2,2,2,2,2,2,2,2,2,2,2,2,2,2,2,341
1,1,1,0,0,1,1,1,0,1,1,0,1,0,0,0,1,1,1,0,0,1,0,0,1,0,1,0,1,1,1,1,1,1,0,1,1,1,1,1,1,0,0,0,1,0,1,1,1,0,0,0,1,0,1,1,1,1,1,1,1,1,1,1,1,0,1,1,0,1,1,1,1,1,1,1,0,0,0,1,1,1,1,0,0,1,0,1,1,0,1,1,1,0,1,1,0,0,0,0,1,0,1,1,1,0,1,0,0,0,0,1,1,1,1,0,1,0,1,1,1,0,1,0,0,0,0
1666
299,323,367,344,253,286,276,73,302,91,298,339,22,22,22,22,22,22,22,22,22,332,312,280,106,199,331,111,326,326,288,2,2,2,2,2,2,2,2,2,2,2,2,2,2,2,2,2,2,2,2,2,2,2,2,2,2,2,2,2,2,2,2,368
1,1,1,1,0,1,0,0,0,0,1,0,0,1,1,1,1,0,1,1,1,1,0,1,0,1,0,1,0,0,0,0,1,1,1,0,1,1,1,1,0,1,1,0,0,1,0,0,0,1,0,1,1,1,1,0,0,1,0,1,0,0,0,1
1667
320,22,22,2,2
0,1,0,0,0
1668
296,356,337,287,286,41,5,355,252,302,330,347,91,237,146,48,308,303,335,357,22,22,22,22,22,22,22,22,22,22,22,281,353,289,328,345,65,2,2,2,2,2,2,2,2,2,2,2,2,2,2,2,2,2,2,2,2,2,2,2,2,2,2,2,2,2,2,2,2,2,2,2,2,2,2,2,2,2,2,2,2,2,2,2,2,2,2,2,2,2,2,2,2,2,2,2,2,2,2,2,2,2,2,2,2,2,2,2,2,2,2,2,2,2,2,2,2,2,2,2,2,2,2,2,2,2,2,2,2,2,2,2,2,2,368
1,1,1,1,0,1,1,1,1,1,0,0,0,0,1,0,0,1,1,0,0,1,0,1,1,1,0,1,0,0,0,0,0,1,0,1,1,0,1,1,1,0,0,0,0,1,1,0,0,1,1,1,0,1,1,0,1,1,1,1,1,1,1,1,1,1,1,1,1,1,0,1,1,1,0,1,1,1,1,1,0,0,1,1,0,1,0,1,1,1,1,0,1,1,1,1,1,1,1,1,1,0,1,1,1,0,1,0,1,1,0,1,1,0,1,1,1,1,0,0,1,1,0,0,1,1,1,0,1,1,1,0,1,1,1
1669
290,22,22,22,345,86,146,358,2,2,2,2,2,2,2
0,0,1,0,1,0,0,1,1,0,0,0,0,1,0
1670
323,235,356,22,22,22,22,22,22,22,22,22,22,22,22,329,175,276,330,2,2,2,2,2,2,2,2,2,2,2,2,2,2,2,2,2,2,2,2,2,2,2,2,2,2,2,2,2,2,2,2,2,2,2,2,2,2,2,2,2,2,2,2,2,2,2,2,2,2,2,2,2,2
0,0,1,0,0,0,1,0,1,1,1,1,1,1,1,1,1,1,0,0,1,1,0,0,0,0,0,0,0,0,0,1,1,1,0,0,0,0,0,1,1,0,0,0,0,0,0,1,0,0,0,1,1,1,1,0,1,1,0,0,0,0,1,0,0,1,0,0,1,1,1,0,0
1671
236,236,318,286,302,324,22,22,22,22,22,22,22,22,22,22,22,22,22,22,22,22,22,22,22,22,22,22,22,146,313,2,2,2,2,2,2,2,2,2,2,2,2,2,2,2,2,2,2,2,2,2,2,2,2,2,2,2,2,2,2,2,2,2,2,2,2,2,2,2,2,2,2,2,2,2,2,2,2,2,2,2,27,329,144,300,111,353,359,314,294,308,45,327,303,356,344,5,5,174,363,295,91,55,317,48,341,289,171,320,325,350,67,348,364,326,65,288,301,321
1,1,1,0,1,1,1,1,1,1,1,0,0,0,0,0,1,1,0,0,1,0,0,1,0,0,1,1,0,0,1,0,0,0,1,1,0,0,1,1,0,1,0,0,0,1,1,0,0,0,1,0,0,0,1,0,1,1,0,0,0,0,1,1,0,0,1,1,1,1,1,1,1,0,0,1,1,1,0,1,1,1,1,1,0,1,1,0,0,1,0,0,1,0,1,1,1,0,1,1,1,0,0,0,0,1,0,0,0,0,0,1,1,0,1,0,1,0,0,1
1672
299,296,73,351,347,236,323,322,5,22,22,22,22,22,22,22,22,22,298,237,2,2,2,2,2,2,2,2,2,2,2,2,2,2,2,2,2,2,2,2,2,2,2,2,2,2,2,2,2,2,2,2,2,2,2,337,312,175,357,68,309,76,208,279,307,340,368
1,1,1,0,0,1,1,1,1,0,0,1,0,1,0,1,1,0,0,0,1,1,0,0,1,1,1,0,0,1,1,1,1,0,1,1,0,1,1,1,0,0,0,1,1,0,1,1,0,0,1,1,1,1,1,0,1,0,1,1,0,0,0,1,0,0,0
1673
2,2
1,1
1674
45,2,2,22,236,313
0,0,0,1,1,1
1675
91,22,22,22,2,2,2,2,349
1,0,1,1,0,1,0,1,0
1676
2
0
1677
302,45,22,22,22,22,236,368,313,313,2,2,2,2,2,2,2,2,2,2,76
0,0,1,0,1,1,0,0,0,1,1,1,1,0,0,0,0,0,0,1,1
1678
303,106,236,253,297,174,302,45,295,22,22,22,22,22,22,22,345,313,2,2,2,2,2,2,2,321
0,1,1,0,0,1,1,1,0,1,0,1,0,0,1,0,0,1,0,0,1,1,1,0,0,0
1679
335,345,2,2,314
0,0,1,1,1
1680
319,323,22,146,2,2,321
0,0,0,1,1,1,1
1681
289,312,235,365,364,344,263,304,301,355,300,111,325,246,22,22,22,22,22,22,22,22,22,22,22,22,22,22,22,22,22,22,22,22,22,22,22,22,22,22,22,22,22,22,22,237,55,283,2,2,2,2,2,2,2,2,2,2,2,2,2,2,2,2,2,2,2,2,2,2,2,2,2,2,2,2,2,2,2,2,2,2,2,2,2,2,2,2,2,2,2,2,2,2,2,2,2,2,2,2,2,2,2,2,2,2,2,2,2,2,2,2,2,2,2,2,2,2,2,2,2,2,2,2,2,2,2,2,2,2,2,2,2,2,2,2,2,2,2,2,2,2,2,321
1,0,0,0,1,0,1,0,0,0,1,0,0,0,1,0,0,1,0,0,0,1,1,1,1,1,0,1,1,0,0,0,0,0,0,0,1,0,1,1,0,1,0,0,0,0,0,1,1,0,1,0,1,1,0,0,1,0,0,1,1,0,1,0,0,1,1,1,1,1,0,0,0,1,1,1,0,0,0,1,1,0,0,1,0,0,1,1,0,0,0,0,0,1,1,0,0,1,1,0,1,1,1,1,1,1,1,1,1,0,1,1,0,1,0,1,0,0,1,0,0,1,0,0,1,0,1,1,1,1,0,1,1,0,0,0,0,1,1,1,0,0,0,0
1682
340,347,2,2,2,2,2,2,2,2,2,2,2,2,2,22,22,22,22
0,0,1,0,0,0,1,1,0,1,1,1,0,1,0,0,0,0,0
1683
296,246,347,336,287,344,358,284,302,330,332,22,22,22,22,22,22,22,22,22,22,22,339,282,237,326,146,349,155,283,312,182,350,333,357,319,27,340,345,295,48,334,305,2,2,2,2,2,2,2,2,2,2,2,2,2,2,2,2,2,2,2,2,2,2,2,2,2,2,2,2,2,2,2,2,2,2,2,2,2,2,2,2,2,2,2,2,2,2,2,2,2,2,368
0,0,0,1,1,0,0,1,1,0,1,0,0,0,1,0,1,1,0,0,0,0,0,0,0,1,0,1,0,0,0,0,0,1,0,0,0,0,1,1,0,0,1,1,1,0,1,0,0,0,0,0,0,1,0,1,1,0,1,0,1,0,0,0,0,1,1,0,1,1,1,0,1,1,0,1,0,0,1,0,0,0,1,0,0,0,0,1,0,1,0,1,1,1
1684
253,279,2,2
1,0,1,1
1685
2,2,2,2,2
0,1,0,0,0
1686
177,2,2,124
1,1,1,0
1687
73,246,336,281,286,276,235,324,22,22,22,22,22,22,22,22,22,22,22,22,22,22,22,22,22,22,22,322,282,237,146,332,327,312,280,352,329,175,41,5,5,300,111,287,353,309,294,305,2,2,2,2,2,2,2,2,2,2,2,2,2,2,2,2,2,2,2,2,2,2,2,2,2,2,2,2,2,2,2,2,2,2,2,2,2,2,2,2,2,2,2,2,2,2,2,2,2,2,2,2,2,2,2,2,2,2,2,2,2,2,2,2,2,2,2,2,2,2,2,2,2,2,2,2,2,2,2,303,247,297,252,335,358,355,284,363,364,295,91,339,346,55,182,308,289,151,320,354,263,350,106,333,348,338,68,301,360,208,48,334,331,340,368
0,1,1,0,0,1,0,1,1,1,0,1,1,0,1,1,1,0,0,1,0,1,1,1,0,0,0,1,1,0,0,0,0,0,1,1,1,1,1,1,1,1,1,1,1,1,1,0,1,1,1,1,1,1,0,0,1,0,0,0,1,0,0,0,1,1,1,1,0,1,1,1,1,0,1,1,1,1,1,1,1,1,0,1,1,1,0,0,1,1,0,1,1,0,0,0,1,0,0,0,1,1,1,1,0,0,0,0,1,0,0,1,0,0,1,0,1,0,0,1,1,0,1,0,0,1,0,0,0,0,1,0,1,1,1,0,1,0,0,0,1,1,1,0,0,0,0,0,0,0,0,1,1,1,1,1,1,1,0,1,1,0,1
1688
299,323,367,367,351,236,247,311,286,297,73,73,324,330,22,22,22,22,22,22,22,22,22,22,22,22,22,22,22,22,22,22,22,22,22,22,22,22,22,22,22,22,22,298,146,332,155,177,365,175,144,300,111,281,307,305,327,78,235,356,253,304,5,5,355,174,283,106,346,295,339,354,352,182,48,341,303,151,320,343,350,67,333,357,2,2,2,2,2,2,2,2,2,2,2,2,2,2,2,2,2,2,2,2,2,2,2,2,2,2,2,2,2,2,2,2,2,2,2,2,2,2,2,2,2,2,2,2,2,2,2,2,2,2,2,2,2,2,2,2,2,2,2,2,2,2,2,2,2,2,2,2,2,2,2,124,360,208,65,368,301,321
1,1,1,1,0,1,1,1,1,1,1,1,1,1,0,1,1,1,1,1,1,1,1,0,1,1,1,1,1,1,1,1,1,1,1,1,1,0,1,1,1,1,1,1,1,1,0,1,1,1,1,1,1,0,1,1,1,1,1,1,1,1,1,1,1,1,1,1,1,1,1,1,1,1,1,1,1,1,1,1,1,1,1,1,1,1,1,1,1,1,1,1,1,1,1,1,1,1,0,1,0,1,0,1,1,1,1,1,1,1,1,1,1,1,1,1,1,1,1,1,1,1,1,1,1,1,1,1,1,1,1,1,1,1,1,1,1,1,1,1,1,1,0,1,0,1,1,0,1,1,1,1,1,1,1,1,1,1,0,1,1,1
1689
22,5
0,0
1690
327,2,2,2,298
0,1,0,0,1
1691
303,365,351,279,144,263,350,338,340,22,22,345,354,2,2,2,2,2,2,2,2,2,2,2,2,2,2,2,2,2,2,2,146,349,327,341
0,1,0,1,1,0,1,0,0,1,0,0,1,0,0,0,1,1,0,1,1,1,0,0,0,1,1,0,0,0,0,1,0,0,0,0
1692
296,151,359,359,351,22,22,22,22,22,22,22,22,22,22,22,22,22,263,171,171,317,317,301,2,2,2,2,2,2,2,2,2,2
0,0,0,0,1,0,0,0,0,0,0,0,1,0,0,1,0,0,0,0,0,1,1,1,0,0,1,1,0,0,0,1,0,0
1693
367,236,287,304,358,327,302,324,295,22,22,22,22,22,22,22,22,22,22,22,22,22,22,22,322,282,237,349,341,312,151,354,329,86,175,332,281,76,360,177,308,335,2,2,2,2,2,2,2,2,2,2,2,2,2,2,2,2,2,2,2,2,2,2,2,2,2,2,2,2,2,2,2,2,2,2,2,2,2,2,2,2,2,2,2,368
1,1,1,0,0,0,0,1,0,1,1,1,1,1,1,1,1,0,0,0,1,0,0,0,1,0,0,1,0,1,0,0,1,0,0,0,0,0,1,0,1,0,1,0,0,0,0,1,1,0,0,1,0,1,1,1,1,0,0,0,1,0,1,0,1,0,1,0,0,1,1,0,1,1,1,0,1,0,1,1,0,0,0,1,0,1
1694
78,289,330,365,22,22,304,65,279,144,288,2,2,2,2,2,2,2,2,2,2,2,2,2
0,0,0,1,0,1,0,0,0,1,0,0,1,0,0,1,0,0,1,1,0,0,0,0
1695
368
1
1696
299,362,367,46,343,2,2,2,2,2,2,2,2,2,2,2,2,2,2,2,2,369,315,78,316,330,310,22,22,22,22,22,22,22,22,22,298,366,56,349,361
1,1,0,1,0,0,0,0,1,1,0,0,1,1,1,0,1,1,1,0,1,1,1,1,0,0,1,0,1,1,1,1,1,1,1,0,1,1,1,0,1
1697
73,22,22,22,22,2,2,2,2,2,2,2,2,2,2,2,2
0,1,1,0,1,0,1,1,0,0,0,0,0,1,1,1,1
1698
110,65,340,22,2,2,2
0,1,0,1,1,0,1
1699
22,2,2,2,2,2
0,0,0,0,1,0
1700
235,281,41,5,5,355,358,283,324,295,22,22,22,22,22,22,339,341,343,289,73,199,329,110,335,333,305,285,353,328,2,2,2,2,2,2,2,2,2,2,2,2,2,2,2,2,2,2,2,2,2,2,2,2,2,2,314,294,334,331,301,321
0,0,0,1,0,0,1,0,0,0,1,1,1,0,0,1,1,0,1,1,1,1,0,1,1,0,1,0,1,0,0,0,0,0,0,1,0,0,0,0,1,1,1,1,1,0,1,1,1,1,1,1,1,0,0,0,0,0,0,0,1,1
1701
363,324,367,22,22,22,22,22,22,22,2,2,2,2,2,2,2,2,2,2,2,2,2
0,1,1,1,0,1,0,1,1,0,1,1,1,0,0,0,1,0,0,1,1,1,0
1702
22,2,2,2
0,1,1,1
1703
319,283,22,22,22,22,22,344,276,288,2,2,2,2,2,2,2,2,2,2,2,5
1,0,1,0,0,0,0,0,1,0,0,0,0,1,1,1,0,0,1,0,1,0
1704
22,22,236,291,45,2,2,2,91
1,1,1,1,1,0,0,0,1
1705
22,2,2
0,0,1
1706
124,22,2,2
0,0,0,0
1707
323,311,289,347,236,296,281,252,358,355,5,283,22,22,22,22,22,22,22,22,22,22,22,22,22,22,22,22,22,22,22,22,22,322,354,55,146,349,78,306,177,365,320,68,144,288,111,287,353,309,340,124,360,334,307,331,2,2,2,2,2,2,2,2,2,2,2,2,2,2,2,2,2,2,2,2,2,2,2,2,2,2,2,2,2,2,2,2,2,2,2,2,2,2,2,2,2,2,2,2,2,2,2,2,321
0,0,1,1,0,0,0,1,0,1,0,1,0,1,0,1,0,0,0,1,0,0,0,0,0,0,0,0,0,0,1,1,0,0,1,0,0,1,0,1,0,1,0,1,0,1,1,1,0,0,0,0,1,1,0,0,1,1,1,0,0,0,0,0,1,1,0,0,0,1,1,0,0,0,1,1,0,1,1,0,1,0,0,1,1,0,1,0,0,0,1,1,0,0,0,1,1,0,0,1,1,0,1,0,1
1708
290,323,73,347,312,253,41,5,5,174,302,363,22,22,22,22,22,22,22,22,22,22,22,22,22,22,22,22,22,322,339,282,55,182,341,2,2,2,2,2,2,2,2,2,2,2,2,2,2,2,2,2,2,2,2,2,2,2,2,2,2,2,2,2,2,2,2,2,2,2,2,2,2,2,2,2,2,2,2,2,2,2,2,2,2,2,2,2,2,2,2,2,2,2,2,2,2,2,2,2,2,2,2,2,2,2,2,2,2,2,2,2,2,2,2,2,2,2,2,2,2,2,2,2,2,2,2,2,254,280,365,320,199,364,335,350,333,367,300,319,353,340,337,208,177,279,288,327,76
0,0,0,1,0,1,0,0,1,1,0,1,1,0,1,1,0,1,0,0,1,0,1,0,1,0,0,0,1,1,1,1,1,1,1,1,1,1,1,1,0,1,1,0,1,1,0,0,1,1,1,0,1,1,1,1,1,1,1,1,1,1,1,1,1,1,1,1,1,1,0,1,0,1,1,1,1,1,0,1,1,1,0,1,0,0,1,1,1,1,1,1,1,1,1,1,1,0,1,1,1,0,1,0,1,1,1,0,1,1,1,1,1,1,1,1,1,1,1,1,1,1,1,1,1,1,0,1,0,1,1,1,1,0,0,0,1,1,0,0,1,1,1,1,1,1,1,1,1
1709
78,22,22,22,22,22,22,236,287,301,171,317,313,2,2,2,2,2,2,2,2,2,2,2,2,2,45
0,0,1,0,1,1,1,1,1,0,0,1,0,1,1,0,0,0,0,0,0,0,1,0,1,1,1
1710
299,73,337,345,287,318,298,235,22,22,22,22,22,22,22,22,22,22,22,22,22,22,22,22,22,22,22,22,22,322,282,237,348,343,312,365,329,175,144,111,76,341,305,2,2,2,2,2,2,2,2,2,2,2,2,2,2,2,2,2,2,2,2,2,2,2,2,2,2,2,2,2,2,2,2,2,2,2,2,2,2,2,2,2,2,2,2,2,2,2,2,2,2,2,2,2,2,2,2,2,2,2,2,2,2,2,2,2,2,2,2,2,2,2,2,2,2,2,2,2,296,247,304,5,355,252,254,339,352,349,308,78,151,199,325,333,357,364,328,360,208,303,65,301,368
1,1,0,1,1,1,1,0,1,1,1,0,1,1,1,1,1,1,1,1,0,1,0,1,1,1,1,1,1,1,1,0,1,1,1,1,1,1,1,1,0,1,1,1,0,1,0,1,1,1,1,0,1,1,1,0,1,0,0,1,1,0,1,0,1,1,1,1,0,1,1,1,1,1,1,1,1,1,1,1,1,1,1,1,1,0,1,1,0,1,1,1,1,1,1,1,0,1,1,1,0,1,1,1,1,1,1,1,1,1,0,0,1,0,1,0,1,1,0,0,0,1,0,0,1,1,0,0,1,0,1,1,1,1,1,1,1,1,0,1,0,1,0,1,1
1711
78,296,299,236,73,22,22,22,22,298,291,48,279,288,2,2,2,2,2,2,2,2,2,2,2,2,2,2,2,2,2,2,2,2,2,2,2,2,2,2,2,2,2,2,2,2,2,2,2,2,2,2,2,2,2,2,2,2,2
1,0,1,1,1,1,0,1,0,1,1,0,0,0,1,0,0,1,1,1,1,1,1,0,0,1,1,1,0,1,0,1,0,1,0,1,1,0,0,1,0,0,0,1,1,1,1,0,0,0,0,1,1,0,0,1,1,0,1
1712
367,236,344,304,5,355,283,151,22,22,22,22,22,22,22,22,22,293,282,56,317,332,73,78,315,329,263,263,316,288,309,2,2,2,2,2,2,2,2,2,2,2,2,2,2,2,2,2,2,2,2,291,171,45,301
1,0,0,0,1,0,0,1,1,1,1,1,1,1,1,1,0,0,0,1,0,0,1,0,1,0,0,0,1,1,0,0,1,0,1,1,0,0,1,0,0,0,0,0,0,0,0,0,0,0,1,0,1,1,1
1713
2
1
8844
78,247,247,286,236,236,345,304,276,355,283,106,292,22,22,22,22,22,22,22,22,22,22,22,22,22,22,22,22,22,22,22,22,22,22,22,22,22,22,22,22,22,22,22,22,22,22,22,22,22,22,346,339,293,317,313,313,308,362,111,151,320,319,86,354,335,335,144,316,333,288,288,306,329,353,327,360,208,171,45,2,2,2,2,2,2,2,2,2,2,2,2,2,2,2,2,2,2,2,2,2,2,2,2,2,2,2,2,2,2,2,2,2,2,2,2,2,2,2,2,2,2,2,2,2,2,2,2,2,2,2,2,2,2,2,2,2,2,2,2,2,2,2,2,2,2,2,2,2,2,2,2,2,2,2,2,2,2,2,2,2,2,2,2,2,2,2,2,2,2,2,2,2,2,2,2,2,2,2,2,2,2,2,2,2,91,91
0,0,0,0,1,1,0,0,0,1,0,0,1,0,0,0,1,0,0,1,0,1,0,0,1,0,1,1,0,0,0,1,1,1,0,1,1,0,0,1,1,0,1,0,1,1,0,0,0,1,1,1,1,1,0,0,0,0,1,1,1,0,0,0,0,0,1,1,1,1,0,0,1,1,0,1,1,0,0,1,0,0,0,1,0,0,0,0,0,0,0,1,0,0,0,1,0,0,0,1,0,1,0,1,1,1,1,0,1,0,0,0,1,1,0,0,0,0,0,0,1,0,1,0,0,1,1,1,0,0,0,1,0,0,0,0,1,1,0,0,0,1,0,1,0,0,0,1,0,1,1,0,0,0,0,0,0,1,1,0,0,1,0,0,0,0,1,1,0,0,1,1,1,0,0,0,1,0,0,0,0,0,0,0,0,0,0
1715
290,78,367,351,337,337,236,287,276,286,41,358,355,302,332,22,22,22,22,22,22,22,22,22,22,22,22,22,22,22,22,237,317,349,289,283,151,365,364,182,335,144,313,359,359,2,2,2,2,2,2,2,2,2,2,2,2,2,2,2,2,2,2,2,2,2,2,2,2,2,2,2,2,2,2,171,307,45,301,301,301,301,368
0,1,0,1,0,1,1,1,1,0,1,1,0,0,0,1,0,0,1,0,1,1,1,0,1,0,0,0,1,1,1,0,0,0,0,0,0,1,1,0,1,1,1,0,0,0,1,0,1,1,1,0,0,0,0,0,0,1,0,0,1,0,1,1,1,0,0,1,1,0,1,1,0,1,0,1,0,1,0,0,0,0,1
1716
323,311,236,276,302,22,22,22,22,22,22,22,22,22,22,22,22,22,22,22,22,22,22,22,22,22,282,332,155,343,312,280,329,175,144,300,111,314,2,2,2,2,2,2,2,2,2,2,2,2,2,2,2,2,2,2,2,2,2,2,2,2,2,2,2,2,2,2,2,2,2,2,2,2,2,2,2,2,2,2,2,2,2,2,2,2,2,2,2,2,2,2,2,2,2,2,2,2,2,2,2,2,2,177,344,253,345,5,5,5,358,254,363,91,352,308,303,151,320,199,86,110,350,348,338,325,360,208,368,288,321
1,1,1,0,1,1,0,1,1,1,1,1,1,1,1,1,1,1,1,1,1,1,1,1,1,1,1,0,1,0,0,1,1,1,0,1,0,1,1,1,0,1,1,0,1,1,1,1,1,0,0,0,0,0,0,1,0,1,1,0,1,1,0,1,1,1,0,1,0,1,0,1,1,1,0,1,1,1,0,1,1,1,1,1,1,0,1,1,1,1,1,1,1,1,0,0,1,1,0,1,0,0,1,1,1,1,1,0,1,1,0,1,1,1,1,1,1,1,1,1,0,1,1,1,1,1,1,1,1,1,1
1717
155,22,22,22,22,322,301,48,297,284,2,2,2,2,2,2,2,2,2,2,288
1,1,0,1,1,0,1,0,0,0,1,0,1,1,0,1,0,1,0,1,0
1718
315,171,337,236,334,293,146,357,316,300,288,254,292,22,22,22,22,22,22,22,22,22,22,22,22,360,291,56,317,45,2,2,2,2,2,2,2,2,2,2,2,2,2,2,2,2,91
1,1,0,0,1,0,0,0,0,0,1,1,0,0,0,1,0,0,1,0,1,1,1,0,0,1,0,1,1,1,0,1,0,0,1,1,1,0,0,1,0,0,0,1,1,0,1
1719
312,337,2,2,2,2,2,2,2,22,22
1,0,0,0,1,1,0,0,0,1,0
1720
333,2,2,2,2,2,22,22
0,0,0,0,0,0,0,1
1721
22,22,2,2,2,2,2,2,2,2
0,0,1,1,1,0,1,1,0,0
1722
247,236,45,292,22,22,22,22,22,22,22,22,22,293,56,317,349,78,315,336,336,263,333,333,300,306,309,2,2,2,2,2,2,2,2,2,2,2,2,2,2,2,291,171,288,301
0,1,1,1,1,0,1,1,1,0,1,1,0,1,0,1,0,1,1,0,0,0,0,1,1,0,1,0,1,0,1,0,1,0,0,0,1,0,1,1,0,0,1,1,0,0
1723
299,323,73,22,22,22,298,2,2,2,2,2,2,2,2,2,2,2,2,2,2,2,2,2,2,2,2,2,2,2,2,2,2,2,2,2,2,2,2,2,2,2,2,2,2,2,2,2,2,2,2,2,2,2,2,2,2,2,2,2,2,2,2,2,2,2,2,2,2,2,2,2
1,0,1,1,0,0,1,0,0,1,0,0,1,1,1,0,0,0,0,0,0,0,0,0,1,0,1,1,0,0,1,0,1,1,0,0,1,1,0,0,0,0,0,0,1,0,1,0,1,0,1,0,1,0,1,0,0,0,1,0,1,1,0,0,0,1,0,1,1,1,1,1
1724
22,22,288
1,0,0
1725
78,323,235,320,199,236,296,175,5,252,324,22,22,22,22,22,22,22,124,314,65,305,2,2,2,2,2,2,2,2,2,2,2,2,2,2,2,2,2,2,2,2,2,2,2,2,2,2,2
0,0,0,0,1,0,1,0,0,1,0,0,0,1,0,1,1,1,0,1,0,1,1,0,1,0,1,1,1,1,0,1,0,1,0,1,1,1,0,1,0,1,0,1,1,1,1,1,1
1726
289,324,151,22,22,22,22,338,282,2,2,2,2,2,2,2,2,2
0,0,0,0,1,0,1,0,1,0,1,0,0,0,1,1,1,0
1727
290,311,354,354,236,287,344,335,45,301,313,338,329,363,288,22,22,22,22,22,22,22,22,22,282,339,293,352,349,2,2,2,2,2,2,2,2,2,2,2,2,2,2,2,2,2,2,2,2,2,2,2
0,1,0,1,1,1,1,1,1,1,1,0,1,0,0,1,0,0,1,1,1,1,1,1,1,1,1,1,0,1,1,0,0,1,0,1,0,1,1,1,1,0,1,1,1,1,1,1,1,1,1,1
1728
22,22,22,2,2,2,2,2,2,2,2,2,2,2,2,2,2,2,2,2
0,1,0,1,1,0,0,1,1,1,1,0,0,1,0,0,1,0,0,0
1729
290,235,360,247,304,252,283,324,363,295,22,22,22,22,22,22,22,22,22,22,22,22,22,22,22,22,22,22,22,22,22,22,22,22,22,22,22,22,305,317,349,155,263,110,175,144,333,348,338,359,76,124,314,65,171,335,2,2,2,2,2,2,2,2,2,2,2,2,2,2,2,2,2,2,2,2,2,2,2,2,2,2,2,2,2,2,2,2,2,2,2,2,2,2
0,0,1,0,0,1,1,1,1,0,0,0,1,1,0,1,0,0,0,1,0,0,1,0,0,0,1,1,1,0,1,1,0,1,1,1,1,1,1,0,0,1,1,1,1,1,0,0,0,0,1,0,1,1,0,1,0,0,0,0,0,0,1,1,1,0,0,0,0,1,1,0,0,1,0,1,0,0,0,1,0,1,0,1,0,1,1,1,1,1,1,1,1,1
1730
283,339,367,22,22,22,22,22,22,236,324,325,55,41,2,2,2,2,2,2,2,2,2,2,2
1,0,1,0,1,0,1,1,1,1,1,0,1,0,0,0,0,0,1,0,0,0,0,0,0
1731
247,246,351,347,318,286,276,358,324,295,91,346,55,146,308,289,111,151,106,329,354,144,331,235,364,76,327,177,65,279,305,2,2,2,2,2,2,2,2,2,2,2,2,2,2,2,2,2,2,2,2,2,2,2,2,2,2,2,2,2,2,2,2,2,2,2,2,2,2,2,2,2,2,2,22,22,22,22,22,22,22
1,0,0,1,1,0,1,1,1,0,0,1,1,0,1,1,0,1,1,1,1,0,0,0,1,0,0,1,0,1,1,0,0,0,0,0,0,1,0,1,1,1,1,1,0,1,1,1,1,0,1,1,1,1,1,1,0,0,0,1,0,1,0,0,0,0,1,0,1,1,0,1,1,1,0,1,1,1,1,0,0
1732
55,349,2,2,2,2,2,2,2,2,2,2,2,2,2,2,2,2,2,2,2,2,2,2,2,2,2,2,2,2,2,2,2,2,2,2,2,22,22,22,22,22,22,22,22,22,22
1,0,0,0,1,0,0,0,0,0,1,1,0,0,0,0,0,0,0,0,1,0,0,0,0,0,0,1,0,1,1,0,0,0,0,1,0,0,0,0,0,0,0,1,1,1,1
1733
253,22,2,2
0,1,1,0
1734
253,342,76,2,2,2,2,2,2,2,2,2,2,2,2,2,22,22
1,1,1,0,0,0,0,1,1,1,1,1,1,0,1,1,0,0
1735
302,359,359,22,22,22,22,22,22,22,219,364,171,171,317,317,2,2,2,2,2,2,2,2,2,2
0,0,0,0,0,1,1,0,1,1,1,0,1,1,0,0,1,1,0,1,0,0,0,0,1,1
1736
22,22,22,22,22,22,22,22,22,2,2,2,2,2,2,2,2,2,2,2,2,2,2,2,2,2,2,2,2,2,2
1,0,1,1,1,1,1,0,0,0,1,0,1,0,0,0,1,0,0,0,0,0,1,0,1,0,1,0,0,0,1
1737
78,78,296,354,236,287,357,41,284,333,300,254,174,326,22,22,22,22,22,22,22,22,124,124,279,182,288,288,2,2,2,2,2,2,2,2,2,2,2,2,2,2,2,2,2,2,2,2,2,2,2,2,2,2,2,2,2,2,2,2,2,2,2,2,2,2,2,2,2,2,2,2,2,2,2,2,2,2,2,2,2,2,2,2,2,2,2,2,2,2,2,2,2,2,2,2,2,2,2,2,2,2,2
1,1,0,0,0,1,1,0,1,0,0,0,1,0,1,0,0,1,0,0,1,1,0,0,1,0,0,0,1,1,1,1,1,1,0,1,1,0,0,0,0,0,1,1,1,1,1,0,1,0,0,0,0,1,1,1,1,1,1,1,0,1,1,1,0,1,0,1,0,1,1,0,1,1,0,1,1,1,0,1,1,0,0,1,1,1,1,1,1,1,0,1,1,1,1,1,0,1,1,1,1,1,0
1738
306,78,363,22,22,22,263,2,2,2,2,2,2,2,2
1,0,0,0,0,0,1,0,0,1,1,0,0,1,1
1739
362,247,284,337,236,287,344,318,46,5,355,174,144,324,332,22,22,22,22,22,22,22,22,22,22,22,22,22,22,22,22,22,22,305,339,346,352,349,155,303,151,55,253,280,329,45,369,350,41,313,68,310,177,124,345,309,78,288,2,2,2,2,2,2,2,2,2,2,2,2,2,2,2,2,2,2,2,2,2,2,2,2,2,2,2,2,2,2,2,2,2,2,2,2,2,2,2,2,2,2,2,2,2,2,2,2,2,2,2,2,2,2,2,2,2,2,2,2,2,2,2,2,2,91
1,0,1,0,1,1,0,0,1,0,0,0,0,0,0,0,0,1,1,0,1,1,0,0,0,0,1,1,1,0,1,0,1,1,0,1,0,0,0,0,0,1,0,1,0,0,1,0,0,0,0,1,0,0,1,0,0,0,0,0,0,0,0,1,1,1,1,1,1,1,0,0,0,1,1,1,1,0,0,1,1,1,1,1,0,0,1,1,0,1,1,1,1,0,1,1,0,0,1,1,1,1,1,0,0,0,1,0,1,1,1,0,0,0,0,1,1,0,1,0,0,1,0,1
1740
356,286,2,2,2,2
1,1,1,1,0,0
1741
362,73,171,236,293,46,350,292,359,22,22,22,22,22,22,22,22,22,22,22,22,345,291,55,317,45,2,2,2,2,2,2,2,2,2,2,2,2,2,2,2,2,2,2,2,2,91
1,0,0,1,1,1,0,0,0,0,0,0,1,1,0,0,1,0,1,1,1,0,1,0,0,1,1,1,0,1,1,1,1,1,0,0,0,1,1,0,1,0,1,0,0,0,0
1742
319,303,177,22,22,330,68,352,5,2,2,2,2,2,2,2,2,2,2,2,358
0,0,0,0,1,0,0,0,0,0,0,0,0,1,0,0,0,0,0,0,1
1743
2,2,236
0,0,1
1744
78,323,343,329,344,304,350,252,111,22,345,339,110,2,2,2,2,2,2,2,2,2,2,337
1,1,0,1,1,0,0,1,1,1,1,1,0,1,1,1,1,1,1,1,1,0,0,0
1745
236,2,2,2
0,1,0,0
1746
22,22,22,22,22,22,22,22,22,2,2,2,2,2,2,2,2,2,2,2,2,2,2,2,2,2,2
0,1,0,1,1,0,1,1,0,1,1,1,0,0,1,1,1,1,0,0,0,0,0,1,0,1,0
1747
151,359,236,288,45,324,292,22,22,22,22,22,22,208,293,171,317,313,2,2,2,2,2,2,2,2,2,2,2,2,2,2,2,91
0,1,0,0,0,1,1,0,0,0,0,1,0,1,1,1,0,0,0,1,1,0,0,0,0,0,0,0,0,1,0,0,0,0
1748
355,22,41,297,331,2,2,2,2,2,2
0,1,0,0,0,1,1,0,1,0,1
1749
323,367,286,347,336,337,287,348,73,174,284,283,330,295,22,22,22,22,22,22,22,22,22,22,22,22,22,22,22,22,22,106,352,146,86,341,78,312,365,354,27,325,144,300,357,281,353,327,124,208,303,65,307,305,2,2,2,2,2,2,2,2,2,2,2,2,2,2,2,2,2,2,2,2,2,2,2,2,2,2,2,2,2,2,2,2,2,2,2,2,2,2,2,2,2,2,2,2,2,76
1,1,0,0,0,1,1,0,1,1,1,1,1,1,0,0,0,0,1,1,1,1,1,1,1,1,0,0,1,1,1,1,1,0,0,0,1,1,1,1,0,0,1,1,1,0,0,1,0,0,0,1,0,1,0,0,1,0,1,1,0,1,0,1,1,1,1,1,0,1,0,1,1,0,1,0,0,0,1,0,1,1,0,0,0,1,1,0,1,0,1,1,1,1,1,0,1,1,1,1
1750
323,367,356,347,336,344,253,304,297,5,355,174,283,330,295,22,22,22,22,22,22,22,22,22,22,22,322,314,55,182,294,327,303,312,308,354,343,325,146,333,331,235,364,353,326,320,345,208,276,341,288,2,2,2,2,2,2,2,2,2,2,2,2,2,2,2,2,2,2,2,2,2,2,2,2,2,2,2,2,2,2,2,2,2,2,2,2,2,2,2,2,2
1,1,0,0,1,0,1,0,1,0,0,0,1,1,1,0,1,0,1,1,0,0,1,1,1,0,1,1,0,0,1,1,0,0,1,0,1,1,0,0,1,0,0,0,0,0,1,1,0,0,0,0,1,0,1,1,1,1,0,1,1,1,0,0,0,0,0,1,1,1,1,0,0,0,1,0,1,1,1,0,0,1,1,0,1,0,1,1,1,0,0,0
1751
292,22,22,22,22,22,22,22,22,22,22,22,236,291,45,2,2,2,2,2,2,2,2,2,2,2,2,2,2,2,2,2,2,2,2,2,2,2,91
1,1,1,1,1,1,1,1,1,1,1,0,1,1,1,1,0,1,0,1,1,1,0,1,1,1,0,1,1,1,0,1,1,0,0,0,0,0,0
1752
2
0
1753
2
0
1754
276,22,22,22,22,22,22,22,22,22,2,2,2,2,2,2,2,2,2,2,2,2,2,2,2,2,2,2,2,2,2,2,2,2
1,0,0,1,1,0,0,1,1,0,1,0,0,0,0,0,0,1,1,1,0,0,1,0,1,0,1,1,1,0,0,1,1,0
1755
323,247,336,253,358,5,22,22,22,22,22,22,22,339,346,146,349,280,320,263,86,175,357,338,309,76,335,2,2,2,2,2,2,2,2,2,2,2,2,2,2,2,2,2,2,2,2,2,2,2,2,177
0,0,1,1,0,0,0,0,1,1,1,1,0,1,1,1,0,1,0,1,0,1,1,1,1,1,1,0,0,1,0,1,1,0,0,1,0,1,1,1,1,1,0,0,1,0,1,1,1,0,0,0
1756
22,22,22,22,22,22,22,22,22,22,22,22,2,2,2,2,2,2,2,2,2,2,2,2,2
1,1,0,1,1,1,1,1,1,1,1,0,1,1,0,1,1,0,1,1,1,1,1,0,1
1757
22,22,22,22,22,22,22,2,2,2,2,2,2,2,2,2,2,2
1,0,0,0,1,0,0,0,0,0,0,0,1,0,0,1,0,0
1758
292,22,22,236,91,293,56,288,45,2,2,2,313
1,1,1,1,1,1,1,1,1,1,0,1,0
1759
359,22,22,22,22,22,22,22,22,22,236,171,317,313,2,2,2,2,2,2,2,2,2,2,2,2,2,2,2,2,2,2,2,2,2,2,2,2,2,2,2,2,2,2,2,2
0,0,0,0,0,0,0,0,1,1,1,0,0,0,0,0,0,1,1,1,1,1,0,1,0,1,0,0,0,0,0,0,0,0,0,0,0,0,0,0,1,0,0,1,0,0
1760
364,330,22,22,22,22,22,360,281,276,288,2,2,2,2,2,2,2,2,2,2,2,2,2,2,2,2,2,2,2,2,5
1,1,1,0,0,1,0,1,0,1,0,1,0,0,0,1,1,0,1,0,0,0,0,0,0,1,1,0,1,0,0,1
1761
323,367,246,351,315,236,318,288,235,302,324,22,22,22,22,22,22,22,22,22,22,22,22,22,22,22,22,22,22,22,22,22,22,22,22,22,22,22,22,293,73,177,56,144,285,309,45,2,2,2,2,2,2,2,2,2,2,2,2,2,2,2,2,2,2,2,2,2,2,2,2,2,2,2,2,2,2,2,2,2,2,2,2,2,2,2,2,2,2,2,2,2,2,2,2,2,2,2,2,2,2,2,2,2,2,2,2,2,2,2,2,2,2,247,356,344,358,355,174,363,292,91,91,346,352,78,151,354,110,333,357,68,301,320,360,208,291,279,331,340,321
0,1,1,1,1,1,1,1,0,0,1,0,1,0,1,0,1,0,1,1,1,1,1,1,1,0,1,1,1,0,0,1,1,0,0,0,1,1,1,1,1,0,1,0,0,0,1,0,0,1,1,1,1,0,0,1,1,1,1,1,1,0,0,1,0,1,0,1,1,0,0,1,1,1,1,0,0,1,1,1,0,1,1,1,0,1,1,1,1,1,1,1,1,0,1,1,1,1,0,1,1,1,1,1,1,1,0,1,1,0,1,1,1,1,1,1,1,1,1,1,1,0,1,1,1,1,1,1,1,0,1,1,1,1,1,0,1,1,1,0,1
1762
2
0
1763
302,323,246,295,337,27,340,288,2,2,2,2,2,2
1,0,0,0,1,1,0,1,1,0,0,0,1,0
1764
22,22,22,22,22,22,22,22,22,22,22,2,2,2,2,2,2,2,2,2,2,2,2,2,2,2,2,2,2,2,2,2
0,0,0,0,0,0,0,0,0,0,1,0,1,0,1,0,1,1,0,1,1,1,0,0,0,1,0,1,0,1,1,0
1765
22,22,22,2,2,2,2,2,2,2,2,2,2,2,2,2,2,2,2,2,2,2,2,2,2
1,1,1,1,1,1,1,1,0,1,1,0,0,0,0,1,0,0,1,1,0,1,0,1,0
4965
111,324,359,22,22,22,22,22,2,2,2,2,2,2,2,2,2,2,2,2,2,2,2,2,2,2,2,2,369,171,355,327
1,1,0,1,1,0,0,0,0,0,1,0,1,0,1,0,1,1,0,0,0,0,0,0,1,1,0,1,1,1,0,0
1767
311,246,351,337,287,344,41,358,5,363,295,22,22,22,22,22,22,22,22,22,22,22,300,146,303,151,365,354,263,357,111,281,309,76,314,328,334,305,2,2,2,2,2,2,2,2,2,2,2,2,2,2,2,2,2,2,2,2,2,2,2,2,2,2,2,2,2,2,2,2,2,2,2,2,2,2,2,2,2,2,2,2,2,2,2,2,2
1,1,1,1,1,1,1,1,1,0,1,0,1,1,1,1,1,1,1,0,0,1,0,1,0,1,1,1,1,1,0,0,1,1,1,1,1,1,1,1,0,1,1,1,0,1,0,1,1,1,1,1,1,1,1,1,1,1,1,1,1,1,1,1,1,1,1,1,0,1,1,1,1,1,1,1,1,1,1,0,0,1,1,1,1,1,1
1768
355,2,2,2,2
1,0,0,1,0
1769
22
1
1770
2,2,2
0,1,1
1771
303,323,247,354,347,110,350,331,338,330,76,2,2,2,2,2,2,2,2,2,2,2,2,2,2,2,2,2,2,2,2,2,2,2,2,2,2,2,2,2,2,2,2,2,2,2,2,2,2,2,2,2,2,2,2,2,2,2,2,2,2,2,2,2,2,2,345,308,182,305,327,22,22,22,22
0,0,1,1,0,0,0,0,0,0,1,0,0,0,0,1,1,1,1,0,0,1,1,0,1,1,1,1,1,0,1,1,1,0,1,0,0,1,1,1,0,1,1,1,1,0,0,1,0,0,0,0,1,1,0,0,0,0,0,0,0,0,0,0,0,0,0,0,0,0,0,0,0,0,0
1772
338,280,22,124,335,2,2,2,2
1,0,1,0,1,1,1,1,0
1773
299,323,73,236,247,297,314,41,358,355,302,151,263,22,22,22,22,22,22,22,22,22,22,22,22,298,339,320,237,182,332,155,341,289,344,177,354,343,285,175,301,306,27,353,322,326,360,208,48,307,335,2,2,2,2,2,2,2,2,2,2,2,2,2,2,2,2,2,2,2,2,2,2,2,2,2,2,2,2,2,2,2,2,2,2,2,2,2,2,2,2,2,2,2,2,2,2,2,2,2,2,2,2,2,2,2,2,2,2
1,0,1,1,1,1,1,0,1,1,0,1,0,1,1,0,0,1,1,1,0,1,1,0,1,1,1,0,1,1,1,1,1,0,1,0,1,1,0,0,0,1,0,1,1,1,1,0,0,0,1,0,0,1,1,1,1,0,1,1,1,1,1,1,1,0,1,1,1,1,1,1,1,0,1,1,0,1,0,1,1,1,1,1,1,1,1,1,0,0,0,1,0,0,0,1,1,1,1,1,1,1,1,0,1,1,1,0,1
1774
367,246,351,337,336,247,41,235,355,174,254,22,22,22,22,22,22,22,22,22,22,22,22,22,346,237,308,362,111,365,199,329,144,348,338,327,314,65,279,331,2,2,2,2,2,2,2,2,2,2,2,2,2,2,2,2,2,2,2,2,2,2,2,2,2,2,2,2,2,2,2,2,2,2,2,2,2,2,2
1,1,1,1,1,1,1,0,1,1,1,1,1,0,1,1,1,0,1,1,1,1,1,1,1,0,0,1,0,1,1,1,0,1,1,1,1,1,0,0,1,1,1,1,0,0,0,0,1,0,1,1,1,1,1,1,1,1,1,0,1,1,1,1,0,0,1,0,1,0,0,1,1,1,1,1,1,1,0
1775
2
0
1776
246,236,318,286,297,174,254,22,22,22,22,22,22,22,22,22,22,22,22,339,55,182,327,280,352,350,333,300,319,68,353,76,48,288,2,2,2,2,2,2,2,2,2,2,2,2,2,2,2,2,2,2,2,2,2,2,2,2,2,2,2,2,2,2
1,0,1,0,0,1,1,1,0,0,0,0,0,0,0,0,0,0,1,0,1,0,1,0,1,1,0,0,1,1,1,1,0,0,1,0,0,1,0,0,0,1,0,0,0,0,1,0,0,0,0,0,0,0,1,0,0,0,0,0,0,0,0,1
1777
302,254,22,22,321,2,2,2,2,2,2,2,2,343
0,0,1,0,1,0,1,0,0,0,1,0,0,0
1778
296,246,236,358,344,5,284,254,363,182,295,22,22,22,22,22,22,22,22,22,22,22,293,341,55,317,308,280,106,146,357,338,353,359,171,2,2,2,2,2,2,2,2,2,2,2,2,2,2,2,2,2,2,2,2,2,2,2,2,2,2,2,2,2,2,2,2,2
1,0,0,0,0,1,1,0,0,0,1,0,1,0,0,1,0,0,1,0,0,0,0,0,0,0,0,0,0,0,0,0,1,1,0,1,0,1,0,0,0,0,0,0,1,0,0,1,0,0,0,0,0,0,1,0,0,0,0,1,1,0,0,1,0,0,1,0
1779
290,236,41,5,283,283,292,22,22,22,22,22,22,22,22,293,317,349,362,254,146,316,333,300,326,314,291,171,307,45,2,2,2,2,2,2,2,2,2,2,2,2,2,2,2,2,2,91
0,0,0,0,0,0,1,1,1,1,0,1,1,1,1,0,1,0,1,0,0,1,1,0,1,1,0,1,0,0,1,1,0,0,0,0,0,1,1,0,0,1,1,0,0,0,0,0
1780
336,2,2,2,2,22
1,1,0,0,0,0
1781
338,177,22,22,22,22,22,282,358,2,2,2,2,2,2
0,0,1,1,0,0,0,1,1,1,0,1,0,0,0
1782
86,68,334,2
0,1,0,1
6927
311,22,22,22,22,22,22,22,22,22,22,297,350,2,2,2,2,2,2,2,2,2,2,2,2,2,2,2,2,2,2,2,2,2,2,2,2,2,2,2,2,2,2,2,2,2,2,2,2,2,2,2,2,2,2,2,2,2,2,2,2,2,2,2,2,2,2,2,348
1,1,0,0,1,0,1,1,1,1,0,0,0,0,1,0,1,0,0,0,0,1,1,1,0,1,1,0,1,0,0,0,0,0,0,0,0,0,1,0,1,0,1,1,1,1,1,0,1,0,1,0,0,0,1,1,1,1,1,0,1,1,1,0,1,0,0,1,0
5945
235,284,315,236,86,86,301,41,367,5,5,45,288,22,22,22,22,22,22,293,171,56,317,313,2,2,2,2,2,2,2,2,2,2,2,316
0,1,1,1,0,0,1,1,1,1,0,1,1,0,0,0,1,1,1,1,1,0,1,1,1,0,1,0,1,1,1,1,0,1,1,1
1785
247,356,337,236,287,304,5,358,45,292,295,22,22,22,22,22,22,22,22,22,22,22,22,22,22,22,293,352,317,155,177,86,146,300,285,353,359,2,2,2,2,2,2,2,2,2,2,2,2,2,2,2,2,2,2,2,2,2,2,2,2,2,2,2,2,2,2,2,2,360,291,294,171,288,327,91
1,1,1,1,1,0,1,1,1,0,0,1,1,1,1,0,1,1,1,1,1,1,1,1,1,0,1,1,1,1,1,0,0,0,1,1,1,1,0,0,1,1,1,1,0,1,1,1,1,1,1,1,1,0,1,0,0,1,1,1,0,1,1,1,1,1,0,1,1,1,1,0,1,1,1,1
1786
177,22,22,22,22,124,318,175,2,2,2,2,2,2
1,0,1,0,0,0,0,0,1,0,0,1,0,1
1787
299,311,347,236,297,73,73,73,302,346,237,332,155,365,317,335,144,319,285,353,309,76,307,305,305,2,2,2,2,2,2,2,2,2,2,2,2,2,2,2,2,2,2,2,2,2,2,2,2,2,2,2,2,2,2,2,2,2,2,2,2,2,2,2,2,2,2,2,2,2,2,2,2,2,2,2,2,2,2,2,2,2,2,2,2,2,2,2,2,2,2,2,2,2,2,2,2,2,2,2,2,2,2,2,2,2,2,2,2,2,2,2,2,2,2,2,2,2,2,2,2,2,2,2,2,2,2,2,2,2,2,2,2,2,2,2,2,2,296,41,5,174,254,292,91,91,339,106,349,308,289,354,343,86,110,263,350,357,338,68,328,326,124,208,48,340,290,367,246,337,336,336,276,284,330,22,22,22,22,22,22,22,22,22,22,22,22,22,22,22,22,22,22,22,22,22,22,22,22,22,22,22,22,22,22,22,22,22,22,22,22,22,22,22,22,22,22,22,22,282,177,175,300,111,359,294,171,45,235,356,344,304,304,252,355,358,363,295,293,55,182,151,334,320,333,345,291,279,288,288
1,1,1,1,1,0,1,1,1,1,0,1,1,1,1,1,1,0,1,1,1,1,1,1,1,0,1,1,1,1,1,1,1,1,1,1,1,1,1,1,1,1,1,0,1,1,1,1,1,1,1,1,1,1,1,1,1,1,1,1,1,1,1,0,1,0,1,1,1,1,1,1,1,1,1,1,1,0,1,1,1,1,1,1,1,0,1,1,1,1,1,1,0,1,1,1,0,1,1,1,1,0,1,1,1,1,1,1,1,1,1,1,1,1,1,1,0,1,1,1,1,1,1,1,1,1,1,1,0,1,1,1,1,1,1,1,1,0,0,1,1,1,1,0,1,1,1,1,1,0,1,1,1,1,1,1,1,1,1,1,1,1,0,1,0,1,0,0,1,1,1,0,0,1,1,1,1,1,1,1,1,1,1,1,1,1,1,0,1,1,1,0,1,1,1,0,1,1,1,1,1,1,1,1,1,1,1,1,1,1,0,1,1,1,1,1,1,0,0,1,1,1,1,1,1,1,1,1,1,1,1,1,1,1,1,1,1,1,1,1,1,1,1,1,1,1,1,1,1,1
1788
321
1
1789
22,22,22,22,22,22,22,22,22,2,2,2,2,2,2,2,2,2,2,2,2,2,2,2,2
1,1,1,0,0,1,0,0,0,0,1,0,0,0,0,0,0,0,1,0,1,0,0,0,0
1790
290,356,334,5,300,111,324,246,22,22,339,342,55,2,2,2,2,2,2,2,2,2,2,2,2,2
0,0,1,0,0,0,1,0,1,1,0,1,0,0,1,1,0,0,0,0,0,1,0,0,0,0
1791
22,22,22,22,301,352,349,2,2,2,2,2,341
1,1,1,1,1,0,1,0,0,0,1,0,0
1792
289,315,106,2,2,2,2,2,2,2,2,280,317,316,301,22,22,22
1,0,0,0,1,1,0,0,0,0,1,0,0,0,1,1,1,0
1793
151,365,2,361,22
1,1,1,1,0
1794
365,22,22,22,22,22,329,55,349,2,2,2,2,2,2,5
0,0,1,1,0,1,1,0,0,0,0,1,0,0,0,0
1795
289,236,144,333,349,288,292,295,22,22,22,22,22,22,22,293,291,174,45,2,2,2,2,2,2,2,2,2,2,2,2,2,2,2,2,91
1,1,1,1,0,1,1,0,1,0,1,0,0,1,1,1,1,0,1,0,0,0,0,0,1,1,1,0,0,0,0,0,0,1,0,0
1796
361
1
1797
22,22,22,22,22,22,22,22,22,2,2,2,2,2,2,2,2,2,2,2,2,2,2,2,2,2,2,2,2,2,2
1,0,0,1,1,1,1,1,1,1,1,1,1,1,1,1,1,1,0,1,1,1,1,1,0,0,1,1,1,1,0
1798
367,337,236,358,287,110,286,73,5,330,288,347,22,22,22,22,22,22,22,22,332,2,2,2,2,2,2,2,2,2,2,2,2,2,2,2,2,2,2,2,2,2,2,2,2,2,2,76
1,1,0,0,1,0,0,1,0,0,0,0,0,1,0,1,0,0,1,1,0,1,1,1,1,1,0,1,1,0,1,0,1,0,0,0,1,1,0,0,0,1,0,0,1,1,0,0
1799
325,2
0,0
1800
296,311,246,22,22,22,22,360,281,318,55,263,2,2,2,2,2,2,2,2,2,2,2,2,2,2,2
0,1,0,1,0,0,0,1,0,0,0,1,0,0,0,0,0,0,1,1,0,0,1,0,0,1,0
1801
78,296,22,22,22,22,22,236,301,279,297,288,2,2,2,2,313
0,0,0,1,1,0,0,0,0,1,0,0,0,1,1,0,1
1802
2
0
1803
323,73,246,351,319,287,318,286,297,22,22,22,22,22,22,22,22,22,22,22,22,22,22,336,322,282,348,312,280,236,364,175,5,111,285,353,307,2,2,2,2,2,2,2,2,2,2,2,2,2,2,2,2,2,2,2,2,2,2,2,2,2,2,2,2,2,2,2,2,2,2,2,2,2,2,2,2,2,2,2,2,2,2,2,2,2,2,2,2,2,2,2,2,2,2,2,2,2,2,2,2,2,2,304,252,355,284,254,91,354,174,349,78,320,325,110,263,350,333,357,338,68,124,360,65,340,368
0,1,1,0,0,1,1,0,0,0,0,1,1,1,1,0,0,1,0,0,1,1,0,1,0,1,1,1,0,0,0,0,1,0,0,1,0,0,1,0,0,1,0,0,0,1,1,0,0,0,1,1,1,0,0,1,0,1,1,0,1,0,0,1,0,0,0,0,0,1,0,0,0,0,0,0,0,0,0,0,0,0,1,0,0,0,1,1,0,1,0,0,1,0,0,0,1,1,0,1,0,0,1,0,1,1,1,0,0,0,0,0,0,0,1,0,0,0,0,0,1,0,0,1,1,0,1
9000
311,356,351,347,236,304,5,324,292,22,22,22,22,22,22,22,22,22,22,22,22,22,22,22,22,22,22,22,22,22,22,22,22,22,22,22,22,22,22,22,22,22,336,339,293,279,357,317,78,312,315,334,354,343,91,329,144,316,333,45,309,177,320,360,291,171,288,2,2,2,2,2,2,2,2,2,2,2,2,2,2,2,2,2,2,2,2,2,2,2,2,2,2,2,2,2,2,2,2,2,2,2,2,2,2,2,2,2,2,2,2,2,2,2,2,2,2,2,2,2,2,2,2,2,2,2,2,2,2,2,2,2,2,2,2,2,2,2,2,2,2,2,2,2,2,2,2,2,2,2,2,368
0,1,1,0,1,0,1,0,1,1,0,0,0,1,0,1,0,1,1,1,0,0,1,1,0,1,1,1,0,0,1,0,1,0,1,0,0,0,1,0,0,1,0,1,0,0,1,1,1,1,1,1,0,0,0,1,1,1,1,1,1,1,0,1,1,1,0,1,1,1,1,1,1,0,0,1,0,1,1,0,1,0,1,0,0,0,0,0,1,1,1,0,1,0,1,1,1,1,1,0,0,1,1,0,1,0,0,1,0,0,0,0,1,0,1,1,1,1,1,0,1,1,1,0,0,0,0,1,0,1,0,0,0,0,1,1,1,1,0,0,1,1,0,0,0,0,0,1,0,1,1,1
1805
364,22,2,2,2,5,5
1,0,1,0,1,1,1
1806
296,73,281,318,286,311,5,5,302,324,22,22,22,22,22,22,22,22,22,22,22,22,22,22,22,22,22,22,22,22,22,22,22,22,22,22,22,22,22,22,22,22,22,22,22,22,22,22,298,339,237,317,332,155,341,303,312,177,354,27,364,335,350,367,285,359,340,345,208,279,288,2,2,2,2,2,2,2,2,2,2,2,2,2,2,2,2,2,2,2,2,2,2,2,2,2,2,2,2,2,2,2,2,2,2,2,2,2,2,2,2,2,2,2,2,2,2,2,2,2,2,2,2,2,2,2,2,2,2,2,2,2,2,2,2,2,2,2,2,2,2,2,2,2,2,2,2,2,2,2,2,2,2,2,2,2,2,2,2,2,2,2,2,2,2,2,2,2,2,2,2,368
0,1,1,1,1,0,0,1,1,1,1,1,1,1,0,1,1,1,1,1,0,0,0,1,0,0,1,1,1,1,1,1,1,1,1,1,1,1,1,1,1,0,1,1,0,0,0,1,1,0,0,1,1,1,1,0,1,1,1,0,1,0,1,1,0,0,1,1,0,1,1,1,1,1,1,1,0,0,0,1,1,0,1,0,0,1,0,1,1,0,1,1,1,1,1,1,1,1,1,1,1,1,0,1,1,0,0,1,1,1,0,0,0,1,1,1,1,1,1,1,1,1,1,0,1,1,0,0,1,1,1,0,1,0,1,1,1,0,1,0,1,1,0,1,1,0,1,1,1,1,0,1,1,1,1,1,1,1,1,1,1,1,1,1,1,1,0,0,0,1,0,1
1807
78,296,334,347,336,323,318,348,357,111,330,295,22,22,22,22,22,124,65,2,2,2,2,2,2,2,2,2,2,2,2,2,2,2,2,2,2,2,2,2,2,2,2,2,2,2,2,307,340,341
1,0,1,0,0,1,1,1,1,0,1,1,1,1,1,0,0,0,1,1,0,0,1,1,1,0,0,0,1,1,0,0,1,0,1,0,0,0,1,1,1,0,0,0,1,1,1,1,0,1
6968
2,2,2,2,2,2,2,2,2
0,0,0,1,1,1,0,0,1
1809
303,312,348,22,22,352,146,73,2,2,2,2,2,2,300
0,0,1,0,0,1,0,0,0,0,1,1,1,0,0
1810
312,309,2,2,2,2,2,2,2,2,2,2,2,361
0,0,0,0,0,1,0,1,1,0,0,1,0,1
1811
315,22,22,22,325,316,2,2,2,2,2,332,355,341
1,0,0,1,0,0,0,0,1,0,1,1,1,0
1812
290,367,236,73,302,330,22,22,22,22,22,22,22,22,22,22,22,22,22,22,22,22,22,22,22,22,346,282,237,348,155,177,336,364,175,5,285,307,305,326,296,235,344,360,284,355,358,254,363,292,295,91,293,352,182,341,283,334,343,280,86,333,45,328,2,2,2,2,2,2,2,2,2,2,2,2,2,2,2,2,2,2,2,2,2,2,2,2,2,2,2,2,2,2,2,2,2,2,2,2,2,2,2,2,345,208,291,279,288,368
0,0,1,1,1,1,0,1,1,1,1,1,0,1,1,1,1,1,1,1,1,1,1,1,1,1,1,1,1,1,0,1,1,1,0,1,1,0,1,1,0,1,1,1,1,1,1,0,1,1,1,1,1,1,1,1,1,1,0,1,1,0,1,1,1,1,1,0,0,1,1,1,1,1,1,1,0,1,1,1,1,1,1,1,1,1,1,1,1,1,1,1,0,1,1,1,1,1,1,1,1,1,1,1,1,1,0,1,1,1
4513
295,276,22,22,2,2,2,2,2
1,1,0,0,0,0,0,0,1
1814
22,22,2,2,2,2,2,2,2,2,2,2,2,2,2,2,2,2,2,2,2,2,2,2,2
1,0,0,0,1,1,1,1,0,1,1,1,0,0,1,0,0,0,1,1,0,0,1,0,1
1815
290,73,73,236,281,318,41,311,302,324,237,332,155,329,144,319,285,353,309,76,314,308,307,305,326,296,297,253,5,5,5,287,174,254,91,339,106,349,341,289,354,343,86,263,350,348,68,328,2,2,2,2,2,2,2,2,2,2,2,2,2,2,2,2,2,2,2,2,2,2,2,2,2,2,2,2,2,2,2,2,2,2,2,2,2,2,2,2,2,2,2,2,2,2,2,2,2,2,2,2,2,2,2,2,2,2,2,2,2,2,2,2,2,2,2,2,2,2,2,2,2,2,2,2,2,2,2,2,2,2,2,2,2,2,2,2,2,2,2,2,2,2,2,2,2,2,2,2,2,2,2,2,2,2,2,2,2,2,2,2,2,2,2,2,2,2,2,2,2,2,2,2,2,2,2,124,360,48,331,340,368,299,323,367,246,337,336,286,276,235,330,22,22,22,22,22,22,22,22,22,22,22,22,22,22,22,22,22,22,22,22,22,22,22,22,22,22,22,22,22,22,22,22,22,22,22,22,22,22,22,22,22,22,298,282,357,312,177,364,321,111,294,327,247,356,344,252,358,283,363,295,346,55,182,65,78,151,334,320,199,325,333,27,279,288
1,1,1,1,0,1,0,1,1,1,1,1,0,1,1,1,0,1,1,1,1,0,1,1,1,1,1,1,1,1,1,1,1,1,0,1,1,1,1,1,1,1,0,1,1,1,1,1,1,1,1,1,1,1,1,1,1,1,1,1,1,1,1,1,1,1,0,1,1,1,1,1,1,1,1,1,1,1,1,1,1,1,0,1,1,1,1,1,1,1,1,1,1,1,1,0,1,1,1,1,1,1,1,1,1,1,1,1,1,1,1,1,1,1,1,1,1,1,1,1,1,1,1,0,1,1,1,1,1,1,1,1,1,1,1,1,1,1,1,1,1,1,1,1,1,1,1,1,1,1,0,1,1,1,1,1,1,1,1,1,1,1,1,1,1,1,1,1,1,1,1,1,1,1,1,1,1,0,0,0,1,1,1,1,1,1,1,1,0,1,1,1,1,1,1,0,0,1,0,1,1,1,0,1,1,1,0,1,1,1,1,1,1,1,1,1,0,1,1,1,1,1,1,1,1,1,1,1,1,1,1,1,1,1,1,1,1,1,1,1,1,1,1,1,1,1,1,1,1,1,1,1,1,1,1,1,1,1,1,1,1,1,1,1,1
1816
296,235,289,76,247,276,286,297,5,5,5,355,252,283,342,22,22,22,22,22,22,22,22,22,22,22,22,22,22,22,22,22,22,22,22,22,22,282,326,146,349,341,303,280,365,199,325,335,350,301,333,357,319,86,328,2,2,2,2,2,2,2,2,2,2,2,2,2,2,2,2,2,2,2,2,2,2,2,2,2,2,2,2,2,2,2,2,2,2,2,2,2,2,2,2,2,2,2,2,2,2,2,2,2,2,2,2,2,2,2,2,2,2,2,2,2,2,2,2,2,2,2,2,2,2,2,2,2,2,2,2,2,2,2,2,2,2,2,2,2,2,2,2,2,2,2,2,2,2,2,2,2,2,2,2,2,2,2,2,2,124,345,48,279,307,305,340,368
1,0,0,1,1,1,0,1,0,1,0,1,1,0,1,1,1,1,0,0,1,1,0,1,0,1,1,0,1,1,1,0,0,1,1,0,1,1,1,0,0,0,1,1,1,1,1,0,0,1,1,0,0,0,0,1,0,1,1,0,0,1,0,0,0,0,0,1,0,0,0,0,1,0,1,0,1,0,0,1,1,1,1,0,1,1,0,1,1,1,1,1,1,0,1,1,0,1,1,1,1,0,1,1,0,1,1,1,1,0,1,0,0,1,1,1,0,1,1,1,1,1,1,1,1,1,1,0,1,1,1,1,1,1,0,1,1,1,1,1,1,1,1,1,1,1,1,1,1,1,1,0,1,0,1,1,1,1,1,0,0,1,0,1,0,0,0,1
1817
78,311,351,287,276,5,284,283,295,22,22,22,22,22,22,22,22,22,22,22,22,22,298,352,182,341,303,312,317,300,338,359,314,171,305,2,2,2,2,2,2,2,2,2,2,2,2,2,2,2,2,2,2,2,2,2,2,2,2,2,2,2,2
0,0,0,0,0,0,0,0,0,0,1,0,0,0,1,0,1,0,1,1,1,1,1,0,0,1,0,0,0,0,0,0,0,1,1,1,1,0,0,0,0,1,0,0,0,1,0,0,0,1,0,0,1,0,0,1,0,1,1,0,0,0,1
1818
253,360,358,5,5,22,22,22,22,22,22,22,22,22,22,22,22,282,237,300,317,317,308,289,177,365,329,175,348,359,359,328,345,208,171,171,2,2,2,2,2,2,2,2,2,2,2,2,2,2,2,2,2,2,2,2,2,2,2,321
0,1,0,0,0,0,0,0,1,0,0,1,1,1,1,1,0,0,0,0,1,1,0,0,0,0,0,0,0,0,0,0,0,0,0,0,1,1,0,1,0,0,1,1,0,0,0,1,1,0,1,1,1,1,0,0,1,1,0,1
1819
323,367,351,347,236,236,311,358,302,324,22,22,22,22,22,22,22,22,22,22,22,22,22,22,22,22,22,22,22,22,22,22,151,293,352,317,313,341,303,177,171,320,65,325,333,288,78,349,328,2,2,2,2,2,2,2,2,2,2,2,2,2,2,2,2,2,2,2,2,2,2,2,2,2,2,2,2,2,2,2,2,2,2,2,2,2,2,2,2,2,2,2,2,2,2,2,2,2,2,2,345,208,309,48,279,45,301
1,0,0,0,1,1,1,1,0,1,1,1,1,1,1,1,0,1,1,0,0,1,1,1,1,1,0,1,1,1,1,1,1,1,0,1,1,1,0,1,1,0,1,0,0,1,0,0,1,0,0,1,1,0,1,1,1,0,0,1,0,0,1,0,0,1,0,0,0,1,1,1,1,1,1,0,1,1,1,1,0,1,1,0,1,1,1,0,0,0,1,1,1,0,1,1,1,1,1,0,1,0,1,1,1,1,1
1820
291,2,284,236,22,22,22
1,1,0,0,0,1,1
1821
351,347,236,253,286,5,254,22,22,22,22,22,22,339,294,2,2,2,2,2,2,2,2,2,321
1,0,0,0,0,0,0,1,1,0,1,0,0,1,0,1,1,0,0,1,0,1,0,1,1
1822
359,22,22,22,22,22,22,236,219,291,171,317,301,2,2,2,2,2,2,2,2,2,2,2,2,2,288
0,0,0,0,1,1,0,0,1,0,1,1,1,0,1,0,1,0,1,0,0,0,1,0,1,1,0
1823
175,174,22,2,2,2,5
0,1,0,1,0,0,1
1824
280,236,304,313,330,288,22,22,22,22,22,314,293,2,2,2,2,2,45,301
1,0,0,0,0,0,0,0,1,1,1,0,0,0,1,0,0,0,0,0
1825
291,2,2,22,236,45
1,1,0,1,1,0
1826
359,22,22,22,22,22,334,171,317,2,2,2,2,2
0,0,1,1,1,0,1,1,0,1,0,0,1,1
1827
22
1
1828
22
1
1829
2,2,2
0,0,0
1830
363,22,22,22,2
0,0,0,0,0
1831
315,171,337,236,91,45,316,305,288,27,292,286,22,22,22,22,22,22,293,294,294,56,317,331,2,2,2,2,2,2,2,2,2,2,2,2,2,2,2,2,2,2,2,2,2,300
1,0,1,0,1,1,1,1,0,1,1,0,0,1,1,1,1,1,1,0,1,1,1,0,1,1,1,0,0,0,0,1,0,0,0,0,0,0,1,1,1,1,1,1,1,0
1832
295,327,236,146,252,2,2,2,2,2,2,2,2,2,2,2,2,2,2,2,2,2,2,2,2,2,2,2,2,2,2,2,2,2,2,2,2,2,2,2,2,2,2,2,2,2,2,2,2,2,2,2,2,2,2,2,2,2,2,2,2,2,2,2,22,22,22,22,22,22,22,22,22,22,22,22,22,22,22,22,22,22
0,0,0,0,0,1,1,1,0,0,1,0,1,0,0,0,0,0,0,1,0,0,1,1,0,1,1,0,0,0,0,0,0,0,0,1,1,0,0,0,1,0,1,0,0,0,1,0,0,1,0,1,1,1,0,0,1,0,0,1,0,1,0,0,0,0,0,1,0,1,1,1,1,1,0,0,0,0,0,0,0,0
1833
78,22
0,0
1834
22,22,2,2,2,2,2,2,2,2
0,0,0,0,1,1,0,0,0,0
1835
363,359,286,22,22,22,22,22,314,171,317,301,2,2,2,2,2,2,2,2,2,2,2,2,2,2,2,2,76
1,1,0,1,0,1,0,1,1,0,0,0,0,1,0,1,1,0,0,0,0,0,1,0,1,0,1,0,0
1836
302,323,320,22,22,22,22,22,124,301,294,41,332,2,2,2,2,2,2,2,2,2,2,2,2,2,2
0,0,0,1,1,0,1,0,0,0,0,1,0,0,0,0,0,0,1,0,0,0,1,1,0,1,0
1837
299,323,73,337,336,281,286,367,284,22,22,22,22,22,22,22,22,22,22,22,22,22,22,22,22,22,22,22,322,237,298,155,2,2,2,2,2,2,2,2,2,2,2,2,2,2,2,2,2,2,2,2,2,2,2,2,2,2,2,2,2,2,2,2,2,2,2,2,2,2,2,2,2,2,2,2,2,2,2,2,2,2,2,2,2,2,2,2,2,312,177,236,364,144,300,111,287,353,294,308,327,296,235,253,304,5,5,5,174,363,91,329,346,352,349,341,78,325,110,350,67,319,27,301,360,65,334,331,340,321
1,0,1,1,1,0,0,1,1,1,1,0,1,0,0,1,1,1,1,1,1,1,0,0,1,1,1,1,1,1,1,1,1,0,1,0,1,1,1,1,1,1,1,0,1,0,1,1,1,1,1,1,1,1,1,1,1,1,1,1,0,1,1,1,1,0,1,1,1,1,1,1,1,0,1,1,1,1,1,1,1,1,1,1,1,1,1,0,1,1,1,1,1,1,0,1,1,1,1,1,1,1,0,1,1,0,1,1,1,1,1,1,1,1,0,1,1,1,1,1,1,1,1,1,1,1,1,0,0,1
1838
296,73,356,320,2,2,2,2,2,2,2,2,2,2,2,2,2,2,2,2,2,2,2,2,2,2,2,2,2,2,2,2,2,2,2,2,2,2,2,2,2,2,2,2,2,364,5,276,353,301,22,22,22,22,22,22,22,22,22,22,22,22,22,22,22,22,22,22
0,1,1,0,0,0,0,1,1,1,0,1,0,0,0,0,0,0,0,1,0,0,1,1,0,0,0,1,0,1,1,0,0,0,0,1,1,0,1,0,0,0,0,0,1,1,1,1,0,0,1,0,0,1,1,1,1,1,0,1,1,0,1,1,0,1,0,0
1839
2,340
1,0
1840
299,362,367,356,236,358,46,311,284,5,5,363,292,22,22,22,22,22,22,22,22,22,22,22,22,22,22,22,22,339,293,342,182,332,332,78,73,334,364,323,321,350,349,45,359,366,76,291,171,171,288,2,2,2,2,2,2,2,2,2,2,2,2,2,2,2,2,2,2,2,2,2,2,2,2,2,2,2,2,2,2,2,2,2,2,2,2,2,2,2,2,2,2,2,2,2,2,2,2,2,2,2,2,91,91
1,1,1,1,1,0,1,1,1,0,0,0,0,0,1,0,0,1,1,1,0,0,0,1,1,1,1,0,1,0,0,1,0,0,0,0,1,1,0,0,1,0,0,0,0,1,1,0,0,1,0,0,0,0,0,0,0,0,1,1,1,1,0,0,1,0,1,0,1,0,0,0,0,0,0,0,0,1,1,1,0,1,0,1,0,1,0,1,1,1,1,1,1,0,1,1,1,1,0,1,0,1,1,0,0
1841
246,351,287,344,344,344,22,22,22,22,22,22,22,22,22,22,22,22,22,22,22,22,368,5,5,174,283,292,91,293,317,317,313,361,78,171,171,320,325,175,305,319,353,359,359,291,279,45,2,2,2,2,2,2,2,2,2,2,2,2,2,2,2,2,2,2,2,2,2,2,2,2,2,2,2,2,2,321
1,0,1,0,0,1,0,0,1,0,1,0,0,1,0,1,0,1,0,1,0,1,0,0,0,0,0,0,0,0,0,0,0,0,0,0,0,0,0,0,0,0,0,1,1,0,0,0,0,0,1,1,0,0,1,1,1,1,1,1,0,1,0,0,0,0,0,1,0,0,1,0,0,1,0,0,1,0
1842
294,349,367,289,351,347,336,358,286,252,284,174,283,330,22,22,22,22,22,22,22,22,22,22,22,22,22,22,22,339,293,348,317,313,327,65,280,342,354,236,343,337,146,5,5,288,288,319,68,76,359,2,2,2,2,2,2,2,2,2,2,2,2,2,2,2,2,2,2,2,2,2,2,2,2,2,2,2,2,2,2,2,2,2,2,2,2,2,2,2,2,2,2,2,2,2,2,360,48,171,307,45,301,301,321
1,1,1,0,1,0,0,0,0,0,0,0,0,1,1,1,0,0,1,1,0,0,1,1,1,0,0,1,0,0,1,1,0,1,0,0,0,1,0,1,1,0,0,0,1,0,0,1,0,1,0,1,1,0,1,1,1,1,0,1,1,0,0,1,0,0,0,0,0,0,0,1,1,0,0,0,1,1,1,1,0,0,0,1,0,0,0,1,1,0,1,1,0,0,0,1,1,1,0,0,1,1,0,1,0
