3060
354,332,2
0,0,0
3061
78,340,22,282,352,2,2
0,0,1,0,1,0,0
3062
290,323,236,364,304,252,355,319,338,86,353,22,22,22,22,22,22,22,22,22,22,339,294,48,2,2,2,2,2,2,2,2,2,2,2,2,2,2,2,2,2,2,2,2,2,341
0,0,1,0,0,0,1,1,0,0,0,0,1,1,0,0,1,1,1,1,1,0,0,0,1,1,1,1,0,0,0,0,0,1,1,0,0,1,0,0,1,0,1,0,0,0
3063
330,334,106,22,22,2,2,2,2,2,2,2,2,2
1,1,1,1,1,1,1,1,1,1,0,1,1,0
3064
353,309,175,2,2,2,2,2,2,2,2,2,2,2,2,2,2,2,22,22,22
1,0,0,0,1,0,0,0,1,0,0,0,1,1,1,0,0,0,0,0,0
3065
290,323,235,236,287,297,41,5,174,292,91,91,368,322,293,317,155,308,312,177,342,320,364,146,175,144,45,27,359,328,124,344,208,291,171,288,2,2,2,2,2,2,2,2,2,2,2,2,2,2,2,2,2,2,2,2,2,2,2,2,2,2,2,2,2,2,2,22,22,22,22,22,22,22,22,22,22,22,22,22,22,22,22,22,22,22,22
0,0,0,1,1,0,0,0,0,1,0,0,1,1,1,0,1,0,1,1,1,0,1,0,0,1,1,0,1,1,0,1,1,0,1,0,0,1,1,0,0,1,0,0,0,0,1,1,1,0,1,0,1,0,1,0,0,0,1,1,1,0,0,1,1,1,0,0,0,0,1,0,1,0,1,0,0,1,1,0,1,1,1,0,0,1,1
3066
2
0
3067
296,331,347,343,287,344,300,146,295,22,22,22,22,22,22,22,22,22,22,22,22,360,294,326,307,237,2,2,2,2,2,2,2,2,2,2,2,2,2,2,2,2,2,2,2,2,2,2,2,2,2,2,2,2,2,2,2,2,2,2,2,321
1,0,0,1,0,0,1,1,0,1,1,0,0,1,1,0,1,1,0,1,0,1,0,0,0,0,0,0,1,1,0,0,0,0,0,0,1,1,1,0,1,1,1,1,0,1,0,1,0,0,1,0,1,0,1,1,0,1,0,1,0,0
3068
276,318,314,41,5,355,324,363,91,297,306,111,349,308,312,342,320,333,357,319,353,2,2,2,2,2,2,2,2,2,2,2,2,2,2,2,2,2,2,2,2,2,2,2,2,2,2,2,2,2,360,48,305,340,22,22,22,22,22,22
1,1,1,1,0,0,1,0,0,0,1,0,0,0,0,1,1,1,1,0,1,0,1,0,1,1,0,0,1,0,0,1,1,1,1,1,0,1,0,1,0,0,0,1,0,1,0,0,0,1,1,0,0,0,1,1,1,0,1,0
3069
235,287,252,5,5,355,358,283,324,363,22,22,22,22,22,22,22,237,352,349,361,78,312,177,365,263,350,330,306,68,338,328,327,360,309,48,2,2,2,2,2,2,2,2,2,2,2,2,2,2,2,2,2,2,2,2,2
0,1,1,0,1,1,1,0,1,0,0,0,1,1,0,1,1,0,1,0,1,0,1,1,1,0,0,1,1,1,1,1,0,0,1,0,0,0,1,1,1,1,1,0,1,0,1,1,0,0,0,1,0,1,1,1,0
3070
302,151,247,2
1,1,1,1
3071
289,320,329,350,2,2,2,2,348
1,0,0,0,0,0,1,0,0
3072
2,2,2,2,2,2,2,2,2,2,2,2,2,2,2,2,2,2,354,236,86,110,175,175,288,288,45,68,330,359,22,22,22,22,22,22,22,22,360,293,171,317,313,301,91
1,1,0,0,0,0,0,0,0,0,0,0,0,1,1,0,0,0,0,1,0,0,0,1,1,1,1,0,0,0,0,0,0,0,0,1,0,1,1,0,0,0,0,0,0
3073
320,364,335,304,5,300,319,281,330,309,22,282,237,331,2,2,2,2,2,2,2,2,2,2,2,2,2,2,2,2,2,2,368
0,1,0,0,1,1,0,0,1,1,0,1,0,0,1,1,0,1,1,1,1,1,0,1,0,1,0,0,1,1,0,0,1
3074
323,280,236,344,318,276,316,319,111,358,22,22,22,22,22,208,2,2,2,2,2,2,2,2,2,2,2,2,2,2,2,368
0,1,1,1,1,0,0,0,1,0,0,0,1,0,1,0,1,1,1,0,1,1,1,1,0,0,1,1,0,0,1,1
3075
319,247,359,106,22,22,22,22,22,22,22,307,175,171,317,2,2,2,2,2,2,2,327
0,1,0,0,0,1,1,0,0,0,0,0,1,1,0,0,1,1,0,0,1,1,0
3076
315,56,236,336,344,344,316,252,68,353,22,22,22,22,22,291,171,317,2,2,2,2,2,2,2,2
1,1,1,0,0,0,0,0,1,0,1,1,0,1,0,1,0,0,0,0,1,0,0,1,0,0
3077
22,22,22,2
0,0,1,0
3078
365,343,282,335,297,253,2,2,2,2,2,2,347
1,1,1,1,1,1,1,1,1,1,1,1,1
3079
312,295,22,22,22,22,22,22,22,360,329,294,314,237,2,2,2,2,2,2,2,2,2,2,2,2,2,2,2,2,2,2,2,2,2,2,2,2,2,2,2,2,2,199
0,0,1,0,0,0,1,1,0,1,0,0,1,0,0,1,0,0,1,0,0,0,1,0,1,0,0,0,1,0,1,0,1,1,0,0,0,0,0,0,1,0,1,1
3080
287,303,22,22,2,2
1,1,1,1,1,0
3081
2,2,2,2,2,2,2,312,312,359,327,288,285,292,22,22,22,22,22,22,22,22,293,291,291,171,317,45,361,91
1,0,0,1,0,1,1,0,0,1,1,0,0,1,0,0,1,0,0,1,0,0,1,0,1,0,0,1,1,1
3082
320,22,2,2,343
0,0,0,0,0
3083
332,5,5,22,22,22,2,2,2,2,2,288
0,0,0,0,0,0,0,0,0,0,0,0
3084
323,311,337,236,318,46,46,324,292,22,22,22,22,22,22,22,22,22,22,22,22,22,22,22,22,22,22,22,22,22,22,22,22,22,22,22,293,55,317,313,341,315,336,364,175,316,349,171,45,2,2,2,2,2,2,2,2,2,2,2,2,2,2,2,2,2,2,2,2,2,2,2,2,2,2,2,2,2,2,2,2,2,2,2,2,2,2,2,2,2,2,2,2,2,2,2,2,2,2,2,2,2,2,2,2,2,2,2,2,2,2,2,2,2,2,2,2,2,2,2,2,2,2,2,2,2,2,2,2,2,2,2,91
0,1,0,0,0,1,1,1,0,0,0,0,1,0,0,0,1,0,0,0,0,0,1,1,1,0,1,1,0,1,0,0,0,1,1,0,0,1,0,0,0,1,1,0,0,1,1,0,0,0,1,0,1,0,0,1,0,0,0,0,0,0,0,1,0,1,0,1,0,1,0,0,1,0,1,1,0,0,0,0,0,0,1,1,0,0,0,1,1,1,1,1,0,0,0,0,1,0,0,0,0,0,0,1,0,1,0,0,0,0,0,1,0,1,0,0,0,0,0,0,0,0,0,0,0,0,1,1,1,0,1,1,0
3085
289,78,308,354,22,22,312,282,48,55,2,2,2,2,91
0,0,0,0,0,0,1,1,1,1,1,0,0,0,0
3086
356,350,253,358,252,324,22,22,22,22,22,22,22,22,22,22,22,22,322,55,312,151,365,343,144,67,348,111,2,2,2,2,2,2,2,2,2,2,2,2,2,2,2,2,2,2,2,2,2,2,2,2,2,2,2,2,2,2,2,2,2,314,208,65,288,326,368
1,0,1,0,1,0,0,1,1,0,1,1,1,1,0,1,1,0,1,1,0,1,1,0,0,1,1,0,1,0,1,1,1,1,1,1,0,0,0,0,1,1,0,1,1,0,1,0,0,0,0,0,1,0,1,0,1,0,1,1,1,0,0,1,1,1,0
3087
48,73,246,337,247,276,253,286,41,5,5,355,284,302,324,330,22,22,22,22,22,22,22,22,22,22,22,22,22,22,297,282,352,283,349,312,280,343,27,364,350,367,300,319,68,76,294,252,325,2,2,2,2,2,2,2,2,2,2,2,2,2,2,2,2,2,2,2,2,2,2,2,2,2,2,2,2,2,2,2,2,2,2,2,2,2,2,2,2,2,2,2,2,2,2,2,177
1,1,1,0,0,0,1,1,0,1,1,1,1,0,1,1,1,0,0,0,0,0,0,0,0,1,1,0,1,1,1,1,1,0,0,0,1,0,1,1,0,1,1,1,0,0,0,1,0,0,0,1,0,1,1,0,0,0,0,1,1,0,1,1,0,1,1,0,1,0,0,1,0,1,0,1,0,1,1,1,1,1,0,0,1,1,1,1,1,1,0,0,0,0,1,1,1
3088
76
0
3089
22,22,22,22,2,2
1,1,1,0,1,0
3090
290,323,247,347,287,253,276,280,284,22,22,22,22,22,22,22,322,56,317,315,171,325,316,333,326,208,48,279,2,2,2,2,2,2,2,2,2,2,2,2,2,2,2,2,2,2,2,2,2,2,2,2,2,2,2,2,2,2
0,0,0,0,0,0,0,1,0,1,1,1,0,0,0,0,1,1,0,1,1,0,1,0,0,0,0,1,1,1,0,0,0,0,0,0,1,0,1,1,0,1,0,0,1,0,1,0,0,0,0,1,1,1,0,1,0,0
3091
311,354,343,344,5,358,302,324,22,22,48,55,288,2,2,2,2,2,2
0,1,0,1,0,0,0,1,1,0,0,1,0,1,1,0,0,1,0
3092
355,363,22,22,22,22,22,22,22,2,2,2,2,2,2,2,2,2,2,348
1,1,0,1,0,1,1,0,0,0,1,0,1,1,1,1,0,1,0,1
3093
283,111,177,22,22,337,110,237,363,2,2,2,2,2,2,2,2,2,2,348
0,0,0,0,0,1,0,0,1,1,0,1,1,0,1,0,0,1,1,0
3094
78,323,347,286,301,355,331,302,324,22,22,22,22,22,22,22,22,22,124,322,305,2,2,2,2,2,2,2,2,2,2,2,2,2,2,2,2,2,2,2,343
1,0,0,0,1,1,1,1,1,1,1,1,1,0,1,0,0,0,1,1,0,1,1,1,1,1,1,0,0,1,1,1,1,1,1,1,1,1,1,1,0
3095
22,321
0,1
3096
323,311,351,337,287,41,73,22,22,22,22,22,22,22,22,22,22,22,22,22,22,22,22,22,22,22,22,22,146,332,155,312,280,300,111,353,76,294,2,2,2,2,2,2,2,2,2,2,2,2,2,2,2,2,2,2,2,2,2,2,2,2,2,2,2,2,2,2,2,2,2,2,2,2,2,2,2,2,2,2,2,2,2,2,2,2,2,2,2,2,2,2,2,2,2,2,2,2,2,303,247,253,345,5,174,358,295,91,320,55,182,349,308,78,106,350,235,68,301,124,360,208,65,279,340,368
1,1,1,1,1,1,0,1,1,0,0,0,0,1,0,0,0,0,1,1,1,0,1,0,0,1,0,0,1,0,1,0,1,1,0,1,0,0,1,1,1,1,0,0,0,0,1,0,0,0,1,1,0,0,0,0,0,1,1,1,1,0,1,0,0,1,0,0,1,1,1,0,0,1,0,0,1,0,1,1,0,0,1,1,1,1,0,1,0,1,0,1,1,1,0,0,1,0,0,0,1,1,0,0,0,0,1,0,1,1,0,1,1,1,1,1,0,1,0,0,1,0,0,1,0,0
3097
78,342,253,286,313,359,22,22,22,22,22,22,22,22,294,171,317,45,2,2,2,2,2,2,2,2,2,2,2,2,2,2,368
1,1,0,0,0,0,1,0,0,0,0,1,1,0,0,0,0,1,0,0,1,0,0,1,0,0,0,0,0,0,0,1,1
3098
2,2
0,1
3099
299,323,367,337,336,287,344,298,41,5,5,355,252,283,324,363,22,22,22,22,22,22,22,22,22,22,247,322,339,346,78,177,365,280,325,110,144,330,333,333,111,27,328,345,305,2,2,2,2,2,2,2,2,2,2,2,2,2,2,2,2,2,2,2,2,2,2,2,2,2,2,2,2,2,2,2,2,2,2,2,2,2,2,2,2,2,2,2,2,2,2,2,2,2,2,2,2,2,2,2,2,2,2,2,2,2,2,2,2,2,2,2,2,2,2,2,2,2,2,2,2,2,2,2,2,2,2,2,2,2,2,2,2,2,2,2,2,2,2,2,2,2,2,2,2,2,2,2,2,2,2,2,2,2,368
1,1,1,1,1,1,1,1,1,0,1,1,1,1,0,1,1,1,1,1,1,1,0,0,1,1,1,1,1,1,1,1,1,0,1,0,1,1,0,1,1,1,1,1,1,0,0,1,1,0,1,0,1,1,0,0,1,0,1,0,0,1,1,0,0,1,1,1,1,1,1,1,1,0,1,1,0,1,1,1,1,1,1,1,1,1,1,1,1,1,1,1,1,1,1,1,1,1,1,1,1,1,1,0,1,1,1,0,1,1,1,1,0,0,1,1,1,1,1,1,1,1,1,1,1,1,1,1,1,1,1,1,1,0,1,1,1,1,1,1,1,1,1,1,1,1,1,1,1,1,0,1,1,0,1
3100
285,315,171,22,22,56,317,316,2,2,2
0,1,1,1,1,1,1,1,0,0,0
3101
78,296,22,22,236,288,2
0,0,0,1,1,0,1
3102
296
0
3103
311,246,351,337,287,318,276,22,22,22,22,22,22,22,22,22,22,22,22,22,22,22,22,282,237,146,155,312,335,300,285,353,314,307,305,2,2,2,2,2,2,2,2,2,2,2,2,2,2,2,2,2,2,2,2,2,2,2,2,2,2,2,2,2,2,2,2,2,2,2,2,2,2,2,2,2,2,2,2,2,2,2,2,2,296,247,344,253,284,355,252,283,363,106,308,289,320,325,333,68,328,327,360,303,48,331,340,368
1,1,1,1,1,1,1,0,0,0,0,1,0,1,1,0,0,0,1,1,1,1,0,0,0,0,0,0,0,1,1,0,1,1,1,0,0,1,1,1,0,1,0,0,0,1,1,0,0,1,0,1,1,1,0,1,1,1,1,1,0,1,0,1,0,1,1,1,1,0,0,0,1,1,0,1,0,1,0,1,1,1,0,1,1,0,0,1,0,1,1,1,1,1,1,0,1,0,0,0,0,1,1,0,1,0,0,1
3104
22,22,22,22,22,22,22,22,22,22,22,22,2,2,2,2,2,2,2,2,2,2,2,2,2,2,2,2,2,2
0,0,0,0,0,0,1,1,0,0,0,1,1,0,0,1,1,1,0,0,1,0,0,1,0,1,1,0,0,0
3105
354,22,22,22,22,22,22,22,22,22,22,22,22,22,22,22,22,2,2,2,2,2,2,2,2,2,2,2,2,2,2,2,2,2,2,2,2,2,2,2,2,2,2,2,2,2,2,2,2,2,2,2,2,2,2,2,2,2,2,2,2,2,2,2,2,2,2,2,2,2
0,0,1,1,1,1,0,1,1,1,1,0,0,1,1,1,0,0,1,1,0,1,0,1,0,0,0,0,1,1,1,0,1,1,1,0,0,1,1,0,0,1,0,1,1,0,0,0,1,1,1,0,1,1,1,1,0,0,0,1,0,0,1,0,0,0,0,0,1,0
3106
299,323,73,344,318,286,297,311,252,252,324,363,182,22,22,22,22,22,22,22,22,22,22,22,22,22,22,22,22,22,22,22,22,22,22,22,22,22,22,22,22,22,305,367,348,146,332,303,151,334,106,199,331,364,110,335,321,357,5,5,300,111,235,349,301,279,288,2,2,2,2,2,2,2,2,2,2,2,2,2,2,2,2,2,2,2,2,2,2,2,2,2,2,2,2,2,2,2,2,2,2,2,2,2,2,2,2,2,2,2,2,2,2,2,2,2,2,2,2,2,2,2,2,2,2,2,91
1,1,1,1,1,1,1,1,1,0,1,1,1,1,0,1,1,1,1,1,0,1,1,0,1,0,1,1,1,1,0,1,1,0,0,0,1,0,1,0,1,1,1,1,1,1,1,0,1,1,1,0,0,0,0,0,1,1,1,0,1,0,1,1,0,1,1,1,1,1,1,1,0,1,1,1,1,1,0,1,0,1,1,0,1,1,1,0,1,1,1,1,1,1,1,1,1,0,0,1,1,0,1,1,0,0,1,1,1,0,0,1,1,1,1,1,0,1,1,1,1,1,1,1,1,1,1
6595
359,311,171,106,236,336,144,41,358,313,45,301,22,22,22,22,22,22,22,22,22,22,22,22,22,22,22,22,22,124,317,339,293,334,307,288,288,2,2,2,2,2,2,2,2,2,2,2,2,2,2,2,2,2,2,2,2,2,2,2,2,2,2,2,2,2,2,2,2,2,2,2,2
0,0,1,1,1,1,0,0,0,1,1,0,0,0,0,1,0,1,1,0,0,1,1,0,0,1,0,1,0,0,1,0,0,0,0,0,1,1,0,0,0,0,1,1,0,1,1,0,0,0,0,1,0,1,0,0,1,1,0,1,0,1,0,1,1,0,1,1,0,0,1,0,1
3108
344,350,91,2,2,2,2,2,2,2,2
1,0,1,1,0,1,0,0,0,0,0
3109
2
0
3110
299,299,296,73,236,363,363,292,22,22,22,22,22,22,22,22,22,22,22,298,282,146,78,91,321,300,2,2,2,2,2,2,2,2,2,2,2,2,2,2,2,2,2,2,2,2,2,2,2,2,2,2,2,2,2,2,2,2,2,2,2,2,2,2,2,2,2,2,2,2,2,2,124,360,65,279,288,301,368
1,1,0,1,1,0,0,1,0,0,1,1,0,0,0,1,0,1,1,1,0,1,1,0,1,1,1,1,1,1,0,0,0,0,0,0,0,1,1,1,0,0,0,1,1,1,1,0,1,1,1,0,0,0,1,0,0,0,1,1,0,0,1,1,1,1,1,1,0,0,1,0,0,1,0,1,0,0,0
6610
177,171,359,236,329,365,263,321,333,45,86,292,309,22,22,22,22,22,22,22,22,22,293,65,341,317,288,2,2,2,2,2,2,2,2,2,2,2,2,2,2,2,2,2,2,2,2,2,2,91
1,1,0,1,1,1,1,1,0,1,0,1,0,0,0,0,0,1,1,1,1,0,1,0,0,0,0,0,0,1,0,0,0,0,0,0,0,0,0,1,0,0,1,1,0,0,0,1,1,0
3112
323,311,246,351,347,236,287,41,305,302,22,22,22,22,22,22,22,22,22,22,22,22,22,22,22,22,22,22,322,151,155,337,293,364,175,316,319,285,353,76,314,294,171,307,45,327,177,356,344,253,360,252,355,174,363,91,346,352,317,349,289,315,320,343,354,263,348,68,2,2,2,2,2,2,2,2,2,2,2,2,2,2,2,2,2,2,2,2,2,2,2,2,2,2,2,2,2,2,2,2,2,2,2,2,2,2,2,2,2,2,2,2,2,2,2,2,2,2,2,2,2,2,2,2,2,345,291,65,279,288,340
0,0,1,0,1,1,1,1,1,1,0,1,0,0,1,1,1,1,1,1,1,1,1,0,1,1,0,1,1,0,0,1,1,1,0,1,1,1,0,0,1,1,0,1,1,0,1,0,0,1,1,1,1,0,1,0,1,0,1,0,1,1,1,0,0,1,0,1,0,0,1,1,1,1,1,1,0,1,1,0,1,1,1,0,0,0,0,0,1,0,0,0,1,0,1,0,1,1,1,1,1,0,1,1,1,0,0,1,1,0,0,1,1,0,1,1,1,1,0,0,1,0,1,1,0,1,1,1,1,1,0
3113
2
0
3114
78,296,292,340,340,22,22,22,22,22,22,22,22,236,320,279,288,2,2,2,2,2,2,2,2,2,2,2,2,2,2,2,2,2,2,2,2,2,2,2,2,2,2,2,2,2,2,2,2,2,2,2,2,2,2,2,2,2,2,2,2,2,2,2,2,2,2,2,2,2,2,2,2,2,2,2,2,2,2,2,2,2
0,0,1,0,0,0,1,1,1,0,0,0,0,1,0,1,0,0,1,1,1,1,1,0,1,1,0,0,1,0,1,0,1,0,0,1,1,1,1,1,1,1,1,0,0,1,1,0,0,1,1,0,0,0,0,1,1,1,1,1,1,0,1,1,1,1,1,0,0,1,1,1,0,1,1,0,1,1,1,0,1,1
3115
290,367,351,236,236,286,276,311,284,330,22,22,22,22,22,22,22,22,22,22,22,22,22,22,22,22,22,22,332,155,312,280,352,364,335,313,111,353,309,76,314,294,307,305,2,2,2,2,2,2,2,2,2,2,2,2,2,2,2,2,2,2,2,2,2,2,2,2,2,2,2,2,2,2,2,2,2,2,2,2,2,2,2,2,2,2,2,2,2,2,2,2,2,2,2,2,2,2,2,2,2,2,2,289,235,41,304,358,355,5,5,363,175,320,293,55,182,308,303,342,106,348,338,68,124,124,345,65,279,288,301,368
0,1,1,1,1,0,0,0,0,1,0,1,0,1,1,0,1,0,0,1,0,0,0,1,0,0,0,0,0,1,1,0,1,1,1,0,0,1,1,0,1,1,0,0,0,0,0,0,1,0,0,0,1,0,1,0,0,1,1,1,1,1,1,0,1,0,1,1,0,0,0,1,0,0,0,0,1,1,1,1,1,0,1,1,0,0,1,0,0,1,0,0,1,1,0,0,1,1,1,0,0,1,0,0,0,1,0,0,0,1,1,0,0,0,1,0,1,0,1,1,1,0,0,1,0,0,0,0,1,0,1,0
3116
65,352,22,2,2,2,2,2,2
1,1,0,1,0,0,0,0,0
3117
171,359,317,22,22,22,22,22,22,22,22,22,22,22,22,22,2,2,2,2,2,2,2,2,2,2,2,2,2,2
1,0,0,0,0,0,1,1,0,0,0,1,0,1,0,0,1,0,0,0,0,0,1,0,1,0,0,1,0,0
3118
78,296,292,22,22,22,22,22,22,22,236,301,279,288,2,2,2,2,2,2,2,2,2,2,2,2,2,2,2,2,2,2,2,2,2,2,2,2,2,2,2,2,2,2,2,2,2
0,0,1,0,0,0,1,1,0,1,1,0,0,0,0,0,0,1,1,1,0,0,0,1,0,0,0,0,1,1,1,1,1,1,1,1,1,1,0,1,1,1,0,1,1,1,0
3119
290,296,367,304,236,286,297,73,22,22,22,22,22,22,22,22,298,339,352,332,78,312,177,365,350,67,349,313,111,111,48,279,279,288,2,2,2,2,2,2,2,2,2,2,2,2,2,2,2,2,2,2,2,2,2,2,2,2,2,2,2,2,2,2,2,2,2,2,2,2,2,2,2,2,2,2,2,2,2,2,2,2,2,2,2,2,2,2,2,2,2,2,2,2,2,2,2,2,2,2,2,2,2,2,2,2,2,2,2,2,2,2,2,2,2,2,2,2,91,91
0,0,1,1,1,1,1,0,1,1,1,0,1,0,1,0,1,0,1,1,0,0,1,1,1,1,0,0,0,1,0,0,1,1,1,0,0,1,1,0,0,0,1,1,1,1,1,0,0,1,1,1,1,1,1,1,1,1,0,1,1,0,1,1,1,1,1,0,1,0,1,1,1,1,1,1,0,1,1,1,1,1,1,0,1,0,1,0,1,1,0,0,0,1,1,1,1,1,1,1,0,1,0,0,1,1,1,0,1,1,1,1,1,1,1,1,1,1,0,1
3120
362,311,347,236,236,344,78,5,324,22,22,22,22,22,22,22,22,22,22,2,2,2,2,2,2,2,2,2,2,2,2,2,2,2,2,2,2,2,2,2,2,2,293,56,317,313,289,315,320,364,357,316,45,174,310,340,171,288,301,300
1,0,0,0,0,0,1,0,0,0,0,0,0,1,1,1,1,1,1,0,1,0,1,1,0,1,1,1,0,0,1,1,0,1,1,1,1,0,0,1,1,0,0,1,1,0,1,0,0,1,0,1,1,1,1,0,1,0,1,0
3121
78,73,356,350,367,22,22,298,48,2,2,2,2,2,2,2,2,2,2,2,2,2,2,2,2,2,182,155,308
0,0,1,1,0,0,0,1,0,0,0,0,0,0,0,0,0,0,0,0,1,0,1,1,0,0,1,0,0
3122
286,295,2,2,2,2,2,2,2,2
0,0,0,0,0,0,0,1,0,0
3123
22,22,22,22,22,22,22,22,2,2,2,2,2,2,2,2,2,2,2,2,2,2,2,2,2
0,1,1,1,0,1,0,1,1,1,1,0,1,1,1,0,0,1,1,1,1,1,0,0,0
3124
312,235,351,199,336,329,46,22,22,22,22,22,22,276,358,327,300,306,76,282,2,2,2,2,2,2,2,2,2,2,2,2,2,2,2,2,2,2,2,2,2,2,2,2,2,2,2,2,2,2,368
0,0,0,1,0,1,0,0,0,0,0,1,1,0,0,1,0,1,0,0,1,0,0,0,1,0,0,0,0,0,0,1,1,0,1,0,1,0,0,0,0,0,0,0,0,1,0,0,0,1,1
3125
288,22,22,236,91,293,45,2,2,2,313
0,1,1,1,1,1,1,1,1,1,1
3126
78,296,236,22,22,22,22,2,2,2,2,2,2,2,2,2,2,2,2,2,2,2,2,2,2,2,2,2,2,2,2,2,2,2,2,2,2,2,2,2,2,2,2,2,2
0,0,0,0,1,0,1,0,0,0,1,1,0,1,1,1,1,1,0,0,1,1,0,0,1,1,1,1,1,1,0,1,1,0,1,1,1,1,1,1,1,1,1,1,0
3127
367,337,236,236,318,276,73,330,22,22,22,22,22,22,22,22,22,22,22,22,22,22,22,22,22,22,22,22,22,22,22,322,237,146,313,347,312,280,336,336,317,175,332,332,319,353,359,309,294,171,307,45,2,2,2,2,2,2,2,2,2,2,2,2,2,2,2,2,2,2,2,2,2,2,2,2,2,2,2,2,2,2,2,2,2,2,2,2,2,2,2,2,2,2,2,2,2,2,2,2,2,2,2,2,2,2,2,2,2,2,2,2,2,2,2,2,2,2,2,305,297,304,304,5,5,355,283,295,320,293,352,182,199,354,343,350,333,331,328,340,208,48,279,288,301,301,368
1,1,1,1,1,0,1,1,0,1,0,0,0,1,1,1,1,1,1,1,1,1,1,1,1,1,1,0,1,1,1,1,1,1,0,0,1,1,1,1,1,1,0,1,0,1,1,1,0,1,1,1,1,1,0,0,1,1,0,1,0,1,0,1,1,1,1,1,1,1,1,0,0,0,1,1,1,0,1,1,0,1,0,0,1,1,0,1,1,1,0,1,0,0,0,0,1,0,1,1,1,0,1,1,1,1,1,1,1,1,1,1,1,1,0,0,1,1,0,1,1,0,1,0,1,1,1,1,1,1,1,1,1,1,1,0,1,0,1,0,0,0,1,1,1,1,0
3128
290,367,55,22,305,2,2,2,2,2,2,2,2,2,2,2,2,2,2,2,2,252,340,5
0,1,1,1,1,1,0,1,0,0,0,1,1,1,1,1,0,0,1,1,0,1,0,0
3129
22,327
1,0
3130
315,171,236,316,288,246,22,22,22,22,22,22,22,22,22,22,22,22,22,22,22,22,22,22,22,22,22,22,22,22,22,291,293,56,45,2,2,2,2,2,2,2,2,2,2,2,2,2,2,2,2,2,2,2,2,2,2,2,2,2,2,2,2,2,2,2,2,2,2,2,2,2,2,2,2,2,2,2,2,2,2,2,2,2,2,2,2,2,2,91
1,1,1,1,0,0,0,0,1,1,1,1,1,0,0,1,1,1,1,0,0,1,1,1,1,0,0,0,0,1,0,0,1,1,0,0,0,0,0,0,0,1,0,1,1,1,1,1,0,0,0,1,1,0,0,1,1,0,1,0,0,1,0,1,1,0,1,0,1,0,1,0,1,1,1,1,1,1,1,1,1,0,1,1,1,0,1,1,0,0
3131
323,22,2,2,2
0,1,1,0,1
3132
290,73,287,253,276,295,22,22,22,22,22,22,22,346,357,341,78,352,354,329,350,300,360,208,334,307,2,2,2,2,2,2,2,2,2,2,2,2,2,2,2,2,2,2,2,2,2,2,2,2,2,2,2,2,2,2,2,2,2,2,2,2,321
0,1,1,0,1,0,1,0,1,0,1,1,0,1,0,1,1,1,0,0,0,0,0,0,1,1,0,0,0,0,0,1,0,0,0,1,0,0,1,0,0,0,0,1,1,0,1,1,1,1,0,0,0,0,0,1,1,0,1,0,0,0,1
3133
359,22,22,22,22,336,263,171,2,2,2
0,1,0,0,1,0,0,1,0,0,0
3134
323,353,353,246,22,22,22,22,22,22,22,22,350,348,146,2,2,2,2,2,2,2,2,2,2,2,2,2,2,2,2,2,2,2,2,2,2,2,2,2,2,2,2,2,2,2,2,2,2,2,2,2,2,2,2,2,2,2,2,2,2,2,2,2,2,2,2,2,2,2,2,2,2,2,2,2,2,2,2,2,2,2,2,2,2,2,2,2,2,2,2,2,2,2,307
1,0,0,1,1,1,1,1,1,0,1,0,1,0,0,1,1,1,1,1,0,0,0,1,1,1,0,1,1,0,0,0,0,0,1,0,0,0,0,1,0,0,1,1,1,1,1,0,1,1,0,0,0,0,0,1,0,0,1,0,0,1,1,0,0,0,0,0,0,1,0,0,1,0,0,0,1,1,1,1,1,0,1,1,0,1,1,1,1,1,1,0,0,0,0
3135
327,151,171,22,22,22,22,22,22,22,22,236,318,286,317,2,2,2,2,2,2,2,2,2,2,2,2,2,2,2,2,2,2,2,2,2,2,2,2,2,2,2,321
0,1,0,1,1,1,1,1,0,1,0,0,1,0,0,0,0,0,0,0,0,0,1,0,0,0,0,0,1,0,0,1,0,1,1,1,1,1,0,0,0,0,1
3136
290,246,351,337,236,318,41,247,22,22,22,22,22,22,22,22,22,22,22,22,22,22,22,22,22,22,322,357,146,313,155,312,280,27,329,111,285,359,309,171,326,296,235,297,304,284,355,5,288,295,339,293,174,341,78,354,199,333,348,68,2,2,2,2,2,2,2,2,2,2,2,2,2,2,2,2,2,2,2,2,2,2,2,2,2,2,2,2,2,2,2,2,2,2,2,2,2,2,2,2,2,2,2,2,2,2,2,2,2,2,2,2,2,2,360,208,48,334,331,301
0,1,1,1,1,1,1,0,0,1,1,1,0,1,1,0,1,1,1,1,1,0,1,0,1,1,1,1,0,1,1,1,1,1,1,1,0,1,1,1,1,1,0,1,1,1,1,1,1,1,1,1,1,1,1,1,1,1,1,1,0,1,0,1,1,1,0,0,1,1,1,1,1,1,1,1,1,0,0,1,0,0,1,0,0,1,1,1,1,1,1,1,1,1,1,1,1,0,1,1,0,1,1,1,1,1,0,1,0,1,1,1,1,1,1,0,0,1,0,1
3137
45,2,2,2,22,236,313
1,0,0,1,1,1,1
3138
289,73,2,2,2,2,2,2,307,41,340,22
1,1,1,0,1,1,1,0,1,1,0,0
3139
2
0
3140
86,289,353,336,2,2,2
0,1,0,0,1,1,0
3141
296,337,287,253,276,5,302,324,295,22,22,22,22,22,22,22,22,22,22,22,22,22,22,22,22,22,22,22,22,22,22,22,22,22,339,352,308,354,329,335,350,333,338,340,340,301,360,305,2,2,2,2,2,2,2,2,2,2,2,2,2,2,2,2,2,2,2,2,2,2,2,2,2,2,2,2,2,2,2,2,2,2,2,2,2,2,2,2,2,2,2,2,2,2,2,2,2,2,2,2,2,2,2,2,2,2,2,2,2,2,2,2,2,2,2,2,2,2,2,2,2,2,2,2,2,2,2,2,2,2,2,76
0,1,1,0,1,1,0,1,1,1,0,1,1,1,1,0,1,1,0,0,1,1,1,1,1,1,0,0,1,1,1,1,1,1,0,1,1,1,0,0,0,0,1,0,0,0,1,1,1,0,0,0,1,0,0,1,0,1,1,0,1,1,1,1,0,0,1,1,0,0,0,1,1,1,1,1,0,0,1,1,0,1,1,0,1,1,1,0,0,0,0,1,1,1,1,1,1,1,1,1,0,1,1,1,1,1,1,1,0,1,1,1,1,1,1,1,1,0,1,0,0,1,1,0,0,1,0,0,0,0,1,1
3142
329,55,22,22,22,22,22,304,360,325,345,305,2,2,5
1,0,0,0,1,0,1,1,0,0,0,1,0,0,0
3143
362,296,279,146,335,78,319,27,22,22,22,22,22,22,22,360,339,303,171,317,332,2,2,2,2,2,2,2,2,2,2,2,2,2,2,2,2,327
1,1,1,0,0,1,0,0,1,1,1,0,0,1,1,1,0,0,1,0,1,1,0,1,1,1,1,0,0,1,1,1,1,1,0,1,0,0
3144
290,367,367,286,236,144,304,297,73,73,5,5,363,22,22,22,22,22,22,22,22,22,22,22,22,298,352,332,332,332,327,303,151,320,343,329,350,353,309,2,2,2,2,2,2,2,2,2,2,2,2,2,2,2,2,2,2,2,2,2,2,2,2,2,2,2,2,2,2,2,2,2,2,2,2,2,2,2,2,2,2,2,2,2,124,279,288,301,368
0,1,1,0,0,0,0,0,0,1,0,1,0,0,0,0,1,1,1,0,0,1,0,0,1,0,1,0,1,0,0,0,0,0,0,0,1,1,0,0,0,0,0,1,1,1,0,0,1,0,1,0,1,0,0,0,1,0,0,1,0,1,1,0,1,1,0,0,0,0,1,1,0,1,1,0,0,0,0,0,0,1,1,1,0,1,0,0,0
3145
311,246,347,236,287,41,73,73,330,22,22,22,22,22,22,22,22,22,22,322,146,332,55,336,285,329,317,175,144,316,111,281,174,314,171,307,305,305,2,2,2,2,2,2,2,2,2,2,2,2,2,2,2,2,2,2,2,2,2,2,2,2,2,2,2,2,2,2,2,2,2,2,2,2,2,2,2,2,2,2,235,297,304,5,358,283,363,56,182,48,78,315,354,343,263,27,65
1,1,0,1,0,1,1,1,0,1,1,1,0,1,0,0,1,0,1,1,1,0,1,0,1,1,1,0,1,1,1,0,1,0,1,1,1,1,1,0,1,0,0,1,1,1,0,0,1,1,1,1,0,0,1,1,0,1,0,0,1,1,1,1,1,1,1,1,1,1,1,1,1,0,1,1,1,1,0,1,0,1,1,1,1,1,1,1,1,0,1,1,1,1,1,1,1
3146
27,331,22,22,22,22,22,329,348,5,5,5,2,2,2,2,2,2,2,2,2,2,2,2,2,2,2,2,2,2,2,2,2,2,343
0,0,1,1,1,1,1,0,0,1,1,0,1,0,1,0,1,1,0,0,0,0,0,0,1,1,0,0,1,1,0,0,0,0,1
3147
287,353,246,22,325,288,2,2,2,2,2
1,0,0,0,0,0,0,0,0,0,0
3148
22
1
3149
367,351,347,236,287,22,22,22,22,22,22,22,22,22,22,22,22,22,22,22,146,312,280,352,144,316,5,300,111,174,309,171,307,45,2,2,2,2,2,2,2,2,2,2,2,2,2,2,2,2,2,2,2,2,2,2,2,2,2,2,2,2,2,2,2,2,2,2,2,2,2,2,2,2,177,303,253,304,252,284,254,363,292,91,293,56,317,199,289,315,343,78,288,338,27,291,48,331,340,321
1,1,0,1,1,1,1,0,1,1,0,1,1,0,1,1,1,1,1,1,1,1,1,1,0,1,1,1,1,1,0,1,1,1,0,0,0,1,0,1,1,0,0,0,1,1,1,1,0,0,1,1,0,1,0,1,1,1,0,1,1,1,0,1,1,1,0,0,1,1,0,1,0,1,0,0,1,0,1,1,1,1,1,1,1,1,1,1,1,1,0,0,1,1,1,0,0,0,0,1
3150
22,22,22,22,22,22,22,22,2,2,2,2,2,2,2,2,2,2,2,2,2,2,2,2,2,2,2,2
0,1,0,0,1,0,0,0,0,1,0,1,0,0,1,0,1,0,0,0,1,0,0,1,0,1,1,0
3151
22,2,2,2,2,2
0,0,1,1,1,0
3152
151,91,236,291,146,284,2,2,2,2,2,2,2,2,2,22,22,22,22,22,22
0,0,1,0,0,1,0,0,1,0,0,1,0,0,0,1,1,1,0,0,1
3153
22
0
3154
56,22,22,22,171,317,316,2,2
1,1,1,1,1,1,1,0,1
3155
323,351,236,41,318,297,5,330,22,22,22,22,22,22,22,22,22,22,22,22,22,322,282,55,182,315,315,56,56,334,317,317,144,316,316,348,306,327,280,171,171,305,2,2,2,2,2,2,2,2,2,2,2,2,2,2,2,2,2,2,2,2,2,2,2,2,2,2,2,2,2,2,2,2,2,2,2,2,2,2,2,2,2,2,2,2,2,2,2,2,2,2,2
0,0,0,0,1,0,0,0,1,1,1,1,1,0,0,1,1,1,1,0,0,0,0,0,1,1,1,1,1,1,0,0,0,0,1,1,1,0,0,1,1,0,0,1,0,0,1,0,0,0,0,0,1,1,0,1,1,0,0,1,0,1,0,0,1,1,0,0,1,1,1,0,0,1,1,1,1,1,1,0,0,0,0,0,1,0,1,0,0,0,0,1,0
3156
22,22,236,301,313,2,2,2,2,2,45
1,0,1,0,1,0,1,1,0,1,1
3157
299,73,22,175,288,2,2,2,2,2,2,2,2,2,2,2,2,2,2,2,2,2,2,2,2
1,1,0,0,0,1,0,0,1,0,0,0,0,1,1,0,0,0,1,1,1,1,0,0,0
3158
339,252,2,2
1,1,0,0
3159
289,151,343,68,253,286,276,284,324,330,22,22,22,22,22,22,339,208,368,2,2,2,2,2,2,2,2,2,2,2,2,2,2,2,2,2,2,2,2,2,2,2,2,2,2,2,2,2,327
1,1,1,1,1,0,1,1,0,1,1,1,1,1,1,0,1,0,1,1,1,0,1,0,1,1,1,1,1,1,1,1,1,0,0,0,1,1,1,0,1,0,1,1,1,1,0,1,1
3160
299,296,367,236,323,286,151,355,358,254,292,22,22,22,22,22,22,22,22,22,22,22,22,22,305,319,237,174,182,349,78,302,177,365,106,300,111,285,309,2,2,2,2,2,2,2,2,2,2,2,2,2,2,2,2,2,2,2,2,2,2,2,2,2,2,2,2,2,2,2,2,2,2,2,2,2,2,2,2,2,2,2,2,2,2,2,2,2,2,2,2,2,2,2,2,2,2,2,2,2,2,2,2,2,2,2,2,2,2,2,2,2,2,2,2,2,2,2,2,2,2,2,2,2,2,2,2,2,2,2,2,2,2,2,2,2,2,2,2,2,2,2,2,2,2,2,2,2,2,2,2,2,2,2,2,2,2,2,2,2,2,2,2,2,2,2,2,2,2,2,2,2,2,2,320,280,291,279,279,288,340,91
1,1,1,1,1,1,0,1,1,0,1,1,1,0,0,0,1,0,1,1,0,1,0,1,1,0,0,0,1,0,1,0,1,1,1,0,0,1,1,1,1,0,0,1,0,1,1,1,0,0,1,1,1,1,1,1,1,1,1,1,0,0,1,1,1,0,0,1,1,1,1,1,1,1,1,1,1,1,1,0,1,1,1,1,1,1,1,1,1,0,1,1,1,1,1,0,1,0,1,1,0,1,0,1,1,1,1,1,1,1,0,1,0,1,1,1,1,0,1,1,1,1,1,1,0,1,1,1,0,0,1,0,1,1,1,1,1,0,1,1,1,0,0,0,1,0,1,1,1,1,1,1,1,1,1,1,1,1,1,1,1,1,1,1,1,1,1,0,0,1,1,1,1,1,1,1,1,1,1,0,1,0
3161
303,303,177,106,236,318,304,288,353,22,22,22,22,22,22,307,175,2,2,2,2,2,2,2,2,2,2,2,2,2,2,2,2,2,2,2,2,2,2,2,2,2,2,2,2,2,2,2,2,2,2,2,2,2,2,2,2,2,2,2,2,2,2,2,2,2,2,2,2,2,2,2,2,2,2,2,2,2,2,2,2,2,2
0,0,0,0,0,0,0,0,1,0,1,0,0,1,0,0,0,0,1,0,0,1,0,0,1,0,1,0,0,1,0,1,1,1,0,1,1,1,1,1,1,1,1,1,1,0,0,1,0,0,0,0,1,0,0,0,1,1,0,0,0,0,1,0,1,0,1,1,1,0,0,0,1,1,1,0,0,0,0,1,1,0,0
3162
315,56,343,316,333,349,22,22,22,22,22,22,22,22,22,22,22,22,22,22,22,22,22,22,360,171,317,332,2,2,2,2,2,2,2,2,2,2,2,2,2,2,2,2,2,2,2,2,2,2,2,2,2,2,2,2,2,2,2,2,2,2,2,2,2,2,2,2,2,2,2,2,2,2,2,2,2,2,2,2,2,76
1,0,0,1,1,1,1,0,0,0,0,0,1,1,0,0,1,1,1,0,1,1,1,1,1,1,0,0,0,0,1,0,0,0,1,0,0,1,0,1,0,0,0,0,1,0,0,1,1,1,0,1,0,1,0,1,0,0,1,1,0,0,1,1,0,1,0,0,1,0,1,0,0,0,1,1,1,1,0,0,0,0
3163
144,22,22,22,2,2,2,2,2,2,2,2,2,2
1,1,1,0,1,0,1,0,1,0,1,1,0,0
3164
235
1
3165
78,279,22,22,236,304,46,5,2,2,2,2,2,2,2,2,2,2,2,2,2,2,2,2,2,2,2,2,2,2,2,2,2,2,2,2,2,2,2,2,2,2,2,2,2,2,2,2,2,2,2,2,2,2,2,2,2,2,2,2,2,2,2,2,2,2,2,2,2,2
1,1,1,0,1,0,0,0,0,1,0,0,0,0,1,1,0,1,0,0,1,1,1,1,0,1,1,1,1,1,1,1,1,1,1,0,1,1,1,1,1,0,0,1,1,1,0,0,0,1,1,0,0,0,1,0,0,1,0,0,0,0,1,0,1,0,0,1,0,0
3166
146,235,351,236,311,318,335,297,5,252,254,330,175,295,22,22,22,22,22,22,22,22,22,22,22,22,22,22,22,22,22,22,22,22,22,22,22,22,22,22,22,22,22,22,22,22,22,22,22,22,22,22,22,22,326,65,293,237,55,317,313,303,334,354,343,110,263,300,45,359,328,2,2,2,2,2,2,2,2,2,2,2,2,2,2,2,2,2,2,2,2,2,2,2,2,2,2,2,2,2,2,2,2,2,2,2,2,2,2,2,2,2,2,2,2,2,2,2,2,2,2,2,2,2,2,2,2,2,2,2,2,2,2,2,2,2,2,2,2,2,2,2,2,2,2,2,2,2,2,2,2,2,2,2,2,2,2,2,2,2,2,2,294,171,307,288,301
0,0,1,1,1,1,0,0,1,1,0,1,1,1,0,1,1,0,1,1,0,0,1,0,0,0,1,0,1,0,1,1,1,1,1,1,1,1,1,0,0,1,1,0,0,1,1,1,1,1,1,1,0,1,1,1,0,0,1,0,1,0,1,1,1,1,0,1,1,0,1,0,1,0,0,1,0,1,0,1,1,0,0,1,0,0,0,1,0,0,0,1,1,1,0,0,0,1,1,0,0,1,1,0,0,0,1,1,0,1,1,1,1,1,1,1,1,0,1,1,0,1,0,1,0,0,1,0,0,1,1,0,1,1,1,1,1,0,0,0,0,1,1,1,1,0,1,1,1,1,1,0,1,1,0,1,1,1,1,1,1,1,1,1,0,0,0
3167
78,334,22,22,22,2,2,2,2,2,2,2,2,2,2,2,2,2,2,2,2,2,2,2,2,2,2,2,2,2,2,2,2,2,2,2,2,2,2,2,2,2,2,2,2,2,2,2,2,2,2,2,2,321
0,0,0,0,1,1,0,1,0,1,0,1,0,1,0,1,1,0,1,1,1,1,1,1,1,0,1,0,1,0,1,1,0,1,1,0,1,1,1,1,1,1,1,1,1,0,0,1,1,0,0,1,0,1
3168
27,363,363,308,22,22,22,22,22,361,312,286,46,2,2,2,2,2,2,2,2,2,2,2,2,2,2,2,2,2,2,2,2,2,2,2,2,2,2,2,2,2,2,2,2,2,2,2,2,2,2,2,2,2,2,2,2,2,2,2,2,2,2,2,2,2,2,2,2,2,2,2,2,2,2,2,2,2,2,2,2,2,2,2,2,2,2,2,2,2,2,2,2,2,2,2,76
1,0,0,0,1,1,1,0,0,1,1,0,1,0,0,1,1,0,1,1,0,0,0,0,1,0,0,1,1,0,1,0,1,1,1,1,1,1,1,1,1,1,1,1,1,1,1,0,1,1,1,1,1,1,1,1,1,1,1,0,1,0,1,1,0,0,0,1,1,0,1,1,1,1,0,1,1,0,1,1,1,1,1,0,1,1,1,0,1,1,1,1,1,0,1,0,0
3169
22,22,22,2,2,2,2,2,2,2,2,2,2,2,2,2,2,2,2,2,2,2,2,2,2
0,0,0,0,0,1,0,1,0,0,0,0,1,0,0,0,0,1,0,1,1,0,0,0,0
3170
22,2,2,2,2,2,2,2,2
0,0,0,0,0,0,1,0,0
3171
311,351,347,236,236,281,318,297,73,73,302,324,346,237,146,332,332,155,365,329,317,144,319,285,353,76,305,305,2,2,2,2,2,2,2,2,2,2,2,2,2,2,2,2,2,2,2,2,2,2,2,2,2,2,2,2,2,2,2,2,2,2,2,2,2,2,2,2,2,2,2,2,2,2,2,2,2,2,2,2,2,2,2,2,2,2,2,2,2,2,2,2,2,2,2,2,2,2,2,2,2,2,2,2,2,2,2,2,2,2,2,2,2,2,2,2,2,2,2,2,2,2,2,2,2,2,2,2,2,2,2,2,2,2,2,2,2,2,2,2,2,2,2,2,2,296,41,252,284,174,254,91,339,320,56,349,308,289,315,354,253,343,86,110,263,357,338,68,328,326,124,360,208,65,331,301,301,368,290,323,246,337,336,336,286,330,22,22,22,22,22,22,22,22,22,22,22,22,22,22,22,22,22,22,22,22,22,22,22,22,22,22,22,22,22,22,22,22,22,22,22,22,282,348,313,312,280,364,175,316,5,5,5,300,111,294,171,45,247,356,352,304,304,177,355,358,363,295,293,55,182,48,48,151,106,199,325,333,27,340,345,321,288,288
1,1,1,1,1,1,1,1,1,1,1,0,1,1,1,0,0,1,1,1,1,0,0,1,1,1,1,1,1,1,0,1,1,0,1,0,1,1,1,1,1,1,1,1,1,1,1,1,1,1,1,0,0,1,1,1,1,0,0,1,0,1,1,1,1,1,1,1,1,1,1,1,1,1,1,1,1,1,0,1,1,0,1,1,1,0,1,1,0,1,0,0,1,0,1,1,1,0,1,1,1,1,1,1,1,1,1,1,0,1,1,1,1,0,0,1,1,0,1,1,1,1,1,1,1,1,1,1,1,0,1,1,1,1,1,1,1,1,1,1,1,1,1,1,1,1,1,1,1,1,1,0,1,1,1,0,1,1,1,1,1,1,1,0,1,1,1,1,0,1,1,1,1,1,0,0,0,1,0,1,1,1,1,1,1,0,1,1,1,1,1,1,1,1,1,1,1,1,1,1,0,0,1,1,1,1,1,1,1,1,1,0,1,1,1,1,1,1,1,0,1,1,1,0,1,1,1,1,1,0,1,0,1,1,1,0,1,1,1,1,1,0,1,1,1,1,0,1,0,1,1,0,1,1,1,1,1,1,1,0,1,1,0,1
3172
311,2
1,0
3173
323,247,351,86,236,252,348,41,284,5,5,324,295,22,22,22,22,22,22,22,22,22,22,22,22,339,357,146,349,327,280,352,364,333,300,338,285,174,328,2,2,2,2,2,2,2,2,2,2,2,2,2,2,2,2,2,2,2,2,2,2,2,2,2,2,2,2,2,2,2,2,2,2,2,2,2,2,2,124,208,177,294,308,340,91
0,1,1,0,0,1,1,1,0,0,0,1,1,0,0,1,0,0,0,0,0,0,1,0,1,0,1,0,1,0,0,1,1,0,0,0,0,0,1,1,1,1,1,0,0,0,0,0,0,0,1,0,0,0,0,1,0,1,1,0,1,0,0,0,0,1,0,1,0,0,0,0,0,1,0,0,0,0,0,0,1,0,0,0,0
3174
362,177,301,22,22,22,22,236,293,291,45,2,2,2,2,2,2,2,2,2,2,2,2,2,2,2,288
1,1,1,0,1,0,1,1,1,0,1,1,1,0,0,0,1,1,0,0,1,1,0,0,0,0,1
3175
356,2
0,0
3176
22,2,2,2,2,45
0,0,0,0,0,1
3177
78,296,296,290,356,236,297,301,355,357,208,328,22,22,22,22,22,22,22,22,280,313,65,65,65,279,288,2,2,2,2,2,2,2,2,2,2,2,2,2,2,2,2,2,2,2,2,2,2,2,2,2,2,2,2,2,2,2,2,2,2,2,2,2,2,2,2,2,2,2,2,2,2,2,2,2,2,2,2,2,2,2,2,2
1,0,1,0,0,0,0,1,1,1,1,1,1,1,0,1,1,1,1,1,1,1,0,0,1,1,0,0,1,0,1,0,1,1,0,1,0,1,1,1,1,1,0,0,1,1,1,0,1,1,0,1,0,1,1,0,1,1,1,1,1,1,1,1,1,1,1,1,1,1,0,0,1,0,0,1,1,1,1,1,1,0,0,0
3178
323,367,356,351,337,336,296,287,144,345,5,5,55,252,254,22,22,22,22,22,22,22,22,22,22,22,22,22,22,22,22,22,22,22,22,282,339,320,237,174,182,332,341,78,312,151,365,354,86,146,350,301,333,300,289,326,76,280,328,307,288,2,2,2,2,2,2,2,2,2,2,2,2,2,2,2,2,2,2,2,2,2,2,2,2,2,2,2,2,2,2,2,2,2,2,2,2,2,2,2,2,2,2,2,2,2,2,2,2,2,2,2,2,2,2,2,2,2,2,2,2,2,2,2,2,2,2,2,368
0,1,1,0,1,0,0,0,1,0,0,0,1,1,0,1,1,1,0,0,0,0,1,0,1,1,1,0,1,1,0,0,1,0,1,0,0,0,0,1,0,1,0,0,0,0,0,0,0,0,1,0,1,0,0,1,1,0,0,0,0,0,1,1,0,0,0,0,0,0,1,0,0,0,0,0,1,1,1,0,0,0,0,0,0,0,0,0,1,0,0,0,0,1,1,0,0,0,1,0,1,1,0,0,0,0,0,0,1,1,0,1,0,1,1,0,1,0,0,1,0,0,0,1,0,0,1,0,0
3179
45,359,301,2,2,2,2,2,2,2,2,2,2,2,236,317,171,307,313,333,22,22,22,22,22,22,22
1,0,1,1,1,1,0,1,0,0,1,0,1,0,1,0,0,1,1,0,0,0,0,0,0,1,1
3180
290,296,235,246,337,236,46,318,41,302,292,91,293,146,341,342,317,343,334,328,110,263,350,333,319,359,309,291,171,45,2,2,2,2,2,2,2,2,2,2,2,2,2,2,2,2,2,2,2,2,2,2,2,2,2,2,2,2,2,2,2,2,2,2,2,2,2,2,2,2,2,2,2,22,22,22,22,22,22,22,22,22,22,22,22,22
0,0,0,1,0,1,1,1,0,1,0,0,1,0,0,1,0,0,0,0,0,1,0,0,0,0,1,0,1,0,1,0,0,0,0,0,1,1,0,1,1,0,0,0,0,0,0,1,0,1,1,1,1,0,0,1,1,0,0,1,1,1,1,1,0,0,0,0,1,1,1,1,1,1,1,1,0,0,1,0,0,0,1,1,1,0
3181
22,2,2
1,1,0
3182
323,311,351,347,336,276,367,55,302,324,22,22,22,22,22,22,22,22,22,22,22,22,22,22,282,348,146,337,280,365,236,27,329,111,285,353,314,252,2,2,2,2,2,2,2,2,2,2,2,2,2,2,2,2,2,2,2,2,2,2,2,2,2,2,2,2,2,2,2,2,2,2,2,2,2,2,2,2,2,2,2,2,2,2,2,2,2,2,2,2,2,2,2,2,2,296,235,41,253,304,5,284,283,363,295,91,106,352,341,289,320,199,110,288,338,68,301,124,303,334,331,340,368
1,1,1,1,1,1,1,1,1,1,1,1,1,0,1,1,1,1,1,0,1,0,1,1,1,1,1,1,1,1,1,1,1,1,0,1,1,1,0,0,0,1,0,1,1,1,1,1,1,1,0,1,1,1,0,1,1,1,0,1,1,1,1,1,1,1,1,1,1,1,0,0,1,1,1,1,1,1,0,0,1,1,1,1,1,1,1,0,0,0,0,1,1,0,0,1,1,1,1,0,1,1,1,0,0,1,1,1,1,1,0,1,0,1,1,1,1,0,1,1,1,0,1
3183
22,22,124
1,0,0
3184
45,292,91,22,22,22,22,22,22,22,22,22,22,22,22,22,22,22,22,22,22,22,22,22,236,345,293,288,349,2,2,2,2,2,2,2,2,2,2,2,2,2,2,2,2,2,2,2,2,2,2,2,2,2,2,2,2,2,2,2,2,2,2,2,2,2,2,2,2,2,2,2,2,313
0,1,0,0,1,1,1,1,1,0,1,0,1,1,1,0,1,0,0,0,0,1,1,0,1,1,1,1,0,1,1,0,1,0,1,0,0,0,1,1,1,1,1,1,0,1,1,1,1,0,1,0,0,1,0,0,1,0,0,0,0,0,1,0,1,1,0,1,1,0,0,0,1,1
3185
319,111,22,22,323,325,318,324,5,294,2,2,2,2,2,2,2,2,2,2,2,357,357
1,0,1,1,1,0,1,1,0,0,0,0,1,1,1,0,1,1,0,1,1,0,1
3186
2,2,2,2,2,2,2,2,2,2,2,171,236,342,359,22,22,22,22,22,22,22,22,22,291,293,352,317,45,301
1,1,0,0,0,0,1,0,0,0,0,0,1,0,0,0,0,1,0,1,1,0,0,1,0,1,0,0,0,0
3187
289,323,279,236,317,304,5,333,27,359,22,22,22,22,22,22,22,22,22,22,22,22,22,291,346,171,146,332,2,2,2,2,2,2,2,2,2,2,2,2,2,2,2,2,2,2,307
0,0,0,1,0,0,1,1,0,1,0,0,0,0,0,0,1,1,1,0,1,0,1,0,1,1,0,0,0,0,0,1,0,0,0,0,0,1,1,0,0,0,0,1,1,0,0
3188
171,374,22,22,22,22,22,22,22,317,56,350,313,2,2,2,2,2,2,2,2,2,2,2,2,2,2,2,2,2,2,2,2
0,1,1,0,1,1,0,1,0,0,1,1,0,0,1,1,1,1,1,1,1,0,0,0,1,0,0,0,0,0,0,0,0
3189
291,236,2,2,2,2,45
1,1,0,0,0,0,1
3190
323,311,356,351,76,236,46,253,304,41,284,355,5,5,283,358,22,22,22,22,22,22,22,22,22,22,22,22,22,22,22,22,22,22,22,346,339,293,174,317,332,155,341,312,177,354,280,364,349,288,111,353,310,327,314,208,291,171,348,45,2,2,2,2,2,2,2,2,2,2,2,2,2,2,2,2,2,2,2,2,2,2,2,2,2,2,2,2,2,2,2,2,2,2,2,2,2,2,2,2,2,2,91
0,1,1,1,0,1,1,1,0,0,1,0,1,1,1,1,1,0,1,1,1,1,0,0,0,1,1,0,1,1,0,0,0,1,0,1,1,0,1,1,1,1,1,1,0,1,1,1,0,0,1,0,1,1,1,0,1,1,0,0,1,0,1,1,0,0,1,0,1,1,1,1,0,1,0,0,1,1,0,0,0,1,1,0,0,1,0,1,0,0,1,1,0,0,0,1,0,1,0,0,1,0,1
3191
290,323,352,22,2,2,2,2,340,300
0,0,1,1,1,0,0,1,0,1
8744
367,236,276,252,324,330,292,22,22,22,22,22,22,22,22,22,22,22,22,22,22,22,22,22,22,22,22,22,22,22,22,22,22,22,368,368,363,293,56,317,315,106,199,329,110,335,316,45,328,309,48,48,171,307,288,288,2,2,2,2,2,2,2,2,2,2,2,2,2,2,2,2,2,2,2,2,2,2,2,2,2,2,2,2,2,2,2,2,2,2,2,2,2,2,2,2,2,2,2,2,2,2,2,2,2,2,2,2,2,2,2,2,2,2,2,2,2,2,2,2,2,2,2,2,2,2,2,2,2,2,2,2,2,2,2,2,2,2,2,2,2,2,2,2,2,2,2,2,2,2,2,2,2,2,2,2,2,2,2,91
1,0,1,1,1,0,0,1,0,1,0,0,0,1,1,0,0,0,0,1,1,1,0,0,1,0,1,0,1,0,0,0,0,1,0,0,0,1,1,0,0,1,1,1,0,1,1,1,0,0,0,0,0,0,0,0,0,0,1,1,0,0,0,0,0,1,1,0,1,1,1,0,1,0,0,0,0,0,0,0,1,0,0,0,0,0,1,1,0,0,1,1,1,1,0,1,0,1,1,1,0,0,0,0,0,0,0,0,0,0,1,0,0,0,0,0,0,1,0,0,1,1,0,0,1,0,0,1,1,0,0,0,1,0,1,1,1,1,1,0,1,0,0,0,0,0,1,1,0,0,0,0,0,0,1,0,1,0,0,0
3193
76,359,22,22,22,22,22,22,22,22,22,236,171,317,2,2,2,2,2,2,2,2,2,2,2,2,2,368
0,0,0,1,1,1,0,0,1,0,0,0,0,0,1,0,0,0,1,0,0,1,0,0,0,0,0,0
3194
358,292,332,22,22,22,22,22,22,22,22,22,236,293,291,45,2,2,2,2,2,2,2,2,2,2,2,2,288
0,0,1,0,0,1,1,1,0,0,1,0,0,0,0,0,0,0,0,0,0,1,0,0,0,0,0,0,0
3195
318,22,2,2
1,1,0,0
3196
301,22,22,2
0,1,1,0
3197
299,353,22,22,22,22,22,22,298,329,146,2,2,2,2,2,2,2,2,2,2,2,2,2,2,2,2,2,2,2,2,2,2,2,2,2,2,2,2,2,2,2,2,2,2,2,2,2,2,2,2,2,2,2,2,2,2,2,2,2,2,2,2,2,2,2,2,2,2,2,2,2
1,1,1,1,1,0,0,1,1,0,0,1,0,0,0,1,0,0,1,0,1,1,1,1,0,1,1,1,1,0,1,0,1,1,1,1,0,1,0,1,1,1,1,0,1,0,1,1,1,1,1,1,1,1,1,0,1,1,1,0,1,1,1,1,1,1,1,1,1,1,1,1
3198
328,2,2,2,2,2,2,340,22
0,1,0,0,0,1,0,0,1
3199
2
0
3200
78,328,182,22,22,2,2,2,2,2,2,2,2
1,0,1,1,0,0,0,1,1,1,0,0,0
3201
296,22,22,22,22,22,22,343,324,175,284,2,2,2,2,2,2,2,2,2,2,2,2,2,2,2,2,2,2,2,252
0,0,1,0,0,1,0,0,0,1,0,0,0,1,1,0,1,0,0,0,1,0,0,1,1,0,0,0,0,0,0
3202
78,367,311,297,73,252,285,363,326,22,22,22,22,22,22,22,22,22,22,22,22,22,22,22,22,22,22,124,322,282,2,2,2,2,2,2,2,2,2,2,2,2,2,2,2,2,2,2,2,2,2,2,2,2,2,2,2,2,2,2,2,2,2,2,2,2,2,2,2,2,2,2,2,2,2,2,2,2,2,2,2,2,2,2,2,2,2,2,2,2,349,301
0,0,1,0,1,1,1,0,1,0,1,0,1,1,1,1,1,1,1,1,1,0,1,0,1,1,1,0,1,1,1,0,1,0,0,0,1,1,0,0,0,1,1,0,1,0,0,0,1,1,1,1,1,1,1,1,1,0,1,1,1,0,1,0,1,0,1,1,0,1,0,1,1,1,1,0,1,0,1,1,0,1,1,0,0,1,0,1,1,1,0,1
3203
359,22,22,22,22,22,22,236,246,344,171,317,313,2,2,2,2,2,2,2,2,2,2,2,2,45
0,0,0,0,0,0,1,1,0,1,0,1,1,0,0,1,1,1,0,0,0,1,1,0,1,1
3204
236,2,2,2,2,313
1,0,0,0,0,0
3205
367,356,301,301,236,286,46,151,174,22,22,22,22,22,22,22,22,22,22,22,22,22,22,22,293,317,313,341,289,315,106,370,146,144,316,5,349,2,2,2,2,2,2,2,2,2,2,2,2,2,2,2,2,2,2,2,2,2,2,2,2,2,2,2,2,2,2,2,2,2,2,2,124,360,171,327,321
1,0,1,0,1,1,0,0,1,0,0,0,0,0,1,1,1,1,1,0,1,0,1,1,1,0,0,1,1,1,1,1,0,0,1,0,0,1,1,0,0,0,0,1,0,0,0,0,0,1,1,1,0,0,1,0,1,1,0,0,0,0,0,1,0,0,0,1,0,1,0,1,0,1,1,1,0
3206
296,235,199,339,144,2,2,2,2,2,2
0,0,0,0,1,1,1,1,1,0,0
3207
73,246,351,347,236,287,318,288,297,22,22,22,22,22,22,22,22,22,22,22,22,22,22,22,22,22,22,22,22,22,22,22,22,22,22,22,22,22,22,22,22,22,22,22,22,22,22,305,305,282,237,348,146,332,337,312,177,336,182,335,316,319,353,76,294,171,252,45,2,2,2,2,2,2,2,2,2,2,2,2,2,2,2,2,2,2,2,2,2,2,2,2,2,2,2,2,2,2,2,2,2,2,2,2,2,2,2,2,2,2,2,2,2,2,2,2,2,2,2,2,2,2,2,2,2,2,2,2,2,2,2,2,2,2,2,2,2,2,2,2,2,2,2,2,2,2,2,2,2,2,2,2,2,2,2,2,2,2,2,2,2,2,289,247,356,41,253,304,284,327,5,5,5,283,292,295,91,339,293,111,317,349,78,254,354,343,110,263,350,333,357,340,124,291,48,331,301,321
1,0,0,0,1,1,1,1,1,0,1,0,1,1,1,1,1,0,1,1,1,1,0,0,0,0,1,0,1,1,0,0,0,1,0,1,1,1,0,1,0,1,0,1,0,1,1,1,1,0,0,1,1,0,1,1,1,1,1,1,0,1,1,1,0,1,1,1,0,0,0,1,1,1,0,1,0,1,1,0,0,0,0,1,0,0,0,0,0,0,0,1,0,0,0,0,1,1,0,1,0,0,1,0,1,0,0,0,1,1,1,1,0,0,1,0,1,0,0,0,0,0,1,1,1,0,1,1,1,1,1,0,1,1,0,1,0,0,1,1,1,1,1,1,1,1,0,1,1,1,1,1,1,0,1,1,1,1,0,0,1,1,0,0,0,1,0,0,1,1,0,0,1,1,1,0,0,0,1,1,0,0,1,0,1,0,0,1,1,0,1,0,0,1,1,1,1,0
3208
364,2
0,1
3209
362,359,22,22,22,22,22,22,22,22,22,236,360,291,2,2,2,2,2,2,2,2,2,2,2,2,2,2,2,2,2,2,2,2,2,2,2,2,2,2,2,2,2,2
1,0,0,0,1,1,1,1,1,1,1,1,1,1,0,0,1,1,1,0,1,0,1,1,1,0,0,1,1,0,0,0,1,1,1,0,1,0,1,0,1,1,1,0
3210
22,2
0,0
3211
287,46,5,358,292,22,22,22,22,22,22,22,22,22,322,293,56,56,182,361,312,315,315,329,317,317,316,348,68,309,301,291,171,171,2,2,2,2,2,2,2,2,2,2,2,2,2,2,2,2,2,2,2,2,2,2,2,2,2,2,2,91
1,1,0,1,1,1,1,0,0,1,0,0,1,0,1,0,0,0,1,1,1,0,1,1,0,0,0,1,0,1,0,0,0,0,0,0,1,0,0,0,0,1,0,0,0,0,0,1,0,0,0,0,1,0,0,1,0,1,0,1,1,0
3212
2,2,2,2,321
0,0,1,1,1
3213
299,367,356,336,287,276,304,46,247,355,22,22,22,22,22,22,22,22,22,22,22,22,22,22,298,339,332,332,308,78,312,177,320,263,357,306,27,309,327,2,2,2,2,2,2,2,2,2,2,2,2,2,2,2,2,2,2,2,2,2,2,2,2,2,2,2,2,2,2,2,2,2,2,2,2,2,2,2,2,2,2,2,2,2,2,2,2,2,2,2,2,2,2,2,2,2,2,2,2,2,2,2,2,2,2,2,2,2,2,2,2,2,2,2,2,2,2,2,2,2,2,2,2,2,2,2,2,2,2,2,2,2,2,2,2,2,2,2,2,2,2,2,2,2,2,2
1,1,0,0,1,1,0,0,1,1,1,1,1,1,0,1,0,1,1,1,0,0,1,1,1,0,1,0,1,1,1,1,0,0,1,1,0,0,0,0,0,0,1,1,0,1,1,1,1,1,1,1,1,1,0,1,1,0,1,0,0,1,0,1,0,0,1,1,1,1,1,1,1,1,1,0,0,1,1,1,1,1,1,0,1,1,1,1,0,1,0,1,1,0,1,1,1,1,1,0,0,1,1,1,1,1,1,1,1,1,1,1,1,1,1,1,1,0,1,0,0,1,1,0,0,0,1,1,1,1,1,1,1,1,1,1,1,1,0,1,1,1,1,1,0,1
6774
246,236,324,330,22,22,22,22,22,22,22,22,22,22,22,22,22,22,22,22,22,322,151,237,146,155,177,365,336,316,285,171,45,327,360,304,284,5,363,292,91,293,56,317,78,315,106,325,354,263,27,2,2,2,2,2,2,2,2,2,2,2,2,2,2,2,2,2,2,2,2,2,2,2,2,2,2,2,2,2,2,2,2,2,2,2,2,2,2,2,2,2,2,2,2,2,2,2,2,2,2,2,2,2,2,2,2,2,124,345,291,48,334,288,340,368
0,1,0,0,1,1,0,1,1,1,0,1,1,0,1,0,1,1,0,0,1,0,1,0,1,1,1,1,0,0,1,1,1,0,1,0,0,0,0,0,1,1,0,0,1,1,1,1,1,0,0,0,1,0,1,1,0,1,1,0,1,0,0,1,0,1,0,1,1,0,0,0,0,1,1,0,1,0,1,0,1,1,1,0,0,1,0,0,1,1,0,1,1,1,0,0,0,0,1,0,0,1,0,0,1,1,1,1,0,0,1,0,0,1,0,1
3215
2,2,2,22,22,22,236,45
1,0,1,1,1,0,1,0
3216
22,22,22,22,2,2,2,2,2,2
1,1,1,1,1,0,1,0,1,1
3217
22,2,2,2,2,2,2,2,2,2,2
0,0,0,1,1,0,1,1,0,0,0
3218
78,296,290,236,236,297,367,73,332,306,22,22,22,22,22,22,279,307,288,2,2,2,2,2,2,2,2,2,2,2,2,2,2,2,2,2,2,2,2,2,2,2,2,2,2,2,2,2,2,2,2,2,2,2,2,2,2,2,2,2,2,2,2,2,2,2,2,2,2,2,2,2,2,2,2,2,2,2,2,2,2,2
1,0,0,1,1,1,0,1,1,1,1,1,1,1,1,1,1,1,0,1,1,0,1,0,0,1,0,1,0,0,0,0,1,0,1,1,1,1,0,0,0,1,1,1,1,0,1,0,1,1,0,0,0,0,1,0,0,1,1,0,1,0,0,1,0,0,0,1,0,0,0,0,0,1,1,1,1,0,1,0,1,0
3219
247,351,236,318,46,284,254,292,22,22,22,22,22,22,22,22,22,22,22,22,22,22,22,22,22,22,293,237,352,317,317,289,151,357,357,359,124,280,171,288,2,2,2,2,2,2,2,2,2,2,2,2,2,2,2,2,2,2,2,2,2,2,2,2,2,2,2,2,91
1,1,0,1,1,0,0,1,0,0,1,1,1,0,1,1,1,1,0,0,1,0,0,0,1,0,0,0,0,0,0,1,0,0,0,0,0,1,1,0,1,0,0,1,0,1,1,0,1,0,1,0,0,0,1,0,1,1,0,0,1,1,1,0,1,0,0,0,0
3220
367,236,247,304,276,73,316,330,292,22,22,22,22,22,22,22,22,22,22,22,22,293,346,56,317,349,315,342,320,329,335,67,45,364,353,291,171,288,2,2,2,2,2,2,2,2,2,2,2,2,2,2,2,2,2,2,2,2,2,2,2,2,2,2,2,2,2,2,2,2,2,2,2,91
1,1,0,1,1,0,1,1,0,1,0,0,1,0,1,0,0,0,1,0,0,0,0,0,1,1,0,1,0,0,0,1,1,1,0,0,1,1,0,0,1,1,0,0,1,1,1,0,1,1,0,0,0,0,0,0,1,1,0,0,0,0,1,1,0,0,1,0,0,0,1,1,1,0
3221
289,312,73,22,22,22,22,22,247,300,297,358,2,2,2,2,2,2,2,2,2,2,2,337
1,0,0,0,0,0,0,1,0,0,0,1,0,0,0,0,0,0,1,1,0,1,0,0
3222
22,22,22,22,22,2,2,2,2,2,2,2,2,2,2,2,2,2,2,2,2,2,2,2
0,0,1,1,1,1,0,0,0,0,0,0,0,0,0,1,0,0,0,0,1,0,0,0
3223
235,171,236,91,276,292,22,22,22,56,317,313,2,2,2,2,2,2,2,2,2,2,2,2,2,2,2,2,321
0,1,1,1,1,1,1,0,0,0,1,1,0,0,0,0,0,1,1,1,0,0,0,1,0,0,1,0,1
3224
22,22,22,22,22,22,22,22,2,2,2,2,2,2,2,2,2,2,2,2,2,2,2,2,2,2,2,2,2,2,2,2,2,2,2,2,2,2,2,2,2,2
1,1,1,1,1,1,1,0,1,1,0,0,0,0,1,1,1,1,0,1,1,1,1,1,1,1,1,0,1,1,0,0,0,1,0,0,0,1,0,1,0,0
3225
289,315,356,22,22,22,56,2,2,2,2,2,2,2
1,1,1,1,1,0,1,1,0,0,0,0,0,1
5820
284,2,2,2,2,2,2,2,2,2,2,2,2,2,2,2,2,2,2,2,2,2,2,22,22,22,22,22,22,22,22,22,22,22,22
0,0,1,0,1,0,0,1,1,0,0,1,1,1,0,0,1,0,1,0,1,0,0,1,0,1,1,0,1,0,0,1,1,1,0
5822
2,2,355,5
0,0,0,0
3228
78,303,308,279,354,199,336,263,55,174,283,330,295,22,22,22,22,346,2,2,2,2,2,2,2,2,2,2,2,2,2,2,2,2,2,2,2,2,2,2,2,2,2,2,2,2,2,305,327,321
1,0,1,1,1,1,0,0,1,1,1,0,1,0,1,1,0,1,1,1,0,0,1,0,1,1,1,0,1,0,0,1,1,1,0,0,0,1,1,0,1,0,0,0,0,0,0,1,0,1
3229
247,356,236,41,311,46,284,358,330,22,22,22,22,22,22,22,22,22,22,151,363,293,56,317,308,312,315,352,336,331,316,333,348,367,2,2,2,2,2,2,2,2,2,2,2,2,2,2,2,2,2,2,2,2,2,2,2,2,2,2,2,2,208,291,171,45,301,76
1,0,1,0,0,1,1,0,1,0,1,0,0,1,1,0,0,1,1,1,0,0,1,0,0,0,0,1,1,0,0,0,1,0,1,0,0,0,0,0,0,0,0,1,0,0,0,1,1,0,0,0,0,0,0,1,0,0,0,1,1,0,0,1,1,1,1,1
3230
247,236,369,286,252,324,91,91,293,2,2,2,2,2,2,2,2,2,2,2,2,2,2,2,2,2,2,2,2,2,2,2,2,2,2,2,2,2,2,2,2,303,354,329,350,45,325,359,340,76,124,291,65,171,288,301,22,22,22,22,22,22,22,22,22,22,22,22,22,22
0,1,1,0,1,0,0,0,0,1,0,0,0,0,0,0,0,1,0,1,1,0,0,0,0,1,0,0,1,0,0,0,1,0,0,1,0,0,1,0,0,0,1,0,0,1,0,0,0,0,0,1,0,1,0,0,1,1,0,0,0,1,1,1,0,0,0,0,0,1
3231
323,337,236,318,360,276,5,355,324,22,22,22,22,22,22,22,22,22,352,352,182,349,78,320,110,68,327,314,253,2,2,2,2,2,2,2,2,2,2,2,2,2,2,2,2,2,2,2,2,2,2,2,2,2,2,2,2,2,2,2,2,2,2,2,2,2,2,2,2,2,2,2,2,2,2,2,2,2,2,2,2,2,2,2,2,2,2,2,2,2,2,2,2,2,2,2,2,2,2,2,2,2,2,2,2,2,2,2,2,2,2,2,2,2,2,2,2,2,321
0,0,1,1,1,1,0,1,1,1,1,1,1,1,1,0,0,1,1,1,1,1,1,0,0,1,1,0,1,1,0,1,1,1,0,1,0,0,0,1,1,1,1,1,1,0,1,1,1,1,1,0,1,1,1,1,1,1,1,1,1,1,1,1,1,0,1,1,1,1,1,1,1,1,0,0,0,0,0,0,0,1,1,1,1,1,1,1,0,0,0,0,1,0,0,1,0,1,1,1,1,1,1,1,1,1,1,1,1,1,1,1,1,0,1,0,1,0,0
3232
290,351,236,287,286,5,355,282,346,292,332,22,22,22,22,22,22,22,22,22,22,22,22,322,339,293,300,317,313,254,315,330,144,316,288,288,285,328,76,345,177,65,171,307,331,2,2,2,2,2,2,2,2,2,2,2,2,2,2,2,2,2,2,2,2,2,2,2,2,2,2,2,2,2,2,2,2,2,2,2,2,2,91
0,1,1,1,0,1,1,0,1,1,1,0,0,1,1,1,0,1,1,1,0,0,0,1,0,0,1,0,1,0,1,0,0,1,0,0,1,0,0,0,0,1,1,0,0,1,0,1,1,0,1,0,0,1,1,0,0,0,1,0,0,1,1,1,1,1,1,0,1,1,1,0,0,1,0,0,0,0,0,0,0,1,0
3233
22
0
3234
338,22,22,22,22,22,22,22,22,22,22,22,22,22,22,22,22,22,22,22,22,22,22,22,236,329,291,174,276,2,2,2,2,2,2,2,2,2,2,2,2,2,2,2,2,2,2,2,2,2,2,2,2,2,2,2,2,2,2,2,2,2,2,2,2,2,2,2,2,2,2,2,2,91
0,0,1,1,0,0,1,0,0,1,0,1,0,0,0,0,1,0,1,1,1,0,0,0,1,0,0,0,1,0,1,0,0,1,0,1,0,0,0,0,0,0,1,0,0,1,0,1,0,0,1,1,1,1,1,0,1,0,1,1,0,0,0,1,0,0,0,1,0,0,0,1,0,0
3235
22,319,279,2,2,2,2,2,2,253,334,350,326,343
1,0,0,0,0,0,0,0,1,1,0,1,0,0
3236
2,2,2,2
0,1,1,0
3237
254,326,22,22,22,22,22,22,304,2,2,357
0,0,1,0,1,0,0,0,0,0,0,0
3238
2
0
3239
303,247,246,236,357,357,297,177,5,5,358,295,22,22,2,2,2,2,2,2,2,2,2,2,2,2,2,2,2,2,2,2,326,308
0,1,1,1,1,0,1,1,1,1,1,1,1,1,0,1,1,1,0,0,1,1,1,1,1,1,1,1,1,1,1,0,0,1
3240
22,22,22,22,22,2,2,2,2,2,2,2,2,2,2,2,2
0,1,1,1,0,0,0,1,1,0,1,0,0,1,0,0,1
3241
311,351,347,236,281,318,297,302,324,342,322,237,146,332,155,293,329,335,144,319,285,353,309,76,308,307,305,2,2,2,2,2,2,2,2,2,2,2,2,2,2,2,2,2,2,2,2,2,2,2,2,2,2,2,2,2,2,2,2,2,2,2,2,2,2,2,2,2,2,2,2,2,2,2,2,2,2,2,2,2,2,2,2,2,2,2,2,2,2,2,2,2,2,2,2,2,2,2,2,2,2,2,2,2,2,2,2,2,2,2,2,2,2,2,2,2,2,2,2,2,2,2,2,2,2,2,2,2,2,2,2,2,2,2,2,2,2,2,2,2,2,2,2,2,2,2,2,2,2,2,2,2,2,2,2,2,2,2,2,2,2,2,2,2,2,2,2,2,2,2,2,2,2,2,2,2,2,2,2,2,2,2,2,2,2,2,2,2,2,2,2,2,2,2,2,2,2,2,2,2,2,2,2,2,2,289,41,253,284,287,174,254,358,292,91,339,320,352,349,341,303,354,343,110,350,348,68,328,124,124,360,208,65,331,340,368,290,323,367,246,337,336,296,276,247,330,22,22,22,22,22,22,22,22,22,22,22,22,22,22,22,22,22,22,22,22,22,22,22,22,22,22,22,22,22,22,22,22,22,22,22,22,22,22,22,22,22,22,22,22,22,22,22,22,22,22,22,22,22,22,22,22,22,22,22,22,22,22,282,357,312,280,364,175,321,300,111,294,45,327,177,235,344,304,252,355,5,5,5,283,363,295,346,55,182,48,78,151,334,106,199,325,333,27,301,345,291,279,288,288
1,0,1,1,0,1,1,0,1,1,1,0,1,1,1,0,1,0,1,0,0,1,1,1,1,1,1,0,0,0,1,0,1,1,1,0,1,0,1,0,1,1,1,0,1,1,1,1,0,1,1,0,0,0,0,0,0,1,1,1,1,1,0,1,0,0,1,0,1,0,1,0,1,1,1,1,1,0,1,1,1,1,1,0,0,1,1,0,1,0,0,1,1,1,0,0,1,0,1,1,1,1,1,1,1,1,0,0,1,1,0,0,1,1,1,1,1,1,0,0,1,1,1,1,0,1,0,1,1,1,1,1,1,1,1,0,1,0,0,1,1,1,1,1,1,1,1,1,0,1,1,1,0,1,0,1,1,1,1,0,1,0,1,1,0,1,1,1,0,1,1,1,1,0,0,1,1,0,1,1,1,1,1,0,1,0,1,1,0,0,1,1,1,0,1,1,1,1,1,1,0,1,1,1,0,1,0,1,0,1,1,0,1,0,0,1,1,1,0,0,0,1,0,0,1,0,1,0,0,1,1,0,0,0,0,1,1,1,0,1,1,1,0,1,1,1,0,1,0,1,0,1,0,1,1,1,1,0,1,1,0,0,0,0,1,1,0,1,0,1,1,0,0,1,1,1,0,1,1,1,1,1,0,0,0,1,1,1,1,0,1,1,1,1,1,1,1,1,1,1,1,1,1,0,1,1,1,0,1,1,0,1,1,0,1,1,1,1,1,0,1,0,1,0,1,1,1,1,1,1,1,1,1,1,1,0,0,1,1,1,1,1,1,1,0,1,1,1,1,1
3242
290,289,91,281,2,2,2,2,2,2,22,22,22,22
0,0,0,0,0,1,0,0,0,0,0,1,0,0
3243
296,235,246,347,323,253,5,355,174,283,295,22,22,22,22,22,22,22,22,22,22,22,22,22,22,22,22,22,22,22,282,339,151,237,289,312,177,199,86,68,360,65,307,288,2,2,2,2,2,2,2,2,2,2,2,2,2,2,2,2,2,2,2,2,2,2,2,2,2,2,2,2,2,2,2,2,2,2,2,2,2,2,2,2,2,2,2,2,2,2,2,2,2,2,2,2,2,2,2,2,2,2,2,2,2,368
0,0,1,1,0,0,0,0,0,1,0,0,1,0,0,1,0,1,0,0,0,0,1,0,0,0,0,1,0,0,1,0,1,0,0,0,1,0,0,0,0,0,0,0,1,1,0,0,0,1,0,0,1,1,0,0,0,0,1,0,0,1,0,1,0,0,0,0,0,0,0,0,0,0,1,0,0,0,1,1,0,0,0,0,1,1,0,0,1,1,0,1,1,0,0,1,0,0,0,0,0,1,1,1,0,0
3244
323,359,351,22,22,22,22,22,22,22,22,22,22,22,22,22,22,22,22,22,22,22,22,22,22,22,22,22,22,22,236,314,171,317,332,2,2,2,2,2,2,2,2,2,2,2,2,2,2,2,2,2,2,2,2,2,2,2,2,2,2,2,2,2,2,2,2,2,2,2,2,2,2,2,2,2,2,313
1,0,1,1,1,1,1,0,0,1,0,1,0,1,1,0,0,1,0,1,1,1,1,1,1,1,1,0,0,1,1,1,1,1,1,1,1,1,1,1,1,1,0,1,1,1,0,1,1,0,0,0,1,0,0,0,1,1,0,0,1,0,1,1,1,1,1,1,1,0,1,1,0,0,0,1,0,1
4335
367,336,281,344,318,276,252,355,174,302,358,91,305,293,317,325,78,177,171,199,364,321,363,331,329,328,327,334,307,288,2,2,2,2,2,2,2,2,2,2,2,2,2,2,2,2,2,2,2,2,2,2,2,2,2,2,2,2,2,2,2,2,2,2,2,2,2,2,2,2,2,2,2,2,2,2,2,2,2,2,2,2,2,2,2,2,2,2,2,2,2,2,2,2,2,2,2,2,22,22,22,22,22,22,22,22,22,22,22,22,22,22,22,22,22,22,22,22,22
0,0,0,0,1,1,0,0,0,0,0,0,1,0,0,0,1,0,1,1,0,1,0,0,0,0,0,0,1,0,0,0,0,0,0,0,0,1,0,0,0,0,0,1,0,0,1,0,1,1,0,1,0,0,0,0,0,0,0,0,1,1,0,0,0,0,0,1,0,0,0,0,0,0,0,0,0,0,0,0,1,0,0,0,0,0,1,1,1,0,1,0,1,0,0,0,0,1,1,0,0,1,1,0,1,1,0,0,1,0,0,0,0,0,0,0,1,0,1
3246
290,289,367,304,351,347,336,323,286,5,283,364,295,22,22,22,22,22,22,22,22,22,22,22,22,22,305,56,146,349,348,78,111,315,334,320,199,285,329,317,316,73,300,332,332,27,309,155,110,303,48,171,307,331,2,2,2,2,2,2,2,2,2,2,2,2,2,2,2,2,2,2,2,2,2,2,2,2,2,2,2,2,2,2,2,368
0,1,1,0,1,0,1,1,0,1,1,1,1,1,1,1,1,1,1,0,1,0,0,1,1,1,1,1,1,1,1,1,0,1,1,0,1,0,1,1,1,1,0,1,0,1,1,1,0,1,0,1,0,0,1,1,1,1,1,1,1,1,1,1,1,1,1,1,1,1,1,0,1,1,1,1,0,1,1,1,1,0,1,1,1,1
3247
315,171,317,316,2,2,2,2
0,0,0,0,0,0,0,0
3248
237,327,2,2,2,2,2,2,341
0,0,0,0,1,1,1,0,1
3249
78,22,22,2,2,2,2,2,2,2
0,1,1,0,1,0,0,0,0,0
3250
337,236,236,287,276,315,355,174,283,358,295,22,22,22,22,22,22,22,22,22,22,22,22,22,22,22,56,146,151,329,317,263,350,316,5,338,325,353,328,2,2,2,2,2,2,2,2,2,2,2,2,2,2,2,2,2,2,2,2,2,2,2,2,2,2,2,2,2,2,2,2,2,2,2,345,291,171,45,301,368
1,1,1,0,1,0,1,0,1,1,0,0,0,1,1,1,1,1,0,1,1,1,1,1,1,1,1,1,0,1,1,0,0,1,1,0,1,0,0,0,0,0,1,1,1,0,1,1,1,1,0,0,0,1,1,0,0,0,1,1,1,1,1,1,1,1,1,1,0,1,1,1,0,1,0,0,0,1,1,1
3251
22,22,22,2,2,2,2,2,2,2,2,2,2,2,2,2,2,2,2,2,2,2,2,2,2
1,0,0,1,1,1,1,0,1,0,1,1,1,1,1,1,0,1,1,0,0,0,1,1,0
3252
338,22,22,22,326,146,331,2,2
0,0,0,0,1,0,0,1,0
3253
296,356,236,253,280,174,295,22,22,22,22,22,22,22,22,22,22,22,22,22,22,22,22,22,22,22,22,22,22,22,22,22,22,22,22,22,22,293,56,317,341,312,315,146,350,316,45,319,301,345,291,48,171,288,2,2,2,2,2,2,2,2,2,2,2,2,2,2,2,2,2,2,2,2,2,2,2,2,2,2,2,2,2,2,2,2,2,2,2,2,2,2,2,2,2,2,2,2,2,2,2,2,2,2,2,2,2,2,2,2,2,2,2,2,2,2,2,2,2,2,2,2,2,2,2
0,1,1,0,0,0,0,0,0,1,0,1,1,0,0,0,0,0,1,1,1,0,1,1,0,0,0,1,1,0,1,0,0,1,1,1,0,1,1,0,0,0,1,0,0,1,1,1,1,1,0,0,0,1,1,0,1,1,1,0,1,0,0,0,1,1,0,1,0,0,1,0,0,0,1,0,0,0,0,1,1,0,0,0,0,1,1,0,0,1,0,0,0,0,1,1,0,0,1,1,1,1,1,1,0,0,1,0,0,1,0,0,0,1,1,1,0,1,1,0,1,0,0,1,1
3254
323,246,320,76,336,350,343,297,252,357,236,22,22,22,22,144,48,55,331,2,2,2,2,2,2,2,2,2,2,2,2,2,2,2,2,2,2,2,2,2,2,2,2,2,368
0,1,1,1,1,1,0,0,1,0,0,0,1,1,0,0,0,1,0,0,1,0,1,0,1,1,1,0,0,0,1,1,0,1,1,1,0,1,0,0,0,1,0,0,1
3255
315,171,336,236,334,335,41,316,5,311,288,22,22,22,22,22,22,22,22,22,282,318,56,317,331,2,2,2,2,2,2,2,2,2,2,2,2,2,2,2,2,2,2,2,2,2,2,2,2,2,2,327
0,1,1,0,0,1,0,1,0,0,0,1,1,0,1,0,1,1,1,0,1,1,1,0,0,1,1,1,0,1,1,0,0,0,0,1,0,0,1,0,1,1,1,1,0,0,1,1,1,0,0,0
3256
78,296,279,22,22,22,236,334,297,288,2,2,2,2,2,2,2,2,2,2,2,2,2,2,2,2,2,2,2,2,2,2,2,2,2,2,2,2,2,2,2,2,2,2,2,2,2,2,2,2,2,2,2,2,2,2,2,2,2,2,2,2,2,2,2,2,2,2,2,2,2,2,2,5
1,1,0,1,1,0,1,0,0,0,0,1,0,0,1,0,0,0,0,0,0,1,0,1,1,1,0,1,1,0,0,0,0,0,0,1,1,0,1,1,1,1,1,1,1,1,1,1,1,1,1,1,1,1,1,1,1,1,1,0,1,0,1,0,1,1,1,1,1,1,1,0,0,0
3257
55,2
0,0
3258
2
0
3259
296,367,76,287,344,318,252,254,330,22,22,22,22,22,22,22,22,22,22,22,22,22,22,22,322,320,55,308,289,312,106,144,300,285,353,328,2,2,2,2,2,2,2,2,2,2,2,2,2,2,2,2,2,2,2,2,2,2,2,2,2,2,2,2,2,2,2,2,2,2,2,2,2,2,2,2,2,2,2,2,2,2,2,2,124,303,48,334,288,340,368
0,1,0,1,1,1,1,0,0,1,0,1,0,0,0,0,1,0,1,1,1,0,1,1,1,0,0,1,1,0,1,1,0,0,0,0,1,1,1,1,0,1,0,1,0,1,0,1,0,1,0,0,0,1,0,0,0,1,1,1,0,0,1,1,1,0,1,0,0,0,1,1,1,1,1,1,1,1,1,0,0,1,0,0,0,1,0,1,0,0,0
3260
362,315,310,22,22,22,22,22,22,22,22,22,236,46,171,317,316,2,2,2,2,2,2,2,2,2,2,2,2,2,2,313
1,0,1,0,1,1,1,1,1,1,1,1,0,1,0,1,1,0,0,0,1,0,0,1,1,1,1,1,0,0,0,0
3261
283,22,336,322,294,368,144,305,2,2,2,2,2,2,2,2,2,2,2,327
1,1,1,1,0,1,0,0,1,0,1,0,1,1,1,0,0,1,1,1
7814
303,285,246,22,296,2,2,2,2,2,2,2,2,2,2,321
1,0,0,0,0,0,1,0,0,0,0,0,0,0,0,0
8862
22,22,22,236,339,2,2,2,2,2,2,2,2,2,2,2,45,340
0,1,1,1,0,0,0,0,0,0,1,1,1,1,0,0,1,0
3264
78,151,347,329,41,144,235,355,357,287,363,364,2,2,2,2,2,2,2,2,2,2,2,2,2,2,2,2,2,2,2,2,2,124,55,340,22,22,22,22,22
1,1,0,1,0,1,1,1,1,1,1,1,1,0,1,1,1,1,1,1,0,1,0,1,1,1,1,1,1,0,0,1,1,0,1,0,1,0,1,1,1
3265
22,22,22,22,22,22,22,22,22,22,22,22,22,22,22,2,2,2,2,2,2,2,2,2,2,2,2,2,2,2,2,2,2,2,2,2,2,2,2,2
1,1,1,1,0,1,1,1,1,1,1,1,0,1,1,0,1,1,1,1,1,1,1,1,1,1,1,1,1,1,1,1,0,1,0,1,0,1,0,0
3266
22,2
1,1
3267
296,247,354,347,110,333,348,27,22,22,22,294,146,305,2,2,2,2,2,2,2,2,2,2,2,2,2,2,2,2,2,2,2,2,2,2,2,91
1,1,1,0,1,0,1,1,0,1,1,1,1,1,1,0,0,1,1,1,1,0,1,0,1,1,1,1,1,1,1,1,1,0,1,0,1,0
3268
289,311,284,354,22,22,22,22,22,236,263,363,2,2,2,2,2,2,2,2,2,2,2,2,308
0,0,1,0,0,0,0,0,1,0,1,0,0,1,0,0,0,0,0,1,0,1,0,0,0
3269
327,91,343,298,339,253,263,2,2,2,2,2,2,2,2,2,2,2,2,22,22,22,22,22,22,22,22,22,22
1,0,0,1,1,1,1,1,1,1,1,0,0,1,0,1,0,0,0,0,1,1,0,1,0,0,0,0,0
3270
151,146,22,22,22,2,2
1,0,1,1,1,1,0
3271
254,289,363,76,287,341,2,2,2,2,2,2,2,2,2,2,2,2,2,2,22
0,0,0,0,1,0,0,1,0,0,0,1,0,0,1,0,0,0,1,0,0
3272
290,312,322,337,236,360,343,349,2,2,2,2,2,2,2,2,22,22
0,1,0,1,1,0,0,0,1,1,0,1,0,1,1,1,1,0
3273
338,352,334,22,22,22,22,22,22,22,22,22,22,22,22,22,22,22,22,22,22,2,2,2,2,2,2,2,2,2,2,2,2,2,2,2,2,2,2,2,2,2,2,2,2,2,2,2,2,2,2,2,2,2,2,2,2,2
0,0,0,0,1,1,1,1,1,1,1,1,1,1,1,0,1,1,1,1,1,0,1,1,1,0,1,0,0,1,1,0,1,0,1,1,0,1,1,0,0,1,1,1,1,0,1,1,0,0,1,1,1,1,1,0,1,1
3274
290,235,236,312,281,344,318,41,284,327,5,302,330,175,295,22,22,22,22,22,22,22,22,22,367,352,182,349,308,303,254,73,354,263,350,333,305,285,353,309,340,345,48,288,2,2,2,2,2,2,2,2,2,2,2,2,2,2,2,2,2,2,2,2,2,2,2,2,2,2,2,2,2,2,2,2,2,2,2,177
0,0,1,1,0,1,1,1,1,1,1,1,1,1,1,0,0,0,0,1,1,0,0,0,1,1,0,0,1,0,1,0,1,1,1,1,0,0,1,0,1,0,1,1,1,0,0,1,1,0,0,0,1,1,0,0,0,1,0,0,0,1,1,1,0,1,1,1,0,0,1,1,0,0,0,1,0,0,0,0
3275
111,332,347,65,349,2,2,2,2,2,2,2,2,2,2,2,2,2,2,22,22,22,22,22,22,22,22
0,0,0,0,0,0,1,0,0,0,1,0,0,0,0,1,1,0,0,0,1,1,0,1,1,0,1
3276
2,2
0,1
3277
22,22,2,2,2,2,2,2,2,2,2
1,0,0,0,1,1,0,1,0,0,0
3278
285,22,22
0,0,0
3279
323,246,320,22,124,360,294,2,2,2,357
0,0,0,0,0,1,0,0,0,1,0
3280
22,22,22,22,22,22,22,22,22,2,2,2,2,2,2,2,2,2,2,2,2,2,2,2,2,2,2,2,2,2,2,2,2,2,2,2,2,2,2,2,2,2,2,2,2,2,2,2,2,2,2,2,2,2
0,1,1,1,0,1,0,1,1,0,1,0,0,0,1,1,1,0,0,1,0,0,0,1,0,0,0,1,1,1,1,1,1,1,1,0,0,0,1,0,1,1,0,0,1,1,0,0,0,0,0,1,1,1
3281
48,367,246,347,364,110,286,5,5,73,332,111,285,358,353,22,22,22,22,22,22,22,22,22,22,22,22,247,280,237,279,86,2,2,2,2,2,2,2,2,2,2,2,2,2,2,2,2,2,2,2,2,2,2,2,2,2,2,2,2
0,1,1,0,1,1,0,0,0,0,0,0,0,1,1,1,0,0,0,1,0,0,0,0,1,0,1,1,1,1,1,0,1,1,1,1,0,0,1,0,1,1,1,1,1,0,0,1,1,1,1,1,1,1,1,1,0,1,0,1
3282
68,22,22,22,2,2,2,2,2,2,2,2,2,2,2
1,0,0,1,0,0,1,0,0,0,0,0,0,0,0
3283
2,357
0,0
3284
296,356,336,284,283,295,22,22,22,22,22,22,22,22,237,146,341,289,177,325,110,144,333,338,68,2,2,2,2,2,2,2,2,2,2,2,2,2,2,2,2,2,2,2,2,2,2,2,2,2,2,65,334,305,301
1,0,1,1,1,1,0,1,1,1,1,1,1,0,1,0,0,0,1,1,0,1,0,1,1,1,1,1,0,1,1,1,1,1,1,1,1,1,1,1,0,1,1,0,1,1,0,1,1,0,1,0,1,1,1
3285
78,111,367,365,337,110,335,304,282,328,22,22,22,22,22,22,322,286,352,2,2,2,2,2,2,2,2,2,2,2,2,2,2,2,2,2,2,2,2,2,76
0,1,1,0,0,0,0,0,0,1,0,0,0,0,0,1,0,0,0,0,0,1,0,0,1,1,0,0,0,1,0,0,0,1,0,0,1,0,0,0,0
3286
155,359,236,236,325,360,297,358,327,349,319,27,292,22,22,22,22,22,22,22,291,293,171,317,288,2,2,2,2,2,2,2,2,2,2,2,2,2,2,2,2,2,2,91
1,0,1,1,0,1,1,1,1,0,0,1,1,1,0,1,0,0,1,1,1,1,1,0,1,1,0,0,1,1,1,1,0,1,1,1,0,1,1,1,1,1,0,1
3287
177,22,2,2
1,0,1,0
3288
177,106,22,22,22,22,22,22,22,22,22,65,55,350,2,2,2,2,2,2,2,2,2,2,2,2,2,2,2,2,2,2,2,2,337
0,1,1,1,1,1,1,0,1,0,1,0,1,0,1,0,1,0,1,1,1,1,0,1,1,0,0,1,0,1,1,0,0,1,0
4923
290,296,311,356,236,348,5,22,22,22,22,22,22,22,22,22,22,22,22,22,22,22,22,22,22,22,22,56,182,332,315,171,369,316,333,313,353,301,334,45,2,2,2,2,2,2,2,2,2,2,2,2,2,2,2,2,2,2,2,2,2,2,2,2,2,2,2,2,2,2,2,2,2,2,2,2,2,2,2,2,2,2,2,2,2,2,2,2,2,2,2,2,2,2,2,2,2,2,2,2,2,2,2,2,2,2,2,2,2,2,2,2,2,2,2,368
0,0,1,1,1,1,0,1,0,1,1,1,1,0,1,1,1,1,1,0,1,0,0,1,1,0,1,1,1,0,1,1,1,1,0,1,0,1,0,1,1,1,0,1,0,1,1,0,1,0,1,0,0,1,0,1,0,0,0,0,0,0,1,0,0,0,0,1,1,0,0,1,1,1,0,1,1,1,1,1,1,1,0,1,1,0,1,1,0,1,0,1,1,1,1,0,1,1,0,1,1,1,0,1,0,1,0,1,1,0,0,1,0,1,0,1
3290
356,22,22,22,22,22,22,22,2,2,2,2,2,2,2,2,2,2,2,2,2,2,2,2,2,2,2,2,2
1,0,0,0,0,1,1,0,1,0,0,0,1,1,0,0,0,0,1,1,1,1,1,1,1,1,0,0,0
3291
78,296,299,236,280,73,73,292,340,301,301,301,301,298,298,291,279,288,2,2,2,2,2,2,2,2,2,2,2,2,2,2,2,2,2,2,2,2,2,2,2,2,2,2,2,2,2,2,2,2,2,2,2,2,2,2,2,2,2,2,2,2,2,2,22,22,22,22,22,22,22,22,22,22
0,0,1,1,0,0,1,1,0,0,0,0,0,1,1,1,1,0,0,0,1,0,0,0,1,1,0,1,1,1,1,1,1,1,0,1,1,1,0,1,0,1,1,0,0,1,1,1,1,0,0,1,1,1,0,0,1,1,1,1,1,1,0,0,1,0,1,0,0,0,1,0,1,1
3292
78,22,22,22,236,301,288,2,2,2
1,1,0,0,1,0,0,0,1,1
3293
290,367,356,347,236,287,276,253,304,297,5,5,144,22,22,22,22,22,22,247,339,282,237,177,320,364,110,350,333,111,235,328,2,2,2,2,2,2,2,2,2,2,2,2,2,2,2,2,2,2,2,2,2,2,2,2,2,2,2,2,2,2,2,2,2,2,2,2,2,2,2,2,2,2,2,2,2,2,2,2,2,2,314,65,340,321
0,1,1,1,1,1,0,1,0,1,0,0,1,1,1,1,0,1,1,1,0,1,1,1,1,1,1,1,1,0,1,0,1,1,1,1,1,0,1,0,1,0,1,1,1,1,0,0,1,0,1,1,0,1,1,1,1,0,0,1,1,1,1,1,1,1,1,1,1,1,1,1,1,1,1,0,0,1,1,1,1,1,1,1,0,1
3294
78,290,311,236,199,336,325,263,350,348,111,324,22,22,22,22,22,22,22,22,22,22,22,322,313,346,294,326,318,2,2,2,2,2,2,2,2,2,2,2,2,2,2,2,2,2,2,2,2,2,2,2,2,2,2,2,2,2,2,2,2,2,2,254
0,0,0,1,1,0,1,0,0,1,1,1,0,1,0,1,0,1,1,1,1,0,1,0,1,0,0,1,1,0,1,1,1,1,0,0,0,0,1,1,1,0,0,0,0,1,1,1,1,1,1,1,0,0,1,1,0,1,1,1,0,0,0,1
3295
2
1
3296
2
0
3297
296,247,356,350,302,357,283,288,22,22,22,22,22,22,22,22,345,282,2,2,2,2,2,2,2,2,2,2,2,2,2,2,2,2,2,2,146,331,155
1,1,1,1,0,0,0,1,1,1,1,0,1,0,1,0,1,1,0,1,1,1,1,1,0,1,1,1,0,1,0,1,1,1,0,1,0,0,1
3298
289,296,351,336,312,345,41,363,5,288,330,330,328,22,22,22,22,22,22,314,282,357,182,305,2,2,2,2,2,2,2,2,2,2,2,2,2,2,2,2,2,2,2,2,2,2,2,2,2,2,2,341
0,0,1,1,0,1,0,1,1,1,1,1,1,1,1,0,1,0,0,1,0,0,1,1,0,1,1,1,1,0,1,1,0,1,1,0,0,1,0,0,0,1,1,1,1,1,1,1,1,0,0,1
3299
78,312,235,329,144,304,276,177,174,309,22,22,322,357,182,332,2,2,2,2,2,2,2,2,2,2,2,2,2,2,2,2,2,2,2,2,2,2,2,307
0,1,0,1,1,0,0,0,0,1,1,1,1,0,1,1,0,1,0,1,0,1,0,1,1,1,0,0,0,1,0,1,0,0,1,0,1,0,0,1
3300
2
1
3301
78,236,281,344,41,315,302,332,363,308,22,22,22,22,22,22,22,22,22,22,22,22,22,326,322,293,56,317,313,155,327,2,2,2,2,2,2,2,2,2,2,2,2,2,2,2,2,2,2,2,2,2,2,2,2,2,2,2,2,2,2,2,2,2,2,312,280,364,182,144,316,349,288,288,338,68,309,340,171,45,301
1,1,0,1,1,1,1,1,0,0,1,1,1,1,1,1,0,1,1,0,1,1,1,1,1,1,1,0,0,0,0,0,1,1,1,1,1,1,1,0,0,1,1,1,0,1,1,1,1,0,1,1,1,1,0,0,0,0,0,0,0,1,0,0,0,0,1,0,1,1,1,1,1,1,1,1,1,1,1,1,0
3302
289,111,246,67,5,302,324,76,124,55,2,2,2,2,2,2,2,2,2,2,2,2,2,2,2,2,22,22,22,22,22,22
0,0,1,1,0,0,0,0,0,1,0,1,0,1,0,0,1,1,0,1,0,0,1,0,0,1,0,0,1,1,1,0
3303
22,22,2,2
1,1,1,1
3304
339,177,354,22,22,22,22,22,22,336,208,335,236,5,2,2,2,2,2,2,2,2,2,2,2,2
1,0,1,1,0,1,1,0,0,1,0,0,1,0,0,0,0,1,1,1,0,0,1,0,0,0
3305
2
0
3306
289,246,236,344,284,363,292,295,91,293,146,146,332,341,303,111,177,334,354,325,317,263,301,288,22,22,22,22,22,22,22,22,22,22,22,22,22,22,22,27,359,76,291,171,45,2,2,2,2,2,2,2,2,2,2,2,2,2,2,2,2,2,2,2,2,2,2,2,2,2,2,2,2,2,2,2,2,2,2,2,2,2,2,2,2,2,2,2,2,2,2,2,2,368
0,1,1,1,0,1,1,0,0,1,0,0,1,1,0,1,0,1,0,0,1,1,0,0,1,0,1,1,1,1,1,1,1,1,1,1,0,0,0,0,1,0,1,1,1,1,1,1,1,0,0,1,1,0,0,1,1,0,1,1,1,1,1,0,1,0,1,1,1,1,1,1,1,1,1,0,1,1,1,1,1,1,0,0,0,0,0,1,1,0,0,1,1,0
3307
290,323,311,246,236,236,286,41,235,302,330,22,22,22,22,22,22,22,22,22,22,22,22,22,22,22,22,22,22,22,22,22,22,22,22,22,22,22,22,22,22,22,22,22,22,22,22,22,322,348,146,313,73,327,177,365,331,364,335,353,359,76,171,45,2,2,2,2,2,2,2,2,2,2,2,2,2,2,2,2,2,2,2,2,2,2,2,2,2,2,2,2,2,2,2,2,2,2,2,2,2,2,2,2,2,2,2,2,2,2,2,2,2,2,2,2,2,296,247,356,253,252,355,174,292,295,293,352,317,341,289,151,342,354,343,280,86,263,106,333,357,338,78,328,326,360,48,279,288,288,301,368
0,1,1,1,1,1,0,1,0,0,1,1,0,1,0,0,1,0,1,1,1,1,1,1,1,1,1,1,1,1,0,1,0,1,1,1,1,1,0,0,1,1,1,0,1,1,1,1,1,1,0,1,0,1,1,1,0,1,0,1,0,1,1,1,0,1,1,1,1,1,1,1,0,1,0,1,1,1,1,1,0,0,1,1,0,1,1,0,1,1,1,1,1,0,1,1,0,1,0,1,1,1,1,1,1,0,1,1,1,1,1,1,0,1,1,1,1,1,1,1,1,1,1,1,0,1,1,1,1,1,1,1,1,1,1,0,0,1,1,1,1,1,1,1,0,1,1,1,1,1,1,1
3308
315,22,22,208,344,288,2,2,2,2,316
0,1,1,0,1,1,0,1,0,0,1
3309
336,328,22,22,22,236,346,41,349,2,2,2,2,2,2,2,5
1,1,1,1,1,1,1,1,1,1,1,1,0,1,1,1,1
3310
338,208,290,2,2,124,339,288,155,22,22
0,0,0,0,0,0,0,0,1,0,0
3311
73,22,22,22,22,22,22,22,22,22,298,281,2,2,2,2,2,2,2,2,2,2,2,2,2,2,2,2,2,2,2,2,2,2,2,2,2,2,2,2,2,2,2,2,2,2,2,2,2,2,2,2,2,2,2,2,2,2,2,2,2,2,2,2,2,2,2,2,91
0,0,1,1,1,0,1,0,1,0,1,0,0,0,1,0,0,0,0,0,0,0,0,0,0,0,0,0,0,0,0,0,0,0,1,1,0,0,0,0,1,0,1,0,0,1,0,1,0,0,1,0,0,1,0,0,1,1,1,0,0,1,1,1,1,1,1,0,0
3312
22,22,22,22,22,22,22,22,2,2,2,2,2,2,2,2,2,2,2,2,2,2,2,2,2
1,0,1,0,0,1,0,0,0,1,1,1,0,0,1,0,0,0,1,0,0,0,0,1,0
3313
246,22,22,22,22,22,22,356,263,2,2,2,2,2,2,2,2,368
1,1,1,1,1,1,1,1,1,1,1,0,1,1,1,0,1,1
3314
299,323,311,337,322,276,324,330,22,22,22,22,22,22,22,22,22,22,22,22,22,22,22,22,22,22,22,22,22,22,22,22,22,22,298,237,348,146,332,175,353,309,76,366,2,2,2,2,2,2,2,2,2,2,2,2,2,2,2,2,2,2,2,2,2,2,2,2,2,2,2,2,2,2,2,2,2,2,2,2,2,2,2,2,2,2,2,2,2,2,2,2,2,2,2,2,2,2,2,2,2,2,2,2,2,2,2,2,2,2,2,2,2,2,2,2,2,2,2,2,2,2,2,2,2,2,2,2,2,2,2,2,2,2,2,2,2,2,2,2,2,2,2,2,2,2,2,2,2,2,2,2,2,2,2,2,2,2,2,2,2,2,2,2,2,2,2,2,2,2,2,2,296,235,356,252,304,284,5,254,295,352,182,341,289,151,354,199,110,333,357,68,328,360,279,288,78,321
1,0,1,1,0,1,1,1,1,1,1,1,1,1,1,1,1,1,0,0,1,1,0,1,0,0,0,1,1,1,0,0,0,1,1,0,0,1,0,1,1,1,0,0,0,1,1,1,0,1,0,1,0,1,1,0,1,1,1,1,0,1,0,1,0,0,1,1,0,1,1,1,1,0,0,1,1,1,1,1,1,1,1,1,1,1,1,1,1,1,0,0,0,0,0,1,0,1,1,0,1,1,1,1,0,1,1,1,1,1,0,0,0,1,1,0,1,1,1,1,0,1,1,1,0,1,1,1,1,0,1,1,1,0,1,0,1,1,1,0,0,1,0,1,1,0,1,1,1,0,1,0,1,1,0,1,0,0,1,0,1,1,1,1,1,1,0,1,1,1,0,1,0,0,1,1,0,1,1,1,1,1,1,1,0,1,1,0,0,0,1,1,1,1,1,0,1,0
3315
319,280,351,22,22
1,0,0,1,0
3316
86,2
0,0
3317
78,73,336,287,253,304,5,283,288,22,22,22,22,22,22,22,22,22,22,22,22,22,293,55,317,313,303,111,236,182,357,45,338,68,235,328,2,2,2,2,2,2,2,2,2,2,2,2,2,2,2,2,2,2,2,2,2,2,2,2,2,2,2,2,2,2,2,2,2,2,2,2,2,2,2,2,208,171,307,318,301,301
1,0,0,1,1,1,1,0,1,1,1,0,1,1,0,1,1,1,0,1,1,1,0,1,0,1,1,1,1,1,0,0,0,1,0,1,1,1,1,1,1,0,1,1,0,1,0,0,0,0,0,1,0,0,0,1,0,1,0,0,0,0,0,0,1,1,0,0,0,1,1,0,1,0,1,1,1,0,1,1,0,1
3318
367,22,2,2,343
0,0,0,1,0
3319
296,73,236,323,325,325,307,288,46,5,45,292,359,22,22,22,22,22,22,22,22,22,293,171,317,313,2,2,2,2,2,2,2,2,2,2,2,2,2,2,2,2,2,2,2
0,1,0,0,0,0,1,0,1,1,1,0,0,1,1,0,1,0,0,0,1,1,0,1,1,1,0,0,1,1,0,0,0,0,0,0,0,0,1,1,1,1,1,0,0
3320
2
1
3321
22,22,22,22,22,22,22,22,22,22,22,2,2,2,2,2,2,2,2,2,2,2,2,2,2,2,2,2,2,2,2,2,2,2,2,2,2,2,2,2,2,2,2
1,1,1,1,1,1,1,1,1,0,1,1,1,0,0,1,1,1,1,0,0,0,1,0,1,1,1,0,0,0,1,1,1,1,1,1,1,0,1,1,0,1,1
3322
335,354,22,22,2,2,2,2,2,2,2,2,2,2,2,2,298
0,0,1,1,0,0,0,0,1,0,0,0,1,0,1,0,1
3323
293,292,2,2,2,2,2,2,2,2,2,2,2,2,2,2,91,291,288,305,361,22,22
0,0,1,0,0,0,0,0,0,1,0,0,0,1,0,0,0,0,0,0,0,0,1
3324
237,22,22,22,22,22,22,22,2,2,2,2,2,2,2,2,2,2,2,2,332
0,1,0,1,1,1,1,0,0,1,0,1,0,0,0,1,0,1,0,0,0
3325
359,22,22,22,2
0,0,0,0,0
3326
303,329,22,22,281,146,2,2
1,1,0,0,0,0,1,0
3327
22,2
0,1
3328
2
0
3329
2,2,2,2,2,2,2,2,2,2,2,2,2,2,2,2,2,2,2,2,2,2,2,2,2,2,2,2,2,2,2,2,2,2,2,2,2,2,2,2,2,2,2,2,2,2,2,2,2,2,2,2,2,2,2,315,171,236,316,288,22,22,22,22,22,22,22,22,22,22,22,22,22,22,22,22,291,293,56,317,45,301
0,0,0,1,1,1,1,0,0,0,1,0,1,1,0,1,0,0,1,0,0,0,1,0,1,1,1,1,0,0,0,0,0,0,1,0,0,1,0,1,0,1,1,1,1,1,1,1,1,1,1,1,1,1,1,1,1,1,1,0,0,0,1,0,1,1,0,1,0,1,1,1,1,1,1,1,1,1,1,0,0,0
3330
22,22,22,2
1,1,1,1
3331
78,235,364,284,333,327,324,353,295,355,124,314,363,237,2,2,2,2,2,2,2,2,2,2,2,2,2,2,2,2,2,2,2,2,2,2,2,2,2,2,2,2,2,22,22,22,22,22,22
1,0,1,1,0,0,1,0,0,0,0,0,0,0,1,0,1,0,0,0,0,1,1,1,0,1,1,1,0,0,0,1,1,1,1,0,0,1,0,1,1,1,0,1,0,1,0,1,0
3332
175,352,343,2,2,2,2,22,22
1,1,0,0,1,0,1,0,0
3333
345,182,22,22,2,2,2,2,2,2,2,2,2,2,321
1,0,0,1,0,0,1,1,0,1,0,0,0,0,1
3334
2
0
3335
355,302,315,22,22,22,22,22,22,361,56,369,316,2,2,2,2,2,2,2,2,2,2,2,2,2,2,2,2,2,2,2,2,2,2
0,0,1,0,0,0,1,0,1,1,1,1,1,0,0,1,0,0,0,1,0,0,1,1,0,1,1,1,1,0,1,1,0,0,1
3336
323,235,356,351,347,236,287,345,297,78,5,302,330,22,22,22,22,22,22,22,22,22,22,22,22,22,22,22,22,22,22,326,339,293,237,55,317,294,155,341,362,280,279,320,343,285,263,350,367,45,68,174,359,328,2,2,2,2,2,2,2,2,2,2,2,2,2,2,2,2,2,2,2,2,2,2,2,2,2,2,2,2,2,2,2,2,2,2,2,2,2,2,2,2,2,2,2,2,2,2,2,2,2,2,2,2,2,2,2,2,2,2,2,360,65,171,288,301
0,0,1,1,0,0,1,0,0,0,0,0,1,0,0,0,0,0,1,1,0,0,0,1,1,1,1,0,1,1,0,0,0,0,0,0,0,0,1,1,1,1,1,0,1,0,0,0,1,0,0,0,0,0,1,0,1,1,0,0,1,0,0,1,0,1,1,0,0,1,0,0,1,0,1,0,1,0,1,1,0,1,1,1,0,1,1,1,1,0,0,0,0,0,0,1,0,1,0,0,0,1,1,1,0,1,1,0,0,0,0,1,0,1,0,1,0,0
3337
151,22,2,2
0,0,0,0
3338
323,73,289,351,337,236,253,46,283,292,22,22,22,22,22,22,22,22,22,22,22,336,298,293,317,349,362,338,343,335,332,111,359,310,208,171,2,2,2,2,2,2,2,2,2,2,2,2,2,2,2,2,2,2,2,2,2,2,2,2,2,2,2,2,2,2,2,2,2,2,91
1,1,1,0,0,1,0,1,1,0,0,1,0,1,0,1,1,1,0,0,1,1,1,1,0,0,1,0,0,0,0,0,1,1,1,0,1,0,1,0,0,1,0,1,1,1,0,0,0,0,1,1,1,0,1,1,1,1,1,0,0,0,0,0,1,1,0,0,1,0,1
3339
289,354,281,281,335,297,287,287,357,111,324,22,22,22,22,22,22,22,22,22,22,345,48,334,237,2,2,2,2,2,2,2,2,2,2,2,2,2,2,2,2,2,2,2,2,2,2,2,2,2,2,2,2,2,2,2,2,2,2,2,2,2,2,2,2,2,2,2,2,2,2,2,2,2,2,2,2,2,2,2,2,2,2,2,2,2,2,2,2,2,2,2,2,2,2,2,2
0,0,0,0,0,0,0,1,1,0,1,1,1,0,1,1,1,0,0,0,1,1,0,1,0,1,0,0,1,0,0,1,1,1,1,0,1,1,1,1,0,1,1,1,1,1,0,1,0,1,1,1,0,1,0,0,1,1,1,1,1,1,1,1,0,0,0,0,1,1,1,0,1,1,1,1,0,1,1,1,1,1,0,1,1,1,1,1,1,1,1,1,1,1,1,1,0
3340
78,67,22,22,91,357,305,2,2,2,2,2,2,2,2,2,2,2,2,348
0,1,1,0,0,1,0,1,1,0,0,0,1,1,1,1,0,1,1,0
3341
363,22,22,2,2,2,2
0,0,1,0,0,1,1
3342
290,323,367,337,287,311,41,73,174,302,22,22,22,22,22,22,22,22,22,22,22,22,22,22,22,22,22,22,22,22,22,22,22,22,22,22,297,322,282,237,357,146,332,155,347,2,2,2,2,2,2,2,2,2,2,2,2,2,2,2,2,2,2,2,2,2,2,2,2,2,2,2,2,2,2,2,2,2,2,2,2,2,2,2,2,2,2,2,2,2,2,2,2,2,2,2,2,2,2,2,2,2,2,2,2,2,2,2,2,2,2,2,2,2,2,2,2,2,2,2,2,2,2,2,2,2,2,2,2,2,2,2,2,2,2,2,2,2,2,2,319,365,329,335,144,300,306,353,309,76,314,294,307,305,327,303,235,356,344,253,304,5,5,284,283,363,364,295,339,106,55,182,48,289,151,354,199,86,110,263,350,333,331,68,328,301,124,360,65,279,288,340
0,0,1,1,0,0,0,1,1,0,1,0,1,1,1,1,1,1,1,0,1,0,1,1,1,1,1,1,1,1,0,0,0,1,1,0,1,1,0,0,1,0,0,1,0,0,1,1,0,1,0,0,1,1,1,0,0,0,0,0,1,0,0,0,1,0,0,1,0,1,1,1,0,0,1,1,1,1,0,1,0,1,1,0,1,1,0,1,0,1,0,1,1,0,1,0,0,1,0,0,1,1,1,1,1,1,1,1,1,1,0,1,1,1,0,0,0,1,0,1,1,1,0,0,1,1,1,1,0,1,1,1,1,1,0,1,1,1,1,0,1,1,0,1,0,0,1,1,1,1,1,1,1,0,0,0,0,1,0,1,0,0,0,0,1,1,0,0,0,1,1,1,0,1,1,0,0,0,0,0,1,0,0,0,0,1,0,1,0,1,0,0
3343
45,171,22,22,22,22,22,22,22,22,22,22,22,22,22,22,22,22,22,370,361,56,317,316,2,2,2,2,2,2,2,2,2,2,2,2,2,2,2,2,2,2,2,2,2,2,2,2,2,2,2,2,2,2,2,2,2,2,2,2,2,2,2,2,2,2,2,2,2,2,2,2,2,2,2,2,313
0,1,0,1,1,1,1,1,1,1,1,0,0,1,1,0,1,1,0,1,1,1,1,1,0,1,1,0,1,0,0,1,0,0,1,0,1,1,1,0,1,0,0,1,0,1,0,0,1,0,0,1,1,0,1,1,1,1,1,0,1,1,0,1,1,1,1,1,0,1,1,1,0,0,0,0,1
3344
5,2
0,0
3345
236,287,5,324,22,22,22,22,22,22,22,339,293,237,182,313,315,171,317,263,316,45,340,2,2,2,2,2,2,2,2,2,2,2,2,2,2,2,2,2,2,2,2,2,2,2,2,2,2,2,2,2,360,334,288,301
1,1,1,1,1,1,1,1,1,0,1,1,1,0,0,0,1,1,1,1,0,1,0,1,0,1,1,0,0,0,0,1,1,1,1,0,0,1,1,1,1,0,1,0,0,1,1,1,0,1,0,0,1,0,0,0
3346
299,323,323,323,367,367,236,286,73,73,73,22,22,22,22,22,22,22,22,22,22,22,22,22,22,22,22,22,22,22,22,22,22,22,22,22,22,22,22,22,22,298,282,300,146,332,332,362,312,365,336,329,182,144,313,309,294,171,307,305,326,296,235,304,5,355,358,254,339,293,56,317,349,341,289,315,106,354,333,348,68,2,2,2,2,2,2,2,2,2,2,2,2,2,2,2,2,2,2,2,2,2,2,2,2,2,2,2,2,2,2,2,2,2,2,2,2,2,2,2,2,2,2,2,2,2,2,2,2,2,2,2,2,2,2,2,2,2,2,2,2,2,2,2,2,2,2,2,2,2,2,2,2,2,2,2,2,2,2,2,2,2,2,2,2,2,2,2,2,2,2,2,2,2,2,2,2,2,2,2,2,2,2,2,2,2,2,2,2,2,124,303,48,279,288,288,368
1,0,0,0,0,1,0,0,1,1,0,1,1,1,0,0,1,1,1,1,0,0,1,1,0,1,0,0,1,1,0,0,1,0,1,0,1,1,1,0,1,1,1,0,1,1,0,1,1,1,0,0,0,1,0,0,0,1,0,0,0,0,1,0,0,1,0,0,1,0,0,1,0,1,0,0,1,0,1,1,0,0,1,0,1,1,1,1,0,0,0,0,1,0,1,1,1,0,1,0,0,1,0,0,0,0,0,1,0,0,0,0,0,0,1,0,0,0,1,1,0,1,1,0,0,1,0,0,0,0,0,1,1,0,0,0,1,1,0,0,0,1,0,0,0,0,0,1,0,0,1,1,0,0,0,0,1,0,0,0,0,0,0,0,0,0,0,0,1,1,1,1,0,1,1,0,1,0,1,0,0,0,0,0,0,0,1,1,0,0,0,0,0,0,0,0,1
3347
323,177,356,351,334,5,355,295,22,22,22,22,22,22,22,22,320,346,279,308,2,2,2,2,2,2,2,2,2,2,2,2,2,2,2,2,2,2,2,2,2,2,2,76
1,0,1,0,1,0,0,1,1,0,1,0,0,0,0,1,0,0,1,1,0,0,0,1,0,1,0,1,1,0,1,1,1,1,0,0,1,0,1,1,1,1,1,1
3348
2,2,2,2,2,2,2
0,0,0,0,1,1,0
3349
339,305,2,308
0,1,0,0
3350
362,311,359,236,236,335,304,301,313,45,292,22,22,22,22,22,22,124,171,317,288,2,2,2,2,2,2,2,2,2,2,2,2,2,2,2,2,2
1,1,0,1,1,0,0,0,0,1,0,1,0,0,1,0,0,0,0,0,0,0,0,0,0,1,0,0,1,0,0,0,0,0,1,0,0,1
3351
290,296,367,236,286,41,73,282,175,22,22,22,22,22,22,22,22,22,22,22,22,22,22,22,22,22,298,293,182,199,146,317,263,321,45,306,68,359,340,2,2,2,2,2,2,2,2,2,2,2,2,2,2,2,2,2,2,2,2,2,2,2,2,2,2,2,2,2,2,2,2,2,2,2,2,2,2,2,2,2,2,2,124,360,291,171,288,301,91
0,0,0,0,0,0,0,0,0,1,1,1,0,0,1,0,0,0,1,1,1,0,1,1,1,1,1,0,1,1,1,0,0,1,0,1,1,1,0,0,0,0,0,1,1,0,0,1,0,1,0,0,0,0,0,0,0,1,0,0,0,0,1,0,0,0,0,0,1,0,0,1,1,1,0,1,0,1,1,1,1,0,0,1,1,1,0,1,1
3352
22,22,22,22,22,22,22,22,22,22,22,22,22,22,22,22,2,2,2,2,2,2,2,2,2,2,2,2,2,2,2,2,2,2,2,2,2,2,2,2,2,2,2,2,2,2,2,2,2,2,2,2,2,2,2,2,2,2,2,2
0,0,1,1,1,1,1,0,1,0,1,0,0,1,1,1,1,0,0,0,0,0,1,0,0,1,0,0,1,1,1,1,1,0,1,0,0,1,0,0,1,1,1,1,1,0,1,1,0,1,0,1,0,0,1,1,1,1,0,0
3353
330,328,22,22,22,287,307,2,2,2
1,0,1,1,1,0,0,1,1,1
3354
2,2,2,2,2,2,2,2,2,2,2,73,279,22,22,22,22,361
1,0,1,0,0,1,0,0,0,0,0,0,0,1,0,1,0,1
5037
367,337,236,41,56,46,174,302,330,342,332,22,22,22,22,22,22,22,22,22,22,22,22,22,22,293,357,317,313,315,365,370,350,316,348,338,326,326,301,171,45,2,2,2,2,2,2,2,2,2,2,2,2,2,2,2,2,2,2,2,2,2,2,2,2,2,2,2,2,2,2,2,2,2,2,2
1,1,1,0,1,1,1,1,1,1,0,1,1,0,1,0,0,0,0,0,0,1,1,0,1,0,1,1,0,1,1,1,0,1,1,0,0,0,1,1,1,0,1,1,1,0,1,0,1,0,1,0,1,1,1,1,0,0,0,0,0,0,0,1,0,0,0,0,0,0,0,0,0,0,1,1
3356
292,91,22,22,361,293,288,45,2,2,2,313
1,1,0,1,0,1,0,0,1,0,1,0
3357
299,296,367,367,356,236,344,253,360,276,311,284,283,363,292,22,22,22,22,22,22,22,22,22,22,22,22,22,22,22,22,22,22,22,22,22,22,346,293,56,317,332,73,78,312,315,354,282,316,333,313,340,304,345,65,171,307,288,2,2,2,2,2,2,2,2,2,2,2,2,2,2,2,2,2,2,2,2,2,2,2,2,2,2,2,2,2,2,2,2,2,2,2,2,2,2,2,2,2,2,2,2,2,2,2,2,321
1,1,1,0,1,0,1,1,1,1,1,0,0,0,0,1,0,1,0,0,0,0,1,1,1,0,0,0,1,0,1,1,0,1,0,0,1,1,0,1,1,0,0,0,0,1,1,0,0,0,1,0,0,1,0,0,1,0,1,1,1,0,1,1,0,0,0,0,0,0,0,0,1,0,0,0,1,1,1,0,0,1,0,1,1,0,1,0,0,0,1,0,1,0,0,0,1,0,0,0,0,1,0,0,1,0,0
3358
323,177,171,106,236,325,144,316,313,68,326,22,56,317,45,2,2,2,2,2,2,2,2,76
1,1,0,0,1,0,0,1,1,1,1,0,1,0,1,0,0,0,0,1,1,0,1,1
3359
247,236,22,22,2,2,2,2,2,2,357
0,1,0,0,1,0,0,0,0,0,1
3360
299,296,367,356,236,236,287,304,73,327,5,199,22,22,22,22,22,22,22,22,22,22,22,22,22,22,22,22,22,22,22,22,22,22,336,322,293,55,317,313,341,289,151,343,144,333,288,111,68,359,2,2,2,2,2,2,2,2,2,2,2,2,2,2,2,2,2,2,2,2,2,2,2,2,2,2,2,2,2,2,2,2,2,2,2,2,2,2,2,2,2,2,2,2,2,2,2,2,2,2,2,2,2,2,2,2,2,2,2,2,2,2,65,171,45,301
1,0,0,1,1,0,0,0,1,0,1,1,0,0,1,0,1,0,0,1,0,0,1,1,1,1,1,1,0,1,0,1,1,1,0,1,0,1,0,0,0,1,0,0,0,1,0,0,1,0,1,0,0,1,1,0,0,0,0,0,0,1,1,0,1,0,0,0,0,1,0,1,1,0,0,1,0,1,1,0,1,0,1,1,1,1,1,1,1,1,1,0,0,1,0,1,0,1,1,1,1,1,1,0,1,1,1,0,1,1,1,0,0,1,0,0
3361
73,246,340,236,281,322,297,284,283,330,332,332,22,22,22,22,22,22,22,22,22,22,22,22,22,22,298,293,56,317,313,313,155,341,279,334,263,67,288,68,366,2,2,2,2,2,2,2,2,2,2,2,2,2,2,2,2,2,2,2,2,2,2,2,2,2,2,2,2,2,2,2,2,2,2,2,2,2,2,2,2,2,2,2,2,2,2,2,2,291,291,171,45,301
0,0,0,0,0,0,0,0,1,0,0,0,0,1,0,0,1,0,1,1,1,0,0,0,1,0,1,0,0,0,0,0,0,0,0,1,1,1,0,1,1,1,0,0,1,1,1,1,1,1,1,1,0,0,1,0,0,0,1,1,1,0,0,1,0,0,0,0,1,0,0,0,0,0,0,0,1,0,1,0,1,1,1,1,0,1,1,0,0,0,1,0,0,0
3362
2,2,2,2,2,2,2,2,2,2,2,2,2,2,2,2,2,2,2,2,2,2,2,2,2,2,2,2,2,2,2,2,2,2,2,2,2,2,2,2,235,279,347,236,236,301,368,367,327,302,292,359,359,22,22,22,22,22,22,22,22,22,22,22,22,22,22,22,22,22,22,22,22,22,22,293,291,171,171,317,317,45,326,321
1,1,0,1,0,1,1,0,1,0,0,0,0,0,1,0,0,0,0,1,0,0,0,0,1,1,0,0,1,0,1,1,0,0,0,0,0,1,0,1,1,0,1,0,0,0,0,0,0,0,1,1,0,0,1,0,1,0,1,1,0,1,0,1,1,1,1,0,1,0,0,0,0,0,0,1,0,0,1,1,1,0,0,1
3363
22,22,22,22,22,22,22,22,22,22,2,2,2,2,2,2,2,2,2,2,2,2,2,2,2
1,1,1,1,0,1,1,1,1,1,0,0,0,0,0,0,0,1,0,0,0,0,1,0,0
3364
78,283,106,252,5,348,338,309,76,351,294,352,2,2,2,2,2,2,2,2,2,2,2,2,2,2,2,22,22,22
1,1,1,1,0,1,0,1,1,0,1,1,1,1,0,1,1,1,1,1,1,1,0,1,1,1,1,1,1,1
3365
301,22,22,236,291,45,2,2,2,2,288
0,0,0,1,1,0,1,0,1,0,0
3366
283,363,246,22,22,2
0,0,1,0,0,0
3367
2,2,2,2,2,2,2,2,2,2,2,2,2,2,2,2,2,2,2,2,2,2,319,151,351,110,22,22,22,22,22,76,322,208,65,352,349,155,308
1,1,1,1,1,0,1,0,1,1,1,1,1,1,1,1,1,1,0,1,1,0,0,0,0,1,0,1,1,0,1,1,1,0,0,1,0,1,0
3368
299,111,73,106,329,236,27,86,360,300,348,283,285,22,22,22,22,22,298,320,305,288,2,2,2,2,2,2,2,2,2,2,2,2,2,2,2,2,2,2,2,2,2,2,2,2,2,2,2,2,2,2,2,2,2,2,2,2,2,2,2,2,2,2,2
1,0,1,0,0,1,0,0,0,0,0,1,0,1,1,1,1,0,1,1,0,0,1,1,0,0,0,0,1,0,1,1,0,0,0,0,0,1,1,1,1,1,1,1,1,1,0,1,1,0,1,1,0,0,0,0,0,0,1,1,1,0,1,1,0
3369
315,56,236,316,292,22,22,22,22,22,293,291,171,317,45,2,2,2,2,2,2,2,2,2,91
1,1,1,1,1,1,0,0,1,1,1,1,1,0,1,1,1,0,0,1,0,1,0,0,0
3370
22,2
0,1
3371
280,329,344,263,41,247,348,348,295,22,22,22,22,339,346,237,352,2,2,2,2,2,2,2,2,2,2,2,2,2,2,2
1,0,1,0,0,1,0,0,1,1,0,1,1,0,1,0,0,0,1,0,1,1,1,1,0,1,1,0,1,1,0,0
3372
303,296,247,171,320,335,304,297,357,27,359,22,22,22,22,22,2,2,2,2,2,2,2,2,334,317,301
0,1,0,1,0,1,0,0,0,1,0,1,0,1,1,0,1,0,0,1,1,1,1,0,1,1,1
3373
312,359,236,361,45,292,326,22,22,22,22,22,293,291,171,288,2,2,2,2,2,2,91
1,1,0,0,1,0,0,1,0,0,0,1,0,0,1,0,0,0,0,1,0,1,0
3374
22,22,22,22,22,22,22,22,22,22,22,2,2,2,2,2,2,2,2,2,2,2,2,2,2,2,2,2,2,2,2,2,2,2,2,2,2,2,2,2,2,2,2,2,2,2,2,2,2,2,2,2,2,2,2
1,0,1,1,1,1,1,0,0,0,1,0,0,0,0,1,1,1,0,0,1,0,0,1,1,1,0,0,0,0,0,0,0,1,0,0,0,0,0,0,0,0,1,0,1,1,0,0,1,0,0,1,1,0,0
3375
22,22,22,22,22,22,2,2,2,2,2,2,2,2,2,2,2,2,2,2,2
0,1,0,1,1,0,0,0,0,0,0,0,1,0,0,0,0,1,0,0,0
3376
333,282,304,297,2,2,2,327
0,0,1,1,0,1,1,0
3377
281,22,2,2,2,2
0,1,1,0,0,0
3378
292,359,359,351,22,22,22,22,22,22,22,22,236,91,237,45,2,2,2,2,2,2,2,2,2,2,2,2,2,2,2,2,76
0,0,0,1,1,0,1,1,0,1,1,0,1,0,0,1,0,1,1,1,0,0,1,1,1,1,0,0,1,0,0,0,0
3379
287
0
3380
22,2,2,2,2,2,2,2,2,2,2,2,2,2,2,2,2,2,2
1,1,0,1,0,0,1,0,0,0,0,0,0,1,1,0,0,0,1
3381
291,2,22,236
0,1,1,1
3382
323,247,347,318,297,174,254,363,91,352,308,283,320,343,285,300,111,68,328,124,314,65,305,2,2,2,2,2,2,2,2,2,2,2,2,2,2,2,2,2,2,2,2,2,2,2,2,2,2,2,2,2,2,2,2,2,2,2,2,22,22,22,22,22,22,22,22,22,22,22
1,1,1,1,0,0,1,0,0,1,1,0,1,1,0,0,0,1,0,1,1,0,1,1,1,1,0,0,0,1,1,1,0,1,1,1,1,1,0,0,0,0,1,1,1,0,0,1,1,1,0,0,1,0,0,1,1,0,0,0,1,0,0,0,0,1,0,1,0,1
3383
311,347,236,287,318,297,302,324,293,237,146,155,365,329,319,285,353,309,76,308,307,305,326,296,253,284,174,254,339,106,341,289,354,343,86,110,263,357,338,68,328,2,2,2,2,2,2,2,2,2,2,2,2,2,2,2,2,2,2,2,2,2,2,2,2,2,2,2,2,2,2,2,2,2,2,2,2,2,2,2,2,2,2,2,2,2,2,2,2,2,2,2,2,2,2,2,2,2,2,2,2,2,2,2,2,2,2,2,2,2,2,2,2,2,2,2,2,2,2,2,2,2,2,2,2,2,2,2,2,2,2,2,2,2,2,2,2,2,2,2,2,2,2,2,2,2,2,2,2,2,2,2,2,2,2,2,2,2,2,2,2,2,2,2,2,2,2,2,2,2,2,2,2,2,2,2,2,2,2,2,2,2,2,124,124,360,48,331,301,301,368,323,367,246,337,336,322,276,247,330,22,22,22,22,22,22,22,22,22,22,22,22,22,22,22,22,22,22,22,22,22,22,22,22,22,22,22,22,22,22,22,22,22,22,22,22,22,22,22,22,22,22,22,22,22,22,22,22,22,22,22,22,22,22,282,313,312,280,364,175,321,5,5,300,294,45,327,235,344,304,177,281,358,283,295,355,346,78,151,320,199,67,333,27,345,303,279,288
1,1,1,1,1,1,1,1,1,1,1,1,1,1,1,1,1,1,1,1,1,1,1,1,1,1,1,0,1,1,1,1,1,0,1,1,1,1,1,1,1,1,1,1,1,1,1,1,1,1,1,1,1,1,1,1,1,0,1,1,0,0,1,1,1,1,0,1,1,1,1,1,1,1,0,1,1,1,1,1,1,1,1,0,0,1,1,1,0,0,0,0,0,1,1,1,0,0,1,1,1,1,1,1,0,0,1,1,1,1,1,1,1,1,0,1,1,1,0,1,1,1,1,1,1,1,0,0,1,1,0,1,1,1,0,1,1,1,1,1,1,1,1,1,1,0,1,0,0,1,0,1,1,1,1,1,1,1,1,1,1,1,1,1,1,0,1,1,1,1,1,1,1,0,0,1,1,1,1,1,1,1,1,0,1,1,1,0,1,1,1,0,0,1,1,1,1,0,1,1,1,1,1,1,1,1,1,1,1,1,1,0,1,1,0,0,1,1,1,0,1,1,0,1,1,1,1,1,1,1,1,1,0,1,1,0,0,1,1,1,1,1,1,1,0,0,0,1,1,1,1,0,1,1,0,1,1,1,1,1,1,1,1,1,1,1,1,1,1,0,1,0,1,1,1,1,1,1,1,1,1,0,1,0,1,1,1,1
3384
246,2,2,2
0,1,1,0
3385
315,171,22,22,22,22,22,22,22,22,22,22,22,22,22,22,22,22,22,22,22,22,22,22,22,22,236,56,317,316,2,2,2,2,2,2,2,2,2,2,2,2,2,2,2,2,2,2,2,2,2,2,2,2,2,2,2,2,2,2,2,2,2,2,2,2,2,2,2,2,2,2,2,2,2,2,2,2,2,2,2,313
1,1,1,0,0,0,1,1,1,0,0,1,0,1,0,0,1,1,0,1,1,1,0,1,1,1,1,1,0,1,1,1,1,1,0,0,0,0,0,1,1,1,0,0,0,1,0,1,0,1,0,1,1,0,1,1,1,0,0,1,1,0,0,0,1,1,1,1,0,1,0,1,0,1,0,0,0,1,0,1,0,0
3386
78,351,22,22,22,22,124,237,279,301,2,2,2,2,2,2,343
1,0,1,0,0,0,0,0,1,0,1,0,1,0,1,0,0
