6038
303,246,364,175,353,283,330,295,22,22,22,22,22,22,22,22,22,2,2,2,2,2,2,2,2,2,2,2,2,2,2,2,2,2,2,2,2,2,2,2,2,2,2,2,2,253,155,308
1,1,1,1,0,1,1,1,1,1,0,0,1,0,0,1,0,0,1,1,0,0,1,1,0,1,1,0,0,1,1,0,0,1,0,0,1,1,1,1,0,1,1,1,1,0,1,1
1250
323,340,22,22,22,22,110,2,2,2,2,2,2,2,2,2,2,2,349,301
0,0,1,0,1,0,0,0,1,1,1,1,0,0,1,0,1,1,0,0
1251
323,351,296,297,5,5,284,324,22,22,22,22,22,22,22,22,22,22,22,22,22,22,22,22,22,22,22,305,339,357,361,312,151,365,343,364,300,348,111,329,366,326,288,2,2,2,2,2,2,2,2,2,2,2,2,2,2,2,2,2,2,2,2,2,2,2,2,2,2,2,2,2,2,2,2,2,2,2,2,2,2,2,2,2,2,2,2,2,2,2,2,2,2
0,0,0,1,0,1,1,0,0,0,1,1,1,1,1,0,1,1,1,1,1,0,1,1,1,1,0,0,0,1,1,0,0,1,0,0,0,0,0,0,1,0,0,0,0,1,1,1,1,0,0,0,1,1,0,1,1,1,1,0,0,1,0,1,0,0,1,0,0,1,1,1,1,1,1,0,1,1,1,1,1,1,1,1,1,0,0,1,1,1,1,1,1
1252
315,171,22,22,22,22,22,22,22,22,22,22,22,22,22,56,317,2,2,2,2,2,2,2,2,2,2,2,2,2,2,2,2,2,2,2,2,2
1,1,1,0,0,0,0,1,0,0,0,1,1,0,1,1,0,0,0,0,1,1,0,0,0,1,1,1,0,0,1,0,0,1,0,0,1,0
1253
313,236,2,2,2,2,22
1,1,1,0,1,0,1
1254
315,22,22,22,22,22,22,22,22,22,22,2,2,2,2,2,2,2,2,2,2,2,2,2,2,2,2,2,2,2,2,2,2,2,2,2,2,2,2,2,2,2,2
1,0,1,1,1,0,1,1,1,1,1,0,1,1,1,1,0,1,0,1,0,1,0,1,1,1,1,1,1,0,0,1,1,1,0,0,1,0,0,0,1,1,0
1255
151,246,343,91,329,175,314,350,5,355,174,319,363,286,22,22,22,22,22,22,22,22,22,22,22,22,22,22,322,237,182,318,2,2,2,2,2,2,2,2,2,2,2,2,2,2,2,2,2,2,2,2,2,2,2,2,368
0,1,1,1,0,0,1,1,1,1,0,0,0,1,1,1,0,1,0,0,0,1,0,0,0,1,1,1,1,1,1,1,1,0,0,0,1,0,1,1,0,0,1,0,1,0,1,1,1,1,0,1,1,1,1,0,0
1256
236,144,297,252,327,284,302,324,22,22,22,22,22,22,22,22,22,22,22,22,322,348,182,308,303,177,55,354,350,300,76,345,334,305,2,2,2,2,2,2,2,2,2,2,2,2,2,2,2,2,2,2,2,2,2,2,2,2,2,321
1,1,0,1,0,1,0,1,1,0,1,1,0,1,1,0,0,1,1,1,0,0,1,0,0,1,0,0,0,1,0,0,1,0,1,1,1,0,1,0,1,1,0,1,1,0,1,0,0,1,0,0,1,1,0,0,1,1,1,1
1257
296,337,236,287,344,252,5,324,349,48,56,146,313,334,106,317,263,333,300,328,2,2,2,2,2,2,2,2,2,2,2,2,2,2,2,2,2,2,2,2,2,2,2,2,2,2,2,2,2,2,2,2,2,2,2,2,2,314,65,171,307,45,301,22,22,22,22,22,22,22
0,0,0,1,1,1,0,1,1,0,1,0,0,1,0,0,0,0,0,0,0,1,0,0,0,0,0,1,0,0,0,1,1,0,1,1,0,0,0,0,0,0,1,1,0,0,0,0,0,0,1,0,0,0,0,0,0,0,1,0,1,0,0,0,0,1,0,0,0,0
1258
73,334,263,236,110,175,333,45,292,359,328,22,22,22,22,22,22,22,22,22,22,124,293,291,171,317,331,2,2,2,2,2,2,2,2,2,2,2,2,2,2,2,2,2,2,2,2,2,2,2,2,2,2,2,2,2,2,91
0,1,1,0,0,0,0,1,0,0,0,0,0,1,0,1,1,1,0,0,0,0,1,0,1,0,0,1,0,1,0,0,1,1,0,0,1,1,0,0,0,0,0,1,1,0,0,1,0,0,0,1,0,0,0,0,0,0
1259
22,22,22,22,22,22,22,22,22,22,22,22,22,22,22,22,22,2,2,2,2,2,2,2,2,2,2,2,2,2,2,2,2,2,2,2,2,2,2,2,2,2,2,2,2,2,2,2,2,2,2,2,2,2,2,2,2,2,2,2,2,2,2,2,2,2
0,1,0,0,0,0,1,0,1,1,1,1,1,1,0,1,1,0,1,0,0,0,0,0,0,1,0,0,0,0,0,0,1,1,0,0,1,0,1,0,0,0,1,0,1,0,1,1,1,1,0,1,1,0,1,0,1,1,0,1,1,1,0,0,1,1
1260
289,319,177,354,199,236,318,357,280,174,22,22,22,22,22,22,22,22,22,22,22,22,330,340,91,322,282,348,335,2,2,2,2,2,2,2,2,2,2,2,2,2,2,2,2,2,2,2,2,2,2,2,2,2,2,2,2,368
0,0,1,1,0,0,1,1,0,1,1,0,0,0,0,0,0,0,1,0,1,0,1,0,0,0,0,1,0,1,0,0,0,0,1,0,0,0,0,0,0,1,1,0,0,0,0,0,0,0,0,0,0,1,1,0,0,1
1261
22,22,22,22,22,22,22,22,22,22,2,2,2,2,2,2,2,2,2,2,2,2,2,2,2,2,2,2,2,2,2,2,2
0,0,0,1,1,1,1,0,0,1,0,0,0,1,0,0,1,0,0,0,0,0,0,0,1,1,0,1,0,0,0,0,0
1262
22,287,144,305,2,2,2,2,347
1,0,1,1,0,0,1,1,0
1263
299,290,367,246,351,236,286,276,73,302,22,22,22,22,22,22,22,22,22,22,22,22,22,298,282,332,155,280,352,364,175,175,316,300,322,309,294,171,307,45,327,289,253,345,252,355,5,5,283,363,292,91,91,339,293,55,317,349,341,303,315,320,333,68,326,2,2,2,2,2,2,2,2,2,2,2,2,2,2,2,2,2,2,2,2,2,2,2,2,2,2,2,2,2,2,2,2,2,2,2,2,2,2,2,2,2,2,2,2,2,2,2,2,124,360,208,291,288,301
1,0,1,1,1,1,0,1,1,1,0,0,0,0,1,0,1,1,0,0,0,1,1,1,1,1,1,1,1,1,0,0,1,1,1,1,1,1,1,1,1,0,1,1,1,0,1,0,1,1,1,0,0,1,0,1,0,0,0,0,1,0,1,1,1,1,0,0,0,0,1,0,0,0,0,0,1,1,0,0,0,1,1,1,0,1,0,1,0,1,1,1,1,0,1,1,0,1,0,0,1,1,0,1,0,1,0,0,1,1,0,1,0,0,1,0,0,1,1
1264
41,22,22,2,2,2,2,2,2
0,0,0,1,0,1,0,0,1
1265
306,27,55,354,22,22,22,22,22,22,22,22,263,111,304,65,2,2,2,2,2,2,2,2,2,2,2,2,2,2,2,2,2,2,2,2,2,348
0,1,1,0,1,0,1,0,1,1,1,1,1,0,0,0,1,1,1,1,0,0,1,0,1,0,0,0,0,1,1,1,0,1,1,1,0,1
1266
246,320,364,304,355,319,329,2,2,2,2,2,2,2,2,2,2,2,2,2,2,2,2,2,2,2,2,2,2,2,345,208,351,305,155,22,22,22,22,22,22,22
1,0,0,1,1,0,1,1,1,1,1,0,1,0,0,1,0,0,0,0,1,0,0,1,1,1,1,0,0,1,0,0,1,1,1,1,1,0,1,0,0,0
1267
299,367,22,124,124,253,286,332,2,2,2,2,2,2,2,2,2,2,2,2,2
1,1,1,0,0,1,0,1,0,0,0,1,1,0,1,0,1,0,0,0,1
1268
290,236,329,301,288,302,359,295,22,22,22,22,22,22,22,293,291,294,171,45,2,2,2,2,2,2,2,2,2,2,2,2,2,2,2,2,2
0,0,1,0,0,0,1,1,0,1,1,1,0,1,0,0,0,1,1,1,0,1,0,0,0,0,0,0,0,1,0,0,1,0,0,0,0
1269
78,296,279,22,22,22,2,2,2,2,2,2,2,2,2,2,2,2,2,2,2,2,2,2,2,2,2,2,2,2,2,2,2,2,2,2,2,2,2,2,2,2,2,2,2,2,2,2,2,2,2
0,0,1,1,0,0,0,1,0,1,0,1,1,0,0,0,1,1,0,0,1,0,0,0,0,1,1,1,1,1,1,0,1,0,1,1,1,0,0,0,1,1,1,1,1,1,1,1,1,1,0
1270
309,22,22,22,22,22,22,22,182,2,2,2,2,2,2,2,2,2,2,2,146,146,300,333,337
0,1,0,1,0,0,0,0,1,1,0,1,1,1,0,1,1,0,0,1,0,0,0,0,0
1271
299,323,367,246,337,236,344,286,286,297,73,174,302,363,22,22,22,22,22,22,22,22,22,22,22,22,22,22,22,22,22,298,293,56,317,332,315,354,364,144,350,288,288,319,2,2,2,2,2,2,2,2,2,2,2,2,2,2,2,2,2,2,2,2,2,2,2,2,2,2,2,2,2,2,2,2,2,2,2,2,2,2,2,2,2,2,2,2,304,360,291,276,171,45,301
1,0,0,1,0,0,1,0,0,1,0,0,0,0,0,0,0,0,1,0,1,0,1,1,1,1,0,1,0,0,0,1,0,0,0,0,0,1,0,1,0,0,0,0,0,0,0,0,0,0,0,0,0,0,0,0,0,0,0,1,0,1,0,1,1,0,1,0,0,0,0,1,0,0,1,0,0,0,1,0,0,1,0,0,0,0,0,0,1,0,1,0,0,1,1
1272
312,315,315,171,171,351,236,317,317,288,316,316,45,301,22,22,22,22,22,22,344,293,56,307,313,2,2,2,2,2,2,2,2,2,2,2,2,2,2,2,2,2,2,2,2,2,2,2,2,2,2,2,2,2
1,1,1,1,0,0,0,0,0,0,0,0,0,0,0,0,1,0,1,1,1,0,0,0,1,0,0,0,0,1,1,1,0,1,0,0,0,1,1,0,0,1,1,1,0,1,0,0,0,0,0,1,1,0
1273
323,246,351,336,287,318,297,302,324,330,22,22,22,22,22,22,22,22,22,22,22,22,22,22,22,22,22,368,322,237,155,2,2,2,2,2,2,2,2,2,2,2,2,2,2,2,2,2,2,2,2,2,2,2,2,2,2,2,2,2,2,2,2,2,2,2,2,2,2,2,2,2,2,2,2,2,2,2,2,2,2,2,2,2,2,2,2,2,2,2,2,2,2,2,2,2,2,2,2,280,65,364,144,5,111,285,309,76,327,296,235,344,345,284,355,252,358,295,339,352,349,308,78,151,106,110,263,67,357,289,328,326,360,276,279,288,301,321
0,1,0,1,1,1,1,0,1,1,0,1,1,1,1,1,1,1,1,0,0,1,0,1,0,1,1,0,1,0,0,0,0,0,0,1,1,0,1,0,0,1,0,1,0,1,0,1,1,1,0,1,1,1,1,0,1,1,1,0,1,0,1,1,0,1,1,1,1,1,1,1,0,0,1,1,1,0,1,0,1,1,1,1,1,1,1,0,1,1,1,0,0,1,1,1,0,1,1,1,1,0,1,1,0,0,1,1,1,0,0,0,1,0,1,1,1,1,1,1,0,0,1,0,1,0,1,1,1,0,0,0,1,0,1,1,0,1
1274
22,22,22,2,2,2,2,2,2,360
1,1,1,1,0,1,1,0,0,1
1275
290,324
0,1
1276
2,357
1,1
1277
78,296,356,22,22,22,236,279,288,2,2,2,2,2,2,2,2,2,2,2,2,2,2,2,2,2,2,2,2,2,2,2,2,2,2,2,2,2,2,2,2,2,2,2
1,1,0,1,1,0,1,1,0,0,0,0,1,1,0,0,0,0,1,1,1,0,1,0,1,1,1,1,1,1,0,0,1,1,1,1,1,0,0,1,1,1,1,1
1278
299,296,73,246,236,41,318,297,252,355,288,22,22,22,22,22,22,22,22,22,22,22,22,22,22,22,22,346,293,349,146,313,78,78,312,333,348,285,290,2,2,2,2,2,2,2,2,2,2,2,2,2,2,2,2,2,2,2,2,2,2,2,2,2,2,2,2,2,2,2,2,2,2,2,2,2,2,2,2,2,2,2,2,2,2,2,2,2,2,2,2,2,2,2,2,2,2,2,2,2,2,2,2,2,2,2,2,2,2,2,2,2,2,2,2,2,2,2,2,2,2,2,2,2,2,2,2,2,2,2,2,2,2,2,2,2,2,2,2,2,2,2,2,2,2,2,2,2,2,2,2,2,2,279,45,301,76
1,0,0,1,1,1,1,1,1,1,0,0,0,0,1,1,1,1,1,1,1,1,0,1,1,1,1,1,1,0,1,1,1,1,1,1,1,0,1,0,1,1,1,0,1,1,0,0,1,1,1,1,1,1,1,0,1,1,1,1,1,1,1,1,1,0,1,1,1,0,1,1,1,1,1,1,1,1,1,1,1,1,1,1,1,1,1,1,1,1,0,1,1,1,1,1,1,1,1,0,1,1,1,1,1,1,1,1,1,1,1,0,1,1,1,1,1,1,1,1,0,0,1,1,1,1,1,1,1,1,1,1,1,1,1,1,1,1,1,0,0,1,1,1,1,1,0,1,1,1,1,1,1,1,1,0,1
1279
303,235,325,263,345,155,355,332,68,174,295,22,22,22,22,22,22,124,124,314,208,151,48,55,288,2,2,2,2,2,2,2,2,2,2,2,2,91
1,0,0,1,1,0,1,0,1,1,0,1,1,1,0,1,0,0,0,1,1,0,1,1,0,0,1,0,1,1,1,0,0,0,0,0,0,0
1280
311,356,236,329,301,263,177,357,364,330,246,22,22,22,22,22,22,291,65,45,2,2,2,2,2,2,2,2,2,2,2,2,2,2,2,2,2,2,2,2,2,321
0,0,1,0,0,0,1,1,1,1,1,1,0,1,1,1,0,1,1,1,1,1,0,1,1,0,0,0,1,0,1,0,0,1,1,1,0,0,1,1,0,1
1281
235,22,22,22,22,276,280,2,2,2,2,2,2,2,2,2,199
0,1,0,1,1,1,0,0,0,1,0,0,1,1,1,1,1
1282
22,22,22,22,22,22,22,22,22,22,2,2,2,2,2,2,2,2,2,2,2,2,2,2,2
1,1,1,1,0,0,0,0,1,1,0,1,0,0,0,1,0,1,1,0,0,0,1,1,0
1283
151,175,328,22,22,22,300,253,2,2,2,2,2,2,2,2,2,2,2,2,2,252,340,76
0,0,0,0,1,1,0,1,0,1,1,0,1,0,0,0,0,1,0,0,1,0,0,0
1284
247,359,22,22,22,22,22,22,22,22,236,291,171,317,313,2,2,2,2,2,2,2,2,2
0,0,1,0,0,1,0,1,1,1,0,1,1,0,0,1,0,0,1,1,0,1,1,0
1285
78,323,276,358,5,309,22,124,360,65,341,2,2,2,2,2,2,2,2,2,2,2,76
1,0,1,0,1,1,0,0,1,1,1,1,1,1,1,0,1,1,1,0,0,0,0
1286
333,363,352,2,2,2,2,2,2,2,2,2,2,2,2,2,2,2,2,2,2,2,2,2,2,2,2,2,345,327,344,55,332,155,22,22,22,22,22
0,0,1,1,0,1,1,1,1,0,1,0,0,1,0,1,0,1,0,0,1,0,0,0,1,0,0,0,0,0,1,0,0,0,0,0,0,0,0
1287
362,315,352,236,288,316,45,319,348,292,22,22,293,171,317,313,2,2,2,2,2,2,2,2,2,2,2,2,2,2,2,2,2,2,2,2,91
1,1,1,1,0,0,0,0,1,1,1,1,1,1,0,1,1,0,0,1,1,0,0,0,0,1,0,0,1,1,1,0,1,0,0,0,0
1288
78,73,22,22,22,22,22,22,22,22,22,2,2,2,2,2,2,2,2,2,2,2,2,2,2,2,2,2,2,2,2,2,2,2,2,2,2,2,2,2,2,2,2,2,2,2,2,2,2,2,2,2,2,2,2,2,2,2,2,2,2,2,2,2,2,343
0,1,0,1,1,1,0,1,0,1,0,0,0,0,0,0,0,0,1,0,0,0,0,0,0,0,0,0,0,0,1,1,0,0,0,0,0,0,0,0,0,0,0,1,0,0,0,0,0,0,0,0,1,0,0,0,1,0,0,0,1,0,1,1,0,0
1289
290,146,367,246,236,253,276,358,252,254,363,292,295,22,22,22,22,22,22,22,22,22,22,22,22,22,22,22,22,22,22,151,237,56,317,332,327,303,312,315,352,320,336,182,316,302,45,306,111,291,279,331,2,2,2,2,2,2,2,2,2,2,2,2,2,2,2,2,2,2,2,2,2,2,2,2,2,2,2,2,2,2,2,2,2,2,2,2,2,2,2,2,2,2,2,2,2,2,2,2,91,91
0,0,0,1,1,1,1,0,1,0,0,0,0,0,1,0,0,0,1,0,0,0,1,0,1,0,0,1,1,0,1,0,0,1,1,0,0,0,0,1,1,1,1,1,1,0,1,1,0,1,1,0,0,0,1,0,1,0,0,0,0,0,0,1,0,1,0,0,0,0,0,0,0,1,1,0,0,0,1,0,0,1,1,1,1,0,1,1,0,1,1,0,0,0,0,1,0,1,1,1,0,0
1290
323,247,351,236,236,304,41,73,292,22,22,22,22,22,22,22,22,305,339,293,56,317,332,332,177,336,316,333,45,291,48,171,288,288,2,2,2,2,2,2,2,2,2,2,2,2,2,2,2,2,2,2,2,2,2,2,2,2,2,2,2,2,2,2,2,2,2,2,91
0,1,1,1,1,1,0,1,0,0,1,1,0,1,1,1,1,1,1,0,1,1,0,1,1,1,1,0,1,0,1,0,0,0,1,1,1,1,1,1,0,1,0,0,1,1,1,1,1,1,1,1,1,0,1,0,1,1,0,1,0,0,0,1,1,1,0,1,0
1291
22,22,22,22,22,22,2,2,2,2,2,2,2,2,2,2,2,2,2,2,2,2,2,2,2,2,2,2,2,2,2,2
0,1,1,0,1,1,1,1,1,0,1,1,1,1,0,0,1,1,0,0,1,0,1,0,1,1,0,0,0,0,0,0
1292
246
0
1293
347,86,318,352,2,2,2,2,2,2,22
1,0,0,1,0,0,1,1,1,0,0
1294
355,338,304,22,2,2,2,2,2,2,2
1,0,1,1,0,0,1,1,1,1,0
1295
302,330,356,22,318,2,2,2,2,2,300
0,1,1,0,1,1,1,1,0,0,1
1296
276,22,22,22,22,22,22,22,22,22,22,22,22,22,22,22,22,22,22,22,22,22,22,2,2,2,2,2,2,2,2,2,2,2,2,2,2,2,2,2,2,2,2,2,2,2,2,2,2,2,2,2,2,2,2,2,2,2,2,2,2,2,2,2,2,2,2,2,2,2,2,2,2,2,2,2
1,0,1,1,1,1,1,0,1,1,1,0,0,1,1,1,0,1,1,0,1,1,1,1,1,0,0,1,0,1,1,0,1,1,0,1,1,1,1,1,0,1,0,1,1,1,1,1,1,1,1,0,1,0,0,0,0,0,1,0,1,1,1,0,0,0,1,1,0,0,1,0,1,1,0,1
1297
22,22,22,22,22,22,22,22,22,22,2,2,2,2,2,2,2,2,2,2,2,2
1,1,0,1,1,0,1,0,0,1,1,1,1,1,1,0,1,0,1,1,1,1
1298
367,351,236,344,5,288,22,22,22,22,22,22,22,22,22,22,22,22,293,56,317,313,308,315,279,336,336,329,316,348,319,199,2,2,2,2,2,2,2,2,2,2,2,2,2,2,2,2,2,2,2,2,2,2,171,307,45,301
0,1,1,1,1,1,1,1,0,1,1,1,1,0,0,0,1,1,0,1,1,1,1,1,1,0,1,0,1,1,1,1,0,1,1,1,1,1,0,1,0,0,1,1,0,0,1,0,1,0,1,1,1,0,1,1,1,0
1299
296,356,236,281,41,5,355,358,254,288,295,22,22,22,22,22,22,22,22,22,22,22,22,22,22,322,339,293,2,2,2,2,2,2,2,2,2,2,2,2,2,2,2,2,2,2,2,2,2,2,2,2,2,2,2,2,2,2,2,2,2,2,2,2,2,2,2,2,2,2,182,313,78,111,280,27,364,350,246,349,45,319,285,328,327,360,208,309,331,301,301,321
0,1,1,0,1,1,1,0,0,0,1,1,1,1,0,1,1,0,1,0,1,0,1,0,1,1,1,1,0,0,0,0,1,0,1,1,0,1,1,0,0,1,0,0,0,1,0,1,0,0,0,0,1,0,0,0,0,1,1,1,1,0,0,1,1,0,0,0,1,0,1,0,1,0,1,1,1,0,1,0,0,1,1,0,0,1,1,1,0,0,1,1
1300
2
0
1301
323,367,236,286,330,22,22,22,22,22,22,22,22,22,22,22,22,22,22,22,22,22,22,22,22,22,22,22,22,22,22,22,22,22,22,22,22,22,22,22,22,22,357,155,352,364,319,309,294,341,252,45,326,296,344,253,284,355,5,292,91,91,293,55,308,151,354,343,365,350,305,27,340,2,2,2,2,2,2,2,2,2,2,2,2,2,2,2,2,2,2,2,2,2,2,2,2,2,2,2,2,2,2,2,2,2,2,2,2,2,2,2,2,2,2,2,2,2,2,2,2,2,2,2,2,2,2,2,2,2,2,2,2,2,2,2,2,2,2,2,2,2,2,2,2,2,2,2,2,2,2,2,2,2,2,2,2,2,2,2,2,2,2,2,360,208,291,65,279,288,288,301,368
0,1,1,0,1,1,0,1,1,1,0,1,1,1,1,1,0,1,1,0,1,1,1,1,1,1,1,1,1,1,1,1,1,1,1,1,1,0,0,0,1,1,0,1,1,1,1,1,1,1,1,1,1,1,1,1,1,1,1,1,1,1,1,1,0,1,1,1,1,1,1,0,0,1,1,0,1,1,1,1,0,1,1,1,1,1,0,0,1,0,1,0,0,0,0,1,0,1,1,1,1,1,1,0,1,1,1,1,1,0,0,1,1,0,0,0,1,1,1,1,1,1,1,0,1,1,0,1,0,0,1,0,0,1,1,1,0,1,1,0,1,0,1,1,1,1,1,0,0,1,1,1,1,1,1,0,0,1,0,1,1,0,0,1,1,0,0,1,0,1,0,0,1
1302
323,311,351,315,236,236,287,318,303,41,235,302,330,22,22,22,22,22,22,22,22,22,22,22,22,22,22,22,22,22,22,22,22,22,22,22,22,22,22,22,22,22,22,22,22,22,22,22,22,22,22,22,22,22,22,22,22,22,22,22,22,22,22,22,22,22,22,22,22,22,22,22,297,322,367,282,348,155,347,2,2,2,2,2,2,2,2,2,2,2,2,2,2,2,2,2,2,2,2,2,2,2,2,2,2,2,2,2,2,2,2,2,2,2,2,2,2,2,2,2,2,2,2,2,2,2,2,2,2,2,2,2,2,2,2,2,2,2,2,2,2,2,2,2,2,2,2,2,2,2,2,2,2,2,2,2,2,2,2,2,2,2,2,2,2,2,2,2,2,2,2,2,2,2,2,2,2,2,2,2,2,2,2,2,2,2,2,2,2,2,2,2,2,2,2,2,2,2,2,2,2,2,2,2,2,2,2,2,2,2,2,2,2,2,2,2,2,2,2,2,2,2,2,2,2,2,2,2,2,2,2,2,2,2,2,2,2,2,2,2,2,2,319,177,365,329,182,144,316,300,111,285,353,309,294,171,45,327,296,247,356,305,312,344,304,358,174,283,292,91,91,339,293,56,317,349,289,254,151,279,106,199,280,325,354,263,350,333,357,301,320,360,291,65,334,288,340,321
0,1,1,1,1,1,1,1,0,1,0,1,1,1,1,1,1,0,1,0,1,0,1,1,0,0,1,0,0,1,1,0,1,0,0,1,1,1,0,1,1,1,0,0,1,1,1,0,1,1,0,0,1,0,0,1,1,1,0,1,0,1,0,1,0,1,1,0,1,0,1,1,1,1,1,1,1,1,1,1,1,0,1,1,0,1,1,0,0,1,0,1,0,0,1,1,0,0,0,1,1,1,0,1,1,1,1,0,0,0,0,0,1,0,1,1,1,0,0,0,0,1,1,1,1,1,0,1,0,1,0,0,1,1,1,1,1,1,0,0,1,1,1,0,0,0,0,0,1,1,0,1,1,0,0,1,1,0,1,0,1,0,1,0,1,0,1,0,1,1,1,1,0,1,0,1,1,1,1,0,1,0,0,0,1,1,1,1,1,1,0,1,1,0,1,0,1,1,0,1,1,1,0,1,1,1,1,1,1,1,1,1,1,0,0,0,1,0,0,1,1,0,1,1,1,1,1,0,1,1,1,0,0,1,0,1,1,0,0,0,1,0,1,1,0,1,1,0,1,1,1,0,1,1,1,1,1,1,0,1,1,1,0,1,0,0,1,0,1,0,1,0,1,1,0,0,1,0,0,1,1,1,1,1,1,1,1,0,1,1,0,1,1,0,1,0,0,1
1303
22,22,22,22,22,22,22,22,22,22,2,2,2,2,2,2,2,2,2,2,2,2,2,2,2,2,2,2,2,2,2,2
0,0,1,1,1,0,0,0,1,1,0,0,0,1,0,0,0,0,0,1,1,0,0,1,1,0,1,0,1,0,0,0
1304
312,344,253,297,5,333,300,283,68,76,360,306,307,335,2,2,2,2,2,2,2,2,2,2,2,2,2,22,22,22,22,22
0,1,1,0,0,0,0,0,1,1,1,1,1,0,0,1,0,1,1,1,0,1,1,0,1,1,0,0,1,0,0,0
1305
338,352,22,2,2,2,2,2,2
0,1,0,0,0,1,0,0,0
1306
331,246,337,236,236,252,276,235,55,174,283,45,330,292,295,22,22,22,22,22,22,22,22,22,22,22,22,22,22,22,22,22,22,22,22,22,22,365,293,326,182,78,302,318,352,354,343,146,175,350,333,5,5,5,348,319,2,2,2,2,2,2,2,2,2,2,2,2,2,2,2,2,2,2,2,2,2,2,2,2,2,2,2,2,2,2,2,2,2,2,2,2,2,2,2,2,2,2,2,2,2,2,2,2,2,2,2,2,2,291,279,288,288,340,321
0,1,1,1,1,1,1,0,1,0,1,1,1,0,1,1,1,0,0,0,0,0,1,1,1,1,1,1,0,1,1,1,1,1,1,1,0,1,1,1,0,1,0,1,1,1,1,1,1,0,0,0,0,1,1,1,1,1,1,0,0,0,1,1,0,1,1,0,0,0,0,1,1,1,0,0,0,1,1,0,1,1,0,0,1,0,1,0,1,0,0,0,1,1,1,1,1,1,1,0,0,1,0,0,0,0,1,1,1,0,1,0,0,0,1
1307
299,290,73,236,323,287,276,302,324,330,22,22,22,22,22,22,22,22,22,22,22,22,22,22,22,22,22,22,22,22,22,22,22,282,332,327,177,352,335,319,353,309,76,345,307,305,2,2,2,2,2,2,2,2,2,2,2,2,2,2,2,2,2,2,2,2,2,2,2,2,2,2,2,2,2,2,2,2,2,2,2,2,2,2,2,2,2,2,2,2,2,2,2,2,2,2,2,2,2,2,2,2,2,2,2,2,2,2,2,2,2,2,2,2,2,2,2,2,2,2,2,2,2,2,2,2,2,2,2,2,2,2,2,2,2,2,2,2,2,2,2,2,2,2,2,2,2,2,2,2,2,2,2,2,2,2,2,2,2,2,2,2,2,2,2,2,2,2,2,2,2,2,2,2,2,2,2,2,2,2,2,2,2,2,2,2,2,2,2,344,253,304,284,174,363,354,55,151,320,199,263,350,333,357,27,326,124,280,65,175
1,0,1,1,1,1,0,0,1,1,0,0,1,1,1,0,1,1,1,1,1,0,0,1,1,1,1,1,0,0,1,0,1,1,0,0,1,1,1,1,1,0,1,1,1,1,1,1,1,0,0,1,1,0,1,0,1,1,1,0,1,1,1,0,1,1,1,0,1,0,1,1,0,1,0,0,1,0,1,1,1,1,1,1,1,1,0,1,1,1,0,1,1,1,1,1,1,1,1,1,1,1,1,0,1,1,1,1,0,0,1,1,0,0,1,1,1,1,1,1,1,0,1,1,0,1,1,1,1,1,1,1,0,1,1,1,1,0,0,0,1,1,1,1,1,0,0,1,0,1,0,1,1,1,0,1,0,1,1,1,1,1,1,1,1,1,1,0,1,1,1,0,1,1,1,1,1,1,1,1,1,1,1,0,1,1,0,0,0,1,1,0,1,1,0,1,1,1,1,1,0,1,1,1,1,1,0,1,1,0
1308
235,65,91,329,247,5,5,330,328,22,22,22,345,294,294,352,349,2,2,2,2,2,2,2,2,337
1,1,0,0,1,0,1,0,0,0,1,1,0,1,1,1,0,1,0,0,1,1,0,0,1,0
1309
299,290,73,337,296,344,311,297,5,355,352,22,22,22,22,22,22,22,22,22,22,22,22,298,346,55,78,280,342,106,199,110,144,353,353,2,2,2,2,2,2,2,2,2,2,2,2,2,2,2,2,2,2,2,2,2,2,2,2,2,2,2,2,2,2,2,2,2,2,2,2,2,124,294,334,307,288,340,91
1,0,1,1,1,1,1,0,0,1,1,0,0,1,0,1,0,0,1,0,0,1,1,1,1,1,1,0,0,0,0,0,1,0,1,0,1,1,0,0,1,1,0,1,0,1,1,1,1,1,1,1,1,1,1,1,0,1,1,1,0,0,1,1,1,1,0,0,0,1,0,1,0,0,1,0,0,0,1
1310
367,351,347,236,236,304,5,5,174,363,22,22,22,22,22,22,22,22,22,22,339,317,349,308,177,343,86,144,348,338,364,353,359,291,65,171,331,2,2,2,2,2,2,2,2,2,2,2,2,2
1,1,0,1,1,0,0,1,0,0,1,0,1,1,0,0,1,1,0,0,1,0,0,0,1,0,0,0,1,0,1,0,1,0,0,1,0,0,0,1,1,0,0,1,1,1,1,0,1,1
1311
236,350,253,284,254,22,22,22,22,22,22,22,22,22,22,339,293,283,56,317,313,308,371,315,279,325,144,316,288,111,301,65,171,45,2,2,2,2,2,2,2,2,2,2,2,2,2,2,2,2,2,2,2,2,2,2,2,2,2,2,2,2,2,2,2,2,2,177
1,0,0,0,0,1,0,1,0,1,0,0,1,1,0,1,0,1,1,0,1,0,1,0,0,0,0,0,0,0,0,0,0,0,1,0,1,1,1,0,0,0,0,0,0,0,1,0,0,0,0,1,0,0,0,0,0,1,0,0,0,1,0,0,1,0,0,0
1312
299,323,73,73,351,337,236,287,318,286,297,311,284,302,324,352,22,22,22,22,22,22,22,22,22,22,22,22,22,22,22,22,22,22,22,22,22,22,22,22,22,22,22,22,22,22,22,22,22,22,22,22,22,22,22,22,22,22,326,298,282,237,325,155,312,177,365,65,330,27,364,301,111,285,353,309,76,314,294,308,307,305,327,296,235,281,41,252,5,5,355,358,363,295,91,339,354,341,174,349,343,289,346,320,199,280,86,110,263,350,106,333,357,338,68,328,2,2,2,2,2,2,2,2,2,2,2,2,2,2,2,2,2,2,2,2,2,2,2,2,2,2,2,2,2,2,2,2,2,2,2,2,2,2,2,2,2,2,2,2,2,2,2,2,2,2,2,2,2,2,2,2,2,2,2,2,2,2,2,2,2,2,2,2,2,2,2,2,2,2,2,2,2,2,2,2,2,2,2,2,2,2,2,2,2,2,2,2,2,2,2,2,2,2,2,2,2,124,345,48,331,78,321
1,1,1,1,1,1,1,0,1,1,1,1,1,1,1,1,1,1,1,0,1,1,1,1,1,1,1,1,1,0,1,1,1,0,1,1,0,1,1,1,1,1,1,1,1,0,1,1,1,1,1,1,1,1,0,1,1,0,1,1,1,1,1,1,0,1,1,1,0,1,1,0,1,1,1,1,1,1,1,1,1,1,1,1,1,0,1,1,1,1,1,1,1,1,1,1,1,1,1,1,0,1,1,1,1,1,0,1,1,1,1,1,1,1,1,1,1,1,1,1,0,1,1,1,1,1,1,1,0,0,1,1,1,0,1,1,1,1,1,1,1,1,1,1,1,1,1,0,1,1,1,1,1,1,1,1,0,1,1,1,1,1,1,1,1,1,1,1,0,1,1,1,1,1,1,1,1,1,1,1,1,1,1,1,1,1,1,1,0,1,1,1,1,1,1,1,1,1,1,1,1,1,1,0,1,1,1,1,1,1,1,1,1,1,0,1,0,0,1,0,0,1,1
1313
22,22,22,2,2
0,1,0,0,0
1314
315,56,236,358,293,301,313,282,45,352,288,22,22,22,22,22,22,22,22,22,22,22,322,291,334,317,171,2,2,2,2,2,2,2,2,2,2,2,2,2,2,2,2,2,2,2,2,2,2
0,1,0,0,1,0,0,0,1,0,0,0,1,0,1,1,0,1,0,1,0,0,1,0,1,1,1,0,1,1,0,0,0,1,1,0,0,1,0,0,0,1,0,0,0,0,1,1,1
1315
73,246,22,22,22,22,22,22,22,22,22,22,22,22,22,22,22,22,22,22,22,22,2,2,2,2,2,2,2,2,2,2,2,2,2,2,2,2,2,2,2,2,2,2,2,2,2,2,2,2,2,2,2,2,2,2,2,2,2,2,2,2,2,2,2,2,2,2
1,0,0,0,1,1,1,1,1,0,0,0,1,1,1,0,1,0,1,1,1,1,1,1,0,0,0,0,0,0,0,0,0,1,0,0,0,1,0,0,0,0,0,0,0,1,0,0,1,1,0,0,1,0,1,0,0,0,1,0,0,0,0,0,0,0,0,0
1316
296,235,253,360,276,311,355,302,288,295,91,182,282,55,146,349,151,365,354,331,86,110,357,350,300,333,348,338,364,328,2,2,2,2,2,2,2,2,2,2,2,2,2,2,2,2,2,2,2,2,2,2,2,2,2,2,2,2,2,2,2,2,2,2,2,2,2,2,2,2,2,2,2,2,2,2,2,2,2,2,2,2,2,2,345,177,367,318,340,22,22,22,22,22,22,22,22,22,22,22,22,22,22,22,22
0,1,1,1,0,1,1,1,0,0,0,1,0,0,0,0,0,1,0,0,1,0,1,1,0,0,0,1,0,1,0,0,1,0,0,1,0,0,0,1,1,1,0,1,1,1,0,1,0,1,1,0,1,0,0,1,1,1,1,0,1,1,1,1,0,1,0,0,0,0,1,1,0,1,1,0,1,1,1,0,1,0,1,0,1,1,1,1,1,1,1,1,1,0,1,1,0,1,0,1,1,1,1,1,0
1317
296,247,236,323,253,286,276,311,174,330,292,22,22,22,22,22,22,22,22,22,22,22,22,22,22,22,22,22,368,305,293,317,65,312,334,106,182,45,319,359,309,345,291,48,171,307,288,2,2,2,2,2,2,2,2,2,2,2,2,2,2,2,2,2,2,2,2,2,2,2,2,2,2,2,2,2,2,2,2,2,2,2,2,2,2,2,2,2,2,91
1,0,1,1,1,0,0,0,1,1,1,1,1,1,1,0,1,1,0,0,0,1,0,1,0,0,1,1,0,1,0,1,1,1,1,1,1,1,1,0,1,1,1,0,1,1,0,1,1,1,1,1,0,1,0,1,1,1,1,1,1,1,0,1,0,1,1,0,1,1,1,1,1,1,1,0,1,0,0,0,1,1,0,0,0,1,1,0,0,0
1318
73,343,236,318,288,41,301,313,45,346,359,295,2,2,2,2,2,2,2,2,2,2,2,2,2,2,2,2,2,2,2,2,2,2,2,2,2,2,2,2,2,2,2,2,314,208,293,171,317,349,327,22,22,22,22,22,22,22,22,22,22,22
0,0,1,1,0,0,1,0,0,1,0,1,1,0,0,0,1,0,0,0,0,0,0,0,0,0,0,1,0,1,0,0,0,0,0,0,0,0,1,1,0,0,0,0,0,0,0,1,0,0,1,0,0,0,0,0,0,0,1,0,1,1
1319
68,22,22,22,2,2,2,2
1,1,1,1,1,1,1,0
1320
78,78,296,367,334,76,236,325,299,73,332,364,22,22,22,22,22,368,291,279,307,288,2,2,2,2,2,2,2,2,2,2,2,2,2,2,2,2,2,2,2,2,2,2,2,2,2,2,2,2,2,2,2,2,2,2,2,2,2,2,2,2,2,2,2,2,2,2,2,2,2,2,2,2,2,2,2,2,2,2,2,2,2,2,2,2,2,2,2,2,2,2,2,2,2,2,2,91
1,1,0,1,1,1,1,0,1,1,0,0,0,1,1,0,0,1,0,0,0,0,0,0,1,0,0,1,1,1,0,1,0,0,0,0,1,1,1,1,1,1,1,1,1,1,1,1,1,1,0,1,1,1,1,1,1,1,1,1,1,1,1,1,0,1,1,0,1,1,1,1,1,0,1,1,1,1,1,0,1,1,1,0,1,1,0,1,1,0,1,1,1,1,0,1,1,0
1321
2
0
1322
310,22,361,291,45,2,2
1,1,1,1,1,0,1
1323
289,306,280,246,354,340,287,328,5,5,288,302,27,309,22,22,22,22,22,22,22,22,22,22,22,247,339,282,294,332,2,2,2,2,2,2,2,2,2,2,2,2,2,2,2,2,2,2,2,2,2,2,2,2,2,368
0,1,0,0,1,0,1,0,0,0,1,1,1,1,1,0,0,1,1,1,0,0,0,0,0,1,0,0,0,1,1,1,1,0,1,0,0,0,1,0,1,1,0,1,0,1,0,0,0,0,1,1,1,0,0,1
1324
22,22,22,22,2,2,2,2,2,2,2,2,2,2,2,2,2,2,2,2,2,2,2,2,2
0,0,0,1,0,1,0,0,0,0,1,1,1,0,1,1,1,0,0,0,0,1,0,0,1
1325
299,73,73,236,286,286,367,45,359,22,22,22,22,22,22,171,317,332,2,2,2,2,2,2,2
1,0,1,1,1,1,0,0,1,1,0,0,0,0,1,1,0,1,1,1,0,0,0,0,0
1326
302,329,297,335,345,350,358,319,283,285,295,22,22,22,22,22,22,22,22,124,322,346,48,357,146,2,2,2,2,2,2,2,2,2,2,2,2,2,2,2,2,2,2,2,321
0,1,1,0,1,1,1,0,1,1,0,0,1,1,0,1,1,1,1,1,1,1,0,0,1,0,1,0,1,0,0,0,0,0,1,1,1,0,1,0,0,1,1,1,1
1327
78,302,363,328,22,22,22,287,358,2,2,2,2,2,2,2,2,2,349
0,0,0,0,1,1,0,1,0,0,1,0,0,0,0,0,0,0,0
1328
347,236,322,297,302,324,22,22,22,22,22,22,22,22,22,22,22,22,22,22,22,22,22,22,22,22,22,22,22,22,22,22,22,22,22,22,22,22,22,22,22,22,22,22,22,22,22,22,22,293,282,146,332,337,280,369,316,5,306,353,76,294,171,252,45,326,289,247,253,177,355,174,363,292,295,91,339,346,352,182,349,343,303,334,354,199,333,68,2,2,2,2,2,2,2,2,2,2,2,2,2,2,2,2,2,2,2,2,2,2,2,2,2,2,2,2,2,2,2,2,2,2,2,2,2,2,2,2,2,2,2,2,2,2,2,2,2,2,2,2,2,2,2,2,2,2,2,2,2,2,2,2,2,2,2,2,2,2,2,2,2,2,2,2,2,2,2,2,2,2,2,2,2,2,2,2,2,2,2,2,2,2,2,2,2,2,2,2,2,2,2,2,2,2,2,2,291,279,288,340,368
0,1,1,0,0,1,0,0,0,1,0,1,1,0,1,0,1,1,1,1,1,1,1,1,1,0,1,1,0,1,1,0,0,1,0,0,1,0,1,1,1,1,0,1,0,1,0,1,0,1,0,1,0,0,1,1,1,1,1,0,0,0,1,1,1,0,1,1,0,1,1,1,0,0,1,0,1,1,1,0,0,0,0,1,1,1,1,1,0,1,0,0,1,0,0,1,0,0,0,0,0,1,1,1,0,0,0,0,1,1,0,1,0,0,0,0,1,1,0,1,0,0,1,0,1,1,1,1,1,0,0,0,1,0,0,1,0,0,1,1,1,1,1,1,1,1,0,0,1,0,1,0,0,1,1,0,1,0,1,1,0,1,1,0,1,1,1,1,0,0,1,0,0,1,0,1,1,1,0,1,1,1,1,0,1,0,1,1,1,1,1,0,0,0,0,0,1,0,0,1,1
1329
283,73,344,177,111,359,22,22,22,22,22,22,124,171,317,349,2,2,2,2,2,2,2,2,2
0,0,1,1,0,0,0,0,0,0,1,0,1,1,0,0,1,0,1,1,0,0,0,0,0
1330
303,280,106,199,325,110,335,304,155,22,22,22,22,22,22,22,22,22,22,22,22,360,282,237,2,2,2,2,2,2,2,2,2,2,2,2,2,2,2,2,2,2,2,2,2,2,2,2,2,368
1,0,1,1,0,0,0,0,1,1,0,0,0,0,1,1,0,1,1,0,0,1,0,0,0,0,0,0,0,1,1,1,0,0,1,0,0,0,1,1,0,1,0,0,0,0,1,0,1,0
1331
22,2
1,0
8108
177,171,236,331,315,45,27,22,22,22,22,22,22,22,22,22,22,22,313,293,2,2,2,2,2,2,2,2,2,2,2,2,2,2,2,2,2,2,2,2,2,2,2,2,2,2,2,2,2,2,2,2,317,288,301,316
0,1,1,0,1,1,1,1,1,0,1,1,1,1,0,1,1,1,1,0,0,0,1,0,1,0,1,1,1,0,0,1,0,0,0,0,0,0,0,0,1,0,1,1,1,1,1,0,0,0,0,0,1,1,1,0
1333
2,2,2,2,2,2,2,2,2,2,2,2,2,2,2,2,2,303,247,285,287,357,177,348,324,353,309,22,22,22,22,295,237,55,48,326
1,1,1,0,0,0,1,1,1,0,1,1,1,0,0,1,0,0,1,1,1,0,0,1,1,0,0,1,1,1,0,0,1,0,0,0
1334
78,296,73,22,22,22,22,22,236,301,318,279,46,313,2,2,2,2,2,2,2,2,2,2,2,2,2,2,2,2,2,2,2,2,2,2,2,2,2,2,2,2,2,2,2,2,2,2,2,2,2,2,2,2,2,2,2,2,2,2,2,2,2,2,2,2,2,2,2,2,2,2,2,2,2,2,2,2,2,2,2,2,2,2,2,2,2,2,2,2,2,2,2,2
1,0,1,0,0,1,0,1,0,0,1,1,0,1,1,1,1,1,1,0,1,0,0,1,0,0,0,0,1,1,0,1,1,1,0,1,1,0,1,1,1,0,0,1,0,1,1,1,0,1,1,0,1,1,1,1,1,1,1,1,1,1,0,1,0,1,1,1,1,1,0,0,1,1,1,0,1,1,1,1,1,1,1,1,1,1,1,1,1,1,1,0,1,0
1335
321,246,355,336,343,368,307,2,2,2,2,357
1,1,0,0,1,1,0,0,0,0,0,0
1336
302,73,22,22,146,55,182,284,2,2,2,2
0,0,0,0,0,1,1,0,1,1,0,1
1337
236,2,2,2,2,2,2,22
1,0,0,0,0,1,0,0
1338
311,351,347,236,287,286,284,302,22,22,22,22,22,22,22,22,22,22,22,22,22,22,22,22,22,22,22,22,22,22,22,22,22,22,22,357,146,313,312,280,352,336,68,329,175,316,332,319,353,309,76,294,171,307,45,2,2,2,2,2,2,2,2,2,2,2,2,2,2,2,2,2,2,2,2,2,2,2,2,2,2,2,2,2,2,2,2,2,2,2,2,2,2,2,2,2,2,2,2,2,2,2,2,2,2,2,2,2,2,2,2,2,2,2,2,2,2,2,2,2,2,2,2,2,2,2,2,2,2,2,2,2,2,2,2,2,2,2,2,2,2,2,2,2,177,296,247,356,344,304,46,5,5,5,358,283,295,293,56,317,78,315,279,320,343,325,354,350,333,348,27,301,345,303,65,334,288,340,321
0,1,0,1,0,0,0,0,0,0,1,0,1,1,0,0,1,1,1,0,0,0,1,1,1,1,1,1,1,1,0,0,1,1,1,0,0,0,1,1,1,1,0,1,0,1,1,1,0,0,1,0,1,0,1,1,0,1,0,1,1,0,0,1,1,0,1,1,1,1,1,0,1,1,0,0,1,1,1,1,1,1,0,1,0,1,0,1,1,1,1,0,1,0,0,0,0,0,0,0,1,1,1,1,1,1,0,1,0,1,1,0,1,1,1,1,0,1,1,1,1,1,1,1,1,1,0,1,1,1,0,1,0,1,0,1,0,0,0,1,1,0,1,0,0,0,0,0,1,1,1,1,1,0,0,0,0,0,0,0,0,1,1,0,1,1,0,1,0,0,1,1,1,0,1,1,1,0,0
1339
364,236,236,276,318,297,288,284,252,355,182,295,22,22,22,22,22,22,22,22,22,22,22,22,22,305,293,55,317,313,341,78,320,329,86,146,357,67,5,348,285,353,359,326,301,124,314,328,65,171,45,2,2,2,2,2,2,2,2,2,2,2,2,2,2,2,2,2,2,2,2,2,2,2,2,2,2,2,2,2,2,2,2,2,2,2,2,2,2,2,2,91
1,1,1,0,1,0,0,1,1,1,1,1,1,1,1,1,1,1,1,1,1,1,1,1,1,1,1,0,0,1,1,1,1,1,0,0,1,1,1,1,0,0,0,0,0,0,0,0,0,1,1,1,1,1,0,0,0,1,1,1,0,1,1,1,1,0,1,0,1,1,1,1,0,0,0,1,1,1,1,0,1,1,1,0,1,1,1,1,1,0,1,0
1340
351,276,253,368,254,22,22,22,22,22,22,22,22,22,22,22,22,22,22,282,2,2,2,2,2,2,2,2,2,2,2,2,2,2,2,2,2,2,2,2,2,2,2,2,2,2,2,2,2,2,2,2,2,2,2,2,2,155,354,325,110,263,350,333,331,111,68,76,279,307,175,326,321
1,1,0,1,0,0,0,0,0,0,0,0,1,1,1,1,1,1,0,1,1,1,0,0,0,1,1,0,1,0,0,0,1,1,1,0,1,1,1,1,1,1,1,0,1,0,1,1,1,1,1,0,1,1,0,1,0,1,1,1,0,1,0,1,0,1,1,1,1,0,1,0,1
1341
299,367,22,22,22,22,22,298,286,73,2,2,2,2,2,2,2,2,2,2,2,2,2,2,2,2,2,2,2,2,2,2,2,2,2,2,2,2,2,2,2,2,2,2,2,2,2,2
1,1,1,1,0,0,1,1,0,0,0,0,1,1,0,0,0,1,0,1,0,0,0,1,0,1,1,1,0,0,1,1,1,0,1,1,0,1,1,0,0,0,0,0,1,1,0,0
1342
55,2,2,2
1,0,0,1
1343
146,285,343,322,346,41,182,5,2,2,2,2,2,2,2,2,2,22,22,22
1,0,0,1,1,0,1,0,1,0,1,1,0,0,1,1,1,1,1,1
1344
362,236,46,300,359,310,22,22,22,22,22,22,22,22,208,293,317,288,2,2,2,2,2,2,2,2,2,2,2,2
1,0,1,0,0,1,1,0,1,1,1,1,1,0,0,0,0,0,0,0,0,0,0,0,0,0,1,1,1,1
1345
171,359,317,22,22,22,22,22,22,22,22,2,2,2,2,2,2,2,2,2,2
1,0,0,1,1,1,1,1,1,1,1,1,1,1,0,1,1,0,1,0,1
1346
22,22,22,22,22,2,2,2,2,2,2
0,0,1,0,1,1,1,0,1,0,1
1347
2,2,2,2,2,2,361,293,56,288,301,22,22
0,0,0,0,1,0,1,0,0,0,1,0,0
1348
22,22,22,236,300,297,45,45,2,2,2,2,2,2,2,2,2,2,2,2,2,2,2,2,2,2,2,2,2,2,2,2,2,2,2,2,313
0,0,1,1,0,0,0,1,0,0,0,0,1,0,0,0,0,0,0,0,0,0,0,0,0,0,0,0,0,1,0,1,1,1,1,0,1
1349
296,351,236,253,286,41,252,254,22,22,22,22,22,22,22,22,22,22,22,22,22,22,22,22,22,22,22,22,22,22,22,293,55,317,313,341,283,352,354,325,144,300,333,45,359,2,2,2,2,2,2,2,2,2,2,2,2,2,2,2,2,2,2,2,2,2,2,2,2,2,2,2,2,2,2,2,2,2,2,2,2,2,345,48,171,288,301,76
0,1,1,1,1,1,1,0,1,1,1,0,1,0,1,1,1,1,1,0,1,1,1,1,1,1,0,1,0,1,0,1,1,1,1,0,0,1,0,0,0,0,1,1,1,1,1,0,0,1,0,1,1,1,1,0,1,1,1,0,1,1,1,0,1,1,0,1,1,0,1,0,0,1,1,0,0,0,0,0,1,0,1,0,1,0,1,0
1350
329,111,2,2,2
0,0,1,0,0
1351
290,323,247,356,336,318,304,5,355,358,363,22,22,22,22,22,22,22,22,22,22,22,22,22,22,22,22,22,22,22,305,352,182,332,303,338,151,106,236,91,325,335,144,333,331,111,86,340,327,177,78,279,307,288,2,2,2,2,2,2,2,2,2,2,2,2,2,2,2,2,2,2,2,2,2,2,2,2,2,2,2,2,2,2,2,2,2,2,2,2,2,2,2,2,2,2,321
1,0,1,1,1,1,0,1,1,1,0,0,1,0,1,1,0,0,0,1,1,0,0,0,0,0,1,0,0,0,1,0,1,0,1,0,0,0,1,0,1,1,1,0,0,0,0,0,0,1,0,1,0,0,0,0,0,0,0,1,1,1,1,1,1,1,1,0,1,1,1,0,1,0,0,1,0,0,1,0,0,0,1,0,1,0,1,0,0,0,1,0,1,1,1,0,1
1352
362,199,22,2,2,2,2,2,332
1,0,0,1,1,1,1,1,1
1353
299,303,73,347,336,323,297,280,235,324,22,22,22,22,22,22,22,22,298,339,48,182,294,2,2,2,2,2,2,2,2,2,2,2,2,2,2,2,2,2,2,2,2,2,2,2,2,2,2,2,368
1,0,0,0,1,0,0,1,0,1,1,1,1,1,0,1,0,0,1,0,0,1,0,1,0,0,1,0,0,1,0,0,1,0,0,1,1,1,0,0,1,1,1,1,1,0,0,0,1,1,1
1354
315,171,236,91,316,284,306,45,292,22,22,22,22,124,124,313,293,56,317,288,288,2,2,2,2,2,2,2,2,2,2,2,2,341
1,1,0,0,1,0,0,1,0,1,1,1,1,0,0,0,0,0,1,0,0,0,0,1,0,0,0,1,0,0,0,0,1,1
1355
324,286,22,2,2,2,2,361
1,0,1,1,1,0,1,1
1356
290,323,367,252,300,325,144,335,350,73,5,309,22,22,22,22,22,22,22,22,22,22,22,208,295,334,146,2,2,2,2,2,2,2,2,2,2,2,2,2,2,2,2,2,2,2,2,2,2,2,2,2,177
0,1,0,1,0,0,0,1,0,0,0,0,0,0,1,1,0,0,0,0,0,1,1,0,1,1,1,1,1,1,0,1,0,0,0,0,0,0,1,1,0,1,0,1,0,1,0,1,0,0,1,0,0
1357
344,303,280,246,110,253,297,5,333,330,328,22,22,22,22,22,22,22,124,360,363,295,65,307,263,2,2,2,2,2,2,2,2,2,2,2,2,2,2,2,2,2,2,2,2,2,2,2,2,2,2,2,2,2,2,2,2,2,2,321
1,1,0,1,1,0,1,0,0,1,0,1,1,1,1,1,1,1,0,1,1,0,1,0,0,0,1,1,1,1,0,0,0,0,1,1,0,1,0,0,0,0,1,0,0,1,1,0,0,1,0,0,0,1,1,0,0,0,0,1
6204
177,22,22,336,345,364,151,334,155,2,2,2,2,2,2,2,2,2
1,1,1,0,0,1,0,0,1,0,0,0,0,0,0,0,0,1
1359
22,22,22,22,22,22,22,22,22,2,2,2,2,2,2,2,2,2,2,2,2,2,2,2,2
1,0,1,0,0,0,0,0,0,1,0,1,1,0,0,0,0,1,0,0,1,0,0,0,0
1360
236,22,22,2,2
1,0,0,0,0
1361
323,73,351,337,236,41,367,302,22,22,22,22,22,22,22,22,22,22,22,22,22,22,22,22,22,22,22,22,22,22,22,22,22,293,282,300,313,347,312,329,175,144,5,332,319,285,353,359,76,171,307,45,2,2,2,2,2,2,2,2,2,2,2,2,2,2,2,2,2,2,2,2,2,2,2,2,2,2,2,2,2,2,2,2,2,2,2,2,2,2,2,2,2,2,2,2,2,2,2,2,2,2,2,2,2,2,356,252,327,174,254,292,91,346,352,317,349,308,289,151,110,263,348,68,328,111,124,345,65,279,288
1,0,1,1,1,1,1,1,1,0,1,0,1,1,0,0,1,1,1,1,0,0,0,1,0,1,0,0,1,1,0,1,1,1,1,0,1,0,0,0,1,1,1,0,0,0,1,1,0,1,0,1,0,0,0,0,1,1,0,0,1,1,1,1,0,1,0,0,1,1,1,1,0,1,1,1,0,0,1,0,1,1,1,0,1,0,1,1,0,0,1,1,1,1,1,0,1,0,0,1,1,0,1,1,1,0,0,0,1,0,0,1,0,1,0,1,0,0,1,0,1,1,1,1,0,1,0,1,1,1,0
1362
281
0
1363
2,2
0,0
1364
291,320,236,363,359,22,22,22,22,22,22,22,22,22,22,345,282,171,317,45,2,2,2,2,2,2,2,2,2,2,2,2,2,2,2,2,2,2,2
1,0,1,0,0,0,1,0,0,1,0,0,1,0,1,0,0,1,1,1,0,0,1,0,1,0,0,0,0,1,1,0,0,1,0,0,0,0,0
1365
323,315,171,236,236,252,316,338,45,352,340,22,22,22,22,56,317,313,2,2,2,2,2,2,2,2,2,2,2,2,2,2,2,2,2,2,2
1,1,0,1,0,0,1,0,0,1,0,0,1,0,1,1,0,0,1,0,1,0,0,0,1,0,0,1,0,1,0,0,0,0,1,1,0
1366
22,2,2,2,327
0,1,1,1,0
1367
254,306,2,2,2,2,2,2,2,2,2,2,360,174,5,333,22,22,22,22,22,22
0,0,1,0,0,0,0,1,1,1,0,1,1,1,1,1,1,1,0,0,0,1
1368
290,296,73,73,236,236,287,297,284,174,302,295,22,22,22,22,22,22,22,22,22,22,22,22,22,22,293,313,78,312,312,299,199,335,367,2,2,2,2,2,2,2,2,2,2,2,2,2,2,2,2,2,2,2,2,2,2,2,2,2,2,2,2,2,2,2,2,2,2,2,2,2,2,2,2,2,2,2,2,2,2,2,2,2,2,2,2,2,2,2,2,2,2,2,2,2,2,2,2,2,2,2,2,2,2,2,2,2,2,2,2,2,2,2,2,2,2,2,2,2,2,2,2,2,2,2,2,2,2,2,2,2,2,2,2,2,2,2,2,2,2,2,2,2,2,2,2,2,2,2,2,2,2,2,2,2,2,2,2,2,2,2,2,2,2,2,2,2,2,2,2,279,279,288,301
0,0,1,0,0,0,1,1,1,0,0,1,0,0,0,1,0,0,0,0,0,0,1,0,0,1,1,0,0,0,0,1,1,0,1,0,0,0,0,1,1,1,0,0,0,0,0,0,0,0,0,0,0,1,0,1,1,1,1,1,1,1,1,1,1,1,0,0,1,0,0,0,1,1,1,1,1,1,1,1,1,0,0,0,1,1,0,0,1,0,1,1,0,0,0,1,0,1,0,0,0,1,1,1,0,1,0,0,1,0,0,0,1,1,1,0,0,1,1,1,0,1,1,1,1,0,0,1,1,1,1,0,0,0,1,0,0,1,0,1,0,0,0,0,1,0,0,1,0,1,1,0,0,1,1,1,1,1,1,1,1,0,1,1,1,1,1,1,1,1,0,0,1,0,1
1369
323,367,351,347,236,296,287,286,276,311,302,22,22,22,22,22,22,22,22,22,22,22,22,22,22,22,22,22,22,22,22,22,22,22,22,22,237,357,332,155,111,336,329,321,144,300,319,353,344,294,307,305,2,2,2,2,2,2,2,2,2,2,2,2,2,2,2,2,2,2,2,2,2,2,2,2,2,2,2,2,2,2,2,2,2,2,2,2,2,2,2,2,2,2,2,2,2,2,2,2,2,2,2,2,2,2,2,2,2,2,2,2,2,2,2,2,2,2,2,2,2,2,2,2,2,2,2,2,2,2,2,2,2,2,289,356,41,253,345,5,5,5,5,355,174,254,358,339,349,341,78,342,106,343,325,263,350,363,333,348,68,328,124,360,208,303,65,334,368
0,1,1,0,1,1,1,0,1,0,0,1,1,1,1,1,1,1,0,1,1,0,0,0,1,1,1,0,1,0,0,1,1,1,0,0,1,0,0,1,0,1,1,1,1,0,0,0,1,1,0,1,0,0,0,0,1,1,0,0,1,1,1,1,0,1,1,0,1,0,0,0,1,1,1,1,0,0,0,0,1,0,0,0,0,0,1,0,0,1,1,1,1,0,0,1,1,1,0,0,0,1,0,0,0,0,1,0,1,1,0,0,0,1,0,1,1,0,1,0,1,1,0,0,1,1,0,0,0,1,1,1,0,0,1,1,0,0,0,1,0,0,1,1,0,0,1,1,0,0,1,1,0,0,0,0,0,0,1,0,1,1,0,1,0,1,1,1,0
1370
235,106,347,281,110,253,330,353,22,22,22,22,22,314,48,146,2,2,2,2,2,2,2,2,2,2,2,2,2,2,2,2,2,2,2,2
0,0,0,0,0,1,0,0,1,1,0,1,0,1,0,0,1,0,0,0,0,0,0,1,1,1,1,1,0,0,0,0,1,0,0,0
1371
78,247,351,337,287,344,360,5,355,174,283,324,346,288,22,22,22,22,22,22,22,22,22,22,22,22,22,22,22,22,22,22,22,22,22,322,363,282,237,55,182,289,354,343,329,146,350,330,357,306,68,320,345,48,305,2,2,2,2,2,2,2,2,2,2,2,2,2,2,2,2,2,2,2,2,2,2,2,2,2,2,2,2,2,2,2,2,2,2,2,2,2,2,2,2,2
1,0,0,0,0,1,1,0,1,1,0,1,1,0,0,0,0,0,1,1,0,1,1,0,0,0,0,1,1,1,0,1,0,0,1,1,1,0,0,0,1,1,1,0,0,0,1,0,0,1,1,0,0,0,1,0,0,0,0,0,0,0,0,1,1,0,1,0,0,1,1,0,0,0,1,1,0,1,1,0,0,0,1,0,0,1,1,0,0,0,0,0,0,1,0,0
1372
290,78,286,347,336,345,304,302,246,295,22,22,22,22,22,22,22,22,22,22,22,22,22,322,182,308,303,338,320,263,357,319,328,314,307,305,2,2,2,2,2,2,2,2,2,2,2,2,2,2,2,2,2,2,2,2,2,2,2,2,2,2,2,2,2,2,2,2,2,2,2,2,321
0,0,0,0,1,1,0,1,1,1,1,0,1,1,0,1,1,0,1,1,1,0,0,1,1,0,1,0,1,1,1,0,1,0,1,1,1,1,1,1,1,1,0,1,0,0,1,1,1,1,1,1,1,1,1,1,0,0,0,0,0,1,0,0,1,1,0,1,1,1,1,1,1
1373
22,2,2,2
0,1,1,1
1374
296,331,68,236,263,304,308,73,332,22,22,22,22,22,22,22,22,22,22,22,22,22,22,336,305,305,293,341,56,317,313,106,315,279,320,343,285,86,175,357,316,288,27,76,2,2,2,2,2,2,2,2,2,2,2,2,2,2,2,2,2,2,2,2,2,2,2,2,2,2,2,2,2,2,2,2,2,2,2,2,2,2,2,2,2,2,124,48,171,45,301,321
1,1,1,1,1,0,1,1,0,1,1,1,0,1,0,0,1,1,1,0,1,1,1,1,1,1,0,1,1,0,1,1,1,1,1,0,0,0,0,1,1,0,1,1,1,1,1,0,1,1,1,1,0,1,1,0,1,0,1,1,1,1,1,0,0,0,1,0,0,1,1,0,0,0,1,0,1,1,1,1,1,0,1,1,1,1,1,0,1,1,1,1
1375
306,359,236,287,282,288,283,346,292,22,22,22,22,22,22,22,22,291,293,171,317,45,2,2,2,2,2,2,2,2,2,2,2,2,2,2,2,2,91
0,0,1,1,1,0,0,1,1,0,1,1,1,1,1,0,1,1,1,0,1,1,1,1,0,1,1,0,1,0,0,0,1,0,1,1,1,0,0
1376
2,2
1,0
1377
73,73,336,236,182,304,301,313,313,359,359,359,332,22,22,22,22,22,22,305,305,171,317,45,2,2,2,2,2,2,2,2,2,2,2,2,2,2,2,2,2,2,2,2,2,2,2,2,2,2,2,308,308
1,1,1,1,0,0,1,0,1,0,0,0,1,0,0,0,1,1,1,0,0,1,1,1,0,0,1,1,0,0,1,1,0,0,0,0,0,1,1,0,0,1,0,0,0,0,0,0,0,0,1,0,0
1378
311,351,347,236,236,281,318,297,247,302,330,199,22,22,22,22,22,22,22,22,22,22,22,22,22,22,22,22,22,22,22,22,22,22,22,22,282,332,177,336,359,359,171,171,305,2,2,2,2,2,2,2,2,2,2,2,2,2,2,2,2,2,2,2,2,2,2,2,2,2,2,2,2,2,2,2,2,2,2,2,2,2,2,2,2,2,2,2,2,2,235,253,345,5,5,355,252,283,45,363,292,91,91,339,293,317,317,341,289,106,343,354,367,357,27,328,360,291,334,288
1,0,1,1,1,0,1,1,1,1,1,1,1,0,1,1,0,1,1,1,0,1,0,1,1,0,1,0,1,1,1,0,0,1,1,1,1,0,0,1,1,1,1,1,1,0,0,0,1,1,1,1,0,0,1,0,0,0,1,1,1,1,0,0,1,1,0,0,1,0,1,1,1,1,1,0,1,1,1,1,0,1,1,0,1,1,0,1,1,0,0,1,1,1,1,0,1,1,1,1,1,0,0,0,1,0,0,1,0,1,0,1,1,1,0,0,1,1,1,1
1379
325,325,22,2,2,2,2,2,2,2,2
0,0,0,1,0,0,1,0,0,1,0
1380
290,323,311,246,236,281,318,286,41,330,22,22,22,22,22,22,22,22,22,22,22,22,22,22,22,22,22,22,22,22,22,22,322,282,237,357,312,280,335,111,353,309,76,294,341,253,327,177,296,297,252,304,5,5,358,283,363,346,174,182,349,308,303,254,106,199,350,333,348,338,68,2,2,2,2,2,2,2,2,2,2,2,2,2,2,2,2,2,2,2,2,2,2,2,2,2,2,2,2,2,2,2,2,2,2,2,2,2,2,2,2,2,2,2,2,2,2,2,2,2,2,2,2,2,2,2,2,2,208,78,279,301,289
0,1,1,1,1,0,1,0,1,1,1,1,1,1,1,1,0,0,1,0,1,0,1,0,1,1,1,1,1,0,0,1,0,1,0,0,0,1,1,1,1,1,1,1,1,1,1,0,1,0,1,0,1,0,1,1,1,1,1,1,1,1,1,1,1,1,1,1,0,1,1,1,1,1,0,1,1,1,1,1,1,1,1,1,1,1,1,0,1,1,1,1,1,1,1,1,1,0,1,1,1,1,1,1,1,1,1,1,1,1,1,1,1,1,1,1,0,1,1,1,0,1,0,0,1,0,1,1,1,1,1,1,1
1381
285,288,2,2
0,0,0,0
1382
290,323,323,311,246,337,236,281,144,318,276,324,330,22,22,22,22,22,22,22,22,22,22,22,22,22,22,22,22,22,22,22,22,22,22,22,22,22,22,22,22,22,22,22,22,22,22,22,282,237,357,146,313,347,2,2,2,2,2,2,2,2,2,2,2,2,2,2,2,2,2,2,2,2,2,2,2,2,2,2,2,2,2,2,2,2,2,2,2,2,2,2,2,2,2,2,2,2,2,2,2,2,2,2,2,2,2,2,2,2,2,2,2,2,2,2,2,2,2,2,2,2,2,2,2,2,2,2,2,2,2,2,2,2,2,2,2,2,2,2,2,2,2,2,2,2,2,312,280,68,329,335,321,369,5,5,300,306,285,171,325,327,177,296,356,344,345,46,252,358,283,332,295,91,91,293,352,182,349,343,78,279,354,199,86,263,106,333,348,338,27,326,301,301,320,360,303,65,334,331,340,368
0,0,0,1,0,0,0,0,0,0,1,1,0,0,0,1,0,0,1,1,1,1,1,0,1,1,1,0,0,0,1,1,0,1,0,0,0,0,0,0,1,1,0,0,1,0,0,0,0,0,1,0,0,0,1,0,0,0,1,0,1,0,1,1,1,0,1,0,0,1,0,0,1,0,0,0,0,1,0,0,0,1,0,0,1,1,0,0,0,0,0,0,1,0,0,0,0,0,0,0,0,1,0,1,0,1,0,0,0,1,0,0,0,0,0,0,0,1,0,1,0,0,0,0,0,1,0,0,1,0,0,0,0,0,0,0,0,0,0,1,0,1,1,0,1,0,0,0,0,1,0,0,0,1,1,0,0,1,0,1,0,0,0,1,0,1,0,0,1,0,0,0,0,0,0,0,1,1,1,0,0,1,0,1,0,0,0,0,1,0,0,1,0,0,0,1,0,1,1,0,0,0
1383
2,2,2,2,2,2,2,2,2,2,2,2,2,2,2,2,289,177,320,76,287,253,46,252,292,22,22,22,22,22,22,22,291,171,317,45,361,91
1,1,0,0,0,0,0,0,0,1,0,0,0,0,1,1,0,0,0,1,1,0,1,1,1,1,1,1,0,1,0,0,1,1,0,0,1,0
1384
299,367,347,247,253,286,286,5,281,254,324,363,22,22,22,22,22,22,22,22,22,22,22,22,22,22,22,298,146,289,364,175,333,348,285,124,314,208,294,279,318,2,2,2,2,2,2,2,2,2,2,2,2,2,2,2,2,2,2,2,2,2,2,2,2,2,2,2,321
1,0,0,1,1,0,1,0,0,0,1,0,1,1,0,0,0,1,1,0,0,1,1,1,1,1,1,1,0,0,1,1,1,1,0,1,1,1,0,1,1,1,1,0,1,1,1,1,1,1,1,1,1,1,1,0,1,0,1,1,0,0,1,0,0,1,1,1,1
1385
323,73,246,336,336,281,318,297,302,330,22,22,22,22,22,22,22,22,22,22,22,22,22,22,22,22,22,22,22,22,22,22,22,22,22,22,22,22,22,368,348,146,332,332,155,312,177,236,236,175,144,306,285,359,76,76,366,171,305,305,2,2,2,2,2,2,2,2,2,2,2,2,2,2,2,2,2,2,2,2,2,2,2,2,2,2,2,2,2,2,2,2,2,2,2,2,2,2,2,2,2,2,2,2,2,2,2,2,2,2,2,2,2,2,2,2,2,2,2,2,2,2,2,2,2,2,2,2,2,2,2,2,344,304,358,355,252,288,288,295,91,293,111,317,349,289,151,354,199,370,280,325,350,67,45,338,328,345,208,291,48,279,331,321
1,1,1,1,1,1,1,1,1,1,0,1,0,1,1,1,1,1,1,1,1,1,1,1,1,0,1,1,1,1,1,1,1,1,0,1,1,1,1,1,1,1,0,1,1,1,1,1,1,1,1,0,1,0,0,0,1,1,1,1,1,1,0,1,1,1,1,1,1,1,1,1,1,1,1,1,1,1,1,1,1,1,1,1,1,0,0,1,1,1,1,0,1,1,1,0,0,1,1,0,1,0,1,1,0,0,1,1,0,1,1,1,0,1,1,0,1,1,1,0,0,1,0,1,1,1,1,1,1,1,1,0,1,1,1,1,1,0,0,1,1,1,1,1,1,1,1,1,1,1,1,1,1,1,1,1,1,1,1,1,1,1,0,1
1386
235,300,236,324,22,22,22,22,22,22,22,22,22,22,22,22,22,22,293,282,352,146,362,315,343,91,317,335,316,288,301,291,171,307,45,45,2,2,2,2,2,2,2,2,2,2,2,2,2,2,2,2,2,2,2,2,2,2,321
1,0,1,1,0,1,1,0,0,0,1,0,0,0,1,1,1,1,1,1,1,0,1,1,0,0,1,0,0,0,1,1,1,1,0,1,0,0,0,1,1,0,1,1,0,0,0,0,1,1,1,1,0,0,0,1,0,1,0
1387
246,236,358,5,292,91,293,174,317,341,338,86,321,45,319,359,359,328,76,291,171,288,2,2,2,2,2,2,2,2,2,2,2,2,2,2,2,2,2,2,2,2,2,2,2,2,2,2,2,2,22,22,22,22,22,22,22,22,22,22,22,22,22
1,1,1,0,0,0,1,1,0,1,0,0,1,1,0,0,1,0,1,0,0,0,1,0,1,0,0,1,1,1,0,0,0,1,0,0,1,1,0,1,0,0,0,1,0,0,0,0,1,1,0,0,0,0,0,0,0,0,1,0,1,0,0
1388
338,235,22,22,276,144,247,2,2,2,2,2,2,2,2,2,2,2,2,357
0,0,0,0,1,1,0,0,0,0,0,0,1,0,0,1,0,0,0,0
1389
367,367,351,347,236,236,296,287,297,73,302,324,330,22,22,22,22,22,22,22,22,22,22,22,22,22,22,22,22,22,22,22,22,22,22,22,22,22,22,22,22,146,332,327,2,2,2,2,2,2,2,2,2,2,2,2,2,2,2,2,2,2,2,2,2,2,2,2,2,2,2,2,2,2,2,2,2,2,2,2,2,2,2,2,2,2,2,2,2,2,2,2,2,2,2,2,2,2,2,2,2,2,2,2,2,2,2,2,2,2,2,2,2,2,2,2,2,352,336,329,306,353,359,171,307,45,326,303,344,252,46,358,355,5,254,363,292,91,91,293,55,317,65,289,342,106,325,365,357,86,328,340,124,360,291,276,279,288,78
1,1,1,0,1,1,1,1,0,1,1,1,0,0,1,1,0,1,0,0,1,0,0,0,0,0,1,0,1,0,1,1,1,0,1,1,0,1,1,0,0,1,0,0,1,1,0,1,1,0,0,1,0,0,0,1,1,1,0,0,0,1,1,0,0,0,0,1,0,1,1,0,0,0,1,1,0,0,1,1,1,0,1,1,0,1,0,1,1,0,1,0,0,0,0,1,0,0,1,1,1,0,1,1,1,1,0,1,1,1,0,0,0,1,1,1,1,1,1,1,1,1,1,0,0,1,0,0,1,1,1,1,1,1,1,0,1,0,1,1,1,0,1,0,1,1,1,1,1,0,0,0,1,1,1,1,1,1,1
1390
290,311,360,351,337,236,281,287,318,276,302,324,199,22,22,22,22,22,22,22,22,22,22,22,22,22,22,22,22,22,22,22,22,22,22,22,22,22,22,22,22,22,22,22,22,22,22,22,22,22,22,22,22,22,22,22,22,22,22,22,22,22,22,282,237,357,146,313,347,111,280,352,27,329,182,175,316,300,332,285,174,110,171,307,45,2,2,2,2,2,2,2,2,2,2,2,2,2,2,2,2,2,2,2,2,2,2,2,2,2,2,2,2,2,2,2,2,2,2,2,2,2,2,2,2,2,2,2,2,2,2,2,2,2,2,2,2,2,2,2,2,2,2,2,2,2,2,2,2,2,2,2,2,2,2,2,2,2,2,2,2,2,2,2,2,2,2,2,2,2,2,2,2,2,2,2,2,2,2,2,2,2,2,2,2,2,2,2,2,2,2,2,2,2,2,2,2,2,2,2,2,2,2,2,2,2,2,2,2,2,2,2,2,2,2,2,2,2,2,2,2,2,2,364,303,247,253,304,5,355,358,283,363,288,295,91,339,293,56,317,308,78,315,279,320,343,354,263,350,333,348,68,327,326,301,301,345,65,334,331,340,368
0,0,1,1,1,1,0,0,1,0,1,1,1,1,0,1,1,0,0,1,0,1,1,1,1,1,0,0,1,0,1,1,1,1,1,1,1,1,1,1,1,0,0,1,1,1,0,1,0,0,1,1,1,1,1,0,1,0,1,1,1,1,0,0,0,0,0,1,0,0,1,1,1,1,1,0,1,0,0,0,1,1,1,1,1,1,0,1,0,0,1,0,0,0,0,1,1,1,0,1,0,0,0,1,1,0,1,1,1,1,0,1,1,1,1,0,0,1,0,0,1,0,0,1,1,1,0,1,1,1,1,1,1,0,0,0,1,0,1,0,1,1,1,1,1,1,1,0,1,1,1,0,1,1,0,1,1,0,1,1,1,0,1,0,1,0,0,0,1,1,0,1,1,1,1,0,0,1,1,1,1,1,1,1,1,1,1,1,1,1,0,1,1,0,1,0,1,0,0,0,1,1,1,0,0,0,1,0,1,1,1,0,0,0,1,1,1,0,1,0,0,0,1,0,1,1,0,0,1,0,0,1,1,1,0,0,1,1,1,1,1,1,1,1,0,0,0,1,0,1,1,0,0,1,1,1,0,0,1,1,0,1
1391
55,356,22,22,2,2,2,284
1,1,0,0,1,0,0,0
1392
296,247,365,328,22,22,22,22,22,22,22,22,22,22,22,2,2,2,2,2,2,2,2,2,2,2,2,2,2,2,2,2,2,2,2,2,2,2,2,2,2,2,2,2
0,0,1,1,0,0,1,1,0,1,1,1,0,1,1,0,0,1,0,0,1,0,0,0,1,0,0,1,0,0,1,1,1,0,0,0,0,0,0,0,1,0,1,1
1393
22,2,2,2,2
0,0,0,1,0
1394
280,365,343,364,369,263,56,350,316,174,5,353,22,22,22,22,247,65,171,332,2,2,2,2,2,2,2,2,2,2,2,2,2,91
0,1,0,0,1,1,0,0,0,1,0,1,0,0,0,0,1,1,0,0,0,1,1,0,0,0,1,0,0,1,0,0,0,1
1395
281,346,144,5,2,2,2,368
1,1,0,0,1,1,1,0
1396
323,356,236,287,276,41,252,174,254,330,246,295,22,22,22,22,22,22,22,282,182,86,289,280,329,78,357,319,285,360,208,2,2,2,2,2,2,2,2,2,2,2,2,2,2,2,2,2,2,2,2,2,2,2,2,2,2,2,2,2,2,2,2
0,1,1,1,1,1,1,1,0,1,0,0,0,1,0,0,0,1,1,0,1,1,0,0,1,1,1,0,0,1,0,0,0,0,0,0,0,1,0,1,1,0,0,0,1,1,0,1,1,1,1,1,1,1,1,0,1,0,0,0,1,1,0
1397
2
1
1398
2
0
1399
78,315,315,246,320,336,252,5,316,22,22,22,22,294,56,56,317,317,171,171,2,2,2,2,2,2,2,2,2,2,2,2,2,2,2,2,2,2,2,2,2,2,2,2
0,0,0,0,1,0,1,1,1,0,0,0,0,0,1,1,0,0,0,0,0,1,1,0,0,1,0,0,1,1,1,1,0,0,1,0,1,1,0,1,0,0,1,0
1400
359,22,22,22,22,22,22,236,291,171,317,45,2,2,2,2,2,2
1,1,1,0,1,0,0,0,0,0,0,0,0,0,0,0,0,0
1401
367,320,236,151,5,348,22,22,22,124,346,282,2,2,2,2,2,2,2,2,155,327
0,1,1,0,0,0,1,0,0,0,1,0,0,0,0,1,0,0,1,0,1,1
1402
285,367,320,22,22,22,22,247,282,335,307,305,2,2,2,2,2,2,2,2,2,2
1,0,1,0,1,0,1,1,0,1,1,0,1,1,0,1,0,1,1,1,0,1
1403
323,235,289,337,344,311,322,297,247,5,5,302,22,22,22,22,22,22,22,22,22,22,22,22,22,22,22,22,22,305,282,283,341,78,254,151,354,199,280,329,263,175,111,285,353,328,320,314,208,276,307,331,2,2,2,2,2,2,2,2,2,2,2,2,2,2,2,2,2,2,2,2,2,2,2,2,2,2,2,2,2,2,2,2,2,2,2,2,2,2
0,0,1,0,1,1,0,0,1,0,0,0,0,1,0,1,0,1,0,1,1,1,0,1,0,1,0,0,0,1,1,0,0,0,0,0,0,1,1,1,0,0,0,0,0,1,1,1,0,1,0,0,0,0,0,0,0,1,1,1,0,1,0,1,0,1,0,1,0,0,1,0,0,1,0,1,0,1,1,0,1,0,1,0,1,0,0,1,0,0
1404
296,353,328,22,22,175,2,2,2,2
0,0,1,1,0,0,1,1,0,0
1405
296,235,236,287,41,5,5,45,22,22,22,22,22,22,22,22,22,22,22,22,22,22,22,22,22,22,22,22,22,22,22,22,22,293,56,317,313,303,303,315,316,300,285,2,2,2,2,2,2,2,2,2,2,2,2,2,2,2,2,2,2,2,2,2,2,2,2,2,2,2,2,2,2,2,2,2,2,2,2,2,2,2,2,2,2,2,2,2,2,2,2,2,2,2,2,2,2,2,2,2,2,2,345,171,288,301
0,0,0,1,1,0,1,0,0,0,1,0,0,1,1,1,1,1,1,1,0,1,1,0,0,1,0,0,1,1,0,0,0,1,1,0,0,0,0,1,1,1,1,1,0,1,0,0,1,1,0,0,0,1,1,1,0,0,0,0,1,0,0,0,1,0,1,0,1,0,0,0,0,0,1,1,1,0,0,0,0,1,1,0,0,0,1,0,1,0,0,0,0,1,1,1,0,1,0,0,0,0,1,1,0,0
1406
311,351,347,236,281,318,41,302,324,322,237,146,332,329,335,144,319,285,353,309,76,314,341,307,305,2,2,2,2,2,2,2,2,2,2,2,2,2,2,2,2,2,2,2,2,2,2,2,2,2,2,2,2,2,2,2,2,2,2,2,2,2,2,2,2,2,2,2,2,2,2,2,2,2,2,2,2,2,2,2,2,2,2,2,2,2,2,2,2,2,2,2,2,2,2,2,2,2,2,2,2,2,2,2,2,2,2,2,2,2,2,2,2,2,2,2,2,2,2,2,2,2,2,2,2,2,2,2,2,2,2,2,2,2,2,2,2,2,2,2,296,253,284,287,174,254,91,339,106,352,349,308,303,354,343,86,110,263,350,357,338,68,328,326,124,124,360,208,65,331,340,321,290,323,367,337,336,286,330,22,22,22,22,22,22,22,22,22,22,22,22,22,22,22,22,22,22,22,22,22,22,22,22,22,22,22,22,22,22,22,22,22,22,22,22,22,22,22,22,282,348,280,175,5,300,111,327,177,235,356,344,252,355,358,283,295,346,182,48,334,320,199,325,333,27,301,345,279,288
1,0,0,1,0,1,1,1,1,1,0,1,1,1,1,0,1,0,1,1,1,1,1,0,1,1,0,1,1,0,1,0,1,0,1,0,1,1,1,1,1,1,1,1,1,1,1,1,1,1,1,1,1,0,1,1,1,0,1,0,1,0,0,0,1,1,1,1,1,1,1,1,0,1,0,0,1,0,1,1,1,1,0,0,1,1,1,1,1,0,0,1,1,1,1,1,0,1,1,1,0,1,1,0,1,1,1,1,1,1,0,1,1,1,1,1,1,1,1,1,0,1,1,1,1,1,1,1,1,0,0,1,1,0,0,1,1,0,1,0,1,1,1,1,0,0,0,1,1,1,0,1,0,1,1,1,0,1,1,1,0,1,0,1,1,0,1,0,0,0,0,1,0,0,1,1,1,0,1,0,0,1,1,0,1,0,1,1,0,0,1,0,0,0,1,1,1,1,1,1,1,1,0,1,0,1,1,1,0,0,1,1,0,1,1,1,1,1,0,1,1,1,1,1,1,1,1,1,0,1,1,1,1,0,1,1,1,1,1,1,0,1,1,1,1,1,1,1,0
1407
22,22,2,2,2,2
0,1,1,0,0,1
1408
289,78,367,320,364,297,73,309,22,22,22,22,22,298,106,332,2,2,2,2,2,2,2,2,2,2,2,2,2,2,2,2,2
1,0,1,0,0,0,1,1,1,1,1,0,0,1,0,1,0,1,0,0,1,0,1,0,1,1,0,0,1,1,1,0,0
1409
22,2,2,368
1,0,0,0
1410
22,22,22,2,2,2,2,2,2,2,2,2,2,2,2,2,2,2,2,2,2,2,2,2,2
0,0,0,1,1,0,1,0,0,1,0,0,1,1,1,0,0,0,1,0,1,1,0,1,0
1411
323,367,199,22,22,281,2,2,2,2,2,2,2,327
0,1,0,1,1,0,1,1,0,0,1,0,0,0
1412
296,367,56,347,236,350,46,316,355,363,292,22,22,22,22,336,293,246,291,171,317,45,2,2,2,2,2,2,2,2,2,2,2,2,2,2,2,2,2,2,2,2,2,91
0,0,0,0,1,0,1,1,0,1,0,0,1,0,1,0,0,0,0,1,0,1,1,1,1,0,0,0,0,0,1,0,0,0,0,0,0,0,0,0,0,1,0,0
1413
78,177,246,336,263,276,5,330,328,22,22,22,22,22,22,22,208,237,331,2,2,2,2,2,2,2,2,2,2,2,2,2,2,2,2,2,2,2,2,2,2,2,2,368
0,1,0,1,1,0,0,1,1,0,0,1,1,1,0,0,0,0,0,0,0,1,0,0,1,0,1,0,1,0,1,0,0,1,1,1,1,0,0,1,0,0,0,0
1414
311,336,304,41,5,5,5,283,22,22,22,22,22,22,22,22,22,22,22,22,22,22,305,313,55,317,332,73,329,350,288,111,325,359,328,208,309,48,48,171,331,2,2,2,2,2,2,2,2,2,2,2,2,2,2,2,2,2,2,2,2,2,2,2,2,2,2,2,2,2,2,2,2,2,2
0,1,0,0,0,1,0,0,1,1,0,1,1,0,0,0,1,0,0,1,0,0,0,0,1,0,0,1,1,0,0,0,1,1,0,1,0,0,0,1,0,1,0,0,1,1,1,0,0,0,1,1,0,0,0,0,0,0,1,0,1,1,0,0,0,0,1,1,0,1,0,0,0,0,0
1415
333,357,2,2,236,22
0,0,0,0,0,0
7753
323,73,236,281,344,318,368,252,284,358,292,295,91,282,282,293,237,56,327,78,151,315,110,316,45,111,328,76,360,291,171,288,2,2,2,2,2,2,2,2,2,2,2,2,2,2,2,2,2,2,2,2,2,2,2,2,2,2,2,2,2,2,2,2,2,2,2,2,2,2,2,2,2,2,2,2,2,2,2,2,2,2,2,2,2,2,2,2,2,2,2,2,2,2,2,22,22,22,22,22,22,22,22,22,22,22,22,22,22,22,22,22,22,22,22,22,22,22,22,22,22,22,22,22,22,22,22,22
0,1,1,0,1,1,0,1,1,0,1,1,1,0,1,1,0,1,0,0,1,1,0,1,0,1,0,0,1,0,0,1,0,0,0,1,0,1,0,0,0,1,0,1,0,0,1,1,0,0,1,0,0,1,0,0,0,1,0,1,1,0,0,1,0,1,0,0,1,1,0,0,0,1,0,0,1,0,1,1,0,1,0,1,1,0,0,0,0,1,0,1,1,1,0,1,0,1,0,0,1,1,0,0,0,1,1,1,0,0,1,1,0,1,0,0,1,0,1,1,1,1,1,0,1,1,1,0
1417
290,323,246,351,236,287,318,286,302,330,22,22,22,22,22,22,22,22,22,22,22,22,22,22,313,56,336,329,144,316,300,111,285,353,76,294,171,327,344,46,5,5,254,288,295,293,55,317,341,303,315,342,354,325,263,350,333,348,27,340,2,2,2,2,2,2,2,2,2,2,2,2,2,2,2,2,2,2,2,2,2,2,2,2,2,2,2,2,2,2,2,2,2,2,2,2,2,2,2,2,2,2,2,2,124,334,331,301,301,368
0,0,1,1,0,0,1,0,1,1,1,0,1,1,1,0,0,1,0,0,0,0,1,0,0,1,1,1,1,1,0,0,1,0,1,0,1,1,0,1,0,1,1,0,1,0,0,0,0,0,0,1,1,1,1,0,0,1,0,0,1,1,0,1,0,0,0,1,1,0,1,1,0,0,0,0,1,0,0,1,0,0,1,0,1,0,0,1,0,1,0,0,1,0,0,1,0,1,0,0,1,1,0,1,0,1,0,1,0,1
1418
290,296,311,336,281,344,286,315,287,284,302,358,292,91,305,293,326,317,155,199,289,312,151,320,236,364,263,300,5,45,235,27,353,340,327,124,247,291,111,171,288,2,2,2,2,2,2,2,2,2,2,2,2,2,2,2,2,2,2,2,2,2,2,2,2,2,2,2,2,2,2,2,2,2,2,2,2,2,2,2,2,2,22,22,22,22,22,22,22,22,22,22,22,22,22,22,22,22,22,22,22
0,0,0,1,0,0,0,1,0,0,1,0,0,0,1,0,1,1,0,1,1,0,0,0,1,0,0,0,0,1,0,0,1,0,0,0,0,0,0,0,0,1,0,0,0,0,1,1,0,0,0,1,0,0,0,0,0,1,1,0,0,1,0,0,1,1,0,1,0,0,1,0,0,1,0,0,1,1,1,0,1,0,0,0,1,0,0,1,1,0,0,0,0,1,0,0,0,0,0,0,0
1419
363,292,22,22,22,236,291,45,2,2,2,2,2,2,2,2,2,2,2
0,0,0,1,1,1,0,0,0,1,0,0,1,1,0,0,1,1,0
1420
320,22,22,22,368,350,2,2,2,2,2,2,2,2,2,2,2,2,2,341
1,1,1,0,1,1,1,0,1,1,1,0,1,0,0,0,1,1,0,0
1421
22,22,22,22,22,22,22,22,22,2,2,2,2,2,2,2,2,2,2,2,2,2,2,2,2,2,2,2
0,1,1,0,0,0,0,0,1,0,1,0,0,1,0,1,0,0,1,1,0,1,0,0,0,0,0,0
1422
289,246,315,236,236,287,276,5,5,5,174,302,22,22,22,22,22,22,22,22,22,22,22,22,22,22,22,22,22,22,22,22,22,22,346,282,56,56,146,303,177,320,343,343,285,329,317,317,300,316,316,333,348,338,68,301,280,48,171,171,288,2,2,2,2,2,2,2,2,2,2,2,2,2,2,2,2,2,2,2,2,2,2,2,2,2,2,2,2,2,2,2,2,2,2,2,2,2,2,2,2,2,2,2,2,2,2,2,2,2,2,321
0,1,1,0,1,1,1,0,0,0,1,1,0,1,1,0,1,1,1,1,1,0,1,1,0,0,0,1,1,0,1,1,0,1,1,0,1,1,1,0,1,1,0,1,0,1,1,1,1,1,1,1,1,0,0,0,1,1,1,1,0,0,0,0,0,1,1,0,0,1,1,1,1,0,0,0,1,0,0,1,1,0,1,0,0,0,0,1,1,0,0,1,1,1,1,1,1,1,0,1,1,0,1,1,1,0,1,1,1,1,1,1
1423
2
0
1424
78,177,320,22,2,2
0,1,0,0,1,0
1425
367,301,347,347,336,322,276,235,22,22,22,22,22,22,22,22,22,22,22,22,22,22,22,22,22,22,22,22,22,22,22,22,293,237,325,155,111,177,56,294,236,236,329,317,317,316,73,319,359,309,76,320,171,171,307,45,327,364,303,247,253,284,355,174,283,363,292,295,91,339,346,55,182,349,308,289,315,354,106,86,365,305,27,326,2,2,2,2,2,2,2,2,2,2,2,2,2,2,2,2,2,2,2,2,2,2,2,2,2,2,2,2,2,2,2,2,2,2,2,2,2,2,2,2,2,2,2,2,2,2,2,2,2,2,2,2,2,2,124,345,208,291,48,279,288,78,321
1,1,0,0,1,1,0,0,1,1,1,1,0,1,1,1,1,0,1,0,1,1,1,1,1,1,1,1,0,1,1,1,0,1,1,1,1,1,1,0,1,0,1,1,1,0,0,1,0,1,1,0,1,1,1,1,0,1,1,1,1,1,1,0,1,0,0,0,0,0,1,1,1,0,1,1,1,1,1,0,0,1,1,1,1,1,0,0,1,1,0,1,1,0,0,0,1,1,0,1,1,0,1,1,0,0,0,1,1,1,1,1,1,1,1,1,0,1,0,0,0,0,1,1,1,0,0,0,1,0,0,0,1,1,1,0,1,1,0,0,0,1,0,1,1,1,1
1426
78,303,73,146,263,357,27,22,22,22,22,22,22,22,22,22,22,22,22,22,22,22,22,55,307,2,2,2,2,2,2,2,2,2,2,2,2,2,2,2,2,2,2,2,2,2,2,2,2,2,2,2,2,2,2,2,2,2,2,2,308
1,0,1,1,1,0,1,1,1,1,1,0,1,1,1,1,1,1,0,1,1,1,0,1,1,1,1,0,1,0,1,0,1,0,0,0,1,0,1,1,1,0,0,0,1,0,1,0,1,1,1,1,1,1,0,1,1,0,0,1,1
1427
236,318,286,276,45,292,91,293,317,327,280,199,335,348,353,359,340,345,171,288,2,2,2,2,2,2,2,2,2,2,2,2,2,2,2,2,2,2,2,2,2,2,2,2,2,2,2,2,2,2,2,2,2,2,22,22,22,22,22,22,22,22,22,22,22
1,1,1,0,1,1,1,1,0,0,1,1,1,1,0,0,0,0,1,1,0,1,1,1,1,0,1,0,1,0,0,1,0,1,0,0,0,0,1,1,1,0,0,0,0,0,1,0,1,1,1,1,1,1,1,1,1,0,1,1,1,0,0,0,0
1428
106,236,276,301,174,45,359,22,22,22,22,22,22,22,22,22,22,22,22,22,22,22,171,317,313,2,2,2,2,2,2,2,2,2,2,2,2,2,2,2,2,2,2,2,2,341
0,0,1,0,0,1,0,0,0,0,1,0,1,0,0,0,1,1,1,0,0,1,0,0,0,1,0,0,0,0,1,1,0,1,1,0,1,1,1,1,0,1,1,0,0,0
1429
303,289,330,106,22,22,68,328,151,235,2,2,2,2,2,2,2,2,2,2,2,2,76
0,0,0,1,0,0,1,1,0,0,0,0,1,1,0,1,0,0,0,1,1,0,1
1430
328,343,314,146,2,2,2,2,2,2,2,2,2,2,2,2,2,2,2,2,2,2,2,2,2,2,2,2,2,2,2,2,2,2,2,2,2,2,2,2,2,22,22,22,22,22,22,22,22,22,22,22,22,22
1,1,1,0,1,1,1,0,1,0,1,0,1,0,1,1,1,0,1,0,0,1,1,1,0,1,0,1,0,1,0,1,1,1,1,1,1,0,1,1,0,1,0,0,1,1,1,1,1,1,1,1,1,1
1431
22,22,22,2
1,1,1,1
1432
2,2,2,2,2,2
0,1,0,1,0,0
1433
289,73,55,199,336,337,325,110,308,284,300,111,309,22,22,22,22,22,22,22,22,22,22,22,22,22,22,22,22,22,22,22,22,22,22,22,22,151,346,368,295,288,2,2,2,2,2,2,2,2,2,2,2,2,2,2,2,2,2,2,2,2,2,2,2,2,2,2,2,2,2,2,2,2,2,2,2,2,2,2,2,2,2,2,2,2,2,341
0,1,1,1,0,1,1,0,0,1,1,0,0,1,1,0,0,0,0,1,1,0,0,1,1,1,1,0,1,1,1,1,1,1,0,1,1,1,1,1,1,1,0,0,0,1,1,1,0,1,1,1,0,1,1,1,1,1,1,1,0,0,0,1,1,1,1,1,1,1,1,0,1,1,1,1,1,1,0,0,0,1,1,1,1,1,1,0
1434
367,171,317,318,5,306,359,22,22,22,22,22,22,22,279,182,305,2,2,2,2,2,2,2,2,2,2,2,2,2,2,2,2,2,2,2
0,1,0,0,0,0,0,1,0,0,0,0,1,1,0,1,0,1,0,0,0,1,0,1,1,1,1,1,0,0,1,1,0,0,0,1
1435
337,2,2,2,2
1,0,0,1,0
1436
247,356,236,281,344,253,304,355,254,363,292,22,22,22,22,22,22,22,22,22,22,22,22,22,22,22,22,22,22,346,293,56,317,332,315,199,182,175,330,288,319,124,208,291,171,45,2,2,2,2,2,2,2,2,2,2,2,2,2,2,2,2,2,2,2,2,2,2,2,2,2,2,2,2,2,2,2,2,2,2,2,91
0,0,1,0,0,0,1,1,0,1,0,0,0,0,1,0,0,1,1,1,0,0,1,0,0,0,1,1,1,1,1,1,0,0,0,1,0,1,1,1,0,0,0,1,1,1,1,0,1,1,0,1,0,1,0,1,0,0,1,1,0,1,0,0,0,0,0,0,0,1,1,1,0,0,0,1,0,0,0,0,1,0
1437
311,351,347,336,334,304,297,73,174,283,45,182,22,22,22,22,22,22,22,22,22,22,22,22,22,22,22,22,22,22,282,237,300,317,349,337,280,171,236,331,329,146,321,144,5,313,359,309,301,301,124,279,288,2,2,2,2,2,2,2,2,2,2,2,2,2,2,2,2,2,2,2,2,2,2,2,2,2,2,2,2,2,2,2,2,2,2,2,2,2,2,2,2,2,2,2,2,76
1,0,0,1,1,0,1,0,0,0,1,1,1,1,0,0,1,0,0,0,0,0,1,0,0,0,0,0,1,0,1,1,1,0,1,0,1,1,0,0,0,0,1,1,0,1,0,1,0,1,0,0,0,1,0,1,0,0,0,0,0,1,1,0,1,0,0,1,0,0,0,1,1,1,1,0,0,0,0,0,0,1,0,0,1,1,0,1,0,1,0,0,1,1,0,0,0,0
1438
2,2,2,2,2,2,2,2,2,2,2,2,2,2,2,2,2,2,2,2,2,2,2,2,2,235,366,347,236,329,253,276,151,45,111,288,328,22,22,22,22,22,293,291,368,175,155,321
0,1,0,0,0,0,1,0,1,0,1,1,0,0,1,0,1,0,0,1,0,0,0,1,1,0,1,1,1,1,0,1,0,0,0,0,0,0,0,1,0,0,0,1,1,0,0,1
1439
296,73,246,287,344,252,311,5,283,339,22,22,22,22,22,22,22,22,22,22,22,22,322,367,350,357,155,308,78,254,151,253,144,333,331,338,27,124,345,294,288,2,2,2,2,2,2,2,2,2,2,2,2,2,2,2,2,2,2,2,2,2,2,2,2,2,2,2,2,2,2,2,2,2,2,368
0,1,1,1,1,1,1,1,1,1,1,1,1,0,0,1,1,1,1,1,1,0,1,1,1,1,1,1,1,0,1,1,1,1,0,0,1,0,1,0,1,1,1,1,1,1,1,0,1,1,1,1,1,1,0,0,1,1,0,0,1,1,1,0,0,1,1,0,0,0,0,1,1,0,1,1
1440
290,323,246,344,5,174,363,22,22,22,22,22,22,22,22,22,22,22,339,78,354,343,91,364,175,144,357,319,301,48,321,335,2,2,2,2,2,2,2,2,2,2,2,2,2,2,2,2,2,2,2,2,2,2,368
0,0,1,1,1,1,1,1,0,0,0,1,0,0,1,0,1,1,1,1,1,0,1,1,1,0,1,0,0,0,1,1,1,0,1,1,1,1,1,1,1,0,1,0,1,1,1,1,0,1,1,0,0,0,0
1441
86,175,22,22,2,2,2,2,2,2,2,348
0,0,1,0,0,0,0,1,0,1,0,1
1442
303,290,311,356,343,236,287,276,358,355,300,285,284,295,91,314,208,65,5,2,2,2,2,2,2,2,2,2,2,2,2,2,2,2,2,2,2,2,2,22,22,22,22,22,22,22,22,22
1,0,1,1,1,1,1,0,1,1,0,1,1,0,0,1,0,1,0,0,1,1,0,0,1,0,0,1,0,1,1,1,1,1,1,1,0,1,1,0,0,1,1,0,1,0,0,1
1443
290,235,360,340,304,41,247,355,174,363,91,65,282,349,308,78,151,365,199,279,110,330,111,68,309,76,345,48,334,305,2,2,2,2,2,2,2,2,2,2,2,2,2,2,2,2,2,2,2,2,2,2,2,2,2,2,2,2,2,2,2,2,2,2,2,2,2,2,2,22,22,22,22,22,22,22,22,22,22,22,22,22,22,22,22
0,0,0,0,0,0,1,0,0,1,1,1,0,0,0,0,1,1,0,0,0,0,0,0,0,0,0,0,1,0,0,0,0,1,0,0,0,1,1,0,0,0,0,1,0,1,0,0,1,0,0,0,1,0,0,1,0,1,0,0,1,1,0,0,0,0,0,1,0,0,0,0,1,0,1,0,0,0,0,0,0,0,0,0,0
1444
330,356,91,2,2,2,288
0,1,0,0,0,0,0
1445
315,317,316,2,2,22,22
1,0,0,0,0,0,0
1446
73,263,236,175,46,284,348,346,292,22,22,22,22,22,293,339,291,307,45,2,2,2,2,2,2,2,2,2,2,2,2,2,91,91
0,0,1,0,0,0,0,1,1,0,1,0,0,1,1,0,1,1,1,0,1,1,1,1,0,1,0,0,0,0,0,1,1,0
1447
301,2,2,2,22
0,0,1,0,0
1448
294,323,311,351,236,287,297,335,41,276,324,22,22,22,22,22,22,22,22,22,22,22,22,22,22,22,22,293,55,146,313,106,317,263,357,45,111,309,2,2,2,2,2,2,2,2,2,2,2,2,2,2,2,2,2,2,2,2,2,2,2,2,2,2,2,2,2,2,360,48,171,288,326
0,0,1,0,1,1,1,0,0,1,1,1,0,0,0,0,0,0,1,0,0,0,0,0,1,0,0,0,1,0,0,1,0,0,1,0,0,0,0,0,0,1,0,0,0,1,0,0,0,0,0,0,1,0,1,1,0,0,1,0,0,1,0,0,0,1,1,0,1,0,1,0,0
1449
337,236,236,281,276,252,5,330,292,91,91,282,293,348,146,177,329,317,263,144,45,76,359,326,360,291,171,288,288,2,2,2,2,2,2,2,2,2,2,2,2,2,2,2,2,2,2,2,2,2,2,2,22,22,22,22,22,22,22,22,22,22,22,22
0,1,1,0,1,1,0,1,0,0,1,1,1,0,0,1,0,0,0,0,1,0,0,0,1,1,1,1,0,1,1,1,0,0,0,1,1,0,1,0,0,0,1,0,0,1,0,1,1,0,1,0,1,0,0,1,1,1,1,0,1,1,0,1
1450
78,247,286,347,296,318,304,276,358,5,283,324,363,288,22,22,22,22,22,22,22,22,22,22,22,22,322,237,174,182,65,155,303,312,151,55,354,343,91,110,302,367,357,319,285,349,328,2,2,2,2,2,2,2,2,2,2,2,2,2,2,2,2,2,2,2,2,2,2,2,2,2,2,2,2,2,2,2,2,2,2,2,2,2,2,2,2,2,2,2,2,2,2,2,2,2,2,2,2,2,2,2,2,2,2,2,2,2,294,368,307,305,146,321
1,1,0,0,0,1,0,0,1,1,1,0,1,1,0,0,1,0,0,1,0,1,0,1,0,0,1,0,1,0,1,1,0,1,1,1,1,1,0,0,1,1,1,1,0,0,0,1,0,1,0,1,0,1,0,0,0,1,1,1,1,1,1,1,0,0,1,1,1,0,1,1,0,1,0,0,0,1,1,1,1,0,0,0,1,1,1,1,0,1,0,1,1,0,0,1,0,1,1,1,0,0,1,1,1,1,1,1,0,1,0,1,1,1
1451
299,336,364,5,302,302,329,22,22,22,22,22,22,22,22,22,22,22,22,22,22,22,22,22,22,22,22,22,124,55,182,349,2,2,2,2,2,2,2,2,2,2,2,2,2,2,2,2,2,2,2,2,2,2,2,2,2,2,2,2,2,2,2,2,2,2,2,2,2,2,2,2,2,2,2,2,2,2,2,2,2,2,2,2,2,2,2,2,2,2,91
1,0,0,0,0,0,0,0,1,0,1,0,0,0,0,0,0,0,1,0,1,1,0,0,0,1,1,1,1,0,0,1,0,0,0,1,0,0,0,0,0,1,0,0,0,0,0,1,1,1,1,1,0,1,0,0,0,0,1,0,0,1,0,1,0,0,1,1,0,0,0,0,0,1,0,0,1,0,1,1,1,1,0,1,1,0,1,0,0,0,0
1452
333,247,246,236,286,252,355,284,283,45,363,22,22,22,22,22,22,22,22,22,22,22,22,22,22,22,282,174,332,348,341,289,151,364,110,300,5,288,2,2,2,2,2,2,2,2,2,2,2,2,2,2,2,2,2,2,2,2,2,2,2,2,2,2,2,2,2,2,2,2,2,2,2,2,2,2,2,2,2,2,2,2,2,2,2,2,2,208,334,331,327,76
0,1,0,1,1,0,0,1,1,1,1,1,1,1,1,1,0,1,1,1,1,0,1,1,1,1,0,0,1,1,0,1,1,1,1,0,1,0,1,0,0,0,1,1,1,0,0,1,0,0,1,1,0,0,1,0,1,0,1,1,0,1,1,0,1,1,1,1,1,0,0,0,0,1,0,1,0,1,1,1,1,1,0,1,0,0,0,0,1,0,0,0
1453
111,315,171,22,22,22,22,22,22,22,22,22,236,56,317,316,2,2,2,2,2,2,2,2,2,2,2,2,2,2,2,2,2,2,2,327
0,1,1,1,0,1,1,1,0,0,0,0,0,0,0,1,1,1,0,0,0,1,0,0,0,1,0,1,0,1,0,1,1,0,0,0
1454
314
1
1455
22,22,2,2,2,2,2
0,0,1,0,0,0,0
1456
289,315,171,236,325,317,5,174,287,328,22,22,22,22,22,22,22,22,22,291,316,294,279,146,2,2,2,2,2,2,2,2,2,2,2,2,2,2,2,2,2,2,2,2,2,2,2,2,2,2
0,1,1,0,0,0,0,0,0,1,0,0,0,0,1,0,0,1,0,0,1,1,1,0,1,1,0,0,1,0,1,0,0,0,0,0,0,0,1,0,1,1,1,1,1,0,0,1,0,0
1457
302,323,315,301,22,22,22,22,22,22,41,171,317,316,2,2,2,2,2,2,2,2,2,2,2,2,2,2,2,2,2,358
1,0,1,0,1,0,0,1,1,1,0,0,0,0,1,0,0,1,1,1,0,0,1,0,1,0,0,1,1,0,0,0
1458
78,296,22,22,22,22,22,236,314,279,288,2,2,2,2,2
1,0,0,0,0,1,1,1,1,1,0,1,0,0,0,1
1459
5,2,2,2,22
1,1,0,1,0
1460
289,367,359,320,22,22,22,22,22,22,22,22,295,171,317,5,2,2,2,2,2,2,2,2,2,2,2,2,2,2,308
1,1,0,0,1,1,0,0,0,0,0,1,0,0,1,1,1,1,0,1,1,1,0,1,1,0,0,0,0,0,0
1461
22,22,22,22,2,2,2,2,2,2,2,2,2,2
1,1,1,1,0,1,1,0,0,1,0,0,0,1
1462
2
0
1463
73,336,287,41,55,330,22,22,22,22,22,22,22,22,22,22,22,22,22,22,22,22,22,22,22,22,22,22,22,282,237,332,155,343,312,365,285,329,281,314,171,307,305,327,296,235,276,304,304,5,5,252,254,346,2,2,2,2,2,2,2,2,2,2,2,2,2,2,2,2,2,2,2,2,2,2,2,2,2,2,2,2,2,2,2,2,2,2,2,2,2,2,2,2,2,2,2,2,2,2,2,2,2,2,2,2,2,2,2,2,2,2,2,182,349,341,283,199,263,338,27,326,340,208,48,334,331,301,368
1,1,1,1,1,1,1,0,1,1,1,1,0,1,0,1,1,0,1,1,0,0,1,1,1,1,0,0,0,1,0,1,1,1,0,1,1,1,0,1,0,0,1,1,0,0,0,1,1,1,0,1,0,1,0,0,0,1,0,0,1,0,1,1,1,0,1,1,1,1,0,1,1,0,1,0,0,1,1,1,1,0,1,0,1,1,1,0,1,0,0,1,1,1,1,1,1,1,1,1,0,0,1,1,1,0,0,1,0,0,1,1,1,1,0,1,1,1,1,0,1,1,0,1,1,1,0,1,1
1464
338,338,22,22,236,360,291,301,2,2,2,2,2
0,0,1,1,1,1,1,0,0,0,0,0,0
1465
2,2,2,2,2,2,2,2,2,2,2,2,2,2,2,2,337,236,110,357,313,174,353,359,359,22,22,22,22,22,22,22,22,22,22,22,22,22,22,22,322,339,171,171,317,317,349,146,343
0,0,1,0,1,0,1,1,1,0,0,0,0,1,0,1,0,1,0,0,0,0,1,0,1,0,0,0,1,0,1,0,1,1,1,1,1,1,1,1,0,0,1,1,0,1,0,0,0
1466
289,311,354,343,350,318,46,5,68,22,22,22,22,22,22,22,346,339,282,55,2,2,2,2,2,2,2,2,2,2,2,2,2,2,2,2,2,2,2,2,2
0,0,0,0,0,1,1,0,1,0,1,1,1,0,0,0,1,0,1,0,0,0,0,0,1,0,0,0,0,0,1,1,0,0,0,0,0,1,1,0,0
1467
2
0
1468
344,2,2
0,1,0
1469
355,351,22,22,22,329,346,318,2,2,2,2,2,2,2,2,343
0,1,0,0,0,1,1,1,1,1,0,1,1,0,1,1,0
1470
299,347,336,5,355,284,330,22,22,22,22,22,22,22,22,22,22,22,22,22,22,22,22,282,237,348,182,313,341,303,365,236,317,363,349,359,326,326,314,291,171,2,2,2,2,2,2,2,2,2,2,2,2,2,2,2,2,2,2,2,2,2,2,2,2,2,2,2,2,2,2,2,2
1,0,0,1,1,0,1,1,1,1,0,1,1,1,0,1,0,1,0,0,1,0,0,1,0,1,0,0,1,0,0,1,0,0,0,1,0,1,0,0,1,0,1,0,1,1,1,0,0,0,0,1,1,0,0,1,1,0,0,1,1,1,1,1,0,0,0,0,1,1,0,0,0
1471
22,22,22,2,2,2,2,2,2,2
1,1,1,0,1,0,0,0,0,0
1472
290,323,311,351,347,281,286,41,302,22,22,22,22,22,22,22,22,22,22,22,22,22,22,22,22,322,155,177,27,329,144,5,5,285,353,294,252,305,2,2,2,2,2,2,2,2,2,2,2,2,2,2,2,2,2,2,2,2,2,2,2,2,2,2,2,2,2,2,2,2,2,2,2,2,2,2,2,2,2,2,2,2,2,2,2,2,2,2,2,2,2,2,2,2,2,2,2,2,2,2,2,296,253,358,284,295,91,339,352,308,303,334,354,86,68,124,360,208,279,288,78,368
0,0,1,0,0,0,0,1,1,0,0,1,0,0,1,1,1,0,1,1,1,0,0,1,0,0,1,1,1,1,0,0,1,0,1,1,1,1,0,1,1,0,1,1,0,0,1,1,1,0,0,1,1,1,1,1,0,0,0,0,0,1,0,1,1,1,1,1,0,0,1,1,1,1,0,1,1,1,1,1,1,1,1,0,1,0,1,0,0,1,1,1,1,1,1,1,0,1,1,1,1,1,1,0,1,1,0,0,1,1,1,1,1,0,1,1,1,0,1,1,1,1
1473
296,337,236,41,322,297,355,302,324,330,22,22,22,22,22,22,22,22,22,22,22,22,22,22,22,22,305,339,237,352,182,182,332,327,78,151,365,354,325,67,333,357,319,27,349,340,76,360,334,307,288,2,2,2,2,2,2,2,2,2,2,2,2,2,2,2,2,2,2,2,2,2,2,2,2,2,2,2,2,2,2,2,2,2,2,2,2,2,2,2,2,2,2,2,2,2,2,2,2,2,2,2,2,2,2,2,2,2,2,2,2,2,2,2,2,2,2,2,2,2,2,2,2,2,2,2,2,2,2,2,2,2,2,2,2,2,2,2,2,2,368
0,0,1,1,0,1,1,0,1,1,0,0,0,0,0,0,0,1,1,1,1,0,1,1,1,1,1,0,1,1,1,1,0,0,1,1,1,1,1,1,1,1,0,1,0,1,1,1,0,1,1,1,1,1,1,0,1,0,1,0,1,1,1,0,0,0,1,1,1,1,0,0,0,1,1,1,1,1,1,1,0,1,1,1,1,1,1,1,1,1,1,1,1,1,1,1,0,1,0,0,0,0,1,1,1,1,1,1,0,1,1,1,0,1,0,1,1,1,1,1,1,1,1,1,1,1,1,1,1,1,1,1,1,1,1,1,1,1,1,0,1
1474
289,311,236,318,304,358,174,302,363,292,22,22,22,22,22,22,22,22,22,22,22,22,293,349,317,65,341,78,171,106,354,175,350,333,357,359,301,208,291,294,279,288,2,2,2,2,2,2,2,2,2,2,2,2,2,2,2,2,2,2,2,2,2,2,2,2,2,2,2,2,2,2,2,91
1,0,1,1,0,0,0,0,0,0,0,0,0,0,1,1,1,0,1,0,0,1,0,0,0,0,0,0,0,0,1,0,0,1,0,0,0,0,1,1,0,0,0,1,1,0,1,0,1,0,0,1,0,1,0,0,1,1,1,1,1,1,1,0,0,0,1,0,0,0,0,0,0,0
1475
306,337,253,332,2,2,2,2,2,2,2,2,2,2,2,2,22,22,22
1,1,0,0,0,1,1,0,0,0,0,0,1,0,0,1,1,1,0
5892
336,318,297,22,22,22,22,22,22,22,22,22,22,22,22,22,22,22,22,22,22,22,22,22,22,22,22,22,22,22,22,22,22,322,146,327,312,293,236,236,329,300,111,353,309,76,314,307,45,326,235,253,304,5,284,254,292,91,346,341,78,151,199,325,110,350,357,68,2,2,2,2,2,2,2,2,2,2,2,2,2,2,2,2,2,2,2,2,2,2,2,2,2,2,2,2,2,2,2,2,2,2,2,2,2,2,2,2,2,2,2,2,2,2,2,2,2,2,2,2,2,2,2,2,2,2,2,2,124,345,291,48,368,288,321
1,1,0,1,0,0,1,1,0,0,0,1,0,0,0,0,1,0,0,0,0,0,0,1,0,0,0,0,0,1,0,0,1,0,1,0,0,0,0,1,0,0,0,1,0,0,1,0,1,0,0,0,0,0,0,0,0,1,0,0,1,0,1,0,0,0,0,0,0,1,0,0,0,0,0,0,1,0,0,0,0,1,0,1,0,0,0,0,0,0,0,0,0,0,0,0,1,0,0,0,0,0,0,0,0,0,0,0,0,0,0,0,1,0,0,0,1,1,1,1,1,1,0,1,0,1,0,1,0,1,1,0,0,1,0
1477
22,22,2,2,2,2,2,2,2,2,2,2,2,2,2,2,2,2,2,2,2,2,2,2,2,2,2,2,2,2,2,2,2,2,2,2,2,2,2,2,2,360
1,1,0,0,1,1,1,0,1,1,0,1,0,1,1,0,0,1,1,1,1,1,1,1,1,0,1,1,0,0,1,1,0,1,1,1,1,1,1,1,1,0
1478
182,309,22,2,2,2,357
0,0,0,1,0,1,1
1479
323,311,351,337,236,286,41,73,352,22,22,22,22,22,22,22,22,22,22,22,22,22,22,297,322,282,237,146,325,155,111,177,365,336,68,364,319,285,76,2,2,2,2,2,2,2,2,2,2,2,2,2,2,2,2,2,2,2,2,2,2,2,2,2,2,2,2,2,2,2,2,2,2,2,2,2,2,2,2,2,2,2,2,2,2,2,2,2,2,2,2,2,2,2,2,2,2,2,2,2,2,2,2,2,2,2,296,247,356,344,252,304,284,5,5,5,254,295,329,346,55,349,341,289,151,199,86,110,350,338,27,326,280,208,65,334,288,321
1,1,1,1,1,0,1,1,1,1,0,0,1,1,1,0,1,1,1,1,1,1,1,1,1,1,0,0,1,1,1,1,1,1,1,1,0,0,1,1,1,1,1,1,0,1,0,1,1,0,0,1,1,1,1,1,1,1,1,0,1,0,1,1,1,1,1,1,1,1,1,1,0,1,1,1,0,1,1,1,0,1,1,1,1,1,1,1,1,1,1,1,1,1,1,1,0,0,1,1,1,1,1,1,0,1,1,1,0,1,1,0,1,1,1,1,1,0,1,1,0,0,1,1,1,1,0,1,1,1,1,1,1,0,1,1,1,1
1480
247,334,354,182,357,5,333,252,254,285,352,359,22,22,22,22,22,22,22,339,294,171,317,48,2,2,2,2,2,2,2,2,2,2,2,2,2,2,2,2,2,2,2,2,2,2,2,2,2,2,2,2,2,2,2,2,2,2,321
0,0,1,1,0,0,1,1,0,1,1,1,1,1,0,0,0,1,0,0,0,0,0,0,0,0,1,1,1,0,0,0,0,0,1,1,1,0,0,0,0,0,0,0,1,0,0,0,1,1,1,0,0,0,1,0,1,0,1
1481
22,2
1,0
1482
320,22,22,106,294,5,2,2,2,2,2,67
0,0,1,0,1,1,1,1,0,1,1,1
1483
320,2,2,2,352,276,5,340,22
0,0,0,0,1,0,1,0,0
1484
356,355,2,2,2,2,2,2,2,2
1,1,0,0,1,1,0,1,0,0
1485
236,304,358,355,330,292,295,22,22,22,22,22,22,22,22,22,22,22,293,282,182,313,289,315,342,317,316,45,319,309,2,2,2,2,2,2,2,2,2,2,2,2,2,2,2,2,2,2,2,2,2,171,288,327,91
1,0,1,1,1,1,1,1,0,1,1,1,1,1,0,0,1,1,1,1,0,0,1,1,1,0,1,1,0,1,1,0,0,1,0,1,0,0,0,1,1,1,0,1,1,1,1,1,0,1,0,1,1,1,1
1486
22,22,2
0,0,1
1487
247,359,236,41,46,45,338,353,292,22,22,22,22,22,22,22,291,293,171,317,313,2,2,2,2,2,2
0,1,1,0,1,1,0,0,1,0,0,0,0,1,1,0,0,1,0,0,1,0,1,0,1,0,0
1488
22,22,22,22,22,22,22,22,22,22,22,22,2,2,2,2,2,2,2,2,2,2,2,2,2,2,2,2,2,2,2,2,2,2,2
0,0,1,0,1,1,1,1,1,1,0,1,1,1,0,1,0,0,0,1,1,0,1,0,1,0,1,1,0,1,0,1,1,1,0
1489
22,22,22,22,2,2,2,2,2,2,2,2,2,2,2,2,2,2,2,2,2,2,2,2,2
1,1,1,1,1,0,0,0,1,0,0,0,1,0,0,0,0,1,0,0,0,1,0,0,0
1490
2,360
1,1
1491
296,235,326,236,323,144,304,311,327,358,283,339,330,22,22,22,22,22,22,22,22,22,22,22,22,22,22,22,22,22,22,22,22,22,336,322,363,237,55,317,155,199,254,315,342,354,343,182,335,350,316,333,306,328,328,2,2,2,2,2,2,2,2,2,2,2,2,2,2,2,2,2,2,2,2,2,2,2,2,2,2,2,2,2,2,2,2,2,2,2,2,2,2,2,2,2,2,2,2,2,2,2,2,2,2,2,2,2,2,2,280,171,307,175,301,368
0,0,0,0,0,0,0,1,1,0,0,0,1,0,0,1,0,0,0,1,1,1,1,0,0,0,0,0,0,0,0,0,0,0,0,1,0,0,1,0,0,1,1,1,1,0,1,0,0,0,1,0,1,0,0,1,0,0,0,1,1,0,0,0,0,0,1,0,1,0,0,0,0,0,0,0,1,0,0,1,0,0,0,1,1,0,0,0,0,0,1,0,0,0,0,0,0,0,0,1,0,0,0,1,0,1,1,0,0,0,0,1,1,0,0,0
1492
78,299,22,22,22,22,22,236,298,2,2,2,2,2,2,2,2,2,2,2,2,2,2
0,1,1,0,1,0,0,0,1,1,0,0,0,0,1,0,1,0,0,0,0,0,0
1493
22,2,2,2,2,2,2,2,2,2,2,2,2
0,0,0,0,0,0,0,1,0,0,0,1,0
1494
22,22,22,22,22,22,253,321,67,2,2,2,2,2,2,2,2,2,2,2,2,2,2,2,2,2,2,199
0,1,1,1,1,0,1,0,1,0,0,0,1,0,0,1,0,1,0,1,1,0,1,1,1,1,0,1
1495
315,288,22,22,22,22,22,236,291,171,317,316,2,2,2,2,2,2,2,2,2,2,2,45
0,0,0,0,0,0,1,1,0,1,0,1,0,0,0,0,0,1,0,0,0,1,0,1
1496
78,280,22,22,22,22,334,349,2,2,2,2,2,2,2,288
0,0,0,0,0,0,0,0,0,0,1,0,1,0,0,0
1497
22,2
0,1
1498
22,22,2,2,2,327
0,0,1,1,0,1
1499
86,350,330,333,302,327,309,22,22,22,22,22,22,22,22,345,279,2,2,2,2,2,2,2,2,2,2,2,2,2,2,2,2,2,2,2,2,2,2,2,2,2,368
0,0,0,0,1,1,0,0,0,1,0,0,0,0,1,1,0,0,1,0,0,0,1,1,0,1,0,0,0,1,1,0,0,1,0,0,1,0,0,1,1,0,0
1500
296,311,351,247,286,276,5,5,5,5,174,302,363,22,22,22,22,22,22,22,22,22,22,22,22,329,339,106,352,146,294,308,303,335,354,199,325,263,348,111,285,353,2,2,2,2,2,2,2,2,2,2,2,2,2,2,2,2,2,2,2,2,2,2,2,2,2,2,2,2,2,2,2,2,124,48,279,175,301,368
1,1,1,1,1,1,1,1,1,0,0,0,1,1,1,0,0,1,1,1,1,1,0,1,1,1,1,1,1,0,0,1,0,1,1,1,1,0,1,1,0,1,1,1,0,1,0,0,1,0,1,1,0,1,1,1,1,1,1,0,1,1,0,1,1,1,1,1,1,1,1,1,1,1,0,1,1,1,0,1
7396
352,56,46,236,301,175,288,369,316,313,363,363,246,22,22,22,22,22,22,22,22,22,22,22,22,22,22,22,22,22,22,322,342,294,171,45,2,2,2,2,2,2,2,2,2,2,2,2,2,2,2,2,2,2,2,2,2,2,2,2,2,2,2,2,2,2,2,2,2,2,2,2,2,2,2,2,2,2,2,2,2,2,2,2,2,2,2,2,2,2,2,2,2,2,2,2,2,2,2,2,2,2,2
0,1,1,0,1,1,0,1,1,0,0,0,1,1,1,1,1,0,0,0,0,1,1,1,1,1,0,0,0,1,1,0,1,0,1,1,0,0,0,1,1,0,0,1,1,1,1,1,1,0,0,0,0,1,0,1,1,0,1,1,1,0,0,1,0,0,1,0,0,1,0,1,1,1,1,1,0,0,1,0,0,0,1,0,0,1,0,0,0,0,1,0,0,1,1,1,0,0,0,1,0,1,1
1502
311,22,2,2,2,2,2,2
0,0,0,0,0,0,0,0
1503
315,56,351,236,307,316,45,22,22,22,22,22,22,22,22,314,171,317,313,2,2,2,2,2,2,2,2,2
1,0,0,1,1,0,1,0,0,0,0,0,0,1,0,1,1,0,0,0,0,1,0,0,0,1,0,1
1504
305,22,2,2,2,322
0,1,0,1,0,0
1505
296,22,22,22,22,236,279,288,2,2,2,2,2,2,2,2,2,2,2,2,2,2,2,2,2,2,2,2,2,2,2,2,2,2,2,2,2,2,2,2,2,2,2,2,2,2,2,2,2,2,2,2,2,2,2,2,2,2,2,2,2,2,2,2,2,2,2,2,2,2,2,2,2
0,0,0,1,0,0,0,0,0,0,1,1,0,1,1,0,1,1,0,0,0,1,0,0,1,0,0,0,1,0,0,1,1,1,1,1,1,1,0,1,0,1,1,1,1,0,0,1,0,0,1,0,0,1,0,0,0,1,1,1,1,0,1,1,1,1,1,1,1,1,1,1,0
1506
246,320,329,175,333,357,27,22,22,22,22,22,22,22,345,339,2,2,2,2,2,2,2,2,2,2,2,2,2,2,2,2,2,340
1,0,0,1,1,1,0,0,1,1,0,1,0,0,1,0,1,1,1,1,1,0,0,0,1,0,1,0,0,0,0,0,0,1
8429
290,73,336,318,297,302,324,330,22,22,22,22,22,22,22,22,22,22,22,22,22,22,22,22,22,22,22,22,22,22,22,22,22,22,22,22,22,22,22,22,293,313,361,312,177,236,364,182,175,144,5,5,353,359,309,294,171,307,326,296,247,356,304,252,355,284,363,292,320,339,346,317,289,354,350,333,348,27,328,2,2,2,2,2,2,2,2,2,2,2,2,2,2,2,2,2,2,2,2,2,2,2,2,2,2,2,2,2,2,2,2,2,2,2,2,2,2,2,2,2,2,2,2,2,2,2,2,2,2,2,2,2,2,2,2,2,2,2,2,2,2,2,2,2,2,2,2,2,2,2,2,2,2,2,2,2,2,2,2,2,2,2,2,2,2,2,2,2,2,2,2,2,2,2,2,2,2,2,2,2,2,2,2,2,2,2,124,208,65,288,288,340,91,91
0,0,0,1,0,0,0,0,1,1,1,0,1,1,1,1,0,1,1,1,0,0,0,0,0,1,1,0,1,1,1,1,0,1,1,0,1,1,0,1,1,0,1,1,0,1,0,1,1,0,1,0,1,0,0,0,0,0,0,1,0,1,0,0,1,0,0,0,0,0,1,0,0,0,0,1,0,0,0,0,0,1,0,0,0,0,0,0,1,1,0,0,1,0,0,1,0,0,1,1,1,1,1,1,1,1,0,1,0,1,0,0,0,0,1,1,0,1,1,1,1,1,1,0,0,1,0,0,0,0,0,0,0,0,0,0,0,0,0,1,0,1,0,0,1,0,0,0,0,1,0,0,0,1,1,0,0,1,1,1,1,1,0,0,1,1,0,0,1,1,0,0,0,0,1,0,1,1,0,0,0,1,1,1,0,0,0,0,1,0,0,0,0,0
1508
296,247,337,236,318,304,41,5,45,292,22,22,22,22,22,22,22,22,22,22,22,22,22,22,22,346,339,293,237,56,317,315,316,300,27,27,2,2,2,2,2,2,2,2,2,2,2,2,2,2,2,2,2,2,2,2,2,2,2,2,2,291,171,288,301,91
1,1,1,1,1,0,1,1,1,0,1,0,1,1,1,1,1,1,1,1,1,1,1,1,0,1,1,0,0,1,0,1,1,0,0,1,0,1,1,0,0,1,1,0,0,1,1,1,0,0,1,1,1,1,1,1,1,1,1,0,0,1,0,1,1,1
1509
299,312,367,367,199,236,286,41,174,283,22,298,307,332,2,2,2,2,2,2,2,2,2,2,2,2,2,2,2
1,0,1,1,1,1,0,0,1,0,1,1,0,0,0,1,0,0,0,1,0,1,1,1,0,0,1,1,0
1510
367,301,300,247,344,175,335,297,67,333,5,22,22,22,124,322,339,279,146,332,2,2,2,2,2,2,2,2,2,2,2,2,2,2,2,2,2,2,2,2,2,2,2,2
1,0,0,1,1,1,0,0,1,0,1,0,0,1,0,1,0,0,1,1,0,0,0,0,1,1,0,1,1,1,1,1,1,1,1,1,0,1,1,0,1,1,1,0
1511
22,2,2,2,2,2,2,2,2,2,2,2,2,2
1,1,1,1,0,1,1,0,0,0,0,0,1,1
1512
362,367,347,2,2,2,2,2,2,2
1,1,0,0,0,1,0,1,1,0
1513
78,78,296,290,236,323,297,318,41,358,313,254,68,328,22,22,22,22,22,22,22,22,22,22,2,2,2,2,2,2,2,2,2,2,2,2,2,2,2,2,2,2,2,2,2,2,2,2,2,2,2,2,2,2,2,2,2,2,2,2,2,2,2,2,2,2,2,2,2,2,2,2,2,2,293,279,288,288,301,321
1,1,1,1,1,0,0,1,1,0,0,0,1,1,0,1,0,1,1,1,0,0,0,0,1,0,1,1,0,1,1,0,0,0,0,0,1,0,1,1,1,1,0,1,1,0,0,1,1,1,0,1,1,1,0,1,1,1,1,1,1,1,1,1,1,0,1,1,1,1,1,1,0,1,1,0,1,1,1,0
1514
290,235,347,253,41,284,355,324,22,22,22,22,22,22,22,22,22,22,22,22,22,22,22,22,22,22,56,317,349,315,279,146,263,316,2,2,2,2,2,2,2,2,2,2,2,2,2,2,2,2,2,2,2,2,2,2,2,2,2,2,2,2,2,2,2,2,2,2,2,2,48,171,288,301
0,0,0,0,0,0,0,1,1,1,0,0,0,1,1,1,1,1,0,1,0,0,0,1,0,1,0,1,0,1,1,0,1,1,1,0,0,1,0,0,1,1,0,0,0,1,1,1,1,0,0,0,1,1,0,1,0,0,0,1,1,0,1,0,0,0,0,1,1,0,0,1,0,1
1515
236,2,2,2,2,2,313
0,1,0,0,0,0,1
1516
296,367,236,45,292,332,22,22,22,22,22,22,22,22,22,22,22,22,22,22,293,182,349,289,151,365,68,317,335,357,111,285,353,359,340,124,291,65,171,288,2,2,2,2,2,2,2,2,2,2,2,2,2,2,2,2,2,2,2,2,2,2,2,2,2,2,2,2,2,2,91
0,0,0,0,0,0,0,0,1,1,1,1,0,0,1,0,1,0,1,0,0,1,1,0,0,1,1,0,0,0,0,0,0,0,0,0,1,0,1,0,0,0,0,0,1,0,0,0,0,0,1,0,1,1,0,1,0,0,1,0,0,1,0,0,0,0,0,0,1,0,0
1517
22,2,2,2,2
1,0,0,1,0
1518
78,22,22,236,279,288,2,2,2,2,2,2,2,2,2,2,2,2,2,2,2,2,2,2,2,2,2,2,2,2,2,2,2,2,2,2,2,2,2,2,2,2,2,2,2,2,2,2,2,2,2,2,2,2,2,2,2,2,2,2,2,2,2,2,2,2,2,2,2,2,2,2,2,2,2,2
0,0,1,1,1,1,1,0,0,0,1,0,0,1,0,0,1,1,1,0,1,0,0,0,1,1,1,1,0,1,1,1,1,1,1,1,1,1,1,0,1,1,1,1,0,1,1,0,1,1,1,1,1,0,0,0,1,1,1,1,1,1,1,1,0,1,0,1,0,1,1,1,1,0,1,1
1519
235,295,22,22,22,22,22,345,358,2,2,2,2,2,2,2,2,2,2,2,2,2,2,2,2,2,2,2,2,2,2,368
0,1,0,1,1,1,0,1,0,0,0,1,1,1,1,1,0,1,1,0,1,0,1,1,0,0,0,0,1,1,0,1
1520
311,2,2
1,0,0
1521
78,111,246,22,22,22,22,325,334,5,2,2,2,2,2,2,2,2,2,2,2,2,2
0,0,1,0,1,0,0,0,1,0,0,0,1,0,0,0,0,0,0,0,1,1,1
1522
302,312,177,22,22,2,2,2,2,2,2
1,1,1,1,0,1,1,0,0,1,0
1523
287,22,2,2
1,0,0,0
1524
2,2,336
1,0,0
1525
312,73,347,48,331,329,309,276,177,300,285,358,332,22,22,22,22,22,22,22,22,22,322,346,237,349,2,2,2,2,2,2,2,2,2,2,2,2,2,2,2,2,2,2,2,76
1,1,1,0,1,1,1,0,0,1,0,0,0,0,0,0,0,1,1,0,1,0,1,1,1,0,1,1,1,1,0,1,1,0,1,0,1,1,1,1,1,1,0,0,0,1
1526
355,354,22,314,364,144,332,2,2,2,2,2,2,2,2,2,2,5
1,0,0,0,0,1,0,0,0,1,1,0,0,0,0,0,0,0
1527
22,22,22,22,22,22,22,22,22,22,22,2,2,2,2,2,2,2,2,2,2,2,2,2,2
0,1,1,1,1,1,1,0,0,1,1,1,0,0,1,1,0,1,0,1,0,1,1,1,1
1528
2,2,2,2,2,2,2,2
0,0,0,1,0,0,0,0
1529
323,311,297,302,45,292,22,22,22,22,22,22,22,22,22,339,293,56,317,349,315,55,343,324,316,313,345,171,288,2,2,2,2,2,2,2,2,2,2,2,2,2,2,2,2,2,91
1,0,0,0,1,0,1,1,1,0,1,0,0,1,0,0,0,1,1,0,1,1,1,0,1,0,1,1,0,1,0,0,1,0,0,0,0,1,1,1,1,1,1,0,0,1,0
1530
2,2,2,2
0,0,0,1
1531
323,327,2,2,2,2
0,0,0,0,0,0
1532
289,303,320,22,22,22,22,22,22,22,22,22,22,22,22,22,22,124,282,349,2,2,2,2,2,2,2,2,2,2,2,2,2,2,2,2,2,2,2,2,2,2,2,2,2,2,2,2,2,2,2,2,2,2,2,2,2,2,2,2,2,2,2,2,2,2,2,2,2,2,2,2
1,0,1,0,0,1,1,1,0,0,1,1,0,0,0,1,1,0,0,0,1,0,0,1,0,1,0,0,1,1,1,1,0,1,0,0,1,1,0,1,0,0,0,1,0,0,0,0,1,1,0,1,0,1,1,1,1,0,0,0,0,1,0,0,1,1,0,0,1,0,1,1
1533
78,320,22,22,2,2,2,2,2,2,2,2,2,2,2,2,2,91
0,0,0,1,1,0,0,0,0,0,1,0,0,0,0,0,1,0
1534
78,78,323,367,199,236,296,329,312,312,332,22,22,22,22,22,291,237,279,288,2,2,2,2,2,2,2,2,2,2,2,2,2,2,2,2,2,2,2,2,2,2,2,2,2,2,2,2,2,2,2,2,2,2,2,2,2,2,2,2,2,2,2,2,2,2,2,2,2,2,2,2,2,2,2,2,2,2,2,2,2,2,2,2,2,2,2,2,2,2,2,2,2,2,2,2
0,0,0,0,0,0,0,0,0,0,0,0,0,1,1,0,0,0,0,0,1,1,1,0,0,0,0,1,1,1,1,1,1,0,0,1,0,1,1,1,1,1,1,1,1,1,1,1,0,1,1,1,1,0,1,0,1,0,1,0,1,1,0,0,0,0,0,0,1,0,0,0,1,1,1,0,1,1,0,1,1,1,0,1,0,1,1,1,1,1,1,1,1,0,1,0
1535
355,320,22,22,22,22,22,22,91,354,2,2,2,2,2,2,2,2,2,2,2,2,2,2,2,333,301,337
0,0,0,0,0,0,0,0,0,0,0,0,1,1,0,0,0,0,1,0,0,0,1,0,0,0,0,0
9025
312,177,22,22,22,5,5,2,2,2,2,2,2,2,2,2,2,2,2,2,2,2,2,91
0,1,0,0,0,1,0,0,0,0,1,0,0,0,0,0,1,0,0,0,0,1,1,0
1537
296,367,304,236,286,297,73,174,363,22,22,22,22,22,22,22,22,346,282,237,55,146,332,332,78,177,199,364,5,5,331,27,349,340,2,2,2,2,2,2,2,2,2,2,2,2,2,2,2,2,2,2,2,2,2,2,2,2,2,2,2,2,2,2,2,2,2,2,2,2,2,2,2,2,2,2,2,2,2,2,2,2,2,2,2,2,2,2,2,2,2,2,2,2,2,2,2,2,2,2,2,2,2,2,2,2,2,2,2,2,2,2,2,2,2,2,2,2,2,2,2,2,124,279,288,301
0,0,0,1,0,0,1,0,0,0,1,0,1,1,1,0,1,1,1,0,1,0,0,0,0,1,1,0,0,1,0,1,0,0,1,0,0,0,0,1,0,1,1,0,0,0,0,0,1,1,0,1,1,1,0,1,1,1,0,0,1,1,1,1,1,1,1,0,0,1,1,1,1,1,1,1,1,1,1,1,1,0,1,1,1,1,1,1,0,0,1,0,1,1,1,0,1,1,1,0,0,1,0,1,1,1,1,1,0,1,1,1,1,1,1,1,1,1,1,1,1,1,0,0,0,1
1538
76,359,359,22,22,22,22,22,22,22,22,22,22,236,322,344,171,171,317,317,313,2,2,2,2,2,2,2,2,2,2,2,2,2,2,2,2,2,2,199
0,0,0,0,0,1,0,0,0,0,0,0,0,0,0,0,0,0,1,0,0,0,0,0,0,0,0,0,0,1,0,1,0,0,0,0,0,1,0,1
1539
323,367,351,337,236,287,297,73,324,22,22,22,22,22,22,22,22,22,22,22,22,22,22,22,22,22,22,293,146,313,361,55,55,144,316,300,319,353,309,294,294,171,307,305,2,2,2,2,2,2,2,2,2,2,2,2,2,2,2,2,2,2,2,2,2,2,2,2,2,2,2,2,2,2,2,2,2,2,2,2,2,2,2,2,2,2,2,2,2,2,2,2,2,2,2,2,2,2,2,2,2,2,2,2,2,2,2,2,2,2,2,2,2,2,2,2,296,41,360,284,355,5,5,283,45,363,363,295,48,339,346,341,56,317,349,199,289,315,106,343,263,78,348,68,328,345,65,65,334,301,321
1,0,0,1,1,1,0,1,1,0,1,1,1,1,1,0,1,1,0,1,0,0,0,0,1,1,0,1,0,0,1,1,1,0,0,0,0,0,1,0,0,1,1,1,0,1,1,0,0,1,1,1,1,1,1,1,1,1,0,0,0,0,0,0,1,1,1,0,0,1,0,1,1,1,0,1,0,0,1,0,1,1,0,1,1,0,1,1,1,0,1,0,1,0,0,1,1,0,1,0,0,1,1,1,1,1,1,0,0,0,1,1,1,1,1,0,1,0,1,1,1,1,1,1,1,0,0,0,0,1,0,1,0,1,0,1,1,1,1,0,1,1,1,1,0,0,0,0,1,0,1
1540
299,155,320,236,325,306,366,361,298,313,2,2,2,2,2,2,2,2,2,2,2,2,2,2,2,2,2,2,2,22,22
1,1,0,0,0,1,1,1,1,0,0,0,0,1,1,1,0,1,1,1,1,1,1,0,0,0,1,0,1,1,1
1541
311,297,301,2
0,1,0,0
1542
2,2,2
0,0,0
1543
330,22,22,2,288
0,0,0,1,0
1544
323,367,351,336,336,304,5,302,332,22,22,22,22,22,22,22,22,22,22,22,22,22,22,22,305,293,237,300,317,313,199,78,319,73,236,357,45,111,27,359,2,2,2,2,2,2,2,2,2,2,2,2,2,2,2,2,2,2,2,2,2,2,2,2,2,2,2,2,2,2,2,2,2,2,2,2,2,2,2,2,2,2,294,171,288,301,368
1,1,1,1,1,0,1,1,1,1,0,1,1,1,1,1,1,1,1,1,1,1,0,0,1,1,0,1,1,1,1,1,1,1,1,1,1,0,1,1,1,0,0,1,1,1,0,1,1,1,1,0,1,0,0,0,0,0,1,1,1,1,0,1,0,0,1,1,1,1,1,0,0,1,1,1,0,0,0,1,1,0,1,1,1,0,1
1545
327,199,293,288,22,22,22,22,22,22,361,291,317,301,2,2,2,2,2,2,2,2,2,2,2,2,2,2,2,2,2,91
0,1,0,0,0,1,1,1,1,0,1,0,0,1,1,1,1,1,1,1,1,0,0,1,0,0,0,0,0,1,0,0
1546
341,358,2,2,2,2,2,2,2,2,2,2,22,22,22
0,0,0,0,1,0,0,0,0,0,1,0,0,0,1
1547
5,5,2,2,2,2,2,2,2,2,2,2,2,2,2,2,2,2,2,22,22
0,0,0,1,1,1,1,0,1,0,1,0,0,1,1,0,0,0,0,0,1
1548
289,73,246,199,336,287,322,284,288,353,22,22,22,22,22,22,22,22,22,22,22,360,339,282,349,2,2,2,2,2,2,2,2,2,2,2,2,2,2,2,2,2,2,2,2,2,2,2,2,2,2,2,2,2,2,2,2,321
0,0,1,1,1,1,0,0,1,0,0,0,0,0,0,0,0,0,0,1,1,1,1,0,0,1,1,0,1,0,1,0,0,0,0,1,1,0,1,0,0,1,0,0,0,0,1,0,1,0,1,0,1,0,1,1,0,1
1549
283,283,281,22,22,22,22,22,22,2,2,2,2,2,2,2,2,2,2,2,2
0,1,0,0,0,1,1,0,0,0,0,0,1,0,0,0,0,1,1,0,1
1550
336,236,318,304,369,300,359,22,22,22,22,22,22,22,22,22,22,124,305,208,291,48,171,45,2,2,2,2,2,2,2,2,2,2,2,2,2,2,2,2,2,2,2,2,2,2,2,2,2,2,2,2,2,2,2,2,2,2,2,341
1,1,1,0,1,1,0,0,1,1,0,1,0,1,1,1,1,1,1,0,0,0,1,1,0,0,0,0,1,1,1,0,1,0,0,1,0,0,1,1,0,0,0,1,1,1,0,0,1,1,0,0,1,1,1,1,1,1,0,1
1551
2
0
1552
362,336,236,236,328,304,276,355,306,353,310,22,22,22,22,22,22,22,22,22,22,22,22,22,22,22,22,297,366,2,2,2,2,2,2,2,2,2,2,2,2,2,2,2,2,2,2,2,2,2,2,2,2,2,2,2,2,2,2,2,2,2,2,2,2,2,2,2,2,2,2,313,301,341
1,0,0,0,0,1,1,0,0,0,1,1,1,0,1,1,1,1,0,1,1,0,1,0,1,1,0,1,1,1,0,0,1,1,0,1,0,0,1,1,1,1,0,1,0,1,1,1,0,1,1,0,0,0,1,0,1,1,0,1,1,1,1,1,0,0,0,0,0,0,0,1,0,1
