2436
22,2
1,0
2437
315,56,22,171,317,316,2,2,2,2
1,1,1,0,1,1,0,1,0,0
2438
78,367,354,336,236,324,281,335,286,177,327,364,363,309,91,339,328,2,2,2,2,2,2,2,2,2,2,2,2,2,2,2,2,2,2,2,2,2,2,2,2,2,2,2,2,2,2,2,2,2,2,2,2,22,22,22,22,22,22,22
0,0,1,1,1,0,0,0,1,0,0,1,0,1,0,0,0,0,1,0,0,0,1,0,0,0,1,1,1,1,0,1,1,1,1,1,0,0,1,1,1,1,0,1,1,0,1,1,0,0,1,0,0,0,0,0,0,0,1,1
2439
304,22,2
0,0,0
2440
22,2,2,2,2,2,2,2,2
1,0,0,1,1,0,1,0,0
2441
2,2
1,0
2442
337,236,236,287,344,318,284,174,302,106,330,292,91,282,339,293,182,341,78,254,151,279,354,343,334,86,146,144,363,45,329,76,345,208,291,321,288,2,2,2,2,2,2,2,2,2,2,2,2,2,2,2,2,2,2,2,2,2,2,2,2,2,2,2,2,2,2,2,2,2,2,2,2,2,2,2,2,2,2,2,2,2,2,2,2,2,2,2,22,22,22,22,22,22,22,22,22,22,22,22,22,22,22,22,22,22,22,22,22,22
0,1,1,1,0,1,0,0,1,0,1,1,0,0,0,1,1,1,1,0,1,1,1,0,0,0,0,1,0,1,1,1,1,0,1,1,1,1,0,0,1,1,1,1,1,0,0,0,0,1,0,1,1,0,0,1,1,1,0,1,0,0,1,0,1,0,1,1,0,1,0,0,1,1,1,0,0,0,1,1,1,0,1,1,0,1,1,0,0,1,1,1,0,1,1,1,1,1,0,0,0,1,0,1,1,1,0,1,0,0
2443
319,356,354,22,22,22,22,22,337,340,349,2,2,2,2,2,2,2,2,2,2,2,2,2,2,2,2,2,2,2,2,2,2,2,2,2,2,2,2,2,341
1,1,1,0,0,0,0,1,0,0,0,1,0,0,0,0,0,0,1,1,0,0,1,0,1,0,0,0,1,0,1,1,0,0,0,1,1,1,1,0,0
2444
175,2,345
0,0,0
2445
22,22,22,22,22,22,360,294,2,2,2,2,2,2,2,2,2,2,2,2,2,2,2,2,144,284,333,321
0,0,0,1,1,1,1,0,0,0,0,1,1,0,0,0,0,1,0,1,1,0,0,0,0,1,0,0
2446
2,2,357
1,0,0
2447
319,337,2,2,2,22,22,22
1,0,0,1,1,0,1,0
2448
2
1
2449
315,315,56,56,370,304,369,316,316,252,353,22,22,22,65,171,317,2,2,2,2,2,2,2
1,1,0,1,1,0,1,1,1,1,1,1,0,1,0,0,1,1,1,0,1,1,1,1
2450
319,65,324,46,286,41,5,357,111,68,330,301,124,360,341,279,182,305,2,2,2,2,2,2,2,2,2,2,2,2,2,2,2,2,2,2,2,2,2,2,2,2,2,2,2,2,2,2,2,2,2,2,2,2,2,2,2,2,22,22,22,22,22
0,0,1,1,0,0,0,0,1,0,0,0,0,1,0,1,0,0,0,0,0,1,0,0,1,0,1,1,1,1,0,0,1,1,0,0,1,1,1,0,0,0,1,1,1,1,1,0,0,0,1,0,0,0,0,0,1,0,1,1,0,1,0
2451
236,2,2,2,2,2,2,2,2,22,22,22,22
1,1,1,1,1,1,0,0,1,1,1,0,1
2452
356,236,318,5,22,22,22,22,22,22,22,22,22,346,293,305,317,313,111,365,110,45,338,359,328,2,2,2,2,2,2,2,2,2,2,2,2,2,2,2,2,360,294,171,288,301
0,0,1,0,0,0,0,1,0,1,0,1,0,0,1,0,0,1,0,1,0,1,0,0,0,0,0,0,0,1,0,1,0,0,0,0,0,1,0,0,0,0,0,1,0,0
2453
338
0
2454
296,247,289,337,236,236,318,286,276,367,358,22,22,22,22,22,22,22,22,22,237,332,78,280,106,329,288,303,279,305,2,2,2,2,2,2,2,2,2,2,2,2,2,2,2,2,2,2,2,2,2,2,2,2,2,2,2,2,2,2,2,2,2,2,2,2,2,2,2,2,2,2,2,2,2,2,2,2,2,2,2,2,2,2,2,2,2,2,2,2,2,2,2,2,2,2,2,2,2,2,2,2,2,2,2,2,2,2,2,2,2,2,2,2,2,2
0,0,1,0,1,1,1,1,1,1,1,0,1,1,1,1,1,1,0,0,0,1,1,0,0,0,1,0,1,1,1,1,0,0,1,1,0,0,1,0,0,1,1,1,0,0,1,0,1,1,0,1,1,1,1,1,1,0,0,1,1,0,1,0,0,1,1,1,0,1,0,1,1,0,1,1,1,1,1,1,1,1,1,1,1,1,1,0,1,1,0,0,1,0,1,0,0,1,0,1,0,1,1,0,0,1,1,0,1,1,1,1,0,1,1,1
2455
296,311,246,246,236,253,5,45,330,22,22,22,22,22,22,22,22,22,22,22,22,22,22,22,22,22,339,293,56,56,317,317,313,289,315,315,331,86,335,316,316,349,288,288,319,301,301,294,171,171,307,175,2,2,2,2,2,2,2,2,2,2,2,2,2,2,2,2,2,2,2,2,2,2,2,2,2,2,2,2,2,2,2,2,2,2,2,2,2
1,1,0,1,1,1,1,0,1,0,0,1,0,1,1,1,1,0,1,0,0,0,0,1,0,0,0,1,1,1,0,1,1,1,1,1,0,0,1,1,1,1,0,0,0,0,1,0,1,1,1,0,1,1,0,0,0,0,0,1,0,0,1,0,0,0,0,1,0,1,1,0,1,1,0,0,1,0,1,1,0,1,0,0,1,0,0,0,1
2456
367,236,22,22,2,2,2,2,2
0,1,1,0,1,1,1,0,0
2457
111,307,22,2,337
0,1,1,1,0
2458
22,2,2,2,2,2,2,2,2,2,2,2,2,2,2,2,2,2,2,2,2,2,2,2,2,2,2,2,2,2
0,0,1,1,0,1,0,0,1,0,0,1,1,1,0,0,1,0,0,0,1,0,1,1,1,0,0,0,0,1
2459
356,2,2,2
0,1,0,0
2460
296,296,236,287,344,314,358,288,22,22,22,22,22,22,22,22,22,22,182,78,151,91,263,350,300,338,309,124,345,279,331,2,2,2,2,2,2,2,2,2,2,2,2,2,2,2,2,2,2,2,2,2,2,2,2,2,2,2,2,2,2,2,2,2,2,2,2,2,2,2,2,2,2,2,2,2,2,2,2,2,2,2,2,2,2,2,2,2,2,2,2,2,2,2,2,2,2,2,2,2,2,2,2,2,2,2,2,2,2,2,2,2,2,2,2,177,177
0,0,0,0,1,1,1,0,0,0,0,0,0,0,1,0,0,1,1,1,0,0,0,0,0,0,1,0,1,1,0,0,0,1,0,1,0,1,1,0,1,1,1,1,1,1,0,1,0,1,1,1,1,1,1,1,1,1,1,1,1,1,1,1,1,1,1,0,0,1,1,0,1,1,1,0,1,0,0,1,0,0,1,1,0,1,1,1,1,1,0,1,0,0,1,1,1,1,1,1,1,1,1,0,1,1,1,1,1,1,1,0,0,0,1,0,1
2461
323,246,351,236,318,41,330,22,22,22,22,22,22,22,22,22,22,22,22,22,22,155,2,2,2,2,2,2,2,2,2,2,2,2,2,2,2,2,2,2,2,2,2,2,2,2,2,2,2,2,2,2,2,2,2,2,2,2,2,2,2,2,2,2,2,2,2,2,2,2,2,2,2,2,2,2,2,2,312,177,365,335,300,174,309,76,341,307,305,327,247,297,5,355,358,295,91,346,352,182,308,303,151,354,199,325,110,288,68,326,124,360,48,331
0,1,1,1,1,1,1,1,1,1,1,1,1,0,1,0,1,1,0,1,0,1,1,1,1,1,1,1,0,0,1,1,1,1,0,1,1,0,1,1,0,1,1,0,1,0,1,1,0,0,1,1,1,1,0,1,1,1,1,0,0,1,1,1,0,1,1,1,1,0,0,1,0,1,0,1,0,1,1,1,0,0,0,1,1,1,1,1,1,1,0,0,1,1,1,0,0,1,0,1,1,1,1,1,1,1,0,1,1,0,1,1,0,0
2462
290,73,337,304,358,302,347,22,22,22,22,22,22,22,22,339,320,352,146,285,341,289,106,199,68,335,319,27,124,2,2,2,2,2,2,2,2,2,2,2,2,2,2,2,2,2,2,2,2,2,2,2,2,2,2,2,2,2,2,2,2,2,2,2
1,1,1,0,1,1,0,0,0,1,1,0,0,0,1,0,1,1,0,0,0,0,0,1,1,1,1,0,0,1,0,1,1,1,0,0,0,1,0,0,0,0,0,0,1,1,0,1,1,1,1,1,1,1,0,1,1,0,0,1,1,1,1,1
2463
361,86,340,91,208,65,2,2,2,2,2,2,2,2,2,368,327,22,22,22,22
1,0,0,0,0,1,1,1,1,0,0,0,1,1,0,1,1,0,0,0,0
2464
247,356,351,236,368,367,5,5,324,358,22,22,22,22,22,22,22,22,22,22,22,22,22,22,22,22,22,22,22,22,22,22,22,22,22,22,2,2,2,2,2,2,2,2,2,2,2,2,2,2,2,2,2,2,2,2,2,2,2,2,2,2,2,2,2,2,2,2,2,2,2,2,2,2,2,2,2,2,2,2,2,2,2,2,2,2,2,2,293,352,317,313,289,312,288,285,359,340,171,45,301,321
1,1,0,1,0,0,0,0,0,0,0,0,0,0,0,0,0,1,1,0,0,1,1,1,0,1,1,1,1,1,1,1,1,1,1,1,0,0,0,0,1,1,0,0,0,1,1,1,0,0,1,0,0,0,0,0,1,1,1,1,1,1,1,1,1,1,1,1,1,1,0,1,1,1,1,1,1,1,0,1,1,1,1,1,1,0,1,1,1,1,0,0,1,1,0,0,0,0,0,1,1,1
2465
323,356,347,296,287,41,358,355,324,246,295,22,22,22,22,22,22,22,22,22,22,22,22,22,22,22,322,339,320,237,326,182,332,327,289,312,177,352,354,199,91,329,175,144,106,338,364,76,345,307,2,2,2,2,2,2,2,2,2,2,2,2,2,2,2,2,2,2,2,2,2,2,2,2,2,2,2,2,2,2,2,2,2,2,2,2,2,2,2,2,2,2,2,2,2,368
0,1,1,0,1,0,0,1,1,1,0,0,0,1,0,1,1,0,0,0,0,1,0,1,1,0,1,0,0,0,0,0,0,0,0,0,1,1,1,1,1,0,1,0,0,0,1,0,1,0,0,1,1,0,1,0,1,1,1,0,1,0,0,0,0,0,0,1,1,1,0,0,0,0,1,1,0,0,0,1,0,1,0,1,1,0,0,0,1,1,0,0,1,0,0,1
2466
2,2
0,1
2467
22
0
2468
22,22,22,22,22,360,339,333,279,358,2,2,2,2,2,2,2,2,2,2,2
0,0,0,1,0,0,1,1,1,0,1,0,0,1,0,1,0,1,0,0,0
2469
312,328,22,22,86,340,146,284,2,2,2,2,2,2,2
0,0,0,0,0,0,0,0,1,1,0,0,0,1,1
2470
289,247,246,287,110,352,5,283,353,22,22,22,22,339,65,55,307,349,2,2,2,2,2,2,2,2,2,2,2,2,2,2,2,2,2,91
1,0,0,1,0,0,1,0,0,0,1,0,0,0,0,0,0,0,1,0,0,0,0,0,1,0,0,1,0,0,0,0,0,0,0,0
2471
337,236,344,348,41,284,355,358,91,282,293,357,317,313,327,289,279,106,329,321,350,333,288,86,359,301,171,307,45,2,2,2,2,2,2,2,2,2,2,2,2,2,2,2,2,2,2,2,2,2,2,2,2,2,2,22,22,22,22,22,22,22,22,22,22,22,22,22
1,1,1,1,0,1,1,0,0,1,1,0,1,1,1,1,1,1,1,1,1,1,1,0,0,1,1,0,1,0,1,0,0,1,1,1,1,0,1,0,0,0,1,1,1,1,1,1,1,1,1,0,1,1,1,1,1,1,1,1,1,1,1,0,1,1,1,0
2472
235,236,236,315,252,45,288,22,22,22,22,22,22,22,22,22,22,22,22,22,22,282,56,317,2,2,2,2,2,2,2,2,2,2,2,2,2,2,2,2,2,2,2,2,2,2,2,151,354,335,350,316,357,76,360,291,171,175,301
1,1,1,1,1,1,0,0,0,1,1,1,1,1,0,1,0,0,0,0,0,0,1,0,1,0,0,0,1,0,0,0,1,0,0,1,1,1,0,1,1,0,0,0,0,0,0,1,1,0,0,1,0,0,1,1,0,1,0
2473
22,22,22,22,22,22,2,2,2,2,2,2,2,2,2,2,2,2,2,2,2,2,2,2,2,2,2,2,2,2,2,2,2,2,2
0,0,0,0,0,0,0,1,0,0,1,1,1,0,0,0,0,0,0,0,0,1,0,1,1,0,1,0,0,1,0,1,1,1,0
2474
22,22,22,22,22,22,2,2,2,2,2,2,2,2,2,2,2,2,2,2,2,2,2,2,2,2,2,2,2,2,2,2
1,0,1,1,0,1,0,1,1,0,1,0,1,0,0,1,0,1,1,0,1,1,0,1,1,1,0,0,1,0,0,0
2475
367,356,236,236,344,276,5,45,292,22,22,22,22,22,22,22,22,22,22,22,22,293,55,317,349,280,354,67,288,338,68,328,326,345,291,305,2,2,2,2,2,2,2,2,2,2,2,2,2,2,2,2,2,2,2,2,2,2,2,2,2,2,2,2,321
1,1,1,1,0,1,0,0,1,1,0,0,0,0,1,1,0,0,0,0,0,1,1,0,0,1,1,1,0,0,0,1,1,0,0,1,1,0,1,0,1,0,1,0,0,1,0,1,0,0,1,0,0,0,0,0,1,1,0,0,0,1,1,0,1
2476
323,311,246,351,340,41,318,297,5,5,252,302,324,330,22,22,22,22,22,22,22,22,22,22,22,22,22,22,320,237,55,332,155,303,280,106,65,331,110,263,301,349,348,235,285,353,328,327,208,48,305,2,2,2,2,2,2,2,2,2,2,2,2,2,2,2,2,2,2,2,2,2,2,2,2,2,2,2,2,2,2,2,2,2,2
0,1,1,0,0,0,1,1,0,1,1,0,0,1,1,0,0,1,0,1,0,0,0,1,0,1,0,1,0,1,1,1,1,1,1,0,0,0,1,1,1,0,1,0,0,1,1,1,1,1,0,1,0,0,1,1,0,0,1,0,1,0,1,1,0,0,0,1,0,0,1,0,0,0,1,0,1,0,0,1,1,1,0,1,1
2477
78,296,247,352,236,73,290,290,22,22,22,291,279,288,2,2,2,2,2,2,2,2,2,2,2,2,2,2,2,2,2,2,2,2,2,2,2,2,2,2,2,2,2,2,2,2,2,2,2,2,2,2
1,0,1,1,1,0,0,0,0,0,1,1,0,0,1,0,0,0,0,1,0,1,0,0,0,0,1,0,1,1,1,1,0,0,1,0,0,1,0,0,1,0,0,1,0,0,0,1,0,0,0,0
2478
362,45,22,22,22,22,22,236,345,301,2,2,2,2,2,313,155,337
1,1,0,0,1,0,1,0,1,0,0,1,0,0,0,1,0,1
2479
290,303,356,336,297,253,360,276,5,324,295,22,22,22,22,22,22,22,22,22,22,22,22,22,22,237,352,349,341,362,312,151,354,175,333,357,332,68,328,76,124,280,65,279,2,2,2,2,2,2,2,2,2,2,2,2,2,2,2,2,2,2,2,2,2,2,2,2,2,2,2,2,2,2,2,2,2,2,2,2,2,2,368
0,0,1,1,1,1,1,1,1,1,0,0,1,1,1,1,0,1,1,1,0,0,1,0,0,1,0,0,1,1,1,0,0,0,0,0,1,1,1,1,0,1,1,1,1,1,1,1,1,0,1,0,0,1,0,0,1,1,1,1,1,0,0,0,0,1,0,0,1,0,1,0,1,1,0,1,1,1,1,1,1,0,0
2480
311,351,337,236,286,276,284,22,22,22,22,22,22,22,22,22,22,22,22,22,22,22,22,22,22,22,22,22,22,22,22,22,22,22,22,22,22,22,22,297,322,282,237,146,332,155,56,336,364,335,316,300,111,353,76,314,294,171,307,326,247,344,5,5,5,174,254,363,91,339,352,317,349,78,283,151,199,325,263,350,333,338,328,2,2,2,2,2,2,2,2,2,2,2,2,2,2,2,2,2,2,2,2,2,2,2,2,2,2,2,2,2,2,2,2,2,2,2,2,2,2,2,2,2,2,2,2,2,2,2,2,2,2,2,2,2,2,2,2,2,2,2,2,2,2,2,2,2,2,2,2,2,2,2,208,279,175,301,321
1,1,1,1,1,0,0,1,1,1,1,1,0,0,0,0,0,0,1,0,0,1,0,1,0,1,0,1,1,0,0,1,1,1,1,0,1,1,0,0,1,0,0,1,0,0,1,1,0,1,0,1,1,1,1,1,0,1,1,1,1,1,0,1,1,0,0,0,1,0,1,0,0,1,1,1,1,1,1,1,0,1,1,0,1,0,1,0,0,0,1,1,0,0,1,1,0,1,1,0,1,0,1,0,0,0,0,0,1,0,0,1,0,1,0,0,1,1,0,0,1,0,1,1,0,1,0,1,1,0,1,1,1,0,1,1,1,0,1,1,1,0,1,1,1,1,1,1,0,0,1,0,0,1,0,1,1,0,1
2481
22,22,2,2,2,2,2,2,2
1,1,0,0,0,1,0,0,0
2482
78,296,235,22,22,22,22,22,236,279,46,2,2,2
1,1,0,0,1,1,1,0,1,0,1,1,0,1
2483
290,290,296,73,289,337,236,297,46,252,295,22,22,22,22,22,22,22,348,313,347,78,299,354,68,67,357,285,279,2,2,2,2,2,2,2,2,2,2,2,2,2,2,2,2,2,2,2,2,2,2,2,2,2,2,2,2,2,2,2,2,2,2,2,2,2,2,2,2,2,2,2,2,2,2,2,2,2,2,2,2,2,2,2,2,2,2,2,2,2,2,2,2,2,2,2,2,2,2,2,2,2,2,2,2,2,2,2,2,2,2,2,2,2,2,2,2,2,2,2,2,2,2,2,2,2,2,2
0,0,0,0,0,0,0,0,1,1,0,1,1,1,0,1,0,0,0,1,0,1,1,1,1,1,0,0,1,1,0,1,1,1,1,0,0,1,0,1,0,1,0,1,1,0,1,0,0,0,0,1,1,0,1,1,1,0,1,1,1,1,0,0,1,1,1,1,1,1,1,1,1,1,0,1,0,1,1,1,1,1,0,1,1,1,1,1,0,0,0,1,1,0,1,1,0,0,1,1,1,1,1,1,1,1,1,0,0,1,0,0,1,0,1,1,1,0,1,1,1,0,1,1,1,1,1,0
2484
356,364,333,319,285,22,22,22,22,360,48,326,325,2,2,2,2,2,2,2,2,2,2,2,2,2,308
1,0,0,0,1,0,0,0,0,1,0,0,0,0,1,1,0,0,1,0,0,0,0,1,0,0,1
2485
22,124,65,2,2,2,2,146,301
0,0,1,0,0,1,1,1,1
2486
290,254,151,354,343,236,364,344,175,360,319,347,351,295,22,22,22,22,22,22,22,22,22,22,345,282,65,237,2,2,2,2,2,2,2,2,2,2,2,2,2,2,2,2,2,2,2,2,2,2,2,2,368
0,1,0,1,0,1,1,1,0,1,1,0,1,1,0,1,0,0,1,1,0,0,0,0,1,0,1,0,1,1,0,0,0,1,1,0,1,1,0,0,0,1,1,0,0,0,0,0,0,1,0,0,0
2487
76,2,2
0,1,0
2488
124
0
2489
22,22,2,2,2
0,0,0,0,0
2490
289,111,367,365,354,364,276,175,144,358,302,285,309,326,339,352,182,288,2,2,2,2,2,2,2,2,2,2,2,2,2,2,2,2,2,22,22,22,22,22,22
0,0,1,0,0,0,1,0,1,1,0,0,0,1,1,1,1,0,1,0,0,0,1,1,1,1,0,1,0,1,1,1,1,0,0,1,1,0,0,0,0
2491
22
1
2492
22,2,2,2,360
0,0,0,0,1
2493
68,280,22,22,22,22,219,317,317,332,2,2,2,2,2,2,2,2,2,2,2,2,2,2,2,358
0,0,0,0,0,0,1,0,0,1,1,0,1,0,1,1,1,1,1,1,1,0,0,0,0,0
2494
312,342,22,2
0,1,1,0
2495
336,2,2,2,2,2,2,2,2,22,22,22,22,22,333
1,0,0,0,1,0,0,1,0,0,1,0,1,0,0
2496
48,287,304,5,319,254,329,330,295,22,22,22,22,22,22,22,22,22,22,22,22,22,237,349,2,2,2,2,2,2,2,2,2,2,2,2,2,2,2,2,2,2,2,2,2,2,2,2,2,2,2,2,2,2
0,0,0,0,0,0,1,1,0,1,0,1,1,0,0,1,0,1,1,1,1,1,1,0,1,1,1,1,0,1,1,1,1,1,1,0,1,1,1,1,1,1,1,0,1,1,1,1,1,1,1,1,1,1
2497
236,276,22,2,2,2,199
0,1,1,1,0,0,1
2498
247,347,236,281,252,5,302,292,22,22,22,22,22,22,22,22,22,22,22,22,22,367,293,55,146,308,320,364,317,321,144,333,288,319,86,359,124,345,208,291,48,171,45,2,2,2,2,2,2,2,2,2,2,2,2,2,2,2,2,2,2,2,2,2,2,2,91
1,1,1,0,0,1,1,1,1,1,1,1,0,1,1,0,1,0,1,0,1,1,1,1,1,1,1,1,1,1,0,1,1,1,0,1,0,1,1,0,0,1,1,0,1,1,1,1,1,0,0,1,0,1,1,1,1,1,0,1,0,1,1,1,0,0,0
2499
315,171,236,252,316,5,288,302,302,292,22,22,22,22,22,22,22,293,56,317,45,2,2,2,2,2,2,2,2,2,2,2,2,91
1,1,0,1,0,0,1,0,1,0,0,1,0,0,0,0,1,0,0,0,0,0,0,0,0,0,0,0,0,1,0,0,0,0
2500
247,351,22,22,22,345,287,340,2,2,2,2,2,2,2,2,2,2,2,2,2,2,2,2,2
0,0,0,1,1,0,1,0,1,0,0,0,0,0,0,0,0,1,1,1,0,0,1,0,0
2501
247,287,318,297,252,174,175,22,22,22,339,346,237,55,65,289,364,110,335,349,48,305,2,2,2,2,2,2,2,2,2,2,2,2,91
1,0,1,0,0,0,0,0,0,0,1,1,0,0,1,0,0,0,1,0,0,0,0,0,0,0,1,1,1,1,1,0,1,0,1
2502
177,352,22,22,2,2,2,2,2,2,2,2,2,294
0,1,0,1,0,1,1,0,1,0,0,1,0,0
2503
289,356,106,76,336,318,284,349,294,340,22,22,22,22,22,22,22,124,208,282,65,307,332,2,2,2,2,2,2,2,2,2,2,2,2,2,2,2,2,2,2,2,2,2,327
0,1,0,0,0,1,0,0,0,0,0,0,1,0,1,1,0,0,0,0,0,0,0,0,0,0,0,0,0,0,0,0,0,1,0,1,1,1,1,1,1,0,0,0,0
2504
22,2,357
0,0,0
2505
367,236,287,2,2,2,2,2,2,2,2,2,2,2,2,2,2,2,2,2,2,2,67,282,295,22,22,22,22,22,22,22,22,22,219,293,56,317,317,349,78,315,320,325,316,359,76,124,291,171,171,288,301
1,1,0,1,1,1,1,1,0,0,1,1,0,0,0,1,1,1,0,0,0,1,1,1,0,0,0,0,0,1,1,1,0,0,1,1,1,0,1,0,1,1,1,1,1,1,1,0,0,1,0,1,0
2506
311,337,46,360,276,5,144,330,22,22,22,22,22,22,22,22,22,22,22,22,22,22,106,352,182,349,362,312,177,354,199,350,333,357,301,301,314,294,2,2,2,2,2,2,2,2,2,2,2,2,2,2,2,2,2,2,2,2,2,2,2,2,2,2,2,2,2,2,2
0,1,1,0,1,0,0,0,0,0,0,1,1,0,0,0,0,0,1,0,1,1,0,1,0,0,1,0,0,1,0,0,1,0,0,0,0,0,1,0,0,1,1,1,1,0,1,0,1,0,0,1,1,1,1,0,0,0,1,0,1,1,1,1,1,0,1,0,1
2507
299,296,73,337,236,323,41,311,286,297,297,297,358,282,22,22,22,22,22,22,22,22,22,22,22,22,22,22,22,22,22,22,298,298,320,146,65,347,78,338,253,106,301,331,319,373,2,2,2,2,2,2,2,2,2,2,2,2,2,2,2,2,2,2,2,2,2,2,2,2,2,2,2,2,2,2,2,2,2,2,2,2,2,2,2,2,2,2,2,2,2,2,2,2,2,2,2,2,2,2,2,2,2,2,2,2,2,2,2,2,2,2,48,279,279,288,288,326,76
1,0,0,0,1,0,0,1,0,0,0,0,0,0,0,0,0,0,0,0,0,0,1,0,1,1,1,0,0,0,0,0,1,1,0,0,0,1,0,0,1,1,0,0,0,1,1,0,0,0,0,0,1,0,0,0,0,0,1,0,0,0,0,0,1,0,0,0,1,1,0,1,1,1,1,1,1,1,1,1,0,1,1,1,0,1,1,0,0,0,0,1,0,1,0,0,0,0,0,0,0,0,1,0,0,0,0,1,0,0,1,1,0,1,0,0,0,0,0
2508
299,73,351,22,22,22,22,298,334,2,2,2,2,2,2,2,2,2,2,2,2
1,0,0,0,1,0,0,1,0,0,0,0,1,0,1,0,0,0,0,0,0
2509
286,146,22,22,2,2,2
1,0,0,1,0,0,0
2510
296,247,351,343,364,276,301,283,363,76,322,237,2,2,2,2,2,2,2,2,2,2,2,2,2,2,2,2,2,2,2,2,2,22,22,22,22,22,22,22,22,22,22,22,22,22,22
1,1,0,0,0,1,1,0,0,0,1,0,1,1,1,1,0,0,0,1,0,0,1,0,1,1,1,1,0,0,0,0,1,1,0,1,1,1,1,0,1,1,1,1,1,1,1
2511
356,347,287,318,284,283,182,22,22,22,22,22,22,22,22,22,22,22,22,22,22,219,56,317,65,155,254,315,294,110,321,316,316,357,68,2,2,2,2,2,2,2,2,2,2,2,2,2,2,2,2,2,2,2,2,2,2,2,2,2,2,2,2,2,2,2,2,2,2,2,2,2,2,2,124,48,171,171,288,301,91
1,0,1,1,1,0,1,0,1,1,1,1,1,1,1,0,1,1,0,0,1,1,0,1,0,1,0,1,0,0,1,1,1,0,1,0,1,1,0,1,1,0,0,0,1,1,1,1,1,1,1,0,1,1,1,0,1,1,1,1,0,0,0,0,1,1,1,1,1,1,1,0,1,1,0,0,0,0,0,0,0
2512
338,354,22,22,325,328,2,2
1,0,1,0,0,0,1,1
2513
315,236,325,318,316,5,292,91,124,314,291,171,317,45,2,2,2,2,2,2,2,2,2,2,2,2,2,2,2,2,2,2,2,2,2,2,2,2,22,22,22,22,22,22,22,22
1,1,1,1,0,1,1,0,0,1,1,1,0,1,1,0,1,0,1,1,0,0,0,1,0,0,1,0,1,1,1,0,1,1,0,1,1,0,1,0,1,1,0,0,0,1
2514
22,22,22,22,2,2,2,2,2,2
1,1,1,1,1,1,1,1,1,1
2515
299,299,22,22,22,22,22,22,2,2,2,2,2,2,2,2,2,2,2,2,2,2,2,2,2,2,2,2,2,2,2,2,2,2,2,2,2,2,2,298
1,1,1,1,1,1,1,1,0,0,0,1,0,0,0,0,0,0,0,0,0,1,0,0,1,0,1,1,1,1,0,1,1,0,1,1,1,0,0,1
2516
106,324,364,41,301,174,281,22,22,22,22,22,368,351,48,279,146,2,2,2,2,2,2,2,2,327
1,1,1,1,1,1,0,0,1,0,0,1,1,0,1,0,0,0,0,0,0,1,1,1,1,1
2517
330,22,22,22,2,2,2,2,2,2
1,0,0,0,0,1,0,0,0,1
2518
325,279,22,2
0,1,1,0
2519
2
0
2520
22,22,2,2,2
1,1,1,0,1
2521
2,2,2,2,2,2,2,2,2,2,2,2,2,315,337,236,329,68,22,22,22,22,22,360,291,171,317,327,368
0,1,1,0,1,0,0,0,0,1,0,0,0,1,0,0,1,0,0,1,1,1,1,0,0,0,1,0,1
2522
296,235,287,344,276,252,254,295,22,22,22,22,22,22,22,22,22,22,22,322,55,155,199,364,367,68,353,314,208,334,305,2,2,2,2,2,2,2,2,2,2,2,2,2,2,2,2,2,321
1,0,1,0,1,1,1,0,1,0,0,1,0,0,1,1,0,1,0,1,1,1,1,1,1,1,0,1,1,1,1,0,0,1,0,1,1,0,1,0,0,0,0,1,0,0,0,0,1
2523
144,2,2,2,2
0,0,0,0,0
2524
302,2,2,2,2
0,0,0,0,0
2525
246,351,287,344,318,286,330,22,22,22,22,22,22,22,22,22,22,22,339,293,55,313,361,2,2,2,2,2,2,2,2,2,2,2,2,2,2,2,2,2,2,2,2,2,2,2,2,2,2,2,2,357,369,363,349,288,288,359,340,340,171,45,301
1,1,0,1,1,1,1,1,0,1,0,0,0,1,1,1,1,0,1,1,0,1,1,1,1,1,0,0,0,0,0,0,0,0,1,0,0,1,1,1,0,1,0,0,1,1,0,1,1,1,1,1,1,1,0,0,1,0,0,0,1,1,0
2526
235,352,320,199,358,344,253,360,144,284,357,174,22,22,22,22,22,22,22,22,22,22,22,124,322,339,282,334,307,332,2,2,2,2,2,2,2,2,2,2,2,2,2,2,2,2,2,2,2,2,2,2,2,2,2,2,2,2,2,2,2,2,2,2,2,2,2,2,2,2,2,2,2
0,1,0,1,1,1,1,1,0,1,0,0,1,1,0,0,0,1,0,1,1,0,1,0,1,1,1,1,1,1,0,1,1,0,0,1,1,0,1,0,1,0,0,1,1,1,1,1,1,1,1,1,1,1,0,1,1,1,1,1,0,1,1,1,1,1,1,1,0,0,1,1,0
2527
342,22,22,22,22,22,22,359,298,329,65,2,2,2,2,2,2,2,2,2,2,2,2,2,2,2,2,2,2,2,2,2,2
1,0,0,0,0,1,1,1,1,1,1,1,1,0,0,0,1,1,1,1,0,0,1,0,0,1,0,0,1,1,1,0,0
2528
323,151,320,236,336,336,287,146,297,252,22,22,22,22,22,22,22,22,22,22,22,144,282,341,182,331,2,2,2,2,2,2,2,2,2,2,2,2,2,2,2,2,2,2,2,2,2,2,2,2,2,2,2,2,2,2,2,2,2,2,2,2,2,321
1,0,0,0,0,0,0,0,0,1,0,0,1,1,1,1,1,1,0,1,0,0,0,0,0,0,1,1,0,0,1,1,0,1,1,0,1,1,0,0,1,1,0,1,0,1,0,1,1,0,1,1,1,1,1,1,1,0,0,1,1,0,1,0
2529
289,68,353,327,55,2,2,2,2,2,2,2,348
1,1,1,1,0,1,0,1,1,1,0,0,0
2530
151,320,337,236,276,235,22,22,22,22,22,22,345,351,48,334,332,2,2,2,2,2,2,2,2,2,2,2,2,2,2,2,2,2,2,2,2,2,347
0,1,1,1,1,1,1,1,0,1,0,0,1,0,0,1,0,1,0,0,1,0,0,0,0,1,0,1,1,1,1,1,1,0,0,0,0,0,1
2531
235,22,2
0,1,1
2532
311,352,22,253,55,5,2,2,2,2,2,2,2,2
0,0,1,1,1,0,0,0,0,1,0,0,0,0
2533
337,365,22,22,22,22,22,2,2,2,2,2,2,2,279
0,1,0,0,0,0,0,0,0,0,0,1,0,0,1
2534
289,335,22,22,22,22,2,2,2
1,1,0,0,0,0,1,0,0
2535
367,246,236,276,311,55,302,324,330,22,22,22,22,22,22,22,22,22,22,22,22,22,22,22,22,22,22,22,22,22,22,22,22,22,22,22,22,22,22,22,22,22,22,22,22,22,22,22,22,22,22,22,22,22,22,22,22,22,22,22,293,282,237,313,361,362,111,365,336,182,306,285,353,359,309,294,171,307,45,2,2,2,2,2,2,2,2,2,2,2,2,2,2,2,2,2,2,2,2,2,2,2,2,2,2,2,2,2,2,2,2,2,2,2,2,2,2,2,2,2,2,2,2,2,2,2,2,2,2,2,2,2,2,2,2,2,2,2,2,2,2,2,2,2,2,2,2,2,2,2,2,2,2,2,2,2,2,2,2,2,2,2,2,2,2,2,2,2,2,2,2,2,2,2,2,2,2,2,2,2,2,2,2,2,2,2,2,2,2,2,2,2,2,2,2,2,2,2,296,247,312,297,46,284,252,283,295,305,346,341,352,317,349,308,289,151,354,199,263,67,333,357,68,328,303,65,279,288,301,301,321
1,1,1,0,1,1,0,1,1,0,0,1,0,1,1,1,0,0,1,1,1,1,0,1,1,0,1,1,1,1,1,1,1,1,1,1,0,1,1,1,1,1,0,1,1,1,1,1,0,1,1,1,1,1,1,1,1,1,1,1,0,1,0,1,1,1,1,1,1,1,1,0,1,0,1,0,0,0,1,1,1,0,0,1,1,1,1,0,1,1,0,1,0,1,0,1,1,1,0,1,0,1,1,1,1,1,1,0,1,0,0,1,0,0,1,1,1,1,1,1,1,1,1,1,1,0,1,1,1,1,1,0,1,1,1,1,1,0,1,1,1,1,0,1,0,1,0,0,0,1,1,0,1,1,1,1,1,1,1,1,1,1,1,1,1,1,1,1,0,1,0,1,1,1,1,1,0,0,1,0,1,0,1,1,0,1,1,1,1,0,0,1,0,1,0,1,1,1,1,0,0,1,1,1,0,1,1,0,1,0,1,0,0,1,1,1,0,1,0,1,0,0,1,0,0,0,1,1,0,1,0
2536
22,2,2,2,2
0,1,0,0,0
2537
323,236,236,297,284,55,295,22,22,22,22,22,22,22,22,22,22,22,22,22,282,293,326,326,317,313,303,312,365,285,86,369,300,45,332,68,359,359,301,345,171,171,288,288,2,2,2,2,2,2,2,2,2,2,2,2,2,2,2,2,2,2,2,2,2,2,2,2,2,2,2,2,368
1,1,1,1,0,1,1,0,1,1,1,0,1,0,1,1,1,0,1,1,1,1,0,0,1,0,0,1,1,0,0,1,1,1,0,1,0,0,1,1,1,1,0,1,0,1,1,1,1,0,1,0,0,1,0,1,1,1,0,0,0,1,1,0,1,1,1,1,1,1,1,0,1
2538
247,360,347,344,304,358,5,363,22,22,22,22,343,319,342,199,325,357,111,27,76,345,341,305,2,2,2,2,2,2,2,2,2,2,2,2,2,2,2,2,2,2,2,2,2,2,2,2,2,2,2,2,2,2,2,2,2,2,321
0,1,0,1,0,0,1,1,0,0,0,0,0,0,0,1,0,0,0,0,0,1,1,1,0,0,0,1,0,1,1,0,0,0,1,1,1,0,0,1,0,0,0,0,0,0,0,0,0,0,0,1,0,1,0,0,0,1,1
2539
73,347,236,322,367,367,22,22,22,22,22,22,22,22,22,22,22,22,22,22,22,22,22,22,346,282,332,2,2,2,2,2,2,2,2,2,2,2,2,2,2,2,2,2,2,2,2,2,2,2,2,2,2,2,2,2,2,2,2,2,2,2,2,2,2,2,2,2,2,2,2,2,2,2,2,2,2,2,2,2,2,280,336,144,316,316,300,111,353,309,76,314,171,171,45,327,177,235,304,5,174,283,363,91,151,339,293,56,56,317,317,289,254,315,106,343,333,357,338,310,340,320,208,291,288,288,301
1,0,0,0,0,1,1,0,1,1,0,0,1,1,1,1,0,1,1,1,1,1,0,0,1,0,0,0,0,0,0,1,1,0,1,0,1,0,1,0,1,0,1,1,0,1,0,0,0,1,1,1,1,1,1,0,1,0,1,0,0,0,0,1,1,0,0,1,1,0,1,0,0,1,0,1,1,0,0,0,0,1,1,0,0,1,1,0,0,1,1,0,1,1,0,0,1,0,0,0,0,0,1,0,0,0,0,1,1,0,1,0,0,1,0,0,1,1,0,1,0,1,0,0,0,0,1
2540
22,22,22,2,2,2,2,2,2,2,2,2,2
1,0,0,0,1,0,0,1,0,0,0,1,1
2541
323,359,22,22,22,22,22,22,22,236,339,291,253,2,2,2,2,2,2,2,2,2,2,171,333
1,1,0,0,1,1,1,1,1,1,1,1,1,0,1,0,0,0,0,0,0,0,1,0,1
2542
78,296,367,236,281,46,285,22,22,22,22,22,22,22,22,22,339,279,332,2,2,2,2,2,2,2,2,2,2,2,2,2,2,2,2,2,2,2,2,2,2,2,2,2,2,2,2,2,2,2,2,2,2,2,2,2,2,2,2,2,2,2,2,2,2,2,2,2,2,2,2,2,2,2,2,2,2,2,2,2,2,2
1,1,1,1,0,1,0,0,0,1,0,1,1,0,1,0,0,1,0,0,0,1,0,0,1,0,0,1,1,0,1,0,1,1,0,1,1,0,1,1,1,1,1,1,1,0,0,0,0,1,1,1,1,1,1,0,1,1,0,1,1,0,1,0,1,1,1,0,0,0,0,1,1,1,1,1,0,0,1,1,0,1
2543
280,22,22,22,2,2,2,2,2,2,2,2,2,5
1,1,1,0,1,1,0,0,1,0,0,1,1,0
2544
323,367,347,296,287,276,78,330,91,339,320,55,182,343,289,354,199,329,281,301,208,279,2,2,2,2,2,2,2,2,2,2,2,2,2,2,2,2,2,2,2,2,2,2,2,2,2,2,2,22,22,22,22,22,22,22,22
0,1,0,1,1,1,0,0,0,0,0,1,1,0,1,1,1,1,0,0,0,0,0,1,0,0,0,0,1,1,0,1,0,1,1,1,0,0,1,1,0,0,0,1,1,1,1,0,0,1,0,0,1,0,0,1,1
2545
78,296,73,73,236,290,290,174,285,292,340,340,91,124,291,279,288,2,2,2,2,2,2,2,2,2,2,2,2,2,2,2,2,2,2,2,2,2,2,2,2,2,2,2,2,2,2,2,2,2,2,2,2,2,2,2,2,2,2,2,2,2,2,2,2,2,2,2,2,2,2,2,2,2,2,2,2,22,22,22,22,22,22,22,22
1,1,0,0,1,0,0,1,0,0,0,0,0,0,0,1,1,0,0,0,1,0,0,0,0,0,1,0,0,0,0,0,1,0,1,1,0,1,0,0,1,0,1,1,0,0,1,1,1,1,1,1,1,1,1,1,0,0,1,1,1,1,0,1,1,1,1,1,0,0,1,0,0,1,1,0,1,1,0,0,0,0,1,1,1
2546
295,41,22,22,2,2,288
0,0,0,0,0,0,0
2547
22,365,340,344,55,67,2,2,2,2,2,2,2,2,2,2,2,2,2,2,2,2,2,2,2,2,2,2,2,2,2,2,2,2,2,2,2,2,2,2,321
1,1,0,0,1,1,0,0,0,0,1,1,1,1,1,0,0,1,1,0,1,1,0,1,0,1,1,1,0,0,1,1,1,1,1,1,0,1,1,1,1
2548
338,352,22,2,2,2,2
0,1,1,0,0,0,1
2549
78,356,236,287,5,324,292,22,22,22,22,22,22,22,22,22,22,22,22,22,22,22,22,22,22,22,22,22,22,22,22,22,22,22,22,22,22,22,22,317,362,111,151,342,106,370,350,67,319,27,359,310,360,291,171,288,2,2,2,2,2,2,2,2,2,2,2,2,2,2,2,2,2,2,2,2,2,2,2,2,2,2,2,2,2,2,2,2,2,2,2,2,2,2,2,2,2,2,2,2,2,2,2,2,2,2,2,2,2,2,2,2,2,2,2,91
1,0,0,1,1,0,0,1,1,1,0,1,0,0,1,1,1,0,1,1,1,1,1,1,1,1,1,1,1,1,1,1,1,1,1,1,1,1,1,0,1,1,0,1,1,1,0,1,0,0,0,1,1,0,1,0,0,0,0,1,1,0,0,0,1,1,0,1,1,1,0,0,1,1,0,1,1,1,1,0,0,0,1,1,1,0,1,0,0,1,1,1,1,0,1,1,1,0,1,1,1,1,1,1,1,1,1,1,1,1,1,1,0,1,1,1
2550
323,177,320,347,144,318,322,276,355,199,22,22,22,22,22,22,22,22,22,22,22,124,360,237,341,182,2,2,2,2,2,2,2,2,2,2,2,2,2,2,2,2,2,2,2,2,2,2,2,2,2,2,2,2,2,2,2,2,2,2,2,368
0,0,1,1,0,1,0,0,0,1,1,1,0,1,0,1,1,0,1,0,1,0,1,0,0,1,0,0,1,0,1,1,1,1,1,0,0,1,1,1,0,1,1,0,1,1,1,0,1,1,0,0,0,0,0,1,1,0,0,0,0,1
2551
27,353,22,22,352,330,2
0,0,1,1,1,0,0
2552
78,296,22,22,22,22,22,22,236,279,288,2,2,2,2,2,2,348
0,0,0,0,1,0,1,1,1,1,0,0,0,0,1,1,1,0
2553
363,22,22,22,22,22,22,22,22,22,22,22,22,22,22,2,2,2,2,2,2,2,2,2,2,2,2,2,2,2,2,2,2,2,2,2,2,2,2,2,2,2,2,2,2,2,2,2,2,2,2,2,2,2,2,2,2,2,2
0,0,1,0,1,0,0,0,1,1,1,0,1,1,1,0,1,0,0,0,1,0,1,0,0,0,1,0,0,1,0,1,1,0,0,0,0,0,1,0,1,0,1,1,1,0,1,0,0,1,0,1,1,0,0,0,1,0,0
2554
22,2,2,2,2,2
1,0,0,0,1,0
2555
281,151,328,22,2
0,0,0,1,1
2556
323,235,354,236,307,311,284,333,348,285,358,91,360,351,294,252,2,2,2,2,2,2,2,2,2,2,2,2,2,2,2,2,2,2,2,2,2,2,2,2,2,22,22,22,22,22,22,22,22,22,22,22,22,22
0,1,1,0,1,1,0,1,0,0,1,0,0,0,0,0,0,1,0,0,1,0,0,1,0,0,0,0,0,0,0,1,0,1,0,0,1,1,1,1,1,1,0,0,1,1,1,1,1,0,1,1,1,1
2557
111,22,22,22,22,22,22,22,22,22,2,2,2,2,2,2,2,2,2,2,2,2,2,2,2,2
0,1,0,1,0,0,0,0,1,0,1,1,0,1,0,1,0,0,1,1,0,0,0,0,1,0
2558
235,336,297,276,367,355,252,324,22,22,22,22,22,22,22,22,22,22,22,22,22,22,22,22,22,339,237,332,155,303,312,280,342,263,144,5,111,124,124,208,307,335,2,2,2,2,2,2,2,2,2,2,2,2,2,2,2,2,2,2,2,2,2,2,2,2,2,2,2,2,2,2,2,2,2,2,2,2,2,2,2,2,2,2,2,2,2,2,2
0,1,0,1,1,1,0,1,0,1,1,1,1,0,0,1,0,0,1,1,0,1,0,1,0,1,0,0,1,0,1,1,0,0,1,1,0,0,1,0,0,1,1,1,1,0,1,0,1,0,1,0,0,0,1,0,0,1,0,1,1,0,1,1,0,0,1,1,1,1,1,1,1,1,1,1,1,1,1,0,0,1,1,1,1,1,1,1,1
2559
247,356,351,236,286,280,284,246,22,22,22,22,22,22,22,22,22,151,237,352,327,177,320,325,263,329,2,2,2,2,2,2,2,2,2,2,2,2,2,2,2,2,2,2,2,2,2,2,2,2,2,2,2,2,2,2,2,2,124,360,208,294,279,288,340,321
0,1,0,1,0,0,1,1,1,1,0,0,1,0,0,0,0,0,0,1,0,1,0,0,0,1,1,0,0,0,0,0,1,0,0,0,0,0,1,0,0,0,0,1,0,0,0,1,0,1,0,0,1,0,0,0,0,1,0,1,0,1,0,0,0,1
2560
283,324,353,22,22,22,22,22,68,334,2,2,2,2,2,2,2,2
1,1,0,0,1,0,1,1,0,1,1,0,1,1,0,0,0,1
2561
78,367,22,22,22,22,22,236,298,288,2,2,2,2,2,2,2,2,2,2,2,2,2,2,2,2,2,2,2,2,2,2,2,2,2,2,2,2,2,2,2,2,2,2,2,2,2,2,2,2
1,0,1,1,0,1,1,0,1,0,1,0,1,1,0,0,0,0,1,1,0,0,0,0,0,0,1,1,0,1,1,1,0,1,1,1,0,1,0,1,0,1,1,0,1,1,1,1,1,0
2562
78,22,22,22,22,22,22,22,2,2,2,2,2,2,2,2,2,2,2,2,2,2,2,2,2,2,2,2,2,2,2,2,2,2,2,2,2,2,2,2,2,2,2,2,2,2,2,2,2,2,2,2,2,2,2,2,2,2,2,2,2,2,2,2,2,2,2,2,2,2,2,2,2,2,2,2,2,2,2,2,2,2,2,305,301,331
0,1,1,1,0,0,1,1,1,0,0,0,1,1,0,0,0,1,1,1,0,1,1,0,1,1,0,1,1,1,1,1,1,1,1,0,0,1,0,1,1,1,1,1,1,1,0,1,1,1,1,0,1,1,1,1,0,0,1,1,1,0,1,1,1,0,1,1,0,1,0,0,1,1,1,1,1,1,1,1,0,0,0,0,1,0
2563
291,45,22,22,22,2,2,2,2,2,2,361
0,0,0,1,1,0,0,1,0,1,0,1
2564
22,22,22,22,22,22,22,22,22,2,2,2,2,2,2,2,2,2,2,2,2,2,2,2,2,2
0,1,0,1,1,1,1,1,1,1,0,1,1,1,0,1,1,1,1,0,1,1,0,0,0,1
2565
22,22,22,22,22,22,22,22,2,2,2,2,2,2,2,2,2,2,2,2,2,2,2
0,0,1,1,1,1,1,1,0,0,1,1,0,1,0,1,0,1,0,0,1,1,1
2566
303,290,367,106,86,297,247,111,254,325,22,22,22,22,22,22,22,22,22,22,22,22,22,22,22,22,282,2,2,2,2,2,2,2,2,2,2,2,2,2,2,2,2,2,2,2,2,2,2,2,2,2,2,2,2,2,2,2,2,2,2,2,2,361,306
0,0,1,1,0,0,0,1,0,0,1,0,0,0,0,0,0,1,1,0,1,1,1,0,1,0,0,0,1,0,1,0,1,0,0,0,0,1,0,0,1,0,1,1,1,1,0,1,0,1,1,0,1,1,0,1,1,1,1,1,1,0,0,1,1
2567
355,340,22,22,22,2,2,2,2,2,2,2,2,2,337
0,0,0,0,1,0,1,1,1,1,1,0,0,0,0
2568
345,2,2,2,314
1,0,0,0,0
2569
296,295,22,22,22,2,2,2,2,2,2,2,2,2,2,2,2,2,2,2,2,2,2,2,2,2,2,2,2
0,1,1,0,0,1,0,0,1,1,1,1,0,0,1,0,1,1,1,1,0,1,1,1,1,0,1,0,1
2570
263,2
1,0
2571
288,22,22,22,22,236,301,45,2,2,2,2,2,2,2,2,2,2,313
0,0,0,0,0,1,0,0,1,1,0,0,0,0,0,0,0,0,1
2572
22,22,22,22,22,22,22,2,2,2,2,2,2,2,2,2
0,0,1,1,0,1,0,0,0,0,0,0,0,0,1,0
2573
346,360,5,2,2,300
1,0,0,1,0,0
2574
355,364,177,352,22,22,22,22,22,324,329,279,288,2,2,2,2,2,2,2,2,2,2,2,300
1,0,1,1,0,1,0,0,0,1,1,0,0,0,0,0,1,1,0,0,1,0,1,0,1
2575
347,236,318,286,5,358,254,346,22,22,22,22,22,322,282,55,349,341,289,302,280,106,329,263,357,68,208,294,279,307,305,2,2,2,2,2,2,2,2,2,2,2,2,2,2,2,2,2,2,2,2,2,2,2,2,2,2,2,2,2,2,2,2,2,2,2,2,2,2,2,2,2
1,1,1,0,1,0,0,1,0,0,0,0,1,1,1,1,0,1,0,0,1,1,1,1,0,1,0,1,1,1,1,1,0,1,0,1,1,0,1,0,1,0,0,1,0,0,0,1,1,1,1,1,1,0,0,1,0,1,1,1,0,1,1,1,1,1,1,0,0,1,1,0
2576
351,336,344,41,5,284,174,358,295,22,22,22,22,22,22,22,22,22,22,22,22,339,346,352,199,312,342,354,343,110,263,321,350,338,309,279,2,2,2,2,2,2,2,2,2,2,2,2,2,2,2,2,2,2,2,2,2,2,2,2,368
0,0,1,1,1,1,1,1,1,0,1,1,1,1,0,0,1,1,0,1,0,0,0,1,1,1,1,1,0,0,1,1,0,0,1,1,1,1,1,1,0,1,1,1,0,0,0,1,1,1,0,1,1,1,1,1,1,1,0,1,1
2577
344,304,283,295,22,22,22,22,22,22,22,22,22,339,346,237,349,151,110,144,305,111,285,301,360,208,294,279,331,2,2,2,2,2,2,2,2,2,2,2,2,2,2,2,2,2,2,2,2,2,2,2,2,2,2,2,2,2,2,2,2,368
1,0,1,0,1,0,0,1,1,0,1,0,1,0,1,0,0,1,0,1,1,1,0,0,1,0,0,0,0,0,0,1,1,0,1,0,0,1,0,0,1,0,1,1,0,1,0,0,0,0,1,0,0,0,0,1,0,1,0,0,0,0
2578
22,22,22,22,22,22,22,22,2,2,2,2,2,2,2,2,2,2,2,2,300
0,1,1,1,1,1,1,1,0,0,1,1,0,0,1,1,1,1,0,1,0
2579
323,235,246,347,236,253,286,367,355,302,22,22,22,22,22,22,22,22,22,22,22,22,22,346,339,282,146,254,151,343,329,263,67,333,111,27,328,124,294,279,305,2,2,2,2,2,2,2,2,2,2,2,2,2,2,2,2,2,2,2,2,2,2,2,2,2
1,0,1,1,1,0,0,1,1,0,0,0,0,1,1,0,0,1,1,1,1,0,1,1,0,0,0,0,1,0,0,0,0,0,1,1,0,0,1,1,1,0,1,0,1,0,1,0,0,1,1,1,1,0,1,1,0,1,1,1,1,0,0,1,0,1
2580
22,22,22,22,22,22,22,22,22,22,22,22,22,22,22,22,22,22,22,22,236,291,45,2,2,2,2,2,2,2,2,2,2,2,2,2,2,2,2,2,2,2,2,2,2,2,2,2,2,2,2,2,2,2,2,2,2,2,2,2,2,2,2,2,2,2,2,2,2,2,2,2,2,2,2,2,2,2,91
1,0,1,0,0,1,1,1,1,1,1,1,0,0,1,1,1,1,1,1,1,0,1,0,0,1,0,0,1,0,0,1,0,1,0,1,1,0,0,1,0,0,1,1,1,1,1,0,1,1,1,1,1,0,0,1,1,1,0,0,1,1,0,0,0,0,0,1,0,0,1,1,1,1,0,0,1,1,0
2581
27,199,2,2,2,22,22,22
1,1,0,0,1,1,1,0
2582
323,367,246,347,336,287,311,41,305,302,324,22,22,22,22,22,22,22,22,22,22,22,22,22,22,22,22,22,22,22,22,22,22,22,22,22,22,22,22,22,22,297,346,282,2,2,2,2,2,2,2,2,2,2,2,2,2,2,2,2,2,2,2,2,2,2,2,2,2,2,2,2,2,2,2,2,2,2,2,2,2,2,2,2,2,2,2,2,2,2,2,2,2,2,2,2,2,2,2,2,2,2,2,2,2,2,2,2,2,2,2,2,2,2,2,2,2,2,2,2,2,2,2,2,306,177,55,236,236,331,317,276,319,285,359,309,314,171,307,45,326,326,296,247,356,344,304,5,5,174,363,91,339,293,352,182,48,354,280,325,263,67,333,357,68,327,320,345,65,334,288,301,301,321
0,1,1,0,1,1,1,0,1,1,1,1,0,1,1,1,1,1,0,0,1,1,1,1,1,1,1,1,1,1,1,1,0,0,1,1,1,1,1,0,1,1,1,1,1,1,1,1,0,1,0,0,1,0,0,1,1,0,0,1,1,1,1,0,0,1,1,0,0,1,1,0,1,0,0,1,1,1,1,1,0,1,1,1,1,0,0,1,0,1,1,1,1,0,0,0,1,1,0,0,1,1,1,1,1,1,1,1,1,1,1,1,0,1,1,1,1,1,0,1,1,1,1,1,0,1,1,1,1,0,0,1,1,0,0,0,1,1,1,1,0,1,0,1,1,0,0,1,1,1,1,0,0,0,1,1,1,1,1,1,1,1,1,1,1,0,1,1,0,1,0,1,1,1
2583
2,2,2,2,2,2,2,2
1,1,1,1,1,1,1,1
2584
279,309,22,2
0,0,1,1
2585
367,22,22,22,22,346,276,305,2,2,2,2,2,2,2,2,2,2,2,2
1,1,0,1,0,1,0,1,0,0,0,1,1,1,0,0,1,0,1,0
2586
78,296,22,22,22,236,288,2,2
1,0,0,1,0,0,1,0,1
2587
22,22,22,2,305
1,0,0,1,0
2588
48,330,22,22,22,22,22,22,22,22,22,22,22,22,22,22,22,22,2,2,2,2,2,2,2,2,2,2,2,2,2,2,2,2,2,2,2,2,2,2,2,2,2,2,2,2,2,2,2,2,2,2,2,2,2,2,2,2,2,2,2,2,2,2,2,2,2,2,2,2,2,2,2
1,1,1,1,0,0,0,0,0,1,1,1,1,1,1,1,1,1,0,1,0,1,1,0,1,0,0,0,1,0,1,0,1,1,0,1,1,0,1,0,1,0,1,0,1,0,0,0,1,0,0,1,1,1,1,1,1,1,0,1,1,1,1,1,1,1,0,0,0,1,0,1,1
2589
315,56,236,253,357,358,316,319,353,328,22,22,22,22,22,22,22,22,22,22,22,22,22,22,22,22,22,22,280,151,237,171,317,313,2,2,2,2,2,2,2,2,2,2,2,2,2,2,2,2,2,2,2,2,2,2,2,2,2,2,2,2,2,2,2,2,2,2,2,2,76
1,1,0,0,0,0,0,0,0,0,0,0,1,0,1,1,0,0,1,1,1,1,0,0,1,1,0,1,0,1,0,0,0,1,0,0,0,1,0,1,1,0,1,0,0,0,0,0,1,0,1,0,1,0,0,1,0,0,1,0,1,0,1,0,0,1,0,0,1,0,1
2590
290,323,311,347,236,236,276,73,284,330,22,22,22,22,22,22,22,22,22,22,22,22,22,22,22,22,22,22,22,22,22,22,22,22,22,22,22,22,22,22,22,22,22,346,367,282,306,280,352,317,335,144,111,353,359,309,294,171,307,45,327,177,296,247,175,252,5,174,283,292,91,339,293,55,182,65,341,289,279,354,106,333,357,2,2,2,2,2,2,2,2,2,2,2,2,2,2,2,2,2,2,2,2,2,2,2,2,2,2,2,2,2,2,2,2,2,2,2,2,2,2,2,2,2,2,2,2,2,2,2,2,2,2,2,2,2,2,2,2,2,2,2,2,2,2,2,2,2,2,2,2,2,2,2,2,2,2,2,2,2,2,124,208,303,78,321,288,288,301,368
0,1,0,0,1,1,0,0,1,0,0,0,1,1,1,1,1,0,0,0,1,1,1,0,0,0,0,0,1,0,0,0,0,0,1,1,1,1,0,0,0,0,0,1,0,0,1,0,1,1,0,0,1,0,0,0,1,1,1,1,0,0,0,0,0,0,0,0,0,1,0,1,1,0,0,0,0,1,1,1,0,0,1,0,1,1,1,1,0,1,1,1,0,0,0,1,0,1,1,0,0,0,0,1,0,0,0,0,1,1,1,1,1,1,0,0,0,0,1,1,0,0,0,1,1,0,0,1,1,1,0,0,1,1,1,0,0,0,0,0,0,0,0,0,0,0,1,0,1,1,1,0,0,1,1,0,0,0,0,0,1,0,0,1,0,1,0,0,0,0
2591
22,175,336,336,2,2,2,2,2,2,2,2,2,2,2,2,2,2,2,2,2,2,2,2,2,2,2,2,2,2,2,2,2,2,2,2,2,2,2,2,2,2,2,2,2,2,2,2,2,2,2,2,2,2,2,2,2,2,2,2,2,2,5,5
0,1,0,1,0,0,1,1,1,1,1,1,1,1,1,0,0,1,1,1,1,1,0,0,1,1,1,1,1,1,1,1,1,0,1,1,1,1,1,1,1,1,0,1,0,1,0,1,1,0,0,1,1,1,0,1,0,1,0,0,0,1,0,0
2592
289,246,337,236,315,5,302,356,22,22,22,22,22,22,22,22,320,56,182,303,254,280,171,354,329,317,110,316,288,338,68,301,360,291,334,45,2,2,2,2,2,2,2,2,2,2,2,2,2,2,2,2,2,2,2,2,2,2,2,2,2,2,2,2,2,91
1,0,1,1,1,1,1,1,1,0,0,0,0,0,1,0,1,1,1,1,1,1,1,1,1,1,1,1,1,1,0,0,1,1,1,1,0,1,0,1,1,1,0,1,0,1,1,0,0,1,0,1,1,1,0,0,1,1,0,1,1,1,1,1,0,1
2593
235,305,336,287,297,318,360,276,358,355,174,283,324,330,22,22,22,22,22,22,22,22,22,22,22,22,22,22,22,22,22,22,368,322,367,282,352,182,349,303,302,177,279,294,343,110,335,5,5,333,348,309,340,247,48,334,263,2,2,2,2,2,2,2,2,2,2,2,2,2,2,2,2,2,2,2,2,2,2,2,2,2,2,2,2,2,2,2,2,2,2,2,2,2,2,2,2,2,2,2,2,2,2,2,2,2,2,2,2,2,91
0,1,0,0,1,1,1,1,1,0,1,1,1,0,1,0,0,1,1,1,0,0,1,0,1,1,1,0,0,1,0,1,1,1,1,0,1,1,0,0,0,1,1,0,0,0,1,1,1,1,0,1,1,0,0,1,1,1,0,1,1,1,0,1,0,1,1,0,1,0,1,0,1,1,0,0,1,1,0,0,0,1,1,0,1,0,0,0,0,1,1,1,1,1,1,1,1,1,1,1,1,1,0,0,1,1,1,0,0,0,0
2594
2,2,2
1,1,0
2595
2
1
2596
367,356,351,22,22,146,73,2,2,2,2,2,2,2,2,2,2,2,2,2,2,358
1,1,0,1,1,0,1,0,0,0,1,1,0,1,1,0,0,1,0,0,0,0
2597
325,22,2,2,2,360
0,0,0,1,0,1
2598
283,327,365,106,22,22,22,22,22,22,22,208,294,2,2,2,2,2,2,2,2,2,2,2,2,2,357
1,0,1,1,1,1,0,1,1,1,0,1,0,0,0,1,0,1,1,1,0,0,1,0,0,1,0
2599
340
1
2600
247,236,344,335,311,5,363,292,22,22,22,22,22,22,22,22,22,22,22,22,293,2,2,2,2,2,2,2,2,2,2,2,2,2,2,2,2,2,2,2,2,2,2,2,2,2,2,2,2,2,2,2,2,2,2,2,2,317,313,364,146,175,27,353,359,326,345,307,288,301,91
0,0,1,1,1,0,1,1,1,0,1,0,1,0,0,1,0,0,0,0,1,1,1,0,0,0,1,0,1,1,1,1,0,0,1,0,0,0,1,1,1,0,0,0,1,1,1,1,1,0,1,1,1,0,0,1,0,0,0,0,1,0,0,1,0,0,0,0,1,0,0
2601
323,311,246,236,287,318,41,235,276,324,22,22,22,22,22,22,22,22,22,22,22,22,22,22,22,22,22,22,22,22,22,22,22,22,22,22,22,22,22,22,22,22,22,237,357,146,332,312,177,365,336,335,300,111,309,76,294,341,2,2,2,2,2,2,2,2,2,2,2,2,2,2,2,2,2,2,2,2,2,2,2,2,2,2,2,2,2,2,2,2,2,2,2,2,2,2,2,2,2,2,2,2,2,2,2,2,2,2,2,2,2,2,2,2,2,2,2,2,2,2,2,2,2,2,2,2,2,2,2,2,2,2,2,2,2,2,2,2,2,2,2,2,2,2,2,2,2,2,2,2,2,2,2,2,2,2,2,2,2,2,2,2,2,2,2,2,2,2,2,2,2,2,2,2,2,360,296,247,344,253,304,5,5,284,283,91,339,354,352,182,65,308,78,320,343,110,263,350,348,68,328,340,124,280,303,48,279,288,301
1,1,1,1,1,1,0,0,1,1,1,0,1,1,0,0,0,0,1,1,1,0,0,1,1,0,1,0,0,0,0,1,0,0,1,1,0,0,1,0,1,1,0,0,1,0,0,1,1,1,1,0,1,0,0,0,0,0,1,1,1,0,1,1,1,0,1,0,0,0,1,0,1,0,0,0,1,0,0,0,0,0,0,1,0,0,0,1,1,1,0,0,1,0,0,0,0,0,0,1,1,0,1,1,0,1,0,1,0,0,0,1,0,0,0,1,0,1,1,1,1,1,1,0,1,1,0,0,1,0,1,0,0,1,1,1,0,1,1,1,0,1,0,0,0,1,0,0,0,1,1,1,1,0,1,1,0,0,1,1,0,0,1,0,1,0,0,0,1,1,1,1,1,1,1,1,0,0,0,0,1,0,0,1,1,1,0,0,0,1,1,0,1,0,0,0,1,0,0,1,0,0,0,1,0,0,1,1,0
2602
22,2
1,0
2603
78,73,22,22,22,22,22,298,339,344,311,279,288,2,2,2,2,2,2,2,2,2,2,2,2,2,2,2,2,2,2,2,2,2,2,2,2,2,2,2,2,2,2,2,2,2,2,2,2,2,2,2,2,2,2,2,2,2,2,2,2,2,2,2,2,2,2,2,2,2,2,2,2,2,2,2,2,2,2,2,2,2,2,327,327,327
0,0,0,1,0,0,0,1,0,1,1,1,0,1,0,0,0,0,1,1,0,0,0,0,1,1,0,1,1,1,1,1,1,1,0,0,1,1,1,0,1,1,1,0,1,0,1,1,0,0,0,1,0,0,0,0,1,0,1,1,1,1,0,0,1,0,1,0,1,1,1,1,1,1,0,1,0,0,1,0,1,1,0,0,1,0
2604
312,315,22,22,22,22,236,45,171,317,316,2,2,2,2,2,2,313
0,1,1,0,1,1,0,0,0,0,0,0,1,1,0,1,0,0
2605
22,22,22,22,296,356,2,2,2,2,2,2,2,2,2,2,2,2,2,2,2,124,27,175,276,263,155,174
1,1,1,0,1,1,1,1,0,1,1,1,1,1,0,1,1,0,1,0,1,1,0,1,1,1,1,0
2606
303,111,367,253,333,348,254,353,314,339,279,331,2,2,2,2,2,2,2,2,2,2,2,2,2,2,2,2,2,368
1,0,0,0,0,1,1,1,1,0,0,0,1,1,1,0,0,0,1,0,0,1,0,1,0,1,1,1,0,0
2607
2,2,2
1,1,0
2608
22,22,22,22,22,22,22,22,22,22,22,22,22,2,2,2,2,2,2,2,2,2,2,2,2,2,2,2,2,2,2,2,2,2,2,2,2,2,2,2,2,2,2
0,1,1,0,1,1,1,0,1,1,1,1,1,0,0,0,1,1,1,1,1,0,0,0,1,1,1,0,1,0,1,1,1,1,1,0,1,1,1,1,1,0,1
2609
111,356,347,323,337,350,5,174,338,68,353,309,22,22,22,22,22,22,22,22,346,308,307,331,2,2,2,2,2,2,2,2,2,2,2,2,2,2,2,2,2,2,2,2,2,2,2,2,2,2,2,2,368
0,1,0,1,1,1,0,1,0,1,1,1,1,1,1,1,1,1,0,1,1,1,0,0,1,1,0,0,1,1,1,1,0,1,0,0,0,1,1,0,1,1,1,1,1,1,0,0,1,0,0,1,0
2610
73,236,287,253,276,276,288,45,292,22,22,22,22,22,22,22,22,22,22,22,293,282,352,317,317,308,289,315,315,56,56,343,144,316,316,367,300,68,2,2,2,2,2,2,2,2,2,2,2,2,2,2,2,2,2,2,280,291,171,171,305,340,321
1,1,1,1,0,0,1,1,1,1,1,1,1,1,1,1,0,1,1,1,1,0,1,1,0,0,1,1,1,1,1,0,1,1,1,1,0,1,1,1,1,1,1,0,0,1,1,1,0,0,0,0,1,1,1,0,1,0,1,1,1,1,1
2611
281
0
2612
22,2
0,1
2613
289,151,342,345,344,321,144,355,300,111,27,246,22,22,22,22,22,22,304,110,55,146,305,2,2,2,2,2,2,2,2,2,2,2,2,2,2,2,2,2,2,2,2,2,2,341
0,1,0,1,1,0,1,0,0,0,0,1,0,0,1,0,0,0,0,0,0,0,1,0,0,0,0,1,1,1,0,1,1,0,0,1,0,1,0,0,1,1,0,0,0,0
2614
356,322,236,348,276,5,5,355,302,363,22,22,22,22,22,22,22,22,22,22,22,22,22,282,346,55,349,343,303,106,336,350,330,357,319,68,328,340,124,294,279,2,2,2,2,2,2,2,2,2,2,2,2,2,2,2,2,2,2,2,2,2,2,2,2,2,2,2,2,2,2,2,2,2,2,2,2,368
1,1,1,0,1,0,0,1,0,0,0,0,0,0,1,1,1,1,0,0,0,1,1,0,1,0,0,1,1,1,0,0,1,0,0,1,0,0,0,0,1,1,0,0,1,0,0,1,1,1,1,1,1,0,0,1,0,1,1,0,0,1,1,1,1,0,0,1,0,1,1,1,1,1,0,1,0,0
2615
299,303,367,246,354,364,286,73,333,300,254,360,22,22,22,22,22,22,22,298,339,65,348,307,332,2,2,2,2,2,2,2,2,2,2,2
1,0,0,1,1,1,1,1,0,0,1,1,1,1,1,0,0,0,0,1,1,1,0,0,0,1,1,0,1,1,1,1,1,1,1,1
2616
361,2,2,2
1,1,0,0
2617
323,247,246,236,236,322,297,311,55,5,283,22,22,22,22,22,22,22,22,22,22,22,22,22,22,22,22,22,22,22,22,305,339,2,2,2,2,2,2,2,2,2,2,2,2,2,2,2,2,2,2,2,2,2,2,2,2,2,2,2,2,2,2,2,2,2,2,2,2,2,2,2,2,2,2,2,2,2,2,2,2,2,2,2,317,313,342,342,325,45,306,359,340,171,288,301
0,0,1,1,1,1,0,0,1,0,0,1,1,0,0,0,1,1,0,1,1,1,1,0,1,0,1,0,0,1,1,1,0,0,1,0,0,0,0,0,1,0,0,0,0,1,0,0,0,0,0,1,1,0,0,0,1,1,1,1,0,0,0,1,0,1,0,1,1,0,1,0,0,0,0,0,1,1,1,1,1,1,0,0,0,0,1,1,1,0,0,1,0,1,0,0
2618
236,281,344,304,283,324,363,292,22,22,22,22,22,22,22,22,22,22,22,22,22,22,22,22,293,300,294,312,320,329,45,350,106,288,325,301,124,291,65,331,2,2,2,2,2,2,2,2,2,2,2,2,2,2,2,2,2,2,2,2,2,2,2,2,2,2,2,2,2,2,2,91
1,0,1,0,0,1,0,0,1,1,1,0,0,1,0,0,1,1,0,1,0,0,1,1,1,1,1,0,0,1,0,0,1,0,0,0,1,0,0,0,0,0,1,0,0,1,0,1,0,0,0,0,0,0,0,1,0,1,0,1,0,1,0,1,0,0,1,1,0,1,1,0
2619
111,367,347,236,287,301,333,174,355,237,340,91,65,305,2,2,2,2,2,2,2,2,2,2,2,2,2,2,2,2,2,2,2,2,22,22,22,22,22,22
0,1,0,1,1,1,1,0,1,1,0,1,1,0,1,1,1,0,0,0,0,1,1,0,1,0,0,0,0,0,1,1,0,0,0,0,0,0,1,0
2620
22,22,22,22,22,22,22,22,22,22,22,2,2,2,2,2,2,2,2,2,2,2,2,2,2
0,0,0,0,0,0,1,0,1,0,1,1,1,0,0,0,1,0,1,0,0,1,0,0,1
2621
299,296,363,363,286,22,22,22,22,22,279,2,2,2,2,2,2,2,2,2,2,2,2,2,2,2,2,2,2,2,2,2,2,2,2,2,2,2,2,2,2,2,2,2,2,2
1,0,0,0,0,0,0,0,1,1,1,1,0,0,0,1,0,0,0,0,0,0,0,0,1,0,0,1,1,0,0,0,0,0,1,0,0,0,1,0,1,0,1,1,1,1
2622
22,22,22,22,2,2,2,2,2,2,2,2,2
0,1,1,1,0,1,1,0,1,1,1,1,1
2623
367,73,22,22,286,332,2,2,2,2,2,2,2,2,2,2,2,2,2,2,2,2,2,2,2,2,2,2,2,2,2,2,2,2,2,348
1,0,0,1,1,0,0,0,0,0,0,0,0,0,0,0,0,1,0,1,0,0,0,0,1,0,0,0,1,0,0,0,0,1,1,0
2624
352,288,2,2,2,2
1,0,0,1,0,0
2625
22,22,22,22,22,22,22,2,2,2,2,2,2,2,2,2,2,2
0,1,0,1,1,0,1,1,0,1,1,1,1,1,1,1,0,0
2626
22,2,2
0,0,0
2627
289,111,320,312,175,300,319,328,22,22,22,22,22,22,22,22,22,22,22,124,349,2,2,2,2,2,2,2,2,2,2,2,2,2,2,2,2,2
1,0,0,0,0,1,0,0,0,0,1,0,0,0,0,1,0,0,1,0,1,0,0,1,1,0,1,0,0,0,0,0,0,1,0,0,0,1
2628
111,365,236,236,46,45,254,292,359,22,22,22,22,22,22,22,22,22,22,22,22,22,22,291,293,341,171,317,288,2,2,2,2,2,2,2,2,2,2,2,2,2,2,2,2,2,2,2,2,2,2,2,2,2,2,2,2,2,2,91
0,1,0,0,1,0,0,1,0,0,0,1,0,0,0,1,0,0,0,1,1,1,1,1,1,0,1,1,0,0,1,0,0,0,0,0,0,0,1,0,1,0,1,0,0,0,0,1,1,0,0,1,1,0,0,0,0,0,0,0
2629
45,236,22,22,2,2,2,313
1,1,1,0,0,0,0,0
2630
337,236,368,174,45,22,22,22,22,22,22,22,22,22,22,22,22,22,293,237,237,317,327,78,336,263,357,338,285,359,2,2,2,2,2,2,2,2,2,2,2,2,2,2,2,2,2,2,2,2,2,2,2,2,2,171,288,288,301,321
1,1,1,1,1,1,1,1,1,1,1,1,0,1,0,1,0,1,1,0,0,0,0,1,1,1,1,0,0,0,1,0,0,1,0,0,0,0,0,0,1,0,1,1,0,0,1,0,1,1,1,1,1,0,0,1,1,1,1,1
2631
315,236,316,288,292,22,22,22,293,291,56,317,45,2,2,2,2,2,2,2,2,2,91
1,1,0,1,1,1,1,1,1,1,0,0,1,0,1,1,0,0,0,0,0,0,0
2632
22,22,22,22,22,22,22,2,2,2,2,2,2,2,2,2,2,2,2,2,2,2,2,2,2,2,2,2,2,2,2,2,2,2,2
0,1,1,1,1,0,1,0,1,0,0,0,0,1,0,0,1,1,1,1,0,1,0,0,0,0,0,0,1,1,1,0,0,1,0
2633
315,171,22,22,22,22,22,22,22,22,22,22,22,56,317,316,2,2,2,2,2,2,2,2,2,2,2,2,2,2,2
1,1,0,1,1,0,0,0,0,0,1,1,0,1,1,1,1,0,0,0,0,0,0,0,0,0,0,0,1,0,0
2634
78,296,236,276,253,297,67,5,288,22,22,22,22,22,22,279,313,2,2,2,2,2,2,2,2,2,2,2,2,2,2,2,2,2,2,2,2,2,2,2,2,2,2,2,2,2,2,2,2,2,2,2,2,2,2,2,2,2,2,2,2
1,1,1,1,0,0,1,0,1,0,0,1,1,0,0,1,0,1,0,0,0,1,1,1,0,1,0,1,0,0,1,1,0,1,0,0,1,0,1,1,0,0,0,1,1,0,1,1,0,1,1,1,1,0,1,1,0,1,1,1,1
2635
340,328,336,2,2,2,22
1,1,0,1,1,0,1
2636
2,2,2
0,0,0
2637
324,353,22,297,2,2,308
0,1,0,0,0,0,0
6878
111,323,246,22,22,281,286,144,332,2,2,2,2,288
1,0,0,1,0,0,0,1,0,0,0,0,0,0
2639
174,349,328,22,22,322,282,352,73,2,2,2,2,2,2,76
0,0,0,1,0,0,0,1,1,1,0,1,1,1,0,1
2640
312,363,354,22,22,22,22,22,236,345,344,45,2,2,2,2,2,2,2,2,2,2,2,2,2,341
1,0,0,0,0,1,0,1,1,0,1,1,0,1,1,0,1,1,0,0,0,1,0,0,0,0
2641
22,22,22,22,22,22,22,22,22,22,2,2,2,2,2,2,2,2,2,2,2,2,2,2,2,2,2,2,2,2,2,2,2,2,2,2,2,2,2,2,2,2,2,2,2
0,1,1,1,1,0,1,1,1,1,1,1,1,1,0,0,1,1,1,1,1,1,0,1,1,0,0,0,0,1,0,1,1,0,0,1,1,0,0,0,1,1,1,1,1
2642
303,296,151,289,22,22,22,22,22,22,22,311,331,335,252,2,2,2,2,2,2,2,2,2,2,2,2,2,2,2,2,357
1,0,1,0,0,1,1,0,0,0,1,1,0,1,1,1,0,1,0,1,0,1,0,1,0,1,1,0,0,1,1,0
2643
2,2,2,2,2,2
1,1,1,0,0,0
2644
171,347,236,253,246,359,22,22,22,22,22,22,339,294,352,317,2,2,2,2,2,2,2,2,2,2,2,2,2,2,2,327
0,1,0,0,0,0,0,0,0,0,0,0,0,0,0,0,0,1,1,0,1,0,0,0,0,0,0,1,1,0,1,0
2645
235,336,287,252,304,358,342,302,292,22,22,22,22,22,22,22,22,22,22,22,22,22,22,22,22,22,219,293,55,313,78,254,177,279,279,354,144,45,353,359,314,171,288,2,2,2,2,2,2,2,2,2,2,2,2,2,2,2,2,2,2,2,2,2,2,2,2,2,2
0,0,0,1,1,0,1,1,0,0,1,1,1,0,0,1,0,1,1,1,1,0,1,0,0,1,1,1,1,1,1,0,0,0,0,0,0,0,0,0,1,1,1,1,1,0,1,0,1,0,1,0,1,0,0,0,1,0,0,0,0,1,0,0,1,1,1,0,0
2646
299,323,73,73,246,236,318,367,302,324,22,22,22,22,22,22,22,22,22,22,22,22,22,22,22,22,22,22,22,22,22,22,22,22,22,22,22,22,22,22,22,22,22,22,22,22,22,22,22,322,282,332,280,365,364,175,111,353,359,309,341,307,305,2,2,2,2,2,2,2,2,2,2,2,2,2,2,2,2,2,2,2,2,2,2,2,2,2,2,2,2,2,2,2,2,2,2,2,2,2,2,2,2,2,2,2,2,2,2,2,2,2,2,2,2,2,2,2,2,2,2,2,2,2,2,2,2,2,2,2,2,2,2,2,2,2,2,2,2,2,2,2,2,2,2,2,2,2,2,2,2,2,2,344,252,5,284,254,363,295,91,346,182,349,308,303,334,343,110,357,338,328,340,124,48,279,331,331,301
1,0,1,1,1,1,1,1,1,1,0,1,1,0,0,0,0,0,1,1,0,1,1,0,1,1,1,0,0,1,1,1,1,1,1,0,1,0,1,1,1,1,0,1,1,0,1,1,1,1,1,1,1,0,0,0,0,1,0,0,0,0,1,1,0,0,0,1,1,1,1,1,0,0,0,0,0,1,0,0,1,1,0,1,0,1,0,0,1,1,1,1,0,1,0,1,1,0,0,0,0,0,0,0,0,1,0,1,0,0,1,1,0,1,1,1,1,1,1,1,1,0,1,0,1,1,1,1,0,1,1,1,1,1,1,0,0,1,1,0,1,1,1,0,0,0,1,1,0,0,1,0,1,1,1,0,1,1,1,1,0,1,1,0,1,0,1,1,0,0,0,0,0,0,0,0,0,0,0
2647
306,22,22,22,22,22,22,22,22,22,22,22,298,286,332,2,2,2,2,2,2,2,2,2,2,2,2,2,2,2,2,2,2,2,2,2,2,2,2,2,2,2,2,2,2,2,2,2,2,2,2,2,2,331,331
0,1,1,1,0,1,1,1,1,1,1,0,1,0,0,0,1,1,0,1,0,0,0,0,0,1,1,0,0,1,1,1,0,0,0,0,0,1,1,1,1,0,0,0,0,1,0,1,1,1,0,0,1,0,0
2648
323,73,337,41,367,340,322,332,280,352,364,317,335,316,22,22,22,22,22,22,22,22,22,22,22,22,22,22,22,22,22,22,22,309,171,305,327,247,356,344,46,5,5,284,283,358,106,55,182,349,315,346,320,354,350,363,348,329,328,2,2,2,2,2,2,2,2,2,2,2,2,2,2,2,2,2,2,2,2,2,2,2,2,2,2,2,2,2,2,2,2,2,2,2,2,2,2,2,2,2,2,2,2,2,2,2,2,2,2,2,2,2,2,2,2,2,2,2,2,2,2,2,2,2,2,2,2,2,2,2,360,48,175,301,321
0,0,1,0,0,0,1,0,0,1,1,0,1,0,0,1,1,1,0,1,0,0,1,1,0,1,0,1,0,0,0,0,1,0,0,0,0,0,1,1,0,0,0,0,0,0,0,0,1,0,1,1,0,1,0,0,0,1,0,1,1,1,1,0,1,0,1,1,0,0,1,0,0,0,1,1,1,1,0,0,1,0,0,1,0,0,0,0,1,0,0,0,1,0,0,0,1,1,0,1,1,0,1,0,1,0,0,0,0,1,0,0,0,0,0,0,0,0,0,1,1,1,0,1,1,1,1,0,1,0,1,0,0,1,0
2649
22,22,22,22,22,22,22,22,22,2,2,2,2,2,2,2,2,2,2,2,2,2,2,2,2,2,2,2,2,2,2,2,2,2,2,2,2,2,2,2,2
0,0,1,1,0,0,0,0,1,0,0,1,0,0,1,1,1,1,0,0,0,0,0,0,0,1,1,0,1,0,0,1,0,1,0,0,1,1,1,1,1
2650
22,22,22,22,2,2,2,2
1,1,1,1,0,0,0,0
2651
367,304,22,22,22,2,2,2,2,2,347
0,0,0,0,0,0,0,0,0,0,0
2652
303,311,22,236,314,67,2,2,2,2,2,2,2,2,2,2
0,0,0,1,0,1,1,1,0,0,0,0,1,0,1,0
2653
91,2,2,22
0,1,1,0
2654
296,73,236,297,5,5,284,363,22,22,22,22,22,22,22,22,22,22,22,22,22,22,22,22,22,322,237,182,313,78,151,365,144,67,288,2,2,2,2,2,2,2,2,2,2,2,2,2,2,2,2,2,2,2,2,2,2,2,2,2,2,2,2,2,2,2,2,2,2,2,2,2,2,2,2,2,2,2,2,2,2,2,2,2,2,2,2,2,2,2,2,2,2,2,2,2,2,2,2,2,2,2,2,2,2,279,45,301
0,1,1,1,0,1,0,0,1,1,1,1,1,1,0,0,0,0,0,0,1,0,1,0,1,1,1,0,0,0,0,1,1,1,0,1,0,0,0,1,0,0,1,1,1,1,1,0,1,1,0,0,0,0,1,0,1,1,0,1,1,1,1,0,0,1,1,1,0,1,1,1,1,0,0,1,1,1,1,1,0,1,1,0,0,0,1,1,1,1,0,0,1,1,0,0,1,1,0,0,1,0,0,1,0,1,0,0
6408
290,311,337,336,344,344,360,297,297,5,5,144,292,22,22,22,22,22,22,22,22,22,22,22,22,22,22,22,22,22,22,22,22,293,339,346,182,289,151,106,317,263,350,357,68,353,359,280,171,288,2,2,2,2,2,2,2,2,2,2,2,2,2,2,2,2,2,2,2,2,2,2,2,2,2,2,2,2,2,2,2,2,2,2,2,2,2,2,2,2,2,2,2,2,2,2,2,2,2,2,2,2,2,2,2,2,2,2,2,2,2,91
0,1,0,0,0,0,1,0,0,0,0,1,1,0,0,0,1,1,1,1,1,1,0,0,0,1,1,1,0,1,0,1,0,0,1,1,1,0,1,1,0,1,0,1,1,0,0,0,1,0,0,0,1,0,0,0,1,0,1,0,0,0,0,0,0,0,0,0,1,1,1,1,1,1,1,0,0,1,1,0,1,1,0,1,1,1,0,0,1,0,1,0,0,1,0,0,1,0,1,1,0,0,1,1,0,0,0,1,0,1,0,0
2656
2,2,2,2,2,2,2,2,2,2,2,2,247,236,329,41,338,324,22,22,124,65,334,307,288,155,308
1,0,0,0,1,1,1,1,1,1,0,0,1,1,1,1,0,1,1,1,1,1,1,1,1,1,1
2657
315,315,171,236,86,301,45,358,284,316,316,324,22,22,22,22,22,22,22,314,293,56,56,317,317,332,2,2,2,2,2,2,2,2,2,2,2,2,2,2,2,2,2,2,2,2,2,2,2,2,2,2
1,1,1,0,0,0,0,0,0,0,0,0,1,0,0,0,1,1,0,0,0,0,0,0,0,1,0,0,1,0,0,0,0,0,0,0,0,0,0,0,0,0,1,0,0,0,1,0,0,0,1,0
2658
22,22,22,22,22,22,22,22,22,325,237,334,297,294,2,2,2,2,2,2,2,2,2,2,2,2,2,2,2,2,2,2,2,2,2,2,2,2,2,2,2,2,2
1,1,1,1,1,1,0,0,1,1,1,1,1,1,1,1,1,1,1,1,0,1,1,1,1,0,0,0,0,0,1,0,0,0,0,1,0,0,1,0,0,0,0
2659
253,22,22,22,22,22,343,263,368,350,335,2,2,2,2,2,2,2,2,174
1,1,0,1,0,1,0,0,1,0,0,1,1,1,0,0,0,1,0,0
2660
289,311,106,144,350,5,283,68,340,22,22,22,22,314,334,331,2,2,2,2,2,2,2,2,2,2,2,2,2,2,2,2,2,2,2,2,2,2,2,2,2,2,2,2,2,2,368
0,1,0,0,1,1,0,1,0,1,0,0,1,1,1,0,1,1,1,1,1,1,0,0,0,0,0,1,1,1,0,1,1,1,1,1,0,0,1,1,0,1,1,1,0,1,1
2661
78,323,367,199,296,287,335,41,349,68,175,325,22,22,22,22,22,305,339,331,2,2,2,2,2,2,2,2,2,2,2,2,2,2,2,2,2,2,2,2,2
0,0,1,1,0,0,0,0,0,1,0,1,1,0,1,1,0,0,0,0,1,0,0,0,0,0,1,0,1,0,1,0,1,1,1,1,1,0,0,0,0
2662
288,106,22,364,252,350,5,2,2,2,2,2,2,2,2,2,348
1,0,1,1,1,1,1,1,1,1,1,1,1,1,1,1,1
2663
296,86,236,281,360,302,48,292,22,22,22,22,22,22,22,22,22,22,22,22,22,22,22,22,22,22,22,22,22,22,22,22,22,22,346,146,332,332,327,365,329,317,68,326,314,291,65,171,45,2,2,2,2,2,2,2,2,2,2,2,2,2,2,2,2,2,2,2,2,2,2,2,2,2,2,2,2,2,2,2,2,2,2,2,2,2,2,2,2,2,2,2,2,2,2,2,2,2,2,2,2,2,2,2,2,2,2,2,2,2,2,2,2,2
0,0,1,0,1,0,0,0,1,0,1,1,0,0,1,0,1,1,1,0,0,0,0,0,0,1,0,0,1,0,1,1,1,0,1,0,0,0,1,1,1,0,1,0,1,1,0,0,0,0,1,0,0,1,1,1,0,0,0,0,1,1,1,0,1,0,1,0,1,1,1,1,0,0,1,1,0,0,0,0,1,0,1,0,1,1,1,0,0,0,0,0,0,0,0,0,0,0,0,0,0,0,0,0,0,1,0,0,1,1,0,0,0,0
2664
299,73,22,22,22,22,22,22,22,22,22,22,22,22,2,2,2,2,2,2,2,2,2,2,2,2,2,2,2,2,2,2,2,2,2,2,2,2,2,2,2,2,2,2,2,2,2,2,2,2,2,2,2,2,2,2,2,2
1,1,0,0,1,1,1,1,0,1,0,0,0,1,0,0,0,0,0,0,0,1,0,0,0,0,0,1,0,0,0,0,0,1,0,1,1,1,1,0,0,1,1,0,0,1,0,1,1,0,1,1,0,1,0,0,1,0
2665
111,356,279,22,22,22,22,22,22,55,360,318,341,305,2,2,2,2,2,2,2,2,2,2,2,2,2,2,368
0,1,0,1,0,1,0,1,0,1,1,1,0,0,1,0,1,1,0,0,0,0,1,1,1,1,0,0,1
2666
299,299,73,73,22,22,22,2,2,2,2,2,2,2,2,2,2
1,1,1,1,0,1,1,0,0,0,1,1,1,1,1,0,0
2667
73,347,236,286,297,367,284,22,22,22,22,22,22,22,22,22,22,22,22,22,22,22,22,22,22,22,322,282,237,146,332,337,312,280,336,175,300,309,341,327,177,247,5,5,252,283,91,339,2,2,2,2,2,2,2,2,2,2,2,2,2,2,2,2,2,2,2,2,2,2,2,2,2,2,2,2,2,2,2,2,2,2,2,2,2,2,2,2,2,2,2,2,2,2,2,2,2,2,2,2,2,2,2,2,2,2,2,2,2,2,2,2,2,182,349,308,289,254,342,320,199,279,110,263,350,27,328,326,360,208,65,334,331
1,0,1,0,0,1,1,0,1,0,1,1,1,1,1,0,1,0,0,0,0,0,0,1,0,0,1,0,0,1,0,1,0,1,1,0,1,1,1,1,1,1,0,1,1,1,0,0,0,1,1,1,0,1,0,0,1,0,1,1,1,1,1,0,1,1,0,1,0,0,0,1,1,1,0,0,1,0,1,0,1,0,1,1,1,0,0,0,1,1,0,1,0,1,1,1,1,0,0,1,1,0,1,0,0,1,1,0,0,0,1,1,0,1,0,0,0,0,1,1,0,1,0,1,1,1,0,1,1,1,0,1,0
2668
343
0
2669
296,73,246,236,236,276,253,304,41,358,342,302,324,292,22,22,22,22,22,22,22,22,22,22,22,22,282,317,78,315,334,334,343,343,365,316,357,68,360,291,171,45,2,2,2,2,2,2,2,2,2,2,2,2,2,2,2,2,2,2,2,2,2,2,2,2,2,2,2,2,2,2,2,2,2,2,2,2,2,2,2,2,2,2,2,2,2,2,91
0,0,1,1,1,0,1,0,1,0,1,0,1,1,0,1,0,0,0,0,1,1,1,0,0,1,1,1,1,1,1,1,0,1,1,1,0,1,0,1,0,1,0,0,1,0,1,0,1,0,0,0,1,1,0,0,1,0,0,0,1,1,0,0,0,0,0,0,0,0,0,1,1,0,0,0,1,0,0,1,1,1,1,1,1,0,0,0,0
2670
343,2,2,2,2,2,2,2,2,2,2,2,2,2,2,2,2
0,0,1,0,0,1,0,0,0,0,0,0,0,0,0,1,0
2671
27,353,295,2,2,2,2,2,2,2,2,2,2,2,2,2,2,2,2,2,2,2,2,2,2,2,345,312,308,324,305,340,22,22
0,0,0,0,0,1,0,0,0,0,1,0,1,1,1,0,1,0,0,1,0,1,0,0,0,1,0,0,0,0,1,0,1,0
2672
78,296,296,177,342,336,321,368,235,22,22,22,22,22,151,279,288,2,2,2,2,2,2,2,2,2,2,2,2,2,2,2,2,2,2,2,2,2,2,2,2,2,2,2,2,2,2,2,2,2,2,2,2,2,2,2,2,2,2,2,2,2,2,2,2,2,2,2,2,2,2,2,2,2,2,2,2,2,2,2,2,91
1,0,0,1,1,0,1,1,0,0,0,1,0,1,1,1,0,0,0,0,0,0,0,0,1,0,1,0,0,1,1,1,0,1,1,1,1,1,1,1,1,0,1,0,1,1,1,1,1,0,1,1,1,1,0,1,0,1,1,1,0,0,0,0,0,1,0,1,0,1,0,0,0,0,1,0,1,0,0,0,0,0
2673
338,367,22,235,305,2
0,1,1,0,0,0
2674
360,323,246,351,236,296,144,304,276,5,5,5,355,174,283,365,22,22,22,22,22,22,22,22,22,22,22,22,22,22,22,22,22,22,22,22,22,22,339,346,182,303,312,280,342,354,343,91,329,46,350,333,111,353,328,320,314,65,321,2,2,2,2,2,2,2,2,2,2,2,2,2,2,2,2,2,2,2,2,2,2,2,2,2,2,2,2,2,2,2,2,2,2,2,2,2,2,2,2,2,2,2,2,2,2,2,2,2,2,2,2,2,2,2,2,2,2,2,2,2,2,2,2,2,2,2,2,368
0,0,1,0,0,0,0,1,0,0,1,0,0,0,0,1,1,0,1,0,0,0,0,0,0,1,1,0,1,1,1,0,1,1,1,1,0,0,0,1,0,0,0,1,1,0,0,0,1,1,0,1,0,0,0,0,0,0,0,0,1,0,0,0,0,1,0,0,0,0,1,0,1,0,1,1,0,1,1,0,1,0,1,0,0,1,0,1,1,1,0,1,0,0,0,0,0,0,0,1,0,0,0,0,1,1,0,0,0,1,1,0,1,1,1,1,1,0,0,1,0,0,1,1,0,1,1,1
2675
22,22,2,2,2,2,2,2
1,0,1,1,0,1,1,1
2676
353,342,328,347,329,263,2,2,2,2,22
0,0,0,0,0,0,0,0,0,0,0
2677
73,279,22,22,22,22,22,22,287,175,334,350,263,2,2,2,2,2,2,2,2,2,2,2
1,0,0,1,0,1,0,0,1,0,0,0,0,0,1,0,0,0,0,0,0,0,0,0
2678
285,328,22,22,22,2,2,2,368
0,0,0,0,0,0,0,1,1
2679
78,296,22,236,324,279,46,2,2,2,2,2,174
0,0,1,0,1,1,1,0,0,1,0,0,0
6439
346,22,2,343
0,1,0,0
2681
22,2,2,2
1,1,0,1
2682
174,359,326,2,2,2,2,2,2,2,2,2,2,2,2,2,2,2,91,91,329,171,317,246,327,327,22,22,22,22
0,0,0,0,0,0,0,1,1,1,0,0,1,0,0,1,0,0,0,0,0,0,0,1,0,0,0,1,0,0
5944
363,320,22,22,22,22,22,22,124,291,295,318,237,2,2,2,2,2,2,2,2,2,2,2,2,2,2,2,76
1,1,1,0,1,0,0,1,1,0,0,1,0,1,1,0,1,0,1,0,0,1,0,0,0,0,0,0,1
2684
2
1
2685
2
1
2686
78,246,361,288,2,2,2,2,22,22
1,1,1,0,1,0,0,0,1,0
2687
290,306,363,22,22,22,22,2,2,2,2,2,2,2,2,2,2,2,2,2,2,2,2,2,350,177,333
0,1,0,1,1,1,1,0,1,1,1,1,1,1,0,1,1,1,1,0,1,0,0,1,1,1,0
2688
331,236,297,5,355,292,22,22,22,22,22,22,339,293,352,327,2,2,2,2,2,2,2,2,2,2,2,2,2,2,2,2,2,2,354,333,45,326,360,291,279,288,340,368
0,0,0,1,1,1,1,0,1,0,1,0,0,1,1,1,0,0,1,0,1,0,1,0,0,0,1,1,1,0,1,0,1,1,0,0,0,0,1,1,1,1,0,0
2689
171,359,317,22,22,22,22,2
1,1,1,1,1,1,1,1
2690
290,73,356,347,336,276,345,41,247,355,358,324,330,22,22,22,22,22,22,22,22,22,22,22,22,22,22,22,22,22,22,22,22,22,22,22,22,22,282,346,352,182,341,78,343,335,5,301,124,360,2,2,2,2,2,2,2,2,2,2,2,2,2,2,2,2,2,2,2,2,2,2,2,2,2,2,2,2,2,2,2,2,2,2,2,2,2,2,2,2,2,2,2,2,2,2,2,2,2,321
0,0,1,0,0,1,1,0,1,0,0,1,0,0,1,0,1,0,0,0,0,1,0,0,0,0,0,0,0,0,1,1,1,1,1,1,0,1,1,0,0,0,0,1,0,0,0,1,0,0,0,0,1,0,1,0,1,1,0,1,0,0,0,0,0,0,1,0,0,0,0,0,0,1,1,0,0,1,0,0,0,0,1,0,1,1,1,1,1,0,0,0,0,1,0,0,1,1,1,0
2691
364,86,356,22,2,2,2,2,2,2,2,2,2,2,2,2,2,2,2,2,2,2,2,2,2,2
1,0,1,0,0,1,0,0,0,1,1,0,0,1,0,0,1,1,1,0,1,1,0,1,1,0
2692
22,22,22,2,2,2,2,2,2,2,2,2,2,2,2,2,2,2,2,2,2,2
1,1,1,1,0,1,1,1,1,1,0,0,1,1,1,1,1,1,1,1,0,0
2693
323,367,246,351,347,236,236,296,318,41,284,22,22,22,22,22,22,22,22,22,22,22,22,22,22,22,22,22,22,22,22,22,22,22,22,22,22,326,237,332,155,312,280,352,364,317,306,353,359,309,76,294,171,45,327,303,356,297,304,5,5,5,174,363,292,295,293,55,182,48,289,151,334,106,325,110,350,333,305,328,2,2,2,2,2,2,2,2,2,2,2,2,2,2,2,2,2,2,2,2,2,2,2,2,2,2,2,2,2,2,2,2,2,2,2,2,2,2,2,2,2,2,2,2,2,2,2,2,2,2,2,2,2,2,2,2,2,2,2,2,2,2,2,2,2,2,2,2,2,2,2,2,2,2,2,2,2,2,2,2,2,2,2,2,2,2,2,2,360,291,65,279,288,301,301,368
0,0,0,0,0,0,1,0,1,0,0,0,1,0,1,0,0,0,1,1,0,1,1,1,1,0,0,0,0,0,1,1,1,0,0,0,0,1,0,0,0,0,0,1,0,0,0,1,0,0,0,0,0,1,1,0,1,0,0,0,0,0,0,0,0,0,0,0,0,0,1,1,1,1,0,0,0,1,0,0,1,0,0,0,1,0,0,1,1,1,1,1,0,0,0,1,1,0,0,0,1,1,1,0,0,1,0,0,0,0,1,1,0,0,0,0,0,1,1,0,0,1,0,0,0,1,0,1,0,0,0,1,0,1,0,0,0,1,0,0,1,0,0,0,1,0,0,1,0,0,0,1,0,0,0,0,0,0,0,0,0,1,0,1,1,1,0,0,1,0,1,1,0,0,1,0
2694
351,236,236,281,276,324,22,22,22,22,22,22,22,22,22,22,22,22,22,22,22,22,22,22,22,22,22,22,22,22,22,146,313,2,2,2,2,2,2,2,2,2,2,2,2,2,2,2,2,2,2,2,2,2,2,2,2,2,2,2,2,2,2,2,2,2,2,2,2,2,2,2,2,352,317,316,300,319,174,309,314,171,305,327,235,356,253,304,5,5,355,284,283,45,363,91,91,293,56,182,315,320,263,106,357,328,326,288,301,368
1,0,1,0,1,1,0,1,0,0,0,0,1,1,0,1,0,1,0,1,1,0,0,1,0,0,0,0,0,0,0,0,0,0,0,0,0,0,1,0,0,0,1,1,1,0,0,0,0,1,0,0,0,0,1,0,1,0,0,1,1,1,0,0,0,0,0,0,0,0,1,1,1,1,0,1,0,0,0,0,1,1,1,0,0,0,1,0,0,0,1,0,1,1,1,0,0,1,1,1,1,0,0,0,1,0,1,0,0,1
2695
22,331,2,2,2,2,2,2,2,2,2,2,2,2,2,2,345
0,0,0,0,1,0,0,0,0,1,1,1,0,0,1,1,0
2696
362,367,367,342,337,236,146,318,288,174,313,68,292,359,22,22,22,22,22,22,22,22,22,22,22,22,22,22,22,22,22,22,345,171,317,45,2,2,2,2,2,2,2,2,2,2,2,2,2,2,2,2,2,2,2,2,2,2,2,2,2,2,2,2,2,2,2,2,2,2,2,2,91
1,0,1,0,1,1,0,1,0,0,0,1,0,0,0,1,0,0,0,1,1,1,0,1,1,1,1,1,1,0,0,1,0,1,0,1,1,1,1,1,0,0,0,0,0,1,0,0,1,0,0,0,1,0,0,0,0,0,0,0,1,1,1,0,0,0,1,1,1,1,1,1,0
2697
367,2
0,1
2698
290,311,246,281,286,276,73,55,302,324,22,22,22,22,22,22,22,22,22,22,22,22,22,22,22,22,22,22,22,22,22,22,22,322,357,146,280,365,285,329,175,300,287,353,309,314,294,307,305,327,177,296,235,297,253,304,252,355,174,283,358,339,320,326,349,354,343,110,263,350,333,348,27,366,2,2,2,2,2,2,2,2,2,2,2,2,2,2,2,2,2,2,2,2,2,2,2,2,2,2,2,2,2,2,2,2,2,2,2,2,2,2,2,2,2,2,2,2,2,2,2,2,2,2,2,2,2,2,2,2,2,2,2,2,2,2,2,2,2,2,2,2,2,2,2,2,2,2,2,2,2,2,2,2,124,65,288,340
0,0,1,0,1,0,0,1,0,1,0,1,1,1,0,1,1,1,0,1,0,1,1,1,1,1,1,1,1,1,0,1,0,1,1,1,1,0,1,1,1,0,1,0,1,1,1,1,1,0,1,0,0,1,1,0,0,1,0,1,0,0,0,1,0,1,0,0,1,1,0,0,0,1,1,0,0,0,1,0,1,1,0,1,1,0,1,1,1,0,0,1,0,0,0,0,1,1,1,1,1,0,0,0,0,0,1,1,1,1,1,0,0,1,1,1,1,1,1,1,0,1,0,1,0,1,1,1,1,1,1,1,1,0,0,1,0,1,0,0,1,0,1,1,1,0,1,1,1,0,1,1,1,0,1,1,0,0
2699
111,151,22,22,2,2,2,2,2,2,2,2,76
0,1,1,1,0,1,0,1,0,0,0,1,0
2700
22,2,2,2
1,1,1,0
2701
311,311,311,311,351,347,236,236,287,297,73,302,302,322,237,146,332,332,155,56,285,335,144,281,353,309,76,314,307,305,305,326,296,296,253,5,5,174,254,292,91,339,352,352,349,349,308,289,315,354,343,343,343,86,350,350,357,338,338,328,2,2,2,2,2,2,2,2,2,2,2,2,2,2,2,2,2,2,2,2,2,2,2,2,2,2,2,2,2,2,2,2,2,2,2,2,2,2,2,2,2,2,2,2,2,2,2,2,2,2,2,2,2,2,2,2,2,2,2,2,2,2,2,2,2,2,2,2,2,2,2,2,2,2,2,2,2,2,2,2,2,2,2,2,2,2,2,2,2,2,2,2,2,2,2,2,2,2,2,2,2,2,2,2,2,2,2,2,2,2,2,2,2,2,2,2,2,2,2,2,2,2,2,2,2,2,2,2,2,2,2,2,2,2,2,2,124,360,48,331,301,368,290,367,337,336,286,286,276,247,330,22,22,22,22,22,22,22,22,22,22,22,22,22,22,22,22,22,22,22,22,22,22,22,22,22,22,22,22,22,22,22,22,22,22,22,22,22,22,22,22,22,22,22,22,22,282,312,364,175,175,321,316,300,111,171,45,235,344,304,304,252,252,252,355,358,358,358,363,293,55,317,151,151,106,325,325,27,345,345,291,279,279,288
0,1,1,1,1,1,1,1,1,0,1,1,1,1,0,1,1,1,1,1,1,1,1,0,1,1,1,1,1,1,1,1,0,1,1,1,1,1,0,1,1,1,1,1,0,0,1,1,1,0,0,1,1,0,1,1,1,1,1,0,0,1,0,1,1,0,1,1,1,1,0,1,1,1,1,1,1,0,1,1,1,0,1,1,1,1,1,1,1,1,1,1,0,1,0,1,0,0,0,1,1,1,1,0,1,0,1,1,1,0,0,1,1,1,1,1,1,0,1,1,1,1,0,1,0,1,0,0,1,1,1,1,1,1,1,1,0,1,0,0,1,1,1,1,0,0,1,0,1,1,1,1,1,0,1,0,1,1,1,0,1,1,1,1,0,0,0,0,1,1,1,1,0,1,0,1,1,1,1,1,1,1,1,1,1,0,1,1,1,1,1,1,1,1,1,1,0,0,1,0,0,1,1,1,1,1,1,1,0,1,1,0,0,1,1,1,1,1,1,1,1,0,1,1,1,1,0,1,0,1,1,1,0,1,1,1,1,1,0,0,1,1,0,0,1,1,1,0,1,1,0,1,0,0,0,1,1,1,0,1,1,1,1,1,1,0,1,1,1,1,1,1,1,1,0,1,1,0,1,0,1,0,0,0,1,1,0,0,1,1,1,1,0,1
2702
296,367,289,351,340,236,236,287,344,253,286,5,355,332,22,22,22,22,22,22,22,22,22,22,22,22,22,22,22,22,22,22,298,339,293,317,313,362,318,311,329,146,350,67,45,111,359,309,2,2,2,2,2,2,2,2,2,2,2,2,2,2,2,2,2,2,2,2,2,2,2,2,2,2,2,2,2,2,2,2,2,2,2,2,2,2,2,2,2,2,2,2,2,2,2,2,2,48,171,288,301
0,0,0,1,0,1,1,1,0,0,0,0,1,0,1,0,1,1,1,1,0,1,1,1,1,1,1,1,1,1,1,1,1,0,1,0,1,1,1,0,1,0,1,1,1,1,0,0,1,1,0,0,0,0,1,0,1,0,0,0,1,0,1,1,1,0,1,0,1,1,1,0,0,1,1,0,0,1,0,1,1,0,0,1,0,1,0,0,0,0,1,1,0,0,1,1,0,0,1,1,1
2703
367,356,320,22,22,287,106,334,5,2,2,2,2,2,2,2,2,2,2,2
1,0,1,1,0,1,1,1,1,1,1,1,1,1,0,1,1,1,1,1
2704
78,296,73,73,356,236,253,299,22,22,22,22,22,22,22,298,279,288,2,2,2,2,2,2,2,2,2,2,2,2,2,2
0,0,0,1,1,0,0,1,0,1,0,0,1,1,1,1,1,0,0,0,0,1,0,0,0,0,0,1,0,1,1,0
2705
299,323,73,73,246,351,351,337,336,247,344,41,280,355,330,22,22,22,22,22,22,22,22,22,22,22,22,22,22,22,22,22,22,22,22,22,22,22,22,22,22,22,22,22,22,22,22,22,22,22,22,298,151,55,332,341,177,325,335,290,363,357,319,353,309,76,360,328,308,305,2,2,2,2,2,2,2,2,2,2,2,2,2,2,2,2,2,2,2,2,2,2,2,2,2,2,2,2,2,2,2,2,2,2,2,2,2,2,2,2,2,2,2,2,2,2,2,2,2,2,2,2,2,2,2,2,2,2,2,2,2,2,2,2,2,2,2,2,2,2,2,2,2,2,2,2,2,2,2,2,2,2,2,2,2,2,2,2,2,2,2
1,0,1,1,1,1,1,1,1,1,1,1,1,1,1,1,1,0,1,1,1,1,1,1,1,1,1,1,1,1,1,1,1,1,1,1,1,1,1,1,1,1,1,0,1,0,1,0,1,1,1,1,1,1,1,1,1,1,0,0,1,1,1,0,1,1,1,1,0,1,1,1,1,1,1,1,0,1,1,0,0,1,0,1,1,1,1,0,0,1,0,1,1,1,1,1,1,1,1,0,1,1,1,1,1,1,1,1,1,1,1,1,1,1,1,1,1,1,1,1,1,1,1,1,1,1,1,1,0,1,1,1,1,1,1,1,0,1,0,1,1,1,1,1,0,1,0,1,1,0,0,1,1,1,1,1,1,1,1,1,1
2706
2
1
2707
124,22,22,22,22,22,22,22,22,2,2,2,2,2,2,2,2,2,2,2,2,2,2,2,2,2,2,2,2
0,0,1,1,1,1,1,1,1,0,1,1,1,1,1,0,1,1,1,1,1,1,1,1,1,1,1,1,1
2708
2
1
2709
235,236,286,252,333,330,359,22,22,22,22,22,22,22,171,317,2,2,2,2,2,2,2,2,2,2,2,2,91
0,0,0,0,0,1,0,0,1,0,0,0,1,0,1,0,0,0,0,0,0,1,0,0,0,0,1,0,0
2710
22,22,2,2,2,2,2,2,2,2
1,1,1,0,1,1,0,0,0,0
2711
315,317,22,2,2
1,0,1,0,1
2712
323,347,236,281,41,304,297,5,302,22,22,22,22,22,22,22,332,332,308,303,312,177,354,336,329,111,353,76,124,208,2,2,2,2,2,2,2,2,2,2,2,2,2,2,2,2,2,2,2,2,2,2,2,2,2,2,2,2,2,2,2,2,2,2,2,2,2,2,2,2,2,2,2,2,2,2,2,2,2,2,2,2,2,2,2,2,2,2,2,2,2,2,2,2,2,2,2,2,2,2,2,2,2,2,2,2,321
0,0,0,0,0,0,0,0,0,1,0,0,0,0,0,0,0,0,0,0,0,0,0,0,1,0,1,0,0,1,0,0,0,0,1,0,0,0,0,0,0,0,1,1,0,1,0,1,0,1,1,0,0,1,1,1,1,0,0,0,1,0,0,1,1,0,0,0,0,0,1,0,1,0,0,0,0,0,1,1,1,1,1,1,1,0,0,0,1,1,0,0,1,0,0,0,0,1,1,0,1,0,0,0,0,0,1
2713
296,73,356,76,236,276,253,286,297,367,367,355,355,5,283,295,22,22,22,22,22,22,22,22,22,22,22,22,22,22,22,282,237,237,55,146,332,332,341,78,177,320,343,280,303,303,347,340,124,360,208,291,48,279,279,288,288,2,2,2,2,2,2,2,2,2,2,2,2,2,2,2,2,2,2,2,2,2,2,2,2,2,2,2,2,2,2,2,2,2,2,2,2,2,2,2,2,2,2,2,2,2,2,2,2,2,2,2,2,2,2,2,2,2,2,2,2,2,2,2,2,2,2,2,2,2,2,2,2,2,2,2,2,2,2,2,2,2,2,2,2,2,2,2,2,2,2,2,2,2,2,2,2,2,2,2,2,2,2,2,2,2,2,2,2,2,91
1,0,1,1,1,1,1,0,1,1,0,0,1,1,1,1,1,1,0,1,1,0,0,1,1,0,0,0,1,1,0,0,0,0,1,1,0,1,1,0,1,1,0,0,0,1,0,0,0,1,1,0,0,1,1,1,1,0,1,0,0,1,0,0,1,0,1,1,1,1,1,1,1,0,1,1,1,1,1,1,1,1,1,1,1,0,1,0,1,1,1,1,1,1,1,1,1,1,1,1,1,1,1,1,0,1,1,1,1,1,1,1,1,1,1,0,0,1,1,1,0,0,1,1,1,1,1,1,1,1,1,1,0,1,1,1,1,0,1,1,1,0,1,1,0,1,1,1,1,1,1,1,1,0,1,0,0,1,1,1,1,1,1,1,1,1,0
2714
78,296,299,236,318,46,302,292,295,22,22,22,22,22,22,22,22,298,298,291,291,279,146,2,2,2,2,2,2,2,2,2,2,2,2,2,2,2,2,2,2,2,2
0,0,1,0,1,1,0,0,1,1,0,0,1,1,0,1,1,1,1,0,0,0,0,0,0,0,0,0,0,1,0,0,0,0,1,0,1,1,0,0,0,1,1
2715
235,334,359,236,343,313,45,292,22,22,22,22,22,22,22,22,22,293,171,288,2,2,2,2,2,2,2,2,2,2,2,2,2,2,91
0,1,0,1,0,1,1,1,1,0,1,0,0,1,0,0,1,1,0,1,1,1,1,1,0,0,1,1,0,0,0,1,0,1,0
2716
2,2,2,2,291,359,22,22,22,22,22,236
0,0,1,0,0,0,0,0,1,0,0,0
5058
280,331,335,311,5,5,252,111,330,22,22,282,146,305,2,2,2,2,2,2,2,2,2,2,2,2,2,2,2,2,2,2,2,2,2,2,2,2,2,2,2
1,0,0,1,0,0,1,0,0,0,0,0,0,1,0,0,1,0,1,0,0,1,0,0,0,0,0,1,1,1,1,1,0,1,1,1,0,1,0,0,0
2718
289,78,151,253,276,175,321,41,235,300,319,285,330,22,22,22,22,22,22,22,339,346,294,357,335,2,2,2,2,2,2,2,2,2,2,2,2,2,306
1,1,0,0,0,1,1,0,0,0,0,0,0,1,1,0,0,1,0,1,0,1,0,0,0,0,0,0,0,0,1,1,1,0,1,1,1,1,1
2719
27,246,22,22,22,22,22,236,5,2,2,2,2,2,2,2,2,2,357
1,0,0,0,1,0,1,0,1,1,0,1,1,1,0,1,0,1,0
2720
2
0
2721
349,246,199,288,292,333,342,342,330,359,326,22,22,22,22,22,22,22,22,22,22,22,22,22,22,22,22,22,22,22,22,22,22,293,282,171,317,305,2,2,2,2,2,2,2,2,2,2,2,2,2,2,2,2,2,2,2,2,2,2,2,2,2,2,2,2,2,2,2,2,2,2,2,2,2,2,2,2,2,2,2,2,2,2,91
0,0,1,0,1,0,1,0,1,1,1,1,0,1,0,0,0,1,1,1,0,1,0,0,1,0,1,0,1,0,0,0,0,0,0,0,1,1,0,0,0,0,1,1,1,1,0,0,1,1,0,0,0,0,0,0,1,0,1,1,0,1,1,0,1,0,0,1,0,1,1,0,1,0,0,0,1,1,1,0,0,0,0,1,0
2722
2,2,2,2,2,2
0,0,0,1,0,0
2723
367,22,2,2
0,0,0,0
2724
246,347,236,236,318,276,302,22,22,22,22,22,22,22,22,22,22,22,22,22,22,22,22,22,22,22,22,22,22,22,22,22,22,22,22,22,22,22,22,22,22,22,22,22,22,22,22,22,22,22,22,293,282,237,332,337,362,312,280,336,364,144,316,313,306,171,307,2,2,2,2,2,2,2,2,2,2,2,2,2,2,2,2,2,2,2,2,2,2,2,2,2,2,2,2,2,2,2,2,2,2,2,2,2,2,2,2,2,2,2,2,2,2,2,2,2,2,2,2,2,2,2,2,2,2,2,2,2,2,2,2,2,2,2,2,2,2,2,2,2,2,2,2,2,2,2,2,2,2,2,2,2,2,2,296,41,253,360,5,5,358,283,363,292,346,56,317,78,78,315,320,354,106,333,348,328,345,65,279,288,288,301,301,368
1,0,0,0,1,0,0,0,0,0,0,0,1,1,1,1,1,1,1,0,1,1,1,1,0,1,1,0,0,0,0,1,1,0,0,1,0,1,1,1,1,0,1,0,0,0,0,0,0,0,0,0,0,0,0,0,1,0,0,0,0,0,0,1,1,0,0,0,0,1,0,0,1,0,1,1,1,1,1,0,1,1,1,1,0,1,0,1,1,1,0,1,0,1,1,0,1,0,0,1,0,0,0,1,0,1,0,1,0,1,1,0,0,1,1,1,1,0,0,1,0,0,1,0,0,1,1,0,1,0,0,0,1,1,1,1,1,1,0,0,0,1,0,0,1,0,0,0,1,0,0,1,0,0,1,0,0,1,0,0,0,0,0,0,1,1,1,0,0,1,0,0,1,0,0,0,0,0,0,0,0,0,0,0
2725
367,342,328,22,22,22,22,22,22,22,22,22,326,326,144,365,279,286,46,2,2,2,2,2,2,2,2,2,2,2,2,2,2,2,2,2,2,2,2,2,2,2,2,2,2,2,2,2,2,2,2,2,2,2,2,2,2,2,2,2,2,2,2,2,2,2,2,2,2,2,2,2,2,2,2,2,2,2,2,2,2,2,2,2,2,2,2,2,2,2,2,2,2,2,2,2,2
1,1,1,1,0,1,1,1,0,0,1,1,0,0,0,1,0,0,1,1,0,0,0,1,0,0,1,1,1,0,0,0,1,0,0,1,1,0,0,1,0,1,0,1,0,0,0,1,0,0,0,0,0,1,1,1,1,0,0,0,1,0,0,0,0,0,1,0,0,0,0,1,0,0,0,0,0,0,1,0,0,0,0,1,0,1,0,1,1,1,1,1,1,0,0,0,0
2726
359,359,320,22,22,22,22,22,22,22,22,22,345,287,175,171,171,317,317,2,2,2,2,2,2,2,2,2,2,2,2,2,2,2,2,308
0,0,0,0,0,0,0,1,0,1,0,1,0,1,1,1,0,0,1,1,0,0,0,1,0,0,0,1,0,1,0,0,0,0,0,0
2727
2
0
2728
22,22,22,22,22,22,22,22,22,22,22,22,22,2,2,2,2,2,2,2,2,2,2,2,2,2,2,2,2,2,2,2,2,2,2,2,2,2,2,2,2,2,2
1,1,1,0,0,1,1,1,1,1,1,1,1,1,1,0,1,0,1,1,1,1,1,1,1,1,1,1,1,1,1,1,1,0,1,1,1,0,1,1,1,1,0
2729
236,318,41,288,174,292,22,22,22,22,22,22,22,22,293,56,182,332,315,279,294,317,333,313,353,124,48,171,45,2,2,2,2,2,2,2,2,2,2,2,2,2,2,2,2,91
1,1,0,1,0,0,0,1,0,0,1,0,0,0,0,0,1,0,1,1,0,0,1,0,0,0,0,1,0,0,0,0,0,0,0,1,0,0,1,1,0,1,1,1,1,0
2730
329,2,2,2,2,2,2
1,1,1,0,1,1,0
2731
299,73,182,22,22,22,22,344,263,297,2,2,2,2,2,2,2,2,2,2,2,2,337
1,0,1,0,0,0,0,0,0,0,0,1,0,0,0,0,0,1,0,0,0,0,0
2732
2,2,2,2,2,2,2,2,2,2,2,2,2,2,2,2,2,2,2,2,2,2,290,315,315,171,171,287,110,335,369,316,316,284,346,288,328,22,22,22,22,22,22,22,22,219,177,56,317,332,326,341
0,0,0,0,0,0,1,0,1,0,0,1,1,0,1,0,1,1,0,0,0,1,0,1,1,1,0,1,0,0,0,0,1,0,1,0,0,1,0,0,1,1,0,1,0,1,0,1,1,0,0,0
2733
2,2
0,0
2734
279,350,22,22,22,2,2,2,2,2,2,2,334
1,0,0,1,0,1,1,0,1,0,0,1,1
7003
289,22,124,322,175,2,2,2,2
1,0,0,0,0,0,1,1,0
2736
339,295,22,22,22,22,22,22,22,22,22,22,22,2,2,2,2,2,2,2,2,2,2,2,2,2,2,2,2,2,2,2,2,2,2,2,2,2,2,2
1,1,0,0,1,1,0,1,1,1,1,1,1,1,1,0,1,0,1,0,0,1,1,1,0,0,1,1,1,1,0,1,0,1,1,1,1,1,0,0
2737
303,22,22,22,22,236,86,304,2,2,2,2,2,2,2,2,2,2
1,1,1,0,0,0,0,1,0,0,1,0,0,1,1,1,0,0
2738
299,367,304,311,286,276,284,358,302,360,175,22,22,22,22,22,22,22,298,346,357,332,361,303,73,331,110,335,350,333,348,348,27,328,2,2,2,2,2,2,2,2,2,2,2,2,2,2,2,2,2,2,2,2,2,2,2,2,2,2,2,2,2,2,2,2,2,2,2,345,309,48,305,340
0,0,0,1,1,0,0,0,0,1,1,1,1,1,0,1,1,1,1,1,1,0,1,1,1,1,1,0,0,1,0,0,1,0,0,1,0,1,0,0,0,1,0,1,1,0,1,1,1,0,0,1,0,0,1,0,0,0,1,1,0,1,1,1,1,0,0,1,0,1,0,0,0,0
2739
302,347,364,341,2,2,2,2,2,2,22,22,22,22,22
1,1,1,1,0,0,1,0,1,1,1,1,1,1,1
2740
177,343,336,287,110,368,5,333,111,328,22,22,22,22,22,314,48,352,2,2,2,2,2,2,2,2,2,2,2,2,2,2,2,2,2,2,2,2,337
0,0,0,1,0,1,0,1,0,0,1,1,0,0,0,1,0,1,0,0,1,0,0,0,0,1,0,0,1,0,0,1,1,0,1,0,0,1,0
2741
22,2
0,0
2742
323,320,22,324,146,349,2,2,2,2,2,2,2,2,331
0,1,1,0,0,0,1,0,0,0,1,0,1,1,0
2743
296,311,352,287,73,252,5,349,254,174,288,22,48,279,332,2,2,2,2,2,2,2,2,368
1,1,1,1,1,1,1,1,0,1,1,1,1,1,1,1,1,1,1,1,1,1,1,1
