1
4,164,37,6,123,128,49,132,93,88,57,57,55,73,11,148,63,63,134,46,126,28,33,54,116,99,101,79,163,91,149,94,34,140,89,82,144,155,152,159,61,61,114,64,64,38,56,56,29,72,24,23,124,20,129,78,44,53,12,14,118,151,58,58,98,135,39,83,36,25,130,115,31,51,69,142,47,30,27,121,5,18,60,60,22,7,9,161,15,50,50,50,50,50,50,50,50,50,50,50,50,50,50,50,50,50,50,50,50,50,50,50,50,50,103,13,90,138,10,96,119,137,66,80,160,1,122,125,21,59,59,48,105,3,84,110,85,107,35,45,102,154,16,108,153,75,17,112,70,127,136,156,95,2,146,131,43,74,19,71,133,40,100,62,62,150,117,147,41,41,41,41,41,41,41,41,41,41,41,41,97,143,8,139,52,86,81,158,141,32,67,106,92,65,65,65,162,109,111,145,87,42,76,26,68,77,104,157,113,120
0,0,0,0,0,0,0,0,0,0,0,1,0,0,1,1,0,0,1,0,0,0,0,0,0,0,0,0,0,0,0,0,0,0,0,0,1,0,1,0,0,1,0,1,1,0,0,1,0,0,1,0,0,0,0,0,0,0,0,1,0,1,0,0,0,0,0,0,0,0,0,0,0,0,0,1,1,1,0,0,0,0,0,0,0,0,0,0,1,0,0,0,0,0,0,0,0,0,0,0,0,0,0,0,0,0,0,1,1,1,1,1,0,0,0,1,1,1,0,0,0,1,1,0,0,0,0,0,0,0,0,0,0,0,1,1,0,0,0,0,0,0,0,0,0,0,0,0,0,0,1,0,0,0,0,0,0,1,0,0,0,0,0,0,0,0,0,0,0,0,0,0,0,0,0,0,1,1,1,0,0,1,0,0,0,0,0,0,1,0,0,1,0,0,0,0,0,0,1,0,0,0,0,0,0,0,1,0,0,0
2
72,4,37,6,128,49,177,88,130,55,171,73,11,148,148,63,46,41,41,41,41,41,41,41,41,41,41,41,41,41,41,41,41,41,126,126,28,33,54,129,75,79,163,89,175,157,157,179,34,8,82,152,152,159,61,169,58,64,67,38,56,29,3,24,23,124,124,20,166,78,44,53,12,14,151,151,164,57,39,83,36,25,182,180,31,51,69,47,30,165,27,121,121,5,18,158,158,65,65,7,9,161,15,50,50,50,50,50,50,50,50,50,50,50,50,50,50,50,173,13,90,80,183,66,10,160,1,122,122,125,125,21,59,48,172,84,149,149,85,167,35,45,170,154,154,16,174,153,153,181,17,70,156,156,176,2,146,146,146,131,43,74,19,71,40,62,91,150,150,123,123,68,168,178,52,86,81,60,32,155,155,92,22,162,127,127,145,145,145,87,42,76,26,147,147,77
0,0,1,1,1,0,0,0,1,0,0,0,1,1,1,0,1,0,1,1,0,1,1,0,0,0,1,0,1,0,1,0,1,0,0,1,1,0,0,1,0,0,0,0,1,0,0,0,0,1,0,1,1,0,0,0,1,1,1,1,1,0,0,1,0,1,1,0,1,0,0,0,1,1,1,1,0,1,0,0,1,0,0,0,0,0,0,0,1,0,0,1,1,1,0,0,0,0,0,0,1,0,1,0,1,1,1,1,1,0,0,0,0,0,0,0,0,0,0,1,1,0,0,0,0,0,0,0,0,0,0,1,0,0,1,0,1,1,0,0,1,1,0,0,0,0,0,0,0,0,0,0,0,0,0,0,1,0,1,0,0,1,0,1,0,0,0,1,1,0,1,0,0,0,1,0,0,0,1,0,0,0,1,0,0,1,0,0,1,0,0,1,1,0,0,0
3
241,4,134,128,212,49,189,208,236,226,171,73,254,194,98,156,54,227,163,175,157,179,196,89,229,159,61,169,174,114,64,38,56,162,24,23,148,20,166,204,67,86,151,57,239,185,230,36,25,205,31,51,69,216,30,121,121,121,240,221,22,223,186,50,50,50,50,50,50,50,50,50,50,50,50,50,50,50,50,50,50,50,50,50,50,50,50,50,50,50,192,13,213,237,233,245,80,59,48,65,65,65,65,65,65,65,172,203,60,84,110,187,235,102,200,16,220,183,58,112,115,144,176,2,131,43,74,247,71,217,133,40,225,5,193,100,117,168,97,8,136,75,158,79,202,92,18,109,111,145,209,76,214,26,104,150,37,6,232,234,34,177,88,251,210,244,101,11,63,242,46,126,28,33,130,116,252,103,87,91,190,94,140,82,250,243,152,255,195,96,29,3,167,124,78,44,53,12,118,248,211,39,83,62,253,184,180,155,119,47,165,27,224,188,231,7,9,154,15,222,173,108,90,238,93,198,66,10,160,1,215,125,21,72,105,122,122,201,149,35,45,170,153,181,17,129,70,191,95,146,107,19,199,218,246,207,120,219,249,164,123,68,206,41,41,41,41,41,41,41,41,41,41,41,41,41,41,41,41,99,143,178,139,81,32,106,161,14,127,197,228,42,147,77,85,113
1,1,0,0,1,0,0,1,1,0,0,1,1,1,0,1,0,1,1,1,0,0,0,0,0,0,1,0,0,0,1,0,1,0,1,1,1,1,0,1,1,0,1,1,1,1,1,1,1,1,1,0,0,1,1,0,0,1,1,1,1,1,1,1,1,0,1,0,0,0,1,0,1,1,1,0,1,1,1,1,1,1,1,1,0,0,1,1,0,0,1,1,1,0,1,1,1,0,1,0,1,0,1,0,1,1,0,1,1,0,0,1,1,1,1,1,1,1,1,0,0,1,0,0,1,0,1,1,1,1,1,0,1,0,1,0,1,0,0,1,1,0,1,0,1,0,1,0,1,0,1,1,1,1,1,1,1,1,0,1,0,1,0,1,1,1,0,1,0,1,1,1,1,1,1,0,1,1,0,0,0,0,0,0,1,1,1,1,1,0,1,1,1,1,1,0,0,1,0,1,0,0,0,1,1,1,0,0,0,0,0,1,1,1,1,0,0,0,1,1,0,0,0,1,0,1,0,1,1,0,1,0,1,0,0,0,0,1,0,1,1,1,0,0,0,0,0,0,0,0,0,0,1,1,1,1,1,1,1,0,0,0,1,1,1,1,1,1,0,1,0,1,1,1,1,1,0,1,1,1,1,0,0,0,0,1,0,1,0,1,1,1,0,0,1,0
4
128,134,300,4,4,212,49,189,151,57,171,73,124,310,156,76,79,265,214,157,179,34,257,89,268,315,16,152,175,296,61,273,248,185,64,38,38,263,24,23,148,148,148,20,271,166,204,86,311,258,32,19,301,36,249,31,51,69,312,138,30,303,60,11,304,309,266,13,213,245,80,59,48,256,46,203,287,262,84,308,85,252,306,163,269,174,270,183,58,176,2,2,131,43,54,71,40,40,5,5,290,181,168,168,8,8,75,158,292,67,92,18,317,74,145,145,145,280,209,275,246,26,307,150,37,37,6,6,22,177,88,55,298,121,121,121,294,63,272,172,126,50,50,50,50,50,50,50,50,50,50,50,50,50,50,50,50,50,50,50,50,50,50,50,50,50,50,50,50,50,50,50,50,50,50,50,50,50,33,130,247,87,286,82,297,250,139,281,255,264,91,72,279,35,78,164,283,12,169,169,302,211,316,39,39,83,25,182,277,180,155,47,278,27,62,284,188,14,7,7,9,9,267,288,15,28,173,291,90,238,162,282,293,305,66,146,146,146,160,29,259,122,122,261,21,3,3,285,313,295,201,149,149,149,159,45,170,170,289,153,274,17,125,314,70,154,56,44,123,41,41,41,41,41,41,41,41,41,41,41,41,41,41,41,41,41,41,41,41,41,53,178,243,81,129,161,65,65,65,65,65,65,65,65,165,127,197,260,276,42,299,147,147,147,77
0,0,0,0,1,1,1,1,1,1,0,1,1,1,0,0,0,1,1,0,0,1,1,1,0,1,1,1,0,0,1,0,1,0,1,1,1,1,1,1,1,1,1,1,1,1,1,0,1,1,1,0,1,0,1,0,0,0,1,1,1,1,0,1,1,1,0,1,1,1,0,0,1,0,0,1,0,1,0,1,1,1,1,0,1,0,0,0,1,0,1,1,1,0,1,1,0,1,0,0,1,0,0,1,0,1,0,0,1,0,0,1,1,1,1,0,0,0,0,1,1,0,1,0,0,0,0,1,1,0,0,0,0,1,1,1,1,1,0,1,1,0,1,1,1,1,1,1,0,0,0,0,1,0,0,0,1,1,0,1,0,0,0,1,1,1,1,1,1,1,1,1,0,1,1,1,1,1,1,1,1,1,0,0,1,1,1,1,1,1,0,0,0,1,0,0,0,1,0,1,1,1,1,0,1,1,1,1,0,1,0,1,1,1,0,0,1,1,1,1,1,1,0,1,1,1,0,1,0,1,0,0,1,1,1,1,1,1,1,1,1,0,1,1,1,1,1,0,1,1,1,1,1,1,0,1,0,1,1,0,1,0,1,1,0,1,1,1,0,0,0,1,1,0,1,1,1,1,0,1,1,0,1,1,0,0,1,1,1,1,0,0,1,0,1,0,1,0,0,1,1,0,0,1,0,0,1,1,1,0,1,1,0,1,0
5
241,4,343,300,128,212,189,208,57,171,73,254,170,156,156,156,76,79,163,163,265,332,157,157,157,179,34,257,89,268,346,10,152,152,152,296,61,273,248,64,319,263,162,162,153,153,153,24,23,148,148,148,20,271,320,1,325,151,151,151,258,185,301,36,25,186,69,216,334,30,244,240,60,294,31,50,50,50,50,50,50,50,50,50,50,50,50,50,50,50,50,50,50,50,50,50,50,50,50,50,50,50,50,50,50,50,50,50,50,50,50,50,50,50,50,50,50,50,50,50,50,50,50,50,50,50,50,50,50,50,50,50,50,50,50,50,50,50,50,192,266,13,213,338,245,80,289,330,256,262,84,308,322,85,252,306,154,154,154,16,174,270,183,58,333,176,2,131,287,74,71,62,193,181,168,284,75,158,158,158,292,67,92,18,317,290,145,145,145,280,209,275,175,26,307,341,6,22,177,88,251,210,298,121,11,63,242,272,172,126,304,33,130,129,309,87,286,8,82,297,250,324,281,318,305,255,264,29,72,279,78,164,164,283,12,169,159,159,159,345,211,83,32,184,182,277,180,155,155,155,328,261,27,5,327,188,65,65,65,7,9,267,288,15,28,173,291,90,336,282,331,293,278,66,329,160,160,160,91,337,122,125,21,3,285,295,321,347,150,150,150,149,149,149,35,124,342,59,326,274,17,70,191,323,146,146,146,19,246,207,340,249,56,123,147,147,147,41,41,41,41,41,41,41,41,41,41,41,41,41,41,41,41,41,247,178,243,86,81,339,344,161,161,161,14,127,335,215,260,276,302,299,68,77,187,269
1,0,1,1,0,1,0,1,0,0,0,1,1,1,1,1,0,0,0,0,0,1,0,0,0,0,0,1,0,0,1,0,1,1,1,1,0,0,0,0,1,0,0,0,0,1,0,1,1,0,1,0,0,0,1,0,1,1,1,1,1,1,0,0,0,1,0,0,1,0,0,1,0,1,1,1,1,1,1,1,1,0,1,1,1,1,1,0,0,0,0,0,0,0,1,1,1,1,0,0,0,0,0,0,0,0,0,0,0,0,0,1,1,0,0,0,0,0,0,1,1,1,1,0,0,0,0,0,0,1,0,0,0,1,0,1,1,1,1,1,0,1,1,0,1,0,1,1,0,0,0,1,1,0,1,1,0,0,0,0,0,0,0,0,1,0,0,0,0,0,0,0,1,0,0,0,0,0,0,0,1,0,1,0,1,1,0,0,0,0,1,0,0,1,1,0,1,1,0,0,0,1,0,1,1,1,0,1,0,0,1,1,0,0,1,1,0,0,1,0,1,1,0,1,1,1,0,0,0,0,0,0,0,0,1,0,0,1,0,1,1,0,1,1,0,0,0,0,0,0,1,0,0,0,1,1,1,1,1,0,0,0,1,0,1,0,0,0,1,0,1,1,0,0,0,0,0,0,0,1,0,0,1,0,0,1,1,1,0,0,0,0,0,0,0,1,0,0,0,0,0,0,0,1,1,1,0,0,1,1,1,0,1,0,0,1,0,0,1,1,1,1,0,0,1,0,0,1,1,1,1,1,1,1,1,1,1,0,0,1,0,0,0,0,1,1,1,1,1,0,1,1,0,0,1,0
6
4,179,6,286,268,88,171,73,11,272,172,41,41,41,41,41,41,41,41,41,50,50,50,50,50,50,50,50,50,50,50,50,50,50,50,50,50,50,50,50,50,50,50,50,50,50,50,50,50,33,76,79,265,175,173,34,89,82,81,16,273,281,264,263,29,72,24,23,279,20,274,78,283,12,14,83,36,25,182,277,180,31,30,278,27,5,284,169,18,7,9,267,15,28,266,13,90,10,282,177,261,80,1,21,3,285,262,84,85,35,269,174,270,271,17,178,70,176,2,287,74,19,71,91,181,168,8,86,75,32,92,22,260,280,276,87,275,26,77
0,0,1,0,0,0,0,0,1,1,0,0,0,0,1,0,0,0,1,1,0,1,0,1,0,0,1,1,1,1,0,0,1,1,0,0,1,0,0,0,1,0,0,1,0,1,1,1,1,1,0,0,0,1,0,0,1,0,0,1,0,1,0,1,1,0,1,0,0,1,0,0,0,1,0,0,1,0,0,1,0,1,1,1,1,0,0,1,0,1,1,1,1,1,1,1,1,0,0,0,1,0,0,1,1,0,1,0,1,1,1,0,0,0,1,0,0,0,0,0,0,1,1,0,0,0,1,0,0,1,0,1,0,0,1,0,1,1,0
7
72,4,37,6,123,128,286,49,177,88,82,55,171,73,11,148,63,272,46,41,41,41,41,41,41,41,41,41,41,41,41,126,28,33,54,129,61,79,163,265,175,157,179,34,8,268,81,16,152,159,130,169,58,281,64,67,264,38,263,29,3,24,167,279,20,274,166,78,44,53,12,273,124,151,164,57,39,83,36,25,182,277,180,31,51,69,60,47,30,165,27,121,5,18,284,145,266,22,7,9,267,161,15,50,50,50,50,50,50,173,13,90,80,282,89,261,66,10,160,1,122,125,21,59,48,285,65,65,65,65,256,172,287,262,84,56,149,85,23,35,45,170,154,269,174,270,153,271,183,17,70,156,176,2,146,131,43,74,19,71,40,62,91,181,278,68,168,283,178,52,86,75,158,32,155,92,14,162,127,260,280,276,87,42,76,275,26,147,77,150
0,0,0,1,0,0,1,1,0,1,1,0,0,0,1,0,1,1,1,1,1,1,1,0,0,1,0,0,1,1,1,0,1,0,1,0,0,0,1,0,1,1,1,0,0,0,1,1,1,0,0,0,0,1,1,1,0,1,0,0,0,0,0,0,0,0,1,0,0,0,1,0,1,0,0,1,0,0,0,0,0,0,1,0,0,0,1,1,0,0,0,1,1,0,0,0,0,1,1,0,1,0,0,1,0,0,0,1,0,0,0,1,1,1,1,1,0,0,0,0,1,0,1,0,0,0,1,0,1,0,1,0,0,0,1,1,0,1,0,0,1,0,0,1,0,0,0,1,0,0,0,1,0,0,1,0,1,0,0,0,1,1,1,0,0,0,0,0,1,0,1,0,0,0,0,0,0,0,1,1,0,1,1,1,1,0,0,0,1,1
8
241,4,343,128,128,49,151,57,37,73,73,73,139,139,254,239,249,156,54,79,79,79,163,265,332,157,196,89,89,89,268,268,346,315,16,152,175,296,61,273,248,64,38,263,162,153,24,23,148,20,271,166,204,320,86,86,86,253,258,185,301,36,25,31,51,69,312,216,334,30,171,240,158,294,186,50,50,50,50,50,50,50,50,50,50,50,50,50,50,50,50,50,50,50,50,50,50,50,50,50,50,50,50,50,50,50,50,50,50,50,50,50,50,50,50,50,50,50,50,50,50,50,50,50,50,50,50,50,50,50,50,50,50,50,266,13,213,338,245,349,336,289,48,65,65,65,65,65,65,65,65,65,150,172,203,43,262,84,84,84,308,322,85,85,85,252,306,154,269,174,270,357,183,58,333,176,2,131,131,287,74,74,74,71,71,71,133,133,40,62,290,303,181,181,181,168,8,52,354,75,75,75,60,292,155,92,92,92,18,313,280,129,129,353,76,76,76,275,214,26,307,341,350,6,123,123,34,177,267,88,88,88,55,298,121,121,11,63,242,272,46,126,126,33,130,130,247,87,87,87,91,91,91,190,286,140,82,82,82,297,250,324,281,318,305,195,264,29,72,72,72,348,279,78,78,78,44,283,12,159,138,138,211,134,134,39,83,83,83,32,184,182,277,330,180,67,47,328,165,27,5,284,188,22,7,9,355,288,15,28,173,291,90,90,90,238,80,80,80,282,331,293,261,251,127,127,66,10,160,1,337,122,122,149,21,3,285,145,295,321,347,201,132,125,125,35,276,45,124,124,342,59,326,274,17,314,70,70,70,136,323,146,19,199,246,207,340,351,56,164,278,68,352,41,41,41,41,41,41,41,41,41,41,41,41,41,41,41,41,41,41,41,41,41,41,41,41,41,41,41,53,178,243,81,81,81,339,344,137,161,14,244,335,260,356,302,42,147,77,77,77
1,0,1,0,0,1,1,0,0,0,0,1,1,1,1,1,0,0,1,0,0,0,0,0,0,0,1,1,1,1,0,0,1,1,0,1,1,1,0,0,0,0,1,1,0,0,0,1,1,1,0,1,1,1,0,1,1,0,1,1,0,1,0,1,0,1,0,1,0,1,1,1,1,1,1,1,1,1,1,0,1,0,1,1,0,1,0,0,0,0,1,0,0,1,1,0,1,1,1,0,0,1,0,1,0,1,1,0,1,0,1,1,0,0,1,1,1,1,1,0,1,1,0,0,0,1,1,0,1,0,1,1,0,1,0,0,1,1,0,1,0,0,0,0,1,0,0,0,0,0,1,1,0,1,1,1,0,0,0,1,0,0,1,1,1,1,0,0,0,1,0,0,0,0,1,0,0,1,1,0,0,0,1,0,0,0,1,1,0,0,0,1,0,0,0,0,0,0,0,0,1,1,0,0,0,0,1,1,0,1,0,1,0,0,0,1,1,0,1,0,0,0,1,1,0,0,1,0,0,1,1,0,0,0,0,1,0,0,0,1,1,1,0,1,1,1,1,1,1,1,0,1,0,1,1,1,1,1,1,1,1,0,1,0,1,1,0,0,0,0,0,0,0,0,0,1,1,0,0,0,1,0,1,1,0,0,1,1,1,0,1,0,0,1,0,1,0,1,0,1,0,0,1,1,0,1,0,0,1,1,0,0,1,1,1,1,0,0,0,0,0,0,1,0,0,0,0,0,0,0,0,0,0,0,0,1,1,0,1,1,1,1,1,1,0,1,0,1,1,1,0,0,0,0,0,1,0,0,1,1,1,1,1,1,0,1,0,0,1,0,0,0,1,0,0,0,1,1,1,0,1,0,1,1,0,0,0,0,0,0,1,1,1,0,1,0,1,1,1,1,0,0,1,0,0,1,0,1,1,0,1,0,1,0,0,0,1,0,1,1,1
9
241,4,134,300,128,212,49,189,151,73,124,310,156,54,79,163,265,265,332,157,179,34,89,268,346,16,152,175,296,138,273,248,358,38,263,263,162,153,24,23,148,148,20,271,166,86,362,17,258,249,301,36,25,31,51,216,334,30,303,158,294,50,50,50,50,50,50,50,50,50,50,50,50,50,50,50,50,50,50,50,50,50,50,50,50,50,50,50,50,50,50,50,50,50,50,50,50,50,50,50,50,50,266,13,213,245,80,289,48,65,65,150,172,43,262,262,262,84,85,154,269,174,270,357,359,176,2,131,287,74,361,71,217,40,193,181,168,327,327,75,292,155,92,18,317,290,145,145,280,209,76,275,214,26,341,37,6,123,340,267,88,298,121,121,11,272,46,126,33,130,129,87,91,286,140,8,82,297,250,281,318,195,264,264,264,29,72,348,279,78,44,283,12,159,211,316,39,83,32,184,182,182,182,182,277,180,142,47,328,165,27,5,284,188,22,7,9,355,355,288,15,28,173,291,90,336,282,177,293,261,261,10,160,1,337,122,125,21,3,285,295,321,132,149,149,35,276,45,170,326,274,360,70,191,146,146,19,246,207,164,278,41,41,41,41,41,41,41,41,41,41,41,41,41,41,41,178,243,81,339,137,161,14,127,260,260,356,302,42,299,147,147,77,187
0,1,1,1,1,0,1,1,1,0,1,1,0,0,0,1,0,0,0,0,0,0,1,0,1,1,1,1,1,1,0,1,1,1,1,1,0,0,0,1,0,1,1,0,0,0,1,0,0,1,1,0,0,0,0,1,0,1,0,1,0,0,1,1,1,1,0,0,1,1,1,1,1,0,1,1,1,1,0,1,0,0,0,1,0,0,1,1,1,1,0,0,1,0,1,0,1,0,0,1,1,1,0,1,1,1,0,0,1,0,0,0,1,1,0,0,0,1,1,1,1,0,0,1,1,0,0,0,0,0,1,0,0,1,1,0,0,0,0,0,1,0,0,1,1,1,0,1,0,1,1,1,1,1,0,1,1,0,0,0,0,1,1,0,0,1,0,0,1,1,0,1,0,0,1,0,0,0,0,0,1,1,1,0,0,0,0,1,0,0,1,0,1,1,0,1,0,1,1,0,1,0,0,0,0,0,1,1,1,0,0,1,0,1,1,1,0,0,0,1,1,1,0,0,0,1,0,0,0,1,1,1,0,0,1,1,1,1,1,0,1,0,1,1,1,1,0,1,0,1,0,1,0,0,0,1,0,0,0,0,0,0,1,0,0,1,1,1,1,1,1,1,1,0,1,1,0,0,0,1,1,0,0,0,1,0,0,1,0,1,0,0,1,1
10
128,134,300,4,212,49,189,208,57,171,73,124,310,156,54,79,163,265,332,157,179,196,257,89,268,315,16,152,175,340,61,273,185,64,319,38,263,326,24,23,148,20,271,166,320,86,325,311,151,359,258,19,301,36,25,205,31,51,69,312,216,138,30,158,11,186,50,50,50,50,50,50,50,50,50,50,50,50,50,50,50,50,50,50,50,50,50,50,50,50,50,50,50,50,50,50,50,50,50,50,50,50,50,50,50,50,50,50,50,50,50,50,50,50,50,50,50,50,50,50,50,50,50,50,50,50,50,50,50,50,50,50,50,50,50,50,50,50,50,50,50,50,50,50,50,50,192,266,13,213,338,349,80,289,48,256,172,203,287,262,334,85,84,154,364,269,174,270,183,58,333,176,2,131,43,74,365,71,133,40,202,290,181,168,8,52,354,75,60,292,155,92,199,317,193,145,280,209,353,136,275,214,26,150,37,6,22,177,327,88,55,210,298,121,294,63,15,272,46,126,33,130,129,87,358,190,3,286,140,82,297,350,281,195,264,91,296,167,348,279,35,78,44,53,12,169,211,316,39,83,32,76,363,184,182,277,330,180,67,142,47,328,261,27,62,284,188,34,14,7,9,267,288,164,28,173,291,90,162,198,366,293,278,146,160,29,337,122,125,21,72,285,295,321,201,132,149,159,276,45,170,5,59,153,274,17,314,70,191,200,144,207,56,194,123,68,282,41,41,41,41,41,41,41,41,41,41,41,283,178,139,81,141,339,137,161,65,65,65,65,165,127,335,197,215,260,356,42,299,147,77,187
0,1,1,0,1,0,0,1,0,0,0,1,0,0,0,0,0,0,1,0,0,1,1,0,0,0,1,1,1,1,0,0,1,0,1,0,1,0,1,0,0,0,1,0,0,0,0,1,1,1,1,0,1,0,0,1,0,0,0,0,1,1,1,0,0,1,0,1,1,0,1,1,1,1,0,0,0,0,0,0,0,1,0,1,1,1,0,0,1,1,0,0,0,0,0,0,0,0,0,0,0,0,0,0,0,0,0,0,0,1,0,0,1,1,0,0,1,0,0,0,1,0,1,1,1,0,0,0,1,1,1,0,1,0,0,0,1,1,1,0,0,0,0,0,0,1,1,0,0,1,1,1,0,0,0,0,0,1,0,0,1,0,0,0,0,0,0,0,0,0,1,0,0,0,0,0,0,0,1,0,1,1,0,0,0,0,1,0,0,1,0,0,0,0,1,0,0,1,1,0,0,1,0,0,0,0,0,0,1,0,0,1,1,0,1,0,0,1,0,0,1,0,0,0,0,0,0,0,0,0,1,0,0,1,0,0,1,0,0,0,1,0,0,1,0,0,1,1,0,0,0,0,1,0,1,0,1,0,0,0,0,0,1,0,0,0,0,0,0,0,0,0,0,0,1,0,1,0,0,1,1,1,0,0,0,0,1,0,0,0,0,0,1,0,1,0,0,0,0,1,0,0,0,0,0,0,1,0,0,0,1,1,0,1,0,0,0,0,0,1,0,1,1,1,0,1,0,0,0,0,1,0,1,1,1,0,1,1,0,0,0,0,1,1,1,1,1,0,1,0,0,1
11
4,179,6,177,151,57,171,101,11,63,172,168,28,33,76,116,97,103,79,163,91,175,157,94,34,8,82,81,152,159,61,114,64,67,96,56,108,3,24,23,148,20,78,164,183,12,14,118,88,58,98,83,36,25,70,180,31,80,119,30,89,27,92,5,73,158,18,7,9,15,50,50,50,50,50,50,50,50,50,50,50,50,50,50,50,50,50,50,50,50,50,50,50,50,50,50,50,173,13,90,93,176,69,66,10,160,1,149,21,59,72,65,65,256,84,367,85,74,35,102,154,16,174,153,181,17,112,115,156,95,2,146,107,19,71,105,100,62,150,117,68,41,41,41,41,41,41,41,41,41,41,41,41,41,41,99,178,86,75,60,32,155,106,161,22,162,109,111,145,145,87,110,26,147,77,104,113
0,1,0,0,1,0,1,0,0,0,1,0,0,1,0,1,0,1,0,0,1,1,0,0,0,0,0,0,1,0,0,1,1,1,0,1,0,0,1,0,0,0,0,1,0,0,0,0,0,0,0,1,0,0,0,1,1,0,0,0,0,0,0,0,1,0,0,0,0,1,0,1,0,0,0,0,1,0,1,0,1,1,0,1,0,1,1,0,1,1,1,0,1,0,1,0,0,0,1,0,0,0,0,0,0,0,0,1,0,0,0,1,0,0,0,0,1,0,0,0,0,0,0,0,0,0,0,0,0,0,0,1,1,0,1,0,0,0,1,1,0,0,1,0,0,1,0,0,0,0,0,1,0,0,0,0,1,0,0,0,1,0,1,0,0,0,1,0,0,0,0,1,1,0,0,0,0
12
4,179,6,177,151,57,57,256,171,101,11,63,172,41,41,41,41,41,41,41,41,41,41,41,41,41,50,50,50,50,50,50,50,50,50,50,50,50,50,50,50,50,50,50,50,50,50,50,50,50,50,50,50,50,50,50,50,50,50,50,50,50,50,50,50,50,50,50,50,50,50,50,50,50,50,50,50,50,50,50,50,50,50,50,50,50,50,50,50,33,116,97,103,175,157,94,34,178,152,19,159,61,169,114,64,67,96,56,56,162,3,24,23,148,20,164,183,12,14,118,58,58,29,98,36,25,180,31,119,30,27,5,158,18,7,9,15,28,173,13,93,176,69,66,66,10,160,1,149,21,59,59,65,65,105,110,35,102,170,163,16,174,108,153,17,112,115,156,95,2,146,107,154,120,100,62,150,117,68,168,99,8,60,60,32,155,106,161,22,109,111,145,26,147,104,113
0,0,0,0,0,0,0,0,0,0,1,0,0,1,0,0,0,0,1,0,0,0,0,0,0,0,0,0,0,0,0,0,0,0,0,0,0,0,0,0,0,1,0,0,0,0,0,1,1,1,1,0,0,0,0,1,0,0,1,0,1,0,0,0,0,0,0,0,0,0,1,0,0,1,0,0,0,0,0,0,0,0,0,0,0,0,0,0,0,0,0,0,0,0,0,0,0,0,0,0,0,0,0,0,0,0,0,0,1,0,0,0,0,0,0,0,0,0,0,0,0,1,0,0,0,0,0,0,0,0,0,0,0,0,0,0,0,0,0,0,0,0,0,0,0,0,0,0,0,0,0,0,0,0,0,0,0,0,0,0,0,0,0,0,0,0,0,0,0,0,0,0,0,0,0,0,0,0,0,0,0,0,0,0,0,0,1,0,0,1,0,0,0,0,0,0
13
4,300,128,49,151,57,171,171,73,73,124,156,54,79,163,265,175,175,157,179,179,34,89,268,269,152,340,61,169,169,64,38,263,162,24,23,148,20,271,166,1,301,36,25,31,51,69,334,30,158,294,50,50,50,50,50,50,50,50,50,50,50,50,50,50,50,50,50,50,50,50,50,50,50,50,50,50,50,50,50,50,50,50,50,50,50,50,50,50,50,50,50,50,50,50,50,50,50,50,50,50,50,50,266,13,338,80,289,48,256,256,172,172,43,262,84,85,19,16,174,174,270,357,183,58,333,176,176,2,131,287,74,71,71,40,62,290,150,168,168,8,52,75,60,181,292,155,92,18,145,280,76,275,332,26,341,37,6,123,177,177,267,88,55,298,121,11,63,272,46,126,33,130,129,87,286,82,297,281,296,264,29,72,72,167,279,78,44,53,12,273,159,39,83,32,182,277,180,180,67,47,165,14,27,5,284,22,7,9,355,288,15,28,173,173,291,90,336,282,331,293,261,66,10,160,91,337,122,149,21,3,285,295,125,35,276,45,170,59,153,274,17,70,70,146,154,56,164,278,68,41,41,41,41,41,41,41,41,283,178,178,86,81,339,161,65,65,65,65,65,127,335,260,356,42,299,147,77
0,0,0,0,0,0,0,0,0,0,0,0,1,0,0,0,1,1,0,0,1,0,0,0,0,1,0,0,0,0,1,0,0,0,1,1,1,0,0,0,0,0,0,0,1,0,0,0,1,0,1,0,0,0,0,0,1,0,0,0,0,1,0,1,1,1,1,1,1,0,0,1,0,0,1,0,1,1,0,1,0,1,0,0,0,0,0,1,1,1,1,1,1,0,0,0,0,0,0,0,0,0,0,0,0,1,0,0,0,0,1,0,0,1,0,0,1,0,1,0,1,0,0,0,0,0,0,1,1,0,0,0,1,1,0,0,0,1,0,0,1,0,0,0,0,0,0,0,0,0,0,1,0,0,0,1,0,0,0,0,1,0,1,1,0,1,0,0,0,0,0,0,0,0,1,0,0,0,1,1,0,0,0,0,0,0,0,0,0,0,0,0,0,0,0,0,0,0,0,0,0,0,1,0,0,0,1,0,0,0,0,1,1,0,1,0,1,1,0,1,0,1,0,0,1,0,0,0,1,0,0,0,0,0,0,0,1,0,0,0,0,0,0,0,0,0,1,0,0,0,0,0,1,1,0,0,0,1,0,0,0,0,0,0,0,0,0,0,0,0,0,0,1,1,0,0,0,0
14
371,128,134,4,212,49,208,236,226,171,73,73,170,211,156,54,79,79,175,157,179,34,89,229,19,159,61,169,220,114,64,38,38,56,162,24,23,148,148,20,373,320,86,151,258,57,230,36,25,219,31,51,69,216,30,121,60,223,186,50,50,50,50,50,50,50,50,50,50,50,50,50,50,50,50,50,50,50,50,50,50,50,50,50,50,50,50,50,50,50,50,50,50,50,13,213,237,233,80,80,59,48,256,172,84,110,85,235,102,163,16,174,183,58,112,115,155,176,2,131,43,74,74,365,71,71,133,40,225,5,150,117,221,168,97,8,75,75,158,87,67,92,18,109,111,145,145,209,76,76,214,26,104,37,37,6,232,234,22,177,88,323,101,11,63,15,46,126,28,33,82,82,116,103,369,190,94,130,350,152,96,108,72,72,78,78,164,53,12,14,118,368,29,98,316,39,83,62,370,180,227,119,47,328,165,27,224,327,231,7,9,10,222,173,90,93,374,66,146,146,160,91,122,149,149,21,3,105,321,125,35,45,124,153,181,181,17,129,70,70,95,107,154,166,218,207,120,100,44,123,41,41,41,41,41,41,41,41,41,41,41,41,41,41,41,41,41,41,41,99,178,81,81,32,317,106,161,65,65,65,65,228,42,147,77,77,372,113
1,0,0,0,1,0,1,1,0,0,0,0,0,1,0,0,0,0,1,0,0,1,0,1,1,0,0,0,1,0,0,1,1,1,0,1,0,1,1,1,1,1,0,0,0,1,1,0,1,0,0,0,0,1,1,1,0,1,0,0,0,0,1,1,1,1,0,1,0,1,1,1,0,0,0,1,1,0,0,1,1,0,0,0,0,0,0,0,1,0,0,0,1,0,1,1,1,1,0,1,0,0,0,1,0,0,0,1,0,0,0,0,0,1,0,0,0,0,1,0,0,0,0,1,0,1,0,0,1,1,0,0,0,0,0,0,0,1,1,0,1,0,1,0,0,0,0,1,0,1,1,1,0,0,1,1,1,0,1,0,0,1,0,1,0,1,0,0,1,0,0,0,0,0,1,0,0,1,1,1,0,0,0,0,0,0,0,0,1,1,0,0,0,0,1,0,0,0,1,0,1,0,0,1,0,0,0,0,1,0,1,1,0,0,0,0,1,0,1,1,0,0,0,0,0,0,1,0,0,0,1,1,0,0,0,0,1,0,0,0,0,0,0,0,1,1,0,0,1,0,0,0,0,1,1,1,1,0,0,1,0,1,0,1,1,1,0,1,0,0,0,0,0,0,0,0,0,0,1,0,0,1,1,0,0,0,1,0
15
128,129,50,50,50,50,127,124,130,121,123,41,122,125,126,131
0,0,1,1,0,0,0,0,0,0,0,1,0,0,0,0
16
4,134,128,212,49,151,236,226,171,73,343,239,211,156,76,79,175,157,179,34,89,229,19,159,61,169,174,114,64,38,56,162,24,23,148,20,373,1,362,253,360,258,57,135,230,36,25,31,51,216,138,30,121,221,158,223,50,50,50,50,50,50,50,50,50,50,50,50,50,50,50,50,50,50,50,50,50,50,50,50,50,50,50,50,50,50,50,50,50,50,50,50,50,50,50,50,50,50,50,50,50,50,50,50,50,50,50,50,50,50,50,50,50,50,50,50,50,50,50,50,50,50,50,50,50,50,50,50,50,50,50,50,50,50,50,50,50,50,50,50,50,309,13,213,237,233,80,59,48,65,65,65,65,65,65,65,172,84,308,110,85,235,306,102,163,364,16,220,58,112,115,176,2,131,43,74,361,71,217,40,225,62,219,117,168,97,8,75,60,87,155,92,22,109,111,145,136,214,26,104,307,150,37,6,232,177,88,251,210,101,11,63,46,126,28,33,130,116,103,369,94,140,82,152,318,255,67,96,91,3,78,164,183,12,118,368,29,98,39,83,370,184,180,227,119,142,47,165,27,5,254,231,7,9,15,222,173,90,238,93,374,10,160,108,259,122,149,21,72,105,125,35,45,124,342,153,181,17,129,70,95,146,107,154,166,218,252,207,120,100,44,123,68,41,41,41,41,41,41,41,41,41,41,41,41,41,41,41,41,41,41,41,41,41,41,41,41,41,41,41,41,41,41,41,41,41,41,41,41,41,41,99,143,178,139,86,81,141,32,344,137,106,161,14,127,228,42,18,147,77,372,113
0,0,0,0,0,0,0,1,0,0,1,1,0,0,0,0,1,0,0,0,0,1,0,0,0,0,0,0,0,0,1,0,0,0,0,0,1,0,0,0,0,1,0,0,1,0,0,0,0,0,0,1,1,1,0,1,0,1,1,1,1,1,0,0,1,0,0,1,0,0,0,0,0,0,0,0,0,0,0,0,0,0,0,0,0,0,1,0,0,0,0,1,0,0,0,0,1,0,0,0,0,1,0,0,0,0,0,0,0,1,0,1,0,0,0,1,0,1,1,0,1,0,1,1,1,1,0,0,0,0,0,0,0,1,0,1,1,1,0,1,1,1,0,1,0,1,0,0,0,0,1,0,1,0,0,1,0,0,1,0,0,1,1,0,0,1,0,1,0,0,1,0,0,0,1,0,0,1,0,0,1,0,1,0,0,0,0,1,0,0,0,0,1,0,0,0,1,1,0,1,0,0,0,0,1,0,0,1,1,0,0,0,0,0,0,0,0,0,0,0,0,1,0,0,0,1,0,0,0,0,0,0,0,0,0,1,0,0,0,0,1,0,0,1,0,0,0,0,0,0,0,0,0,0,0,0,0,0,0,0,1,0,0,0,1,1,0,0,0,0,0,0,0,0,0,0,0,0,0,0,0,1,0,0,0,1,0,0,0,1,0,0,0,0,1,1,1,0,1,0,0,0,1,1,1,0,1,1,1,1,1,1,0,0,1,1,0,0,1,0,0,0,1,0,0,0,1,1,0,1,1,0,1,0,0,0,0,1,0,1,1,1,0,0,0,0,0,0,0,0,1,0
17
72,4,4,37,37,6,6,212,49,49,177,88,57,57,55,171,73,11,11,63,63,343,46,46,41,41,41,41,41,41,41,41,41,41,41,41,41,41,41,41,41,41,41,41,41,41,41,41,41,41,28,33,54,79,89,175,190,34,178,82,81,87,90,169,318,64,64,195,38,38,56,56,29,3,3,3,24,23,20,20,61,61,166,204,44,44,320,12,12,14,14,58,58,211,39,39,83,62,62,36,25,205,180,31,51,69,69,47,47,328,165,165,27,5,5,18,18,327,188,22,7,7,9,9,15,15,50,50,50,50,50,50,50,50,50,50,50,50,50,50,50,50,50,50,50,50,50,50,50,50,50,50,50,50,50,50,50,50,50,50,50,50,50,50,50,50,173,13,13,213,80,198,251,66,66,10,10,1,1,1,259,21,21,59,59,48,48,65,65,65,65,65,65,65,65,65,65,65,65,321,203,201,84,308,322,85,252,35,30,45,45,361,16,16,174,326,181,172,17,17,70,191,176,2,2,2,43,43,74,19,19,71,217,207,40,40,78,202,91,168,53,8,8,52,183,183,86,75,60,60,32,67,67,92,199,317,313,209,42,42,76,254,214,26,68,68,77,307
0,0,0,1,1,1,1,0,1,1,1,0,1,1,1,0,0,0,1,1,0,1,0,1,1,0,0,0,0,1,0,1,0,1,1,1,0,1,1,0,1,0,0,1,1,1,1,1,0,1,0,1,0,0,1,1,1,0,0,0,0,1,1,0,1,1,0,1,0,1,1,1,0,0,1,1,1,1,1,1,0,0,0,1,0,0,1,0,1,0,1,1,0,0,0,0,0,0,0,0,0,1,1,1,0,1,1,0,0,1,0,0,0,0,1,0,1,1,0,1,0,1,0,1,1,1,0,0,0,0,0,0,1,1,1,1,0,1,0,1,0,1,0,0,1,0,0,0,1,0,1,1,1,1,0,1,1,0,1,0,1,0,0,0,0,0,0,0,1,1,0,1,1,0,1,1,0,0,0,0,1,1,1,0,0,1,1,0,0,1,0,0,0,1,0,0,1,1,0,1,0,1,0,1,1,0,1,1,1,1,1,1,0,1,0,1,0,1,0,0,0,1,0,0,1,1,1,1,0,0,1,1,1,1,0,1,0,1,0,0,0,1,0,1,0,0,0,0,1,1,0,1,1,1,1,1,1,0,0,1,0,1,1,1,0,0,1,1
18
241,4,350,6,286,189,88,82,60,73,11,148,63,272,50,50,50,50,50,50,50,50,50,50,50,50,50,50,50,50,50,50,50,50,50,50,50,50,50,50,50,50,50,50,50,50,50,50,33,76,79,163,265,157,34,66,89,268,81,16,152,324,159,61,273,281,318,64,67,264,263,29,72,24,23,348,279,20,274,351,164,320,12,14,151,58,57,83,185,36,25,182,182,277,31,80,69,30,261,261,27,161,5,284,188,18,7,9,267,186,15,28,266,13,90,329,282,366,278,349,10,160,1,149,21,59,3,285,145,262,84,56,85,35,154,269,65,270,153,271,183,17,70,191,156,2,146,287,74,19,71,78,62,91,181,68,352,41,41,41,283,8,86,75,158,32,155,92,22,162,260,260,280,276,87,275,26,147,77,150
0,0,1,1,1,1,0,0,0,0,0,1,0,1,1,1,1,0,0,0,0,1,1,1,1,0,0,0,1,0,1,1,1,0,0,1,1,0,1,1,1,0,0,1,0,0,0,0,1,0,0,0,0,0,0,0,1,0,0,1,1,0,0,0,0,1,0,0,0,0,1,1,0,1,1,1,0,1,0,1,0,1,1,1,1,0,1,1,1,1,1,0,1,0,1,0,0,0,1,1,1,0,0,0,0,0,0,1,0,0,1,1,0,0,1,1,0,1,0,1,1,0,0,1,0,0,1,1,0,0,0,1,0,1,0,0,0,0,0,1,0,0,0,1,0,1,1,0,0,0,1,0,0,1,0,0,0,1,0,0,0,1,0,0,1,1,0,0,1,0,1,1,0,0,1,0,1,0,1,0
19
241,4,128,128,49,189,151,57,377,350,73,73,124,124,156,54,79,163,265,265,175,175,157,179,179,34,89,268,268,346,315,16,152,159,61,273,273,248,64,358,38,263,263,162,326,24,23,148,20,271,271,166,320,1,325,185,391,36,25,387,186,51,69,30,171,171,240,392,158,396,385,31,50,50,50,50,50,50,50,50,50,50,50,50,50,50,50,50,50,50,50,50,50,50,50,50,50,50,50,50,50,50,50,50,50,50,50,50,50,50,50,50,50,50,50,50,50,50,50,50,50,50,50,50,50,50,50,50,50,50,50,50,50,50,192,266,266,13,245,375,349,80,397,382,59,48,256,256,172,172,43,262,262,84,322,187,19,269,269,174,174,270,270,183,58,176,176,2,131,131,287,287,74,365,71,71,40,400,62,303,181,168,168,379,327,52,75,60,155,92,18,317,145,280,280,383,76,275,275,246,26,150,37,6,123,123,177,177,88,130,130,55,244,121,121,11,63,272,272,46,378,304,33,380,247,87,190,173,173,286,286,8,82,386,250,324,281,281,318,305,264,264,389,29,72,72,348,279,279,399,78,44,283,283,12,169,169,302,316,39,83,184,182,182,182,277,277,180,67,393,47,328,165,14,27,5,284,284,188,22,7,9,381,267,267,15,28,319,90,10,282,282,261,261,66,329,160,91,122,122,149,21,3,285,285,398,321,125,125,35,395,45,170,170,153,274,274,17,129,129,70,70,191,323,390,146,154,249,56,164,278,278,68,41,41,41,41,41,41,41,41,41,41,41,41,41,41,41,53,178,178,243,86,81,384,32,376,161,65,65,65,65,127,127,126,126,394,260,260,260,388,276,276,42,147,77,85
1,0,0,1,1,0,0,1,1,1,0,1,0,1,0,1,0,0,0,1,0,1,0,0,1,0,0,0,1,1,1,0,1,0,1,0,0,0,1,1,1,0,1,0,1,1,0,1,0,0,1,1,0,0,0,0,1,0,0,0,0,1,1,0,0,1,1,0,0,0,0,0,0,1,0,1,1,0,1,0,1,1,0,1,1,1,0,0,0,0,0,0,0,0,1,0,1,1,0,0,1,0,0,0,1,0,0,0,0,0,1,1,0,0,1,0,1,1,1,1,1,0,1,1,1,1,1,1,1,1,0,0,1,1,1,0,1,0,1,0,0,0,0,0,0,1,0,1,0,1,1,0,1,0,1,1,0,0,1,0,1,0,1,1,1,0,1,0,0,1,0,1,0,1,0,1,1,1,0,1,0,0,0,0,1,1,0,1,0,0,0,1,0,0,1,0,0,0,1,1,0,0,1,0,0,1,0,1,0,1,1,1,1,0,1,0,1,0,1,1,0,1,0,1,1,0,1,0,0,0,1,0,0,1,1,1,0,1,1,1,0,1,1,0,0,1,0,0,1,1,0,1,0,1,1,0,0,1,1,1,0,0,0,0,1,0,1,0,1,1,1,1,1,1,0,0,0,1,1,0,0,0,0,0,1,1,1,1,0,0,0,1,0,1,1,1,0,0,0,0,1,0,0,0,0,0,0,0,1,0,0,1,0,1,0,0,1,0,0,1,0,0,1,1,1,0,0,1,1,0,0,0,1,0,1,1,1,1,1,1,1,1,1,0,0,1,0,1,1,0,1,0,0,0,0,0,0,0,0,0,1,1,0,1,0,1,1,0,0,1,0,0,1,0,0,0,0
20
371,4,212,49,151,236,377,171,73,98,156,76,79,163,175,157,34,257,89,386,152,159,61,169,174,114,64,380,38,38,56,162,24,23,379,20,166,86,385,258,57,36,25,396,31,51,216,30,54,221,392,158,387,50,50,50,50,50,50,50,50,50,50,50,50,50,50,50,50,50,50,50,50,50,50,50,50,50,50,50,13,213,237,233,375,80,397,382,59,48,65,65,65,65,65,256,172,84,110,85,235,102,154,16,220,183,58,112,115,176,2,43,43,74,71,400,40,40,5,383,219,117,168,97,8,52,75,60,227,391,92,18,109,111,145,209,223,214,26,104,150,37,37,6,232,234,22,177,88,55,101,11,148,63,46,378,222,33,393,116,103,87,91,94,82,67,381,389,401,29,72,399,78,44,44,53,12,118,368,211,39,39,83,62,370,180,155,119,47,165,27,224,231,7,9,15,28,173,108,90,93,96,66,10,160,1,149,21,3,105,367,35,45,153,181,17,70,95,390,146,107,19,373,218,207,398,100,164,68,41,41,41,41,41,41,41,41,41,99,178,81,384,32,376,106,161,14,394,388,395,42,42,147,77,372,113
1,0,1,1,0,1,0,0,0,0,0,0,0,0,1,0,0,1,0,0,1,0,0,0,0,0,1,0,0,0,0,0,1,0,1,0,0,0,1,1,0,0,0,1,1,0,1,0,0,0,1,1,0,1,0,0,0,0,0,1,1,1,0,1,0,0,0,0,0,1,0,0,1,0,0,0,0,0,0,0,0,1,1,0,0,0,0,0,0,0,0,1,0,1,0,0,1,0,1,1,1,1,0,0,0,0,1,0,0,0,0,0,0,0,1,1,0,0,0,0,1,0,0,0,0,1,0,0,0,0,0,0,1,0,0,0,1,1,0,0,0,0,1,1,0,0,1,0,0,0,1,0,1,0,0,0,0,0,0,0,0,0,0,0,0,0,0,0,0,0,0,1,0,0,0,0,0,0,0,1,0,0,0,1,1,0,0,0,0,0,0,1,0,0,0,1,1,0,1,0,0,0,0,1,0,0,1,0,1,1,0,0,0,0,0,0,0,0,0,0,0,0,1,0,1,0,0,0,0,0,0,1,1,1,1,0,0,0,0,0,0,1,0,1,1,0,0,1,0,0,1,0,0,0,1,0
21
371,4,134,128,212,49,49,208,236,226,171,73,194,98,156,54,54,227,163,175,149,179,34,257,89,346,152,159,61,169,174,114,64,38,38,56,162,24,23,148,20,166,166,204,86,151,258,57,230,36,25,248,31,51,51,69,216,138,30,121,121,221,79,223,50,50,50,50,50,50,50,50,50,50,50,50,50,50,50,50,50,50,50,50,50,50,50,50,50,50,13,213,237,233,80,59,48,48,65,65,65,256,172,84,110,85,235,102,19,16,220,58,112,115,155,176,2,131,43,43,74,71,40,40,225,224,100,117,168,97,8,52,52,354,75,60,87,202,92,18,109,111,145,209,353,76,214,26,104,157,150,37,6,232,234,22,177,88,55,55,210,101,11,63,46,46,126,222,33,130,116,103,369,91,94,140,82,243,195,96,93,29,3,124,78,44,44,53,53,12,118,158,368,211,39,39,83,62,370,363,180,67,119,142,47,47,165,165,27,5,231,7,9,154,15,28,173,108,90,401,183,66,10,160,1,215,125,21,72,105,122,367,35,45,45,170,153,181,17,129,70,136,95,146,107,200,373,218,207,219,164,123,147,41,41,41,41,41,41,41,41,41,41,41,41,41,41,99,178,139,81,141,32,137,106,161,14,127,197,228,42,42,68,77,372,113
1,0,1,0,1,0,0,1,1,1,0,1,1,0,1,1,1,1,1,1,1,0,0,1,0,1,1,1,0,0,0,0,1,0,0,0,1,1,0,1,0,0,0,1,0,1,1,1,1,0,0,1,0,0,1,0,1,1,1,1,1,1,0,1,0,0,1,1,1,0,0,0,1,0,1,1,1,1,1,1,1,1,1,0,1,0,0,0,0,0,0,1,1,1,1,0,0,0,1,1,0,0,0,0,0,1,1,0,0,1,0,0,0,0,1,0,0,0,0,0,0,1,0,1,1,1,0,0,0,0,0,0,1,0,0,0,1,1,0,0,1,0,1,1,0,0,1,1,0,1,1,0,1,1,1,1,0,0,0,1,1,0,1,0,0,1,0,1,1,0,0,0,1,0,0,1,0,1,1,0,0,0,1,1,0,0,1,0,0,0,0,1,0,1,0,0,0,0,1,1,0,0,0,0,0,1,0,1,1,0,0,0,0,1,1,1,0,0,1,0,0,0,0,0,0,1,0,1,0,0,1,0,1,1,1,0,0,0,0,0,1,1,0,1,0,1,1,1,1,1,1,0,1,0,0,1,0,0,1,1,1,1,1,0,0,1,1,0,0,1,0,1,1,1,1,0,0,0,0,1,1,1,0,1,1,0
22
4,179,6,177,88,57,171,101,11,63,172,41,41,41,41,41,41,41,41,41,41,41,41,41,41,41,41,41,41,41,41,41,41,41,50,50,50,50,50,50,50,50,50,50,50,50,50,50,50,50,50,50,50,50,50,50,50,50,50,50,50,50,50,50,50,50,50,50,50,50,50,50,50,50,50,50,50,50,50,50,50,50,50,50,50,50,50,50,50,50,50,50,50,50,50,50,50,50,50,50,50,50,50,50,50,50,50,50,50,50,50,50,33,76,116,97,75,103,79,163,91,175,157,94,34,89,82,152,159,61,169,114,64,67,96,56,108,72,24,23,148,20,78,164,183,12,14,118,151,58,29,98,83,36,25,70,180,31,80,119,30,27,161,5,73,158,18,7,9,15,28,173,13,90,93,176,69,66,10,160,1,149,21,59,3,105,84,110,85,107,35,102,170,154,16,174,153,181,17,178,112,115,156,95,2,146,74,19,71,256,100,62,150,117,68,168,99,8,86,81,60,32,155,106,92,22,162,109,111,145,87,367,26,147,77,104,113
0,0,0,0,0,0,0,0,1,0,0,0,1,1,1,1,0,1,1,1,1,1,1,1,1,1,0,1,0,0,0,0,0,0,0,0,0,0,0,0,0,1,0,0,0,0,0,0,0,0,0,0,0,1,0,0,0,0,0,0,0,0,1,0,0,0,0,0,0,0,0,0,1,1,0,0,1,1,0,1,1,1,0,0,1,1,1,0,1,1,1,0,0,0,0,0,0,0,0,0,0,0,0,0,0,0,0,0,0,0,0,0,0,0,0,0,0,0,0,0,0,0,0,0,0,0,0,0,0,0,0,0,0,0,0,0,0,0,0,0,0,0,0,0,0,0,0,0,0,0,0,0,0,0,0,0,0,0,0,0,0,0,0,0,0,0,0,0,0,0,0,0,0,0,0,0,0,0,0,0,0,0,0,0,0,0,0,0,0,0,0,0,0,0,0,0,0,0,0,0,0,0,0,0,0,0,0,0,0,0,0,0,0,0,0,0,0,0,0,0,0,0,0,0,0,0,0,0,0,0,0,0,0,0,0,0,0
23
381,126,389,390,377,50,50,50,50,50,50,50,50,50,50,50,50,50,50,50,50,124,379,399,400,130,391,383,121,375,123,397,41,41,41,41,122,125,382,378,131,393,398,128,129,376,135,396,127,140,394,380,388,395,386,385,392,384,387
1,1,1,1,1,1,1,1,0,1,1,1,1,1,1,1,1,1,1,1,1,0,1,1,1,1,1,1,1,1,1,0,1,0,1,1,1,1,0,1,1,0,1,1,0,1,1,1,1,1,1,1,1,1,1,1,1,0,0
24
371,4,128,212,49,208,236,226,73,98,156,54,79,163,175,157,179,34,89,229,159,61,169,174,114,64,38,38,56,162,24,23,148,20,166,86,151,258,57,36,25,31,51,69,216,30,121,158,223,50,50,50,50,50,50,50,50,50,50,50,50,50,50,50,50,50,50,50,50,13,213,237,80,59,48,256,172,84,110,85,102,154,16,220,58,112,115,176,2,131,43,74,71,217,116,40,40,224,100,117,221,168,225,8,52,75,60,369,155,92,18,109,111,209,76,214,26,104,150,37,37,6,232,234,22,177,88,101,11,63,46,126,222,33,82,129,97,103,87,91,94,130,152,96,93,29,72,78,44,53,12,14,118,368,211,39,39,83,62,370,180,67,119,47,165,27,5,231,7,9,15,28,173,108,90,401,215,66,10,160,1,259,122,149,21,3,105,367,35,45,124,153,181,17,125,70,95,146,107,19,373,218,207,219,164,123,68,41,41,41,41,41,41,41,41,41,41,41,41,99,178,81,32,106,161,65,65,65,65,65,65,127,228,42,147,77,372,113
1,0,1,1,0,1,1,0,1,0,0,0,0,0,1,0,0,0,0,1,0,1,0,0,1,1,0,1,1,0,1,0,1,1,0,0,1,1,1,0,1,1,0,1,1,0,1,0,1,0,1,1,1,0,1,1,1,1,1,1,1,1,0,0,0,0,0,0,0,1,1,1,0,0,0,1,1,0,1,0,0,0,1,0,1,0,0,0,0,0,1,0,0,1,1,0,0,1,0,0,1,0,1,0,1,0,1,1,0,0,0,0,0,0,0,0,1,0,1,0,0,1,1,1,1,0,0,0,1,1,0,1,1,0,0,0,0,0,0,0,0,1,1,0,0,0,0,0,0,0,1,1,0,1,0,0,0,0,0,1,0,1,0,0,0,0,0,1,1,1,1,0,0,0,0,1,1,0,0,1,0,1,0,1,1,0,0,0,1,1,1,0,0,1,0,0,0,1,1,1,1,0,1,1,0,0,0,0,0,0,1,1,1,0,1,1,0,0,0,0,0,0,0,0,1,0,0,0,1,0,1,0,0,0,0,0,1,0
25
178,4,6,50,50,50,50,50,50,50,50,50,50,50,50,50,50,50,50,50,50,50,50,50,50,50,50,50,50,50,50,50,50,50,50,50,50,50,50,50,50,50,50,50,50,50,50,50,50,50,50,387,173,168,34,177,389,377,171,121,11,10,397,1,382,172,21,378,28,33,393,398,122,396,175,179,35,395,390,170,380,13,16,174,169,17,15,180,375,176,2,29,3,24,23,19,379,20,399,400,12,5,383,41,41,41,41,41,41,8,25,386,391,36,32,376,22,31,394,388,30,381,385,27,26,18,392,384,14,7,9
0,0,1,1,1,1,0,0,0,0,0,1,1,0,0,0,1,0,0,1,1,1,1,1,1,0,0,1,1,0,0,0,1,1,0,0,0,0,1,1,1,0,1,1,1,1,1,1,1,1,1,0,0,0,0,0,1,1,0,1,1,0,0,0,0,1,1,0,1,0,0,0,1,0,1,0,0,1,1,0,1,0,0,0,1,0,1,1,1,0,0,0,0,1,1,0,1,0,0,1,1,1,0,1,0,1,1,0,1,1,0,1,0,1,0,1,1,0,1,1,1,0,1,0,1,0,1,1,1,0,1
26
371,4,212,49,208,236,226,171,73,254,211,156,76,79,175,157,179,34,89,346,152,19,159,61,169,248,114,114,64,38,56,162,24,23,148,20,166,204,1,151,258,57,249,95,95,55,36,25,31,51,69,30,303,54,240,221,221,60,50,50,50,50,50,50,50,50,50,50,50,50,50,50,50,50,50,50,50,50,50,50,50,50,50,50,50,50,50,50,50,50,13,213,237,245,80,59,48,65,65,65,65,65,256,46,206,84,110,110,85,252,306,102,102,163,53,16,220,58,112,112,115,115,176,2,43,74,361,71,40,62,150,117,117,168,97,97,8,52,75,158,87,155,92,22,109,109,111,111,145,209,26,104,104,37,6,232,234,196,177,88,251,244,101,101,11,63,202,172,222,33,116,116,103,103,369,94,94,82,200,318,96,96,91,3,167,351,164,247,12,241,118,118,302,29,98,98,39,83,184,180,67,119,119,47,328,165,27,5,188,231,7,9,15,28,173,90,93,93,183,305,66,10,160,108,108,149,21,72,313,105,105,367,35,45,174,153,181,17,70,191,323,146,107,107,154,207,120,100,100,78,44,68,41,41,41,41,41,41,41,41,41,41,41,41,41,41,41,41,41,41,41,41,41,41,41,41,41,99,99,178,243,86,81,32,106,106,161,14,228,228,42,18,147,77,372,113,113
1,1,0,0,1,1,1,0,1,1,1,0,1,1,1,1,1,0,0,0,1,1,0,1,0,1,1,1,1,1,1,0,1,1,1,1,0,1,0,0,1,1,1,1,0,1,1,1,1,1,1,1,1,1,0,1,0,0,0,1,1,1,1,1,1,1,0,0,1,1,1,1,1,0,1,1,1,1,1,0,0,0,0,1,0,1,0,1,1,0,1,1,1,0,1,0,1,1,0,0,1,1,1,1,1,1,1,1,1,1,1,0,1,0,0,0,1,1,0,1,1,0,0,0,1,1,1,1,0,1,0,1,1,0,0,1,1,1,1,1,0,0,1,1,1,1,0,1,0,1,1,1,0,1,1,1,1,0,0,0,1,1,1,1,1,1,1,1,1,1,1,1,1,1,1,1,1,1,1,0,0,0,1,1,0,1,1,1,1,1,1,0,1,0,1,1,1,0,1,1,1,0,1,1,1,1,1,1,1,1,1,1,1,1,0,1,1,1,1,1,0,1,0,0,0,1,1,0,1,0,1,1,1,1,0,0,1,0,1,1,1,1,1,1,0,1,1,1,1,1,1,0,0,1,0,0,1,1,0,1,0,1,0,0,0,1,1,1,0,0,1,1,1,0,1,1,1,1,1,1,1,0,0,1,1,1,0,1,1,1,1,1,0,1,1,1,0
27
50,50,4,6,28,128,13,34,80,88,82,377,73,375,10,1,382,122,125,21,378,72,33,76,129,77,79,84,91,85,74,35,89,380,81,16,126,90,17,15,70,71,381,2,29,3,24,23,19,379,20,181,78,12,5,124,123,41,41,41,8,83,25,86,75,36,32,376,130,92,22,31,127,30,87,27,121,26,18,131,9,14,7,11
0,0,0,0,0,1,0,0,0,0,0,1,0,1,1,0,0,0,1,0,0,0,0,0,0,0,0,0,0,0,0,0,0,1,0,0,0,0,0,0,0,0,1,0,1,0,0,0,0,0,0,0,0,0,0,0,0,1,1,0,1,0,0,0,0,0,0,1,0,0,0,1,0,1,1,0,1,0,0,0,0,0,0,0
28
267,179,50,50,50,50,50,50,50,50,50,50,50,50,50,50,266,90,90,177,177,87,87,282,88,88,82,82,171,171,210,278,73,73,80,80,272,170,170,170,41,285,76,76,256,256,172,172,274,262,84,84,265,175,175,85,85,173,173,286,89,89,268,81,81,269,174,174,270,271,273,281,70,70,264,176,176,263,91,91,72,72,287,74,74,213,279,71,71,181,181,207,78,78,283,86,86,169,169,169,212,208,258,168,168,168,211,178,178,83,83,75,75,79,79,182,277,92,92,180,180,260,280,276,261,275,284,77,77
0,0,1,0,1,1,0,0,0,0,0,0,0,0,0,0,0,0,0,0,0,0,0,0,0,0,0,0,0,0,0,0,0,0,0,0,0,0,1,0,0,0,0,0,1,1,0,1,0,1,0,0,0,1,1,1,0,0,0,0,0,1,0,0,0,0,0,0,0,0,0,0,0,0,0,0,0,1,0,0,0,0,0,0,0,0,1,0,0,0,0,0,0,0,0,0,0,0,0,0,0,0,0,0,0,0,0,0,0,0,0,0,0,0,0,0,0,0,0,0,1,0,0,1,1,0,0,1,0
29
128,134,4,212,49,189,208,57,57,171,73,170,310,156,54,194,79,265,332,157,179,196,89,268,346,16,152,19,296,138,273,248,185,64,64,319,38,263,324,24,23,148,20,271,166,326,320,86,362,325,151,17,258,25,301,36,249,205,31,51,69,60,60,312,334,30,303,240,159,11,186,304,266,13,245,80,289,48,256,172,206,287,262,84,322,85,252,163,269,174,270,357,75,183,183,58,58,333,176,2,131,43,74,71,217,133,40,5,290,181,168,8,354,242,158,292,155,92,18,145,280,209,76,275,175,26,150,37,6,22,177,327,267,88,55,298,121,294,63,63,15,272,46,126,50,50,50,50,50,50,50,50,50,50,50,50,50,50,50,50,50,50,50,50,50,50,50,50,50,50,50,50,50,50,50,50,50,50,50,50,50,50,50,50,50,50,50,50,50,50,50,50,50,50,50,33,130,129,87,358,190,3,286,359,82,200,139,350,281,318,255,195,264,91,340,279,61,61,78,44,247,12,302,345,29,211,316,39,83,32,184,182,277,180,67,67,142,47,278,27,62,62,284,188,34,14,7,9,355,288,10,28,173,291,90,238,336,282,331,366,293,305,162,160,1,337,122,261,21,72,285,313,295,321,201,56,56,149,35,45,124,342,59,59,153,274,360,125,314,70,146,154,207,351,283,164,123,68,68,352,41,41,41,41,41,41,41,41,41,41,41,41,41,41,41,41,41,53,178,243,81,141,339,161,65,65,65,65,65,65,65,65,65,65,65,65,165,127,260,276,42,147,77,244
0,0,0,1,0,1,0,1,1,0,0,1,0,0,0,1,0,0,1,1,1,0,0,0,1,1,1,0,0,1,0,1,0,1,1,1,0,1,0,1,1,0,0,0,1,1,0,1,1,1,0,0,1,0,1,1,0,1,0,1,0,0,1,1,0,1,1,0,0,1,1,1,0,1,0,0,1,0,1,1,0,0,0,1,1,1,0,0,1,0,0,1,0,0,1,0,0,1,1,0,0,1,1,1,0,0,0,0,0,0,0,0,1,1,0,0,0,0,0,0,0,1,1,1,1,1,0,1,1,1,0,1,0,0,0,1,1,1,0,1,0,1,1,1,0,0,0,1,1,1,1,0,0,1,0,1,1,1,1,0,1,0,0,1,0,0,1,0,0,1,0,1,1,1,1,0,1,0,0,0,0,1,1,1,1,1,1,1,1,0,1,1,0,1,1,0,0,1,1,1,0,0,1,1,0,1,1,1,1,0,0,0,0,0,0,0,1,1,0,1,1,1,1,1,1,0,0,0,1,0,0,0,0,1,1,1,1,1,0,0,1,1,0,0,1,0,0,1,0,1,0,1,0,1,1,1,1,0,1,0,0,1,0,0,0,1,0,1,0,0,1,0,1,1,1,1,1,0,1,1,1,1,0,0,0,0,1,1,1,0,1,0,0,1,1,0,0,0,1,0,1,1,0,1,1,1,0,1,0,0,1,0,0,1,1,1,1,1,1,0,0,1,1,0,0,0,1,0,0,1,1,0,1,0,0,1,0,0,1,0,0,1,1,0
30
177,88,82,73,63,272,172,41,41,41,41,41,41,41,41,41,41,156,76,87,265,175,157,179,286,89,268,152,159,61,273,281,64,279,264,263,91,72,148,271,78,164,283,86,169,151,58,57,83,182,277,180,67,69,261,161,62,284,158,267,50,50,50,50,50,50,50,50,50,50,50,50,50,50,50,50,50,50,50,50,50,50,50,50,50,50,50,50,50,50,50,50,50,50,50,50,50,50,50,50,50,50,50,50,50,50,50,50,50,266,90,146,282,278,173,66,80,160,149,59,285,260,256,262,84,85,170,163,269,174,270,153,274,183,75,70,176,287,74,154,71,56,181,68,168,178,81,60,79,155,92,65,162,145,280,276,275,147,77,150
0,0,0,0,0,0,1,0,0,0,1,1,1,1,1,0,0,0,0,0,0,1,0,0,0,0,0,1,0,1,0,1,0,0,0,0,0,0,0,0,0,0,0,0,0,1,0,1,1,0,0,0,0,0,1,0,0,0,0,0,0,0,0,0,0,0,1,1,1,0,1,1,0,1,0,1,0,1,1,0,0,0,0,0,0,0,0,0,1,0,0,1,0,0,0,0,0,0,0,0,0,0,0,1,0,0,0,0,0,0,0,1,0,0,0,0,0,0,0,0,0,0,0,0,0,1,1,0,1,0,0,0,0,0,0,0,0,0,0,0,0,1,0,0,0,1,0,0,0,0,0,0,0,0,0,0,0,0,0,0
31
128,91,50,50,50,50,50,50,50,50,50,50,50,50,50,50,50,50,50,50,50,50,74,90,71,78,88,130,86,124,73,123,80,41,41,122,125,83,72,76,75,87,79,84,92,85,89,82,81,129,126,181,121,131,77,70
0,0,0,1,1,0,0,0,0,0,0,0,0,0,0,0,0,0,0,0,0,0,0,0,0,0,0,0,0,0,0,0,0,0,0,0,0,0,0,0,0,0,0,0,0,0,0,0,0,0,0,0,0,0,0,0
32
91,72,74,90,71,78,88,86,73,80,83,76,75,87,79,84,92,85,89,82,81,181,77,70
0,0,0,0,0,0,0,0,0,0,0,0,0,0,0,0,0,0,0,0,0,0,0,0
33
371,4,134,134,128,49,151,236,171,73,194,310,156,54,79,175,157,179,196,89,152,19,159,61,169,248,114,64,38,56,162,24,23,148,148,20,166,204,1,325,253,57,135,36,25,31,51,69,138,138,30,121,121,158,50,50,50,50,50,50,50,50,50,50,50,50,50,50,50,50,50,50,50,50,50,50,50,50,50,50,50,50,50,13,80,59,48,65,65,65,65,65,65,256,172,203,84,110,187,102,163,364,16,174,108,183,58,112,115,176,2,131,131,43,74,71,71,133,40,304,62,150,117,168,97,8,52,75,60,155,92,18,109,111,145,145,76,26,104,37,6,34,177,88,55,244,101,11,63,46,126,126,222,33,130,130,116,99,103,87,94,140,140,82,324,318,96,91,3,167,124,124,78,44,53,12,241,118,302,98,39,83,329,184,180,67,119,142,142,47,239,27,5,188,22,7,9,15,28,173,198,90,93,374,66,10,160,29,122,122,149,149,21,72,313,105,347,125,125,35,45,170,342,153,181,17,129,129,70,70,95,146,146,107,154,144,120,100,164,123,123,68,41,41,41,41,41,41,41,41,41,41,41,41,41,41,41,41,41,41,247,178,139,86,81,141,141,32,137,137,106,161,14,127,127,197,42,147,147,77,85,113
1,1,1,1,1,1,1,1,1,0,1,1,1,1,0,1,1,1,1,0,1,1,0,1,1,1,1,1,0,1,1,1,1,1,1,0,1,1,0,1,1,1,0,1,1,1,0,1,0,1,0,1,1,0,0,0,1,0,1,1,1,1,1,0,1,0,0,0,0,0,1,0,0,0,0,0,0,1,1,1,1,0,1,1,0,1,1,1,0,1,1,0,1,1,1,1,0,1,1,1,1,0,1,1,1,1,0,1,1,1,0,0,0,0,0,0,0,1,0,1,1,0,1,1,0,1,1,0,1,1,0,0,1,1,0,1,0,1,0,1,1,1,1,0,1,0,1,1,0,1,0,0,1,1,0,0,1,1,1,0,1,0,1,0,1,1,1,0,1,0,0,1,0,0,0,1,1,0,1,1,1,0,1,1,1,1,1,0,1,1,1,1,1,1,1,1,0,1,1,1,1,0,1,1,1,1,1,1,1,0,1,1,1,0,1,1,1,1,1,1,1,1,1,1,0,0,0,0,1,0,1,1,1,1,0,0,0,1,1,0,0,1,0,1,0,1,1,1,1,1,1,1,1,1,1,0,1,1,1,1,1,1,1,0,0,1,0,1,0,1,1,0,1,0,0,1,0,0,0,0,0,1
34
4,6,212,177,208,82,171,73,11,148,286,63,63,272,172,41,41,41,41,41,41,41,41,41,28,33,76,61,61,79,163,265,175,157,179,34,257,89,268,81,16,152,159,90,169,58,58,281,64,64,67,264,263,29,3,24,23,279,20,271,78,164,283,12,273,88,360,258,211,57,57,83,36,25,182,182,277,151,180,31,69,216,30,278,14,27,161,5,18,284,87,266,22,7,9,267,154,15,50,50,50,50,50,50,50,50,50,50,50,50,50,50,50,50,50,50,50,50,50,50,50,50,50,50,50,50,50,50,173,13,213,80,282,403,261,261,66,66,10,160,1,259,149,21,59,59,72,285,145,256,60,60,262,262,402,56,56,85,35,170,19,269,174,270,153,274,183,17,162,70,156,176,2,146,287,74,361,71,217,207,62,62,91,181,68,168,178,86,75,158,32,155,92,65,65,84,215,260,260,280,276,209,275,214,26,147,77,150
0,1,0,0,0,0,0,0,1,0,0,0,1,0,1,0,0,1,1,1,1,0,1,0,1,0,0,0,1,0,0,0,1,0,0,1,0,0,0,0,0,1,0,0,0,0,1,0,1,1,0,0,1,1,0,1,0,0,1,0,0,0,0,1,1,0,1,0,0,0,1,0,0,0,0,0,0,1,0,0,0,0,1,0,1,1,0,1,0,0,1,0,1,0,0,0,0,0,0,0,0,0,0,0,0,1,0,0,0,1,1,1,1,1,0,0,0,0,0,0,0,0,0,0,1,0,0,0,0,0,0,0,0,1,1,1,1,1,1,0,0,1,0,1,0,0,0,0,0,0,0,0,0,1,1,1,1,1,0,0,0,0,0,0,0,1,0,0,0,0,0,0,0,1,0,0,1,0,1,0,0,0,0,0,0,0,0,0,0,0,1,0,0,1,0,0,0,0,1,0,0,0,1,0,0,0,0,0
35
371,4,134,128,212,49,189,208,236,226,73,58,139,254,194,98,310,156,54,227,163,175,157,179,196,247,257,89,346,315,87,152,159,61,169,174,114,64,319,38,56,162,153,24,23,148,20,166,204,320,86,362,325,311,151,17,258,57,239,249,230,36,25,66,31,51,69,312,216,138,30,303,121,374,221,158,223,186,50,50,50,50,50,50,50,50,50,50,50,50,50,50,50,50,50,50,50,50,50,50,50,50,50,50,50,50,50,50,50,50,50,50,50,50,50,50,50,50,50,50,50,50,50,50,50,50,50,50,50,50,50,50,50,50,50,50,50,50,50,50,50,50,50,50,50,50,50,50,50,50,50,50,50,50,50,50,50,50,50,50,50,50,50,50,50,50,50,50,50,13,213,323,233,403,245,80,59,48,65,65,65,65,65,65,65,65,256,172,206,402,308,110,187,235,306,102,19,364,16,220,183,359,112,115,176,2,248,43,74,365,71,217,133,40,225,304,224,100,117,168,97,8,52,354,75,60,79,155,92,18,109,111,231,313,209,353,76,214,26,131,104,307,150,37,6,232,234,34,177,88,130,55,210,244,101,11,352,63,242,46,126,222,33,154,116,252,237,103,369,91,94,140,82,250,324,90,318,255,195,96,401,29,3,348,124,129,351,44,53,12,241,118,302,345,368,211,39,83,62,253,363,330,180,67,119,142,47,328,165,27,5,327,188,22,7,9,15,28,173,108,317,238,93,198,366,305,136,10,160,1,228,149,21,72,145,105,122,347,201,125,35,45,170,342,326,181,360,314,70,191,95,146,107,200,199,218,246,207,120,219,78,164,123,68,203,41,41,41,41,41,41,41,41,41,41,41,41,41,41,41,41,41,41,41,41,41,41,41,41,41,41,41,99,143,178,243,81,141,32,137,106,161,14,84,127,197,215,42,147,77,85,113
1,0,0,0,1,0,1,0,1,1,0,0,0,1,0,0,0,0,1,1,0,1,0,0,0,1,0,1,1,1,0,1,0,1,0,0,0,1,0,0,1,0,0,1,0,0,0,1,1,1,0,1,1,0,1,0,1,1,1,1,1,0,0,1,1,0,0,1,1,0,1,1,1,1,1,0,1,0,1,0,0,0,1,0,1,1,0,0,0,1,0,0,1,1,0,1,1,0,1,1,0,0,1,0,0,0,0,0,0,0,1,0,1,0,0,0,1,1,1,0,0,1,0,0,0,0,0,1,1,0,1,0,1,0,0,0,1,1,1,1,1,1,0,0,0,0,0,1,1,1,1,1,1,0,0,1,0,1,0,1,0,1,1,1,1,0,0,0,1,1,1,1,0,0,1,0,0,0,0,1,0,1,0,0,1,0,0,0,0,0,1,0,1,1,1,0,0,0,0,0,0,1,0,0,0,1,1,0,0,0,0,0,1,0,0,0,1,0,1,0,0,1,0,0,0,0,0,0,0,0,1,1,1,0,0,1,0,1,0,0,0,1,0,0,0,1,1,0,0,0,0,0,1,0,0,0,0,0,1,0,0,1,1,0,0,1,0,1,1,1,0,1,0,1,0,1,0,1,0,0,1,0,0,1,1,0,0,0,0,1,0,0,1,1,1,0,0,0,0,1,1,1,0,1,0,0,0,0,0,0,1,0,0,1,0,0,1,0,0,0,0,0,0,1,1,0,0,1,0,0,1,0,1,0,1,0,0,1,0,0,0,1,0,1,0,0,0,1,0,1,0,1,0,1,0,1,1,0,0,1,1,0,0,0,0,0,0,1,0,0,0,1,0,1,1,1,1,1,1,0,0,0,0,1,0,0,0,1,1,0,1,1,0,0,0,1,0,0,1,0,1,0,0,0,0,0,0,0,0,0,0,0
