1
2,2,2,2,2,2,2,2,2,2,2,2,2,2,25,11,11,11,11,11,11,11,11,11,11,11,11,11,11,11,11,7,7,7,31,31,31,31,31,43,43,43,43,51,33,33,24,24,24,24,32,32,32,78,20,20,20,20,20,20,20,12,12,12,12,52,52,74,74,75,76,17,17,17,17,16,16,16,16,16,16,69,69,3,49,49,49,49,71,21,21,21,21,21,21,21,19,19,19,19,19,19,19,6,6,6,4,4,4,4,4,4,4,4,4,4,4,4,4,4,4,4,4,4,38,77,77,50,1,1,1,1,1,1,1,1,1,1,1,1,1,1,1,1,1,1,1,1,1,1,1,1,1,1,1,1,1,1,1,1,1,1,1,1,1,54,14,14,14,13,13,13,13,70,70,73,73,22,22,22,22,22,22,22,22,22,22,22,22,22,22,22,22,72,72,37,68,68,68
0,0,0,0,0,0,1,1,0,0,0,0,0,0,0,1,0,0,1,1,1,0,0,1,1,1,1,1,1,1,1,1,1,1,0,1,1,1,1,1,0,1,1,1,1,1,1,1,1,0,0,1,1,1,1,1,0,0,0,1,1,0,1,1,0,1,1,0,1,1,0,1,0,1,0,0,1,1,1,1,1,0,1,1,0,1,0,1,1,1,1,1,1,1,0,0,1,0,1,1,1,1,0,0,1,1,1,0,1,1,1,1,1,1,1,0,1,1,1,1,1,1,1,1,1,0,1,1,0,1,0,0,0,1,0,0,1,0,0,1,0,1,1,1,1,1,1,1,1,0,1,1,1,1,0,1,1,1,0,0,0,1,0,0,1,1,1,1,1,1,1,1,1,0,1,1,0,1,1,1,0,1,1,1,1,1,1,1,1,0,0,1,0,1,1,1,1,1,1
2
2,2,11,11,11,36,36,51,33,24,24,32,55,35,35,35,35,20,20,20,12,12,40,16,16,16,16,16,16,79,17,17,17,17,17,64,47,47,49,49,21,21,21,21,21,21,21,21,21,21,21,21,21,19,19,19,19,19,19,19,19,19,19,19,19,59,4,4,4,4,4,4,4,4,4,4,4,4,4,4,4,4,4,38,38,1,1,1,1,1,1,1,1,1,1,1,1,1,1,1,1,1,1,1,1,13,13,13,13,13,53,53,53,53,53,22,22,22,68,58
0,0,0,1,1,1,1,1,1,1,1,1,1,0,1,1,1,1,1,1,1,0,1,0,1,1,1,1,1,1,1,0,0,0,0,1,1,1,1,0,0,1,1,0,1,1,1,1,1,1,1,1,0,0,1,1,1,0,1,1,1,0,0,0,1,1,1,1,1,1,1,1,1,1,1,1,1,1,1,1,1,1,1,1,1,1,1,1,1,1,1,1,1,0,1,1,0,0,1,0,1,1,1,1,1,1,1,1,1,1,1,1,1,0,0,1,1,1,1,1
3
2,2,2,25,11,11,11,11,11,11,80,43,43,24,24,32,32,78,35,20,20,20,30,12,12,12,52,40,40,55,36,17,17,17,17,17,16,16,16,16,16,69,21,21,21,21,21,7,6,6,4,4,4,4,4,4,4,4,4,31,31,31,31,1,1,1,1,1,1,1,1,1,1,1,1,1,1,1,1,1,1,1,1,1,1,1,1,1,1,1,1,1,1,1,1,1,1,1,1,1,14,13,13,13,13,13,13,13,13,53,53,22,22,22,22,22,19,19,5,5,68,68,68,68,68,68,68,58,81
1,1,1,1,1,1,1,1,1,0,1,1,0,1,1,0,1,1,1,1,1,1,1,0,0,0,1,1,1,0,0,0,0,0,0,0,1,1,1,1,1,1,1,1,1,0,0,0,1,0,1,1,1,1,1,1,1,1,1,1,1,1,1,1,1,0,1,1,0,1,1,0,0,0,0,0,1,1,0,0,1,0,1,1,0,0,0,1,0,0,0,0,0,1,0,0,1,1,1,1,0,1,1,1,1,1,1,1,1,1,1,1,0,0,1,0,0,0,1,1,1,1,1,1,1,1,1,0,0
4
25,25,25,25,11,11,11,11,11,11,11,36,18,51,51,61,24,32,35,35,35,35,20,20,20,12,12,12,26,52,40,40,40,40,40,40,64,64,64,17,17,17,17,16,16,16,16,16,47,21,21,21,21,21,21,21,21,21,21,21,21,21,19,19,19,19,19,19,19,19,19,19,19,19,19,6,42,4,4,4,4,4,4,4,4,4,4,4,4,4,4,4,4,4,23,31,31,1,1,1,1,1,1,1,1,1,1,1,1,1,1,1,1,1,1,1,1,1,1,1,1,1,1,1,1,1,1,1,1,1,1,1,1,1,1,1,1,54,14,13,13,13,13,13,13,13,13,13,13,13,13,13,13,13,53,53,53,53,34,22,22,22,22,22,22,22,44,5,5,5,5,68,68,68,68,68,68,68,68,68,58
1,1,1,1,1,0,0,1,1,0,1,1,0,0,0,1,1,1,1,1,1,0,0,1,1,1,1,0,1,1,1,1,1,1,1,1,1,0,1,0,0,0,0,1,1,1,0,0,1,0,0,1,1,1,1,1,1,1,1,1,1,1,0,1,1,1,1,1,1,1,1,1,1,1,0,0,1,1,1,1,1,1,1,1,1,1,1,1,1,1,1,1,1,1,1,0,1,1,1,1,1,0,1,1,0,1,0,1,1,0,1,1,1,1,0,0,1,1,1,1,1,1,1,1,1,1,1,1,1,1,0,0,1,0,1,1,0,1,0,1,1,1,1,1,1,1,1,1,1,1,1,1,1,1,0,1,1,1,1,1,1,1,1,1,1,1,1,1,1,1,1,1,1,1,1,1,1,1,1,1,0
5
2,2,2,25,36,36,51,51,51,32,32,12,12,12,52,15,87,17,17,17,17,17,17,17,17,17,17,64,64,64,64,69,47,47,49,43,42,16,16,16,16,16,16,38,1,1,1,1,1,1,1,1,1,1,1,1,1,1,1,1,1,1,1,1,1,1,1,1,1,1,1,1,1,1,1,1,1,1,1,53,53,53,83,22,22,22,22,22,22,22,22,22,22,22,72,5,5,5,68,68,68,68,58,88,82,11,11,11,11,11,11,11,7,89,24,24,55,20,20,20,20,20,13,13,13,13,13,13,13,13,13,13,40,40,44,4,4,4,4,4,4,4,4,3,21,21,21,21,21,21,19,19,19,19,19,19,19,86,6,6,35,35,35,35,35,85,54,54,14,14,56,84,31,31,30,30
0,0,0,1,1,1,1,1,1,0,1,0,0,1,1,0,0,0,0,0,0,0,0,0,0,1,1,1,1,1,1,1,1,1,1,0,1,0,1,1,1,1,1,0,0,1,1,1,1,0,1,0,0,1,0,0,1,0,0,1,1,1,0,0,0,1,1,1,1,1,1,1,1,1,1,1,1,1,1,0,1,1,0,1,0,1,1,1,1,0,1,1,1,0,0,1,1,1,1,1,1,0,1,1,1,1,0,1,1,1,1,1,1,1,1,1,1,1,1,1,0,1,1,1,1,1,1,1,1,1,1,1,1,1,1,1,1,1,1,1,1,1,1,1,1,1,0,0,0,0,0,0,0,1,1,1,1,1,0,1,1,1,1,1,1,1,0,1,1,1,1,1,0,1,0,1
6
2,2,25,25,25,25,25,11,11,11,11,11,11,11,11,11,11,11,11,11,55,55,55,80,46,46,91,51,32,32,24,90,33,33,78,35,35,35,20,20,20,20,20,20,20,20,65,13,13,13,13,13,13,13,52,40,40,40,36,16,16,16,16,16,16,17,17,17,64,64,47,47,21,21,21,21,19,19,19,19,6,4,4,4,4,4,4,4,4,4,4,4,4,4,4,4,4,38,31,31,31,1,1,1,1,1,1,1,1,1,1,1,1,1,1,1,1,1,1,1,1,1,1,1,1,1,1,1,1,1,1,1,1,1,1,1,1,1,1,1,14,12,12,12,12,53,53,53,53,53,53,93,93,39,22,22,22,22,22,22,22,22,22,22,22,94,7,7,92,5,68,30,30,30,30
0,1,1,1,1,1,1,0,1,1,1,1,1,1,1,1,1,1,1,1,1,1,1,1,1,1,1,1,1,1,1,1,1,1,1,1,1,1,1,0,1,1,1,1,1,1,0,1,1,1,1,1,1,1,1,1,1,1,1,1,1,1,1,1,1,0,0,0,0,1,1,1,1,1,1,1,1,1,1,1,1,1,1,1,1,1,1,1,1,1,1,1,1,1,1,1,1,1,1,1,1,1,1,0,1,1,1,1,1,1,1,1,1,1,1,1,1,1,1,1,1,1,1,1,1,1,1,1,1,1,1,1,1,1,1,1,1,1,1,1,0,0,1,1,1,1,1,1,1,1,1,1,1,1,1,1,1,1,1,1,1,1,1,1,1,1,1,1,1,1,1,1,0,1,1
7
2,2,2,2,2,2,25,25,25,11,11,7,6,6,32,95,60,27,78,20,20,20,20,20,20,12,41,36,36,64,17,17,17,17,17,17,17,16,16,16,97,21,21,21,21,19,19,19,19,19,19,19,96,4,4,4,4,4,4,4,4,4,4,4,4,4,4,4,4,4,31,1,1,1,1,1,1,1,1,1,1,1,1,1,1,1,1,1,1,1,1,1,1,1,1,1,1,1,1,1,1,1,1,1,1,1,1,1,91,13,13,13,53,53,53,53,53,98,22,22,52,30
0,0,0,1,1,0,1,1,0,1,1,0,1,1,1,0,1,0,1,1,1,1,1,0,1,0,1,1,1,1,1,1,1,0,0,0,0,1,1,1,1,0,0,1,0,0,1,1,0,1,1,1,1,1,1,1,1,1,1,1,1,1,1,1,1,1,1,1,1,1,1,1,1,1,0,1,0,1,1,0,0,1,0,1,0,1,1,1,1,0,0,1,1,0,1,1,1,1,1,0,1,0,0,1,0,0,1,0,0,1,1,1,1,1,1,1,1,1,1,1,1,1
8
25,11,11,11,36,36,36,36,36,36,36,99,60,32,35,35,35,12,12,17,17,17,17,17,17,17,69,69,3,49,49,21,21,21,21,21,21,21,19,19,19,43,43,59,59,4,4,4,4,31,1,1,1,1,1,1,1,1,1,1,1,1,1,1,1,1,1,1,1,1,1,1,1,1,1,1,1,1,1,14,13,13,53,53,53,22,22,22,44,68,68,58,88
1,1,0,0,1,1,1,1,1,1,1,0,1,1,1,1,1,0,1,0,1,0,0,0,0,0,0,0,1,1,1,1,1,1,1,1,0,1,1,1,1,1,1,1,1,1,1,1,1,1,1,1,1,0,1,0,1,1,0,0,0,1,1,0,1,0,0,0,1,1,0,0,1,0,1,0,0,0,1,1,1,1,1,1,1,0,1,1,1,1,1,1,1
9
100,2,25,25,25,11,11,11,11,11,11,11,11,11,36,39,43,43,51,51,51,24,24,24,60,32,32,78,35,35,35,35,35,20,20,20,20,20,13,13,13,13,13,13,13,26,52,40,40,40,40,40,40,55,16,16,16,16,16,17,17,17,17,64,47,21,21,21,21,21,21,21,19,19,19,19,19,19,19,6,6,59,4,4,4,4,4,4,4,4,4,4,4,4,4,4,4,4,4,4,4,4,23,31,31,31,31,31,31,1,1,1,1,1,1,1,1,1,1,1,1,1,1,1,1,1,1,1,1,1,1,1,1,1,1,1,1,1,1,1,1,1,1,1,1,1,1,1,14,12,12,12,53,53,53,29,22,22,22,22,22,22,22,22,22,22,22,101,5,5,68,30
1,0,1,1,1,1,1,1,1,1,1,1,1,1,1,1,0,1,0,0,1,1,1,1,1,0,1,1,1,1,0,1,1,1,1,1,0,1,1,1,1,1,1,1,1,0,0,1,1,1,1,1,1,0,1,0,1,1,1,0,0,0,0,0,1,1,1,1,1,0,1,1,1,1,0,1,1,1,1,1,1,1,1,1,1,1,1,1,1,1,1,1,1,1,1,1,1,1,1,1,1,1,1,1,1,1,1,1,0,1,1,1,1,1,1,0,1,1,1,1,1,0,1,1,0,1,1,0,0,1,1,1,1,1,1,1,1,1,1,1,0,0,1,0,1,1,1,0,0,1,0,0,1,1,0,1,1,1,1,1,1,1,1,1,1,1,1,0,1,1,1,1
10
2,2,2,2,11,11,11,11,11,11,11,36,6,6,24,32,32,102,35,20,20,20,12,12,16,16,16,16,16,16,16,17,17,17,64,64,64,69,21,21,21,21,21,19,19,19,19,19,19,19,19,43,4,4,4,4,4,4,4,4,4,4,4,4,4,38,1,1,1,1,1,1,1,1,1,1,1,1,1,1,1,1,1,1,1,1,1,1,1,1,1,1,1,1,1,1,1,1,1,1,1,1,1,1,14,53,53,53,53,53,22,22,22,22,22,22,22,5,30
0,1,0,1,1,1,1,1,1,1,1,1,0,1,1,1,1,0,1,1,1,1,1,1,1,1,1,1,1,1,1,0,0,0,0,1,1,0,0,1,1,1,1,1,1,0,0,0,1,1,1,1,1,1,1,1,1,1,1,1,1,1,1,1,1,1,1,0,1,1,1,1,1,0,0,1,0,0,0,1,1,1,1,1,0,1,1,1,1,1,1,1,1,1,1,1,1,1,1,1,1,1,1,1,1,1,1,1,1,1,1,1,1,0,1,1,1,1,1
11
2,2,2,2,2,2,2,2,2,2,2,2,2,2,2,13,11,4,4,4,4,4,4,4,4,36,1,1,1,1,1,1,1,1,1,1,1,1,1,1,1,1,1,1,1,1,1,53,19,19,19,19,19,19,19,19,19,19,19
1,1,1,0,1,0,0,0,1,0,0,1,1,0,0,1,1,1,1,1,1,1,1,1,1,0,1,1,1,1,1,1,1,1,0,1,0,1,0,0,1,0,0,0,1,1,1,1,0,1,1,1,1,1,1,1,1,1,1
12
11,4,1,1,1,1,1,1,1,1,1,1,1,1,1,1,1,1,1,1,1,1,1,1,1,1,1,1,32,32,33,14,13,13,13,13,13,13,20,12,103,16,3,5,68,68
1,1,0,0,0,0,0,1,0,1,1,1,1,0,0,0,1,1,1,1,0,0,0,1,1,1,1,1,0,0,1,0,0,0,1,1,1,1,0,0,1,0,1,1,1,1
13
1,4
0,1
14
2,2,2,2,2,2,2,2,2,2,2,2,2,2,2,2,2,2,25,11,11,11,11,64,6,6,61,24,24,24,24,24,60,27,78,35,20,20,20,20,20,12,26,52,40,40,40,55,76,17,17,17,17,17,17,17,16,16,16,16,62,21,75,43,43,59,4,4,4,4,4,4,4,31,31,31,1,1,1,1,1,1,1,1,1,1,1,1,1,1,1,1,1,1,1,1,1,1,1,1,1,1,1,1,1,1,1,1,1,1,1,1,1,1,91,14,13,13,13,13,13,53,53,22,22,22,22,22,22,22,22,22,22,44,19,19,19,19,19,5,68,68,92
0,0,1,1,0,1,1,1,1,0,1,1,1,1,0,1,1,1,1,1,1,1,0,1,0,0,1,0,1,1,1,1,1,0,0,1,1,1,1,0,0,0,0,1,0,1,1,1,0,0,0,0,0,0,0,0,0,1,1,0,1,1,1,0,1,1,1,1,0,1,1,1,0,1,1,0,1,1,0,1,0,1,0,0,0,0,0,0,1,0,0,1,0,1,1,1,1,1,1,1,1,0,0,0,0,0,0,0,1,1,1,1,1,1,0,0,1,1,1,1,1,1,0,1,1,1,1,1,1,1,1,0,0,0,0,0,1,1,1,0,1,1,1
15
2,2,2,2,2,2,2,2,2,11,11,11,11,11,11,11,11,36,6,6,6,24,24,24,24,32,35,35,35,20,20,20,20,20,12,12,12,12,40,40,40,40,40,40,17,17,17,17,17,16,21,21,21,21,21,19,19,19,19,19,43,4,4,4,4,4,4,4,4,4,4,4,4,4,4,4,31,1,1,1,1,1,1,1,1,1,1,1,1,1,1,1,1,1,1,1,1,1,1,1,1,1,1,1,1,1,1,1,1,1,1,1,1,1,1,1,1,1,14,13,13,13,13,53,53,53,53,53,22,22,22,22,22,22,22,44,68,68,68,30
0,1,1,1,1,0,1,1,1,0,1,1,1,1,0,1,1,1,0,1,1,1,0,1,1,0,1,1,1,1,1,1,1,0,1,1,1,0,1,1,1,1,1,1,0,0,0,0,0,1,1,1,1,1,1,1,0,0,1,1,1,1,1,1,1,1,1,1,1,1,1,1,1,1,1,1,1,0,1,1,1,1,1,0,0,1,0,1,1,0,0,1,0,0,0,0,0,0,1,0,1,1,0,0,1,1,1,0,1,1,0,1,0,1,1,0,1,0,1,1,1,1,1,1,1,1,0,1,1,0,1,1,1,1,0,1,1,1,1,1
16
2,25,25,25,25,11,11,11,11,11,11,11,11,11,11,7,39,43,43,33,24,24,24,24,32,32,55,55,35,35,35,35,20,20,12,12,12,12,26,52,40,40,40,40,40,40,40,104,17,17,17,17,16,16,16,16,69,47,47,49,49,49,21,21,21,21,21,19,19,19,19,19,19,19,19,6,6,59,59,4,4,4,4,4,4,4,4,4,4,4,4,4,4,4,4,4,4,4,23,31,31,1,1,1,1,1,1,1,1,1,1,1,1,1,1,1,1,1,1,1,1,1,1,1,1,1,1,1,1,1,1,1,1,1,1,1,1,1,1,1,1,1,1,13,13,13,13,13,13,13,53,53,53,53,53,53,53,22,22,22,22,22,22,22,22,22,22,22,44,44,5,68,68
1,1,1,1,1,0,1,0,1,1,1,1,0,1,1,1,0,1,1,1,1,1,1,1,1,1,0,1,1,1,1,1,1,1,1,1,1,0,1,1,1,1,1,1,1,1,1,0,1,0,0,0,1,1,1,0,1,1,1,1,1,1,0,1,1,1,1,1,1,1,1,1,1,1,1,0,1,1,1,1,1,1,1,1,1,1,1,1,1,1,1,1,1,1,1,1,0,0,1,0,0,1,1,1,1,1,1,1,0,0,0,1,1,1,0,1,1,0,0,1,0,1,1,1,1,1,0,1,1,1,1,1,1,1,0,0,0,0,1,1,1,1,0,1,1,1,1,1,1,1,0,1,1,1,1,1,0,1,1,1,1,1,1,1,1,1,1,1,0,1,1,1,1
17
59,11,4,4,4,4,4,4,4,4,4,38,105,1,1,1,1,1,1,1,1,1,1,1,1,1,1,1,1,1,1,1,1,1,1,1,1,1,1,1,1,1,1,1,1,1,1,1,89,32,12,12,12,53,53,53,53,53,53,53,53,35,20,20,20,20,13,13,13,13,13,13,13,36,36,17,17,17,17,17,16,16,3,5,68,68,68,68,68,21,19,19,19
1,0,1,1,1,1,1,1,0,1,1,0,1,1,1,0,0,0,0,0,1,1,0,0,1,0,0,1,1,1,0,1,0,0,1,1,1,0,0,1,1,1,1,0,1,0,1,0,1,1,0,0,0,1,1,1,1,1,0,1,1,0,1,1,1,1,1,1,1,1,1,1,1,1,1,0,0,0,0,0,0,1,1,1,1,1,1,1,1,1,0,0,1
18
11,11,11,11,11,11,11,11,11,36,39,6,51,24,24,24,24,24,60,32,32,55,55,35,35,35,35,20,20,20,20,12,12,12,26,26,52,40,40,40,40,40,40,16,16,16,17,17,17,17,17,17,64,47,47,92,21,21,21,21,21,21,21,31,31,31,31,43,59,42,4,4,4,4,4,4,4,4,38,1,1,1,1,1,1,1,1,1,1,1,1,1,1,1,1,1,1,1,1,1,1,1,1,1,1,1,1,1,1,1,1,1,1,1,1,1,5,5,14,13,13,13,13,13,13,13,13,13,13,13,53,53,53,53,22,22,22,22,22,22,22,22,22,22,22,19,19,19,19,106,68,68,68,68,68,68,68,56,30
1,1,1,1,1,1,1,1,1,0,1,0,0,1,1,1,1,1,1,1,0,1,1,1,1,1,1,1,1,1,1,0,0,0,0,1,1,1,1,1,1,1,1,1,1,1,0,0,0,0,0,0,0,1,1,1,0,1,1,1,1,0,1,1,1,1,1,1,1,1,1,1,1,1,1,0,1,0,0,1,1,1,0,0,1,1,0,0,0,0,1,1,0,1,0,0,0,1,1,0,1,1,1,1,1,1,0,0,1,1,0,0,1,1,1,1,1,1,0,1,1,1,1,1,1,1,1,1,1,1,1,1,1,1,1,1,1,1,1,1,1,1,1,1,1,1,1,1,1,1,1,1,1,1,1,1,1,0,1
19
25,25,80,39,91,32,32,12,12,12,41,74,17,17,69,69,47,36,36,43,59,42,42,16,16,16,16,16,16,16,16,38,45,1,1,1,1,1,1,1,1,1,1,1,1,1,1,1,1,1,1,1,1,1,1,1,1,1,1,1,1,1,1,1,1,1,1,1,107,53,53,53,53,53,53,53,53,53,22,22,22,22,22,22,22,22,22,22,22,22,22,22,22,22,44,44,5,24,24,24,24,58,58,11,11,11,11,11,11,11,11,11,11,11,11,11,63,63,60,78,55,55,20,13,13,13,13,13,13,13,40,40,40,40,40,40,4,4,4,4,4,4,4,4,4,4,4,4,4,4,4,4,4,4,4,4,21,21,21,21,21,19,19,19,19,19,6,35,56,68,52,52,30,31,31,15,15
1,1,1,1,1,1,1,1,1,1,1,1,0,0,1,1,1,1,1,1,1,1,1,0,1,1,1,1,1,0,1,1,1,1,1,1,1,0,1,1,1,1,1,1,0,1,1,0,0,1,1,1,1,1,1,1,1,1,1,1,1,1,1,1,1,1,1,1,1,0,1,0,1,1,1,1,1,1,1,0,1,1,1,1,1,1,1,1,1,0,1,1,1,1,1,1,1,1,1,1,1,1,1,1,0,1,1,1,1,1,1,1,1,1,1,1,1,1,1,1,1,1,1,1,1,1,1,1,1,1,0,1,1,1,1,1,1,1,1,1,1,1,1,1,1,1,1,1,1,1,1,1,1,1,1,1,1,1,1,0,1,1,1,1,1,1,1,0,1,1,1,1,1,1,1,1,1
20
2,25,11,11,11,11,11,11,11,11,11,11,36,6,51,51,51,51,24,24,24,24,24,60,32,55,35,35,20,20,20,20,13,13,26,52,40,40,40,40,16,16,16,16,16,17,17,17,17,17,17,17,64,69,3,49,21,21,21,21,21,108,43,47,4,4,4,4,4,4,4,4,4,4,4,4,4,4,4,31,31,31,31,31,1,1,1,1,1,1,1,1,1,1,1,1,1,1,1,1,1,1,1,1,1,1,1,1,1,1,1,1,1,1,1,1,1,1,1,1,1,1,1,107,14,12,12,12,12,53,53,53,53,53,53,109,63,22,22,22,22,22,22,22,22,19,19,19,19,19,19,5,68,58,30
1,1,1,0,0,1,1,1,1,1,1,0,0,1,0,1,0,1,1,1,0,1,1,1,1,1,1,1,1,1,1,0,0,0,0,1,0,1,1,1,0,0,0,1,1,0,0,0,0,0,1,0,1,1,1,0,0,1,1,1,1,0,0,1,1,1,1,1,1,1,1,1,1,1,1,1,1,1,1,1,1,0,1,1,1,1,0,0,0,1,1,1,0,1,1,1,0,1,0,1,1,0,1,1,1,1,0,1,1,1,1,1,1,0,0,0,1,1,0,0,1,1,1,1,1,0,1,1,0,1,1,1,1,1,1,1,0,1,1,1,1,1,1,1,1,0,1,0,1,1,1,1,1,1,1
21
25,11,11,11,11,11,11,11,11,36,64,33,33,24,24,32,35,35,35,20,20,65,13,13,13,13,13,52,79,17,17,17,17,16,16,16,16,16,47,21,21,21,21,21,21,19,19,19,19,43,43,59,4,4,4,4,4,4,4,4,4,4,4,4,38,31,31,31,1,1,1,1,1,1,1,1,1,1,1,1,1,1,1,1,1,1,1,1,1,1,1,1,1,1,1,1,1,1,1,1,1,1,1,1,1,1,1,107,14,12,12,12,12,53,53,22,22,22,22,22,22,22,22,22,22,5,5,68,68,30
1,1,0,0,0,1,1,1,1,0,1,1,1,1,1,0,1,0,1,1,1,1,1,1,1,1,1,1,1,0,0,0,0,0,1,1,1,1,1,0,0,1,1,1,0,1,0,1,1,1,1,1,1,1,1,1,1,1,1,1,1,1,1,1,0,1,1,1,0,0,1,1,0,1,1,0,1,0,0,0,1,1,0,0,0,1,1,1,1,0,1,0,1,1,0,1,0,0,1,0,0,0,0,1,0,1,1,1,0,0,0,0,0,1,0,1,1,1,1,1,0,1,1,1,1,1,1,1,1,1
22
11,11,11,11,11,4,4,4,4,4,4,4,4,4,4,4,4,4,4,4,4,4,4,36,1,1,1,1,1,1,1,1,1,1,1,1,1,1,1,1,1,1,1,1,1,1,1,1,1,1,1,1,1,1,1,1,1,1,1,1,1,32,13,13,13,53,35,20,20,20,20,12,12,12,58,79,17,16,16,16,68,21,21,21,21,19,19,19,19,19,19
1,1,1,1,0,1,1,1,1,1,1,1,1,1,1,1,1,1,1,1,0,1,1,1,1,1,1,0,1,1,0,0,1,0,0,0,1,0,0,0,1,0,1,1,1,1,0,0,0,0,1,1,0,0,1,0,1,1,0,0,1,1,1,1,1,1,1,0,1,1,0,0,1,0,1,1,0,1,1,1,1,1,1,0,1,1,0,0,1,1,1
23
2,2,2,2,25,25,25,11,11,11,11,11,11,11,11,11,11,43,110,24,24,24,24,54,78,35,35,35,20,20,20,13,13,26,26,41,40,40,40,40,40,40,55,36,17,17,16,16,16,16,69,3,60,21,21,21,21,19,19,19,19,19,44,111,59,59,47,47,4,4,4,4,4,4,4,4,4,4,4,4,4,4,23,31,31,112,18,14,12,12,12,53,53,53,53,53,53,1,1,1,1,1,1,1,1,1,1,1,1,1,1,1,1,1,1,1,1,1,1,1,1,1,1,1,1,1,1,1,1,22,22,22,22,22,22,22,22,52,92,68,56,30
0,1,0,0,0,1,1,1,0,1,1,1,1,1,1,1,1,1,1,1,1,1,1,1,1,1,1,1,1,1,1,1,1,1,1,1,0,1,1,1,1,1,1,1,0,0,0,1,1,1,1,0,1,1,1,1,1,0,0,1,1,1,1,1,1,1,1,1,1,1,1,1,1,1,1,1,1,1,1,1,1,1,1,0,1,1,0,0,1,0,1,0,0,1,1,1,1,1,0,0,0,0,0,0,1,1,1,0,1,0,1,1,1,1,1,1,1,1,1,1,1,0,0,1,1,1,1,0,1,1,1,1,1,1,1,1,0,1,1,1,0,1
24
2,2,43,43,43,43,11,11,16,16,16,16,16,16,16,16,7,1,1,1,1,1,1,1,1,1,1,1,1,1,1,1,1,1,1,1,1,1,1,1,1,1,1,1,1,1,1,1,1,1,1,1,1,1,1,1,1,1,1,1,1,1,24,12,12,20,20,20,20,20,13,13,13,13,13,13,13,13,13,13,13,13,13,22,22,22,22,22,22,22,22,22,22,17,4,4,4,4,4,4,4,4,4,4,3,5,5,68,68,68,68,68,21,21,21,19,19,19,19,19,19
1,0,1,1,1,1,1,0,0,1,1,1,1,1,1,1,1,1,1,0,0,0,0,0,1,0,0,0,0,1,1,1,1,1,1,1,1,1,1,1,1,1,1,1,1,1,1,1,1,1,1,1,1,1,1,1,1,1,1,1,1,1,1,1,1,1,1,1,1,0,1,1,1,1,1,1,1,1,1,1,1,1,1,1,1,1,1,1,1,1,1,1,1,0,1,1,1,1,1,1,1,0,1,1,1,1,1,0,1,1,1,1,0,1,1,1,1,1,1,1,1
25
2,25,25,11,11,11,11,11,11,43,43,43,23,24,24,24,24,24,60,32,78,78,35,20,20,20,20,20,20,20,113,12,52,52,40,40,40,40,40,40,55,64,17,17,17,16,16,16,16,16,16,71,42,42,21,21,21,21,21,21,21,19,19,19,19,6,6,6,6,59,4,4,4,4,4,4,4,4,4,4,4,4,4,38,31,1,1,1,1,1,1,1,1,1,1,1,1,1,1,1,1,1,1,1,1,1,1,1,1,1,1,1,1,1,1,1,1,1,1,1,1,1,1,1,1,62,62,62,62,13,13,13,13,13,13,13,13,53,53,53,53,53,53,53,114,34,22,22,22,22,22,22,22,22,22,22,44,5,5,68,68
0,1,1,1,0,1,1,1,1,1,1,1,0,1,1,1,1,1,1,0,1,1,1,1,1,1,1,1,1,1,0,1,1,0,1,1,1,1,1,1,1,0,0,0,0,0,1,1,1,1,0,0,1,1,0,1,1,1,1,1,0,1,1,1,1,1,1,1,1,1,1,1,1,1,1,1,1,1,1,1,1,1,1,0,1,1,1,1,1,1,1,1,1,1,1,1,0,1,0,1,1,1,1,1,1,1,1,1,1,1,1,0,1,1,1,1,1,1,0,1,0,0,1,1,1,1,1,1,1,1,1,1,1,1,1,1,1,1,1,1,1,1,1,1,0,1,1,1,1,1,1,1,1,0,0,1,1,1,1,1,1
26
2,2,2,25,25,25,25,25,11,11,11,11,11,43,51,51,63,32,32,78,20,20,20,20,20,13,13,13,13,13,52,52,52,17,17,16,16,16,16,16,16,3,21,21,21,21,21,21,19,19,19,19,19,19,19,19,19,19,19,19,19,19,24,24,24,24,24,6,6,6,47,4,4,4,4,4,4,4,4,4,4,4,4,4,4,4,4,4,4,38,1,1,1,1,1,1,1,1,1,1,1,1,1,1,1,1,1,1,1,1,1,1,1,1,1,1,1,1,1,1,1,1,1,1,14,12,12,12,22,22,22,22,22,22,22,22,68,30,30
1,0,0,1,1,1,0,1,1,1,0,1,1,1,0,0,1,1,1,1,1,1,1,1,1,1,1,1,1,1,1,1,1,0,0,1,1,1,0,1,0,1,0,1,1,1,0,1,1,1,1,1,1,1,1,1,1,1,0,0,0,0,0,1,0,1,1,0,1,1,1,1,1,1,1,1,1,1,1,1,1,1,1,1,1,1,1,1,1,1,0,1,1,0,1,1,1,0,0,1,1,1,1,1,0,0,1,1,1,1,1,1,0,1,1,0,1,1,1,1,0,1,1,1,1,0,1,0,1,1,1,0,0,0,1,0,1,1,1
27
2,2,11,11,11,11,11,11,51,24,32,32,20,20,20,20,20,12,12,12,16,16,16,47,92,21,21,21,21,23,43,43,3,4,4,4,4,4,4,4,4,4,4,4,4,4,4,4,4,4,4,4,4,4,4,38,1,1,1,1,1,1,1,1,1,1,1,1,1,1,1,1,1,1,1,1,1,1,1,1,1,1,1,1,1,1,1,1,1,1,1,1,1,13,13,13,13,13,22,19,19,19,19,68,30,30
1,0,1,1,1,1,1,1,1,1,0,1,1,1,1,1,1,0,0,0,1,1,0,1,1,1,1,1,1,1,0,1,1,1,1,0,1,1,1,1,1,1,1,1,1,1,1,1,1,1,1,1,1,1,1,1,1,1,0,0,1,1,1,0,0,0,1,0,0,0,1,1,0,1,1,0,1,0,0,0,0,1,0,1,1,1,1,1,0,0,0,0,1,1,1,1,1,1,1,0,1,1,0,1,1,1
28
25,25,25,25,11,11,11,11,11,11,11,11,11,11,11,80,6,6,32,32,24,24,24,27,20,20,20,20,20,12,12,12,26,26,26,41,40,40,16,16,16,16,16,16,64,47,21,21,21,21,21,19,19,19,19,19,19,43,43,43,43,43,43,43,42,4,4,4,4,4,4,4,4,4,38,45,31,31,1,1,1,1,1,1,1,1,1,1,1,1,1,1,1,1,1,1,1,1,1,1,1,1,1,1,1,1,1,1,1,1,1,1,1,1,14,14,13,13,13,13,13,13,13,13,13,13,13,93,22,22,22,22,22,22,22,22,22,22,37,5,68,68,68,68,68,68,68,68,58
0,1,1,0,1,1,1,1,0,1,1,1,0,0,1,0,1,1,1,1,1,1,1,1,1,1,1,0,1,1,1,0,1,0,1,1,0,1,1,1,1,1,1,1,1,1,1,1,1,1,0,1,0,1,0,1,1,1,1,1,1,1,0,1,1,1,1,1,1,1,1,1,1,1,1,1,0,1,0,1,0,0,1,0,0,1,0,0,1,0,1,0,0,1,1,1,1,1,1,1,1,1,1,1,1,1,1,0,1,0,0,1,1,0,1,0,1,1,1,1,1,1,1,1,1,1,1,0,1,1,0,1,1,1,1,1,1,1,1,1,1,1,1,1,1,1,1,1,1
29
6,11,11,11,11,11,11,11,4,4,4,4,4,4,4,4,38,46,46,31,31,1,1,1,1,1,1,1,1,1,1,1,1,1,1,1,1,1,1,1,1,1,1,1,1,1,1,1,1,1,1,1,1,1,1,24,13,13,13,13,13,13,13,13,35,35,20,20,12,12,15,15,22,22,22,16,16,16,16,5,5,5,68,21,21,21,21,19,19,19,19,19
0,1,1,0,0,1,1,1,1,1,1,1,1,1,1,1,0,0,1,0,1,1,0,0,0,1,1,1,0,1,0,1,1,1,1,1,0,0,1,1,1,1,1,1,1,1,1,1,1,1,0,1,1,1,1,1,1,1,1,1,1,1,1,1,1,1,0,1,0,1,0,1,1,1,1,0,1,1,1,1,1,1,1,1,1,1,0,0,0,1,1,1
30
2,2,2,11,11,11,11,11,11,11,11,36,39,18,51,32,32,24,27,55,55,20,20,20,12,12,12,10,40,40,40,64,64,17,17,16,16,16,91,91,21,21,21,21,21,19,19,19,6,6,6,59,4,4,4,4,4,4,4,4,62,45,1,1,1,1,1,1,1,1,1,1,1,1,1,1,1,1,1,1,1,1,1,1,1,1,1,1,1,1,1,1,1,1,1,1,1,1,1,54,54,13,13,13,13,13,13,13,13,13,53,53,53,53,53,26,26,22,22,22,22,22,44,44,115,5
1,1,0,1,1,1,0,1,1,0,1,0,1,0,0,1,1,1,1,1,1,1,1,1,1,1,1,0,1,1,1,1,1,0,1,1,1,1,0,1,1,1,1,0,1,0,1,1,1,1,0,0,1,1,1,1,1,1,1,1,1,1,1,0,0,0,1,1,1,1,1,1,0,0,1,0,0,0,1,1,1,1,1,1,1,1,0,1,1,1,1,1,1,0,1,1,1,1,1,0,0,1,1,1,1,1,1,1,1,1,1,1,1,1,1,0,0,1,1,1,0,0,1,1,1,1
31
2,2,2,2,25,25,36,36,39,91,91,51,51,33,12,12,12,26,26,52,52,52,17,17,17,17,17,17,17,17,64,47,43,43,43,43,43,43,43,59,59,42,4,4,4,4,4,4,31,1,1,1,1,1,1,1,1,1,1,1,1,1,1,1,1,1,1,1,1,1,1,1,1,1,1,1,1,1,1,1,1,1,1,1,1,1,1,1,1,1,1,1,99,53,53,53,53,53,53,103,22,22,22,22,22,22,22,22,22,22,22,22,44,44,37,68,11,11,11,11,11,11,11,11,11,11,7,24,24,24,24,24,24,24,24,60,78,55,55,20,20,20,20,20,20,20,65,13,13,13,13,13,13,40,40,40,40,40,16,16,16,16,21,21,21,21,21,21,19,19,19,19,19,6,6,6,6,35,35,14,14,14,116,30
0,0,0,0,0,1,0,1,1,1,1,0,1,1,0,0,0,1,1,1,1,1,0,0,0,0,0,1,0,0,0,0,0,1,1,1,0,1,1,0,1,1,1,1,1,1,1,1,1,1,1,1,0,1,0,1,1,0,1,1,0,0,0,1,0,0,0,0,1,0,0,0,1,0,0,1,1,1,0,0,1,0,0,1,1,0,1,1,1,0,1,1,1,1,1,0,1,1,1,0,1,1,1,1,1,0,1,0,0,1,0,1,1,1,1,1,1,1,1,0,0,1,0,1,0,1,1,1,1,1,1,1,1,1,1,1,0,0,1,1,1,1,1,1,1,1,0,1,1,1,1,1,1,0,1,1,1,1,1,0,1,1,0,0,1,1,1,0,1,0,1,1,1,0,1,1,1,1,0,0,1,1,1,1
32
2,2,2,25,25,25,25,36,36,39,124,32,32,113,12,12,12,41,15,15,15,120,17,17,17,17,17,17,17,17,42,43,43,43,43,59,59,4,4,4,31,31,31,45,1,1,1,1,1,1,1,1,1,1,1,1,1,1,1,1,1,1,1,1,1,1,1,1,1,1,1,1,1,1,1,1,1,1,1,1,1,1,53,53,53,53,53,53,117,83,22,22,22,22,22,22,22,22,22,22,22,22,72,37,5,5,5,24,24,24,24,81,11,11,11,11,11,11,11,11,96,96,95,27,78,20,20,20,13,13,13,13,13,13,13,13,121,40,40,40,44,16,16,16,16,16,16,3,21,21,21,21,21,19,19,19,19,19,19,6,6,6,119,35,35,35,62,61,118,68,68,68,68,122,52,123,30,30,30
1,1,1,1,1,1,1,1,1,1,1,0,1,0,0,0,0,1,1,1,1,0,1,0,0,0,0,0,0,0,1,0,1,1,0,1,1,1,1,1,0,1,1,1,1,1,1,1,1,1,0,1,0,1,1,1,0,0,0,0,0,0,0,1,1,1,1,1,1,0,0,1,0,0,1,0,1,1,0,0,1,1,0,1,1,1,1,0,1,1,1,1,1,1,1,1,1,1,1,1,0,1,1,1,1,1,0,1,1,1,1,0,1,0,0,1,0,0,1,1,1,1,1,1,0,1,1,1,1,1,1,1,1,1,1,1,1,1,1,1,1,1,1,1,1,0,1,1,0,1,1,1,0,0,0,0,1,1,0,0,0,1,1,1,1,1,1,1,0,1,1,1,1,1,1,0,0,1,1
33
2,2,11,7,91,51,32,32,32,95,60,33,125,55,55,55,55,55,55,20,65,65,13,13,13,13,13,13,40,40,40,40,40,126,36,36,17,17,69,69,69,69,69,69,3,21,21,21,21,21,21,19,19,19,24,6,6,6,59,47,4,4,4,4,4,4,4,4,4,35,35,35,35,1,1,1,1,1,1,1,1,1,1,1,1,1,1,1,1,1,1,1,1,1,1,1,1,1,1,1,1,1,1,1,1,1,54,14,12,12,12,12,12,12,12,12,53,53,53,53,53,53,44,50,27,22,22,72,37,5,68,68,68,68,68,68,58
0,0,1,0,1,1,1,1,1,0,1,1,1,1,0,1,1,1,1,1,1,1,1,1,1,1,0,1,1,1,1,1,1,0,1,1,0,0,0,1,1,1,1,1,1,0,1,0,1,1,1,0,1,1,1,1,0,1,1,1,1,1,1,1,1,1,1,1,1,1,1,1,0,1,1,1,1,0,0,0,1,1,1,0,1,0,0,1,1,0,1,1,1,1,1,1,1,1,1,0,1,1,1,1,1,0,1,0,1,1,1,1,0,1,1,1,0,1,1,1,1,1,1,1,1,1,1,0,1,1,1,1,1,1,1,1,1
34
25,25,25,11,11,11,11,36,39,51,51,33,24,24,24,24,32,78,35,20,20,20,20,13,13,13,13,26,52,40,40,40,40,40,55,17,17,17,17,17,16,16,16,16,16,16,47,47,21,21,21,21,19,19,19,19,43,43,43,43,59,3,4,4,4,4,4,4,4,4,4,4,4,4,4,4,38,31,1,1,1,1,1,1,1,1,1,1,1,1,1,1,1,1,1,1,1,1,1,1,1,1,1,1,1,1,1,1,1,1,1,1,1,1,1,1,12,12,12,53,53,53,53,117,117,22,22,22,68,58
0,0,1,1,1,0,1,1,1,1,0,1,1,1,1,1,1,1,1,1,1,1,1,1,1,1,1,1,1,1,1,1,1,1,1,0,0,0,0,0,1,0,0,1,1,1,1,1,1,1,1,0,1,0,1,1,1,1,1,1,1,1,1,1,1,1,1,1,1,1,1,1,1,1,0,1,1,1,1,1,1,0,0,1,1,1,0,0,0,0,0,0,0,0,1,0,1,1,1,1,1,1,1,1,0,1,1,1,1,1,1,1,0,1,0,1,1,1,0,0,1,1,1,1,1,1,0,1,1,0
35
2,2,2,2,2,2,2,2,2,2,2,2,2,2,2,2,2,2,2,2,2,2,2,2,2,2,2,2,2,2,2,2,2,43,11,11,11,4,4,4,4,4,4,4,4,4,38,1,1,1,1,1,1,1,1,1,1,1,1,1,1,1,1,1,1,1,1,1,1,1,1,1,1,1,1,1,1,1,1,1,1,1,1,1,24,32,12,78,20,20,13,13,13,13,13,13,10,10,40,35,17,17,17,17,16,16,16,68,68,21,21,19,19
0,1,0,1,1,1,0,1,0,1,0,1,1,1,1,0,0,1,1,1,1,1,1,1,1,1,1,1,0,1,0,1,1,0,1,1,0,1,1,1,1,1,1,1,1,1,1,1,1,0,0,0,0,1,0,0,1,0,1,0,0,0,1,0,0,1,0,1,0,1,1,1,0,0,1,0,0,0,1,0,0,1,0,1,1,0,1,1,0,0,1,1,1,1,1,1,0,0,1,1,0,0,0,0,0,0,1,1,1,1,1,1,1
36
2,2,2,2,2,2,2,25,25,36,36,36,36,91,51,14,32,32,12,12,12,12,10,17,17,64,69,42,42,42,49,43,43,43,43,43,43,43,43,59,47,16,16,16,16,16,16,31,1,1,1,1,1,1,1,1,1,1,1,1,1,1,1,1,1,1,1,1,1,1,1,1,1,1,1,1,1,1,1,1,1,1,1,1,1,1,1,1,107,53,53,53,53,22,22,22,22,44,5,5,5,68,68,68,68,68,68,11,11,11,11,11,11,46,60,78,78,20,20,20,20,20,13,13,13,13,13,13,13,13,13,13,13,13,13,40,4,4,3,21,21,21,21,21,21,19,19,19,19,19,19,19,86,6,6,6,119,61,26,34,30,30,30
0,1,0,0,0,0,0,1,1,1,1,1,1,1,1,0,0,0,1,0,1,1,1,0,0,0,0,1,1,1,0,1,1,0,0,1,1,1,1,1,1,0,0,1,1,1,1,1,1,0,0,0,1,0,1,1,0,1,0,1,1,1,0,1,0,1,0,0,1,1,0,0,0,1,1,0,1,1,0,0,1,0,0,1,0,1,1,1,1,1,1,1,1,1,0,1,1,1,1,1,1,1,1,1,0,1,1,1,1,0,1,1,0,1,1,1,1,1,1,1,1,1,1,1,1,1,1,1,1,1,1,1,1,1,1,1,1,1,1,0,1,1,0,0,0,1,0,0,1,1,1,0,0,0,0,0,0,1,1,1,0,1,1
37
2,2,2,2,25,25,25,25,25,11,11,11,11,11,11,11,11,80,7,7,18,51,24,32,32,78,78,78,78,78,35,35,20,20,20,20,20,20,20,20,20,20,20,20,12,12,12,12,12,26,52,52,40,40,36,17,17,17,16,69,3,91,21,21,21,21,21,21,19,19,19,19,19,19,19,19,19,19,19,19,6,6,6,42,4,4,38,45,43,43,1,1,1,1,1,1,1,1,1,1,1,1,1,1,1,1,1,1,1,1,1,1,1,1,1,1,1,1,1,1,1,1,1,1,1,1,1,1,1,54,54,13,13,13,13,13,13,13,53,53,53,83,127,34,34,22,22,22,22,22,22,22,22,5,31,31,31,31,58,123
0,0,1,0,1,1,1,1,1,1,1,1,0,1,1,1,1,0,1,1,1,1,1,1,1,1,1,1,1,1,1,1,1,1,1,1,1,1,1,1,1,1,1,1,0,0,1,1,1,0,1,1,1,1,1,0,0,0,1,1,1,1,0,1,1,1,1,1,1,0,1,1,1,1,1,1,1,1,1,1,0,1,1,1,1,1,1,0,1,1,0,1,0,0,0,1,0,0,1,0,1,1,1,1,0,1,1,0,0,0,0,0,0,1,0,0,0,0,1,1,0,1,1,1,0,1,1,1,0,1,1,1,1,1,1,1,1,1,1,1,1,1,0,1,1,1,1,1,1,1,1,1,1,1,1,1,1,1,1,1
38
2,25,25,11,11,11,11,7,39,128,23,24,24,24,24,24,60,60,60,32,32,78,78,78,78,78,35,35,35,35,20,20,20,20,12,12,10,52,52,40,40,40,40,40,55,55,36,36,36,36,36,36,17,17,17,16,16,16,16,16,16,69,47,21,21,21,21,21,21,21,21,21,19,19,19,19,19,19,43,59,3,4,4,4,4,4,4,4,4,4,4,38,1,1,1,1,1,1,1,1,1,1,1,1,1,1,1,1,1,1,1,1,1,1,1,1,1,1,1,1,1,1,1,1,1,1,1,1,107,61,61,13,13,13,13,13,13,53,53,53,53,53,53,114,26,22,22,22,22,22,22,22,101,44,44,5,5,5,68,58,58
1,1,1,1,1,0,1,0,1,1,1,1,1,1,1,1,1,1,1,0,0,1,1,1,1,1,1,1,1,1,1,1,1,0,0,0,1,1,1,1,1,1,1,1,1,1,0,1,0,1,1,1,0,0,0,0,0,1,1,1,1,1,1,0,0,1,1,0,0,1,1,1,1,0,1,0,1,1,1,1,1,1,1,1,1,1,1,1,1,1,1,0,0,0,1,0,0,1,1,1,1,1,1,0,0,1,1,1,1,1,1,0,1,1,1,1,1,0,0,0,1,1,0,0,0,0,1,1,1,1,1,1,1,1,1,1,1,1,1,0,1,1,1,1,1,1,0,0,1,1,1,1,1,1,1,1,1,0,1,1,1
39
42,25,11,11,11,11,11,11,11,36,36,39,6,61,24,24,24,24,60,32,78,35,35,35,20,20,20,20,20,20,13,13,13,13,13,13,13,13,13,13,13,26,41,40,40,40,40,40,40,55,55,55,17,17,4,4,4,4,4,4,4,4,4,4,4,4,4,4,4,47,47,21,21,21,21,21,21,21,19,19,19,19,19,43,43,43,59,59,3,16,16,16,16,16,23,31,31,1,1,1,1,1,1,1,1,1,1,1,1,1,1,1,1,1,1,1,1,1,1,1,1,1,1,1,1,1,1,1,1,1,1,1,1,1,1,1,14,12,12,12,12,53,53,53,53,53,22,22,22,22,22,22,22,22,22,22,44,44,5,5,68,68,58,30,30
1,1,1,1,0,1,0,1,1,1,1,1,0,1,0,1,1,1,1,1,1,1,1,1,1,1,1,1,1,1,1,0,1,1,1,1,1,1,1,1,1,0,1,1,1,1,1,1,1,0,1,1,0,0,1,1,1,1,1,1,1,1,1,1,1,1,1,1,0,1,1,0,1,1,1,1,0,1,0,0,1,1,1,0,1,1,1,1,1,0,1,1,1,1,1,1,1,1,1,1,1,1,1,0,0,1,1,0,1,0,0,0,1,0,1,0,0,1,1,1,1,1,1,0,0,0,1,0,0,1,1,1,0,1,1,1,0,0,0,0,1,0,1,1,1,1,1,1,1,1,1,1,0,1,1,0,1,1,1,1,1,1,1,1,1
40
2,2,25,25,25,25,36,36,36,39,105,51,33,33,12,26,52,52,17,17,17,17,17,17,17,64,69,43,43,16,16,16,16,16,16,16,16,38,38,45,45,1,1,1,1,1,1,1,1,1,1,1,1,1,1,1,1,1,1,1,1,1,1,1,1,1,1,1,1,1,1,1,1,1,1,1,1,1,1,53,53,53,22,22,22,22,22,22,22,22,22,22,22,22,22,22,44,44,63,88,11,11,11,11,11,11,11,11,11,11,11,11,46,32,32,32,24,24,24,24,24,24,24,60,78,55,55,20,13,40,40,40,40,76,21,21,21,21,21,19,19,19,19,6,35,35,35,35,54,61,56,68,68,68,4,4,4,4,4,4,4,4,4,4,4,4,4,4,4,4,4,4,4,129,30,30
0,0,1,0,1,1,0,0,0,1,0,1,1,1,0,1,0,1,0,0,0,0,0,0,0,0,1,0,1,0,0,1,0,1,1,1,1,1,0,0,1,0,0,0,1,1,1,1,0,0,0,1,1,1,0,1,1,1,1,0,1,1,1,1,0,1,1,0,1,0,0,0,1,0,0,1,0,0,0,1,1,1,1,0,1,1,1,1,1,1,1,1,0,0,1,0,0,1,0,0,0,1,0,1,1,0,1,0,1,1,0,0,1,0,1,1,1,1,1,1,0,1,1,1,0,1,1,1,0,1,1,1,1,0,0,1,1,0,1,0,1,1,1,0,1,1,1,1,0,0,0,1,1,1,1,1,1,1,1,1,1,1,1,1,1,1,1,1,1,1,1,1,1,0,1,1
41
2,25,11,11,11,11,11,11,11,11,43,51,51,61,24,24,32,32,55,35,35,35,20,20,20,20,13,13,13,13,13,13,13,52,40,40,40,64,64,17,16,16,16,16,16,16,42,21,21,21,21,21,21,19,19,19,19,19,19,19,6,6,6,4,4,4,4,4,4,4,31,1,1,1,1,1,1,1,1,1,1,1,1,1,1,1,1,1,1,1,1,1,1,1,1,1,1,1,1,1,1,1,1,1,1,1,1,1,1,1,91,14,12,12,12,53,53,53,53,53,53,62,22,22,22,22,22,22,5,5,68,58
1,1,1,0,1,1,1,1,1,1,1,1,1,0,1,1,1,1,1,1,1,1,1,0,1,1,1,1,1,1,1,1,1,0,1,1,1,1,1,0,0,0,1,1,1,1,1,0,0,1,1,1,1,1,1,0,0,1,0,1,0,1,0,1,1,1,1,1,1,1,1,1,1,1,1,1,1,1,0,1,1,1,0,0,0,1,0,1,1,1,1,1,1,1,1,1,1,1,1,1,0,1,0,0,1,1,1,1,1,1,0,1,1,1,1,0,1,1,1,1,1,1,0,1,1,1,1,1,1,0,1,1
42
2,2,25,11,11,11,11,36,36,51,24,24,24,24,24,32,78,35,35,35,35,20,20,20,13,13,26,52,40,40,40,40,40,55,55,17,17,17,17,17,16,16,16,16,16,47,49,49,21,21,21,21,21,21,21,19,19,19,19,19,19,19,19,19,43,43,59,42,4,4,4,4,4,4,4,4,4,4,4,4,4,4,4,4,4,4,4,4,4,4,4,4,23,31,31,1,1,1,1,1,1,1,1,1,1,1,1,1,1,1,1,1,1,1,1,1,1,1,1,1,1,1,1,1,1,1,1,1,1,1,1,1,1,1,1,1,61,12,12,12,12,53,53,53,53,53,130,58,22,22,22,22,22,22,22,22,22,22,44,44,92,68,56,30,30
0,1,1,1,1,1,1,1,0,0,1,1,1,1,1,1,1,1,1,1,1,1,1,1,1,0,1,1,0,1,1,1,1,1,1,0,1,0,0,0,0,1,1,1,1,1,1,1,0,1,1,1,1,1,1,1,0,0,0,1,1,1,1,1,1,1,1,1,1,1,1,1,1,1,1,1,1,1,1,1,1,1,1,1,1,1,1,1,1,1,1,1,1,1,1,1,1,1,1,0,1,1,0,1,0,1,0,1,1,1,0,1,0,1,1,0,0,1,0,0,0,1,0,0,0,0,0,0,1,0,1,1,1,1,0,0,1,1,1,0,1,0,1,1,1,1,1,1,1,1,1,1,1,1,1,1,1,1,1,1,1,1,0,1,1
43
2,2,2,2,2,2,2,2,11,11,11,11,11,11,11,7,7,51,24,24,32,78,12,12,35,35,35,35,20,20,20,65,13,13,13,13,13,41,74,133,36,17,17,17,16,16,69,69,3,21,21,21,21,21,19,19,19,19,43,43,43,4,4,4,4,4,4,4,31,31,113,113,1,1,1,1,1,1,1,1,1,1,1,1,1,1,1,1,1,1,1,1,1,1,1,1,1,1,1,1,1,131,53,53,53,53,53,53,53,132,52,22,22,22,22,22,22,72,134,68,68,40,40,40
0,0,0,0,0,0,0,1,1,1,1,0,1,1,0,1,0,0,0,1,1,1,1,1,1,1,1,1,0,0,0,1,1,1,1,1,1,0,0,1,1,0,0,0,0,0,0,0,0,0,1,1,1,1,0,1,1,0,1,1,1,1,1,1,1,1,1,1,1,0,0,0,1,1,1,0,1,1,1,0,1,1,1,1,1,1,1,1,1,1,1,1,1,1,0,1,1,1,1,1,0,1,0,1,1,1,1,1,1,0,1,0,1,1,1,0,1,1,0,1,1,0,1,0
44
2,94,25,25,11,11,11,11,11,11,11,11,11,11,11,36,39,6,6,51,33,24,24,32,32,78,35,35,35,35,20,20,20,20,20,20,20,20,13,13,13,13,13,13,13,52,40,40,40,40,40,40,55,55,64,64,17,17,17,17,16,16,16,3,21,21,21,21,21,21,21,19,19,19,19,19,19,19,19,43,43,43,59,59,4,4,4,4,4,4,4,4,4,4,4,31,31,31,31,31,31,1,1,1,1,1,1,1,1,1,1,1,1,1,1,1,1,1,1,1,1,1,1,1,1,1,1,1,1,1,1,1,1,1,1,1,1,1,1,1,1,1,91,61,12,12,12,12,53,53,53,53,53,57,22,22,22,22,22,22,22,22,22,22,22,22,22,22,44,44,92,5,5,68,58,30,30
1,1,1,1,0,1,1,1,1,1,1,1,1,0,1,1,1,0,1,1,1,1,1,1,1,1,1,1,1,1,1,1,1,1,0,1,1,1,1,1,1,1,1,1,1,1,0,1,1,1,1,1,1,1,1,1,0,0,0,0,1,0,1,1,0,1,1,1,1,1,1,1,1,0,0,1,1,1,1,1,1,1,0,0,1,1,1,1,1,1,1,1,1,1,1,1,1,0,1,1,1,1,1,1,0,1,1,0,0,0,1,1,0,1,0,0,0,1,1,1,0,1,1,1,1,0,1,1,0,1,0,1,1,0,1,1,1,0,1,0,1,0,1,1,1,1,0,1,0,1,1,1,1,1,1,1,1,1,1,1,1,1,0,1,1,0,1,1,1,0,1,1,1,1,1,0,1
45
43,13,13,11,11,11,11,11,11,4,4,4,4,4,4,4,38,6,51,51,22,22,22,22,22,32,32,30,30,20,20,20,1,1,1,1,1,1,1,1,1,1,1,1,1,1,1,1,1,1,1,1,1,1,1,1,1,1,1,1,1,1,1,1,1,1,1,1,12,12,16,16,16,17,17,64,64,3,49,49,68,21,21,21,21,21,19,19,19,19,19,19
1,1,1,1,0,1,1,0,1,1,1,1,1,1,1,1,0,1,1,0,1,1,1,1,1,1,1,1,1,1,1,1,1,1,1,0,1,1,0,0,1,0,1,1,1,0,1,1,1,1,1,1,1,1,1,1,0,1,1,1,1,1,1,1,1,1,0,1,1,0,1,1,1,0,0,1,1,1,1,1,1,1,1,1,1,1,1,1,1,1,1,1
46
2,2,2,2,2,2,2,2,2,2,2,2,2,2,2,2,2,2,2,2,2,2,25,25,11,11,11,11,43,43,43,43,24,24,24,32,32,12,12,12,52,15,15,64,17,17,16,16,16,16,69,3,21,21,21,21,21,21,21,19,19,19,19,19,19,19,19,19,6,6,4,4,4,4,4,4,4,4,4,4,4,4,4,4,38,31,1,1,1,1,1,1,1,1,1,1,1,1,1,1,1,1,1,1,1,1,1,1,1,1,1,1,1,1,1,1,1,1,1,1,1,1,1,1,1,54,13,13,13,13,13,13,13,13,13,13,13,50,22,22,22,22,22,22,22,22,5,68,68
1,1,1,1,0,0,0,1,0,0,1,0,0,0,1,1,1,1,1,1,1,1,0,1,1,0,0,1,1,1,1,1,1,1,1,1,0,1,1,1,1,1,0,1,0,0,0,1,1,1,0,1,1,1,1,1,1,0,1,1,1,1,0,0,0,1,1,0,0,1,1,1,1,1,1,1,1,1,1,1,1,1,0,1,0,1,1,1,1,1,1,1,1,0,1,1,0,0,0,1,1,0,1,1,1,1,1,1,1,1,0,1,1,1,1,1,1,1,1,1,0,1,1,1,0,1,1,1,1,1,1,1,1,1,1,1,1,1,1,1,1,1,1,1,1,0,1,1,0
47
2,2,2,2,2,2,2,2,2,2,2,2,2,2,2,25,25,11,11,11,11,11,7,91,51,51,24,24,60,32,55,65,65,13,52,40,40,36,36,17,17,17,4,4,4,4,69,62,21,21,21,21,19,19,19,19,19,19,6,16,16,16,16,16,16,16,16,35,35,35,1,1,1,1,1,1,1,1,1,1,1,1,1,1,1,1,1,1,1,1,1,1,1,1,1,1,1,1,1,1,1,1,1,1,1,1,5,12,12,12,53,53,53,53,53,50,103,22,22,44,106,68,68,68,58
1,1,0,1,1,1,0,1,1,1,1,1,1,1,1,1,1,0,1,1,1,1,0,1,1,1,1,1,1,1,1,0,1,1,1,1,1,1,1,0,0,0,1,1,1,1,1,1,0,1,1,1,1,0,1,1,0,0,1,1,1,1,1,1,1,1,1,1,0,1,1,1,1,0,1,1,1,1,1,1,1,0,0,1,0,1,1,1,1,1,1,1,0,1,1,0,1,1,1,1,1,1,1,1,1,1,1,0,1,1,1,1,1,1,1,1,1,1,1,1,1,1,1,1,1
48
11,11,11,4,4,4,4,4,4,38,1,1,1,1,1,1,1,1,1,1,1,1,1,1,1,1,1,1,1,1,1,1,1,1,1,1,1,1,1,32,32,14,13,13,13,13,13,13,13,13,13,106,106,20,20,20,12,3,3,5,5,68,68,68,68,68,19,19,19
0,0,1,1,0,1,1,1,1,0,1,1,1,0,0,1,0,0,1,0,1,0,0,0,0,0,1,1,0,0,0,0,0,0,0,0,1,0,0,0,1,0,1,1,1,1,1,1,1,1,1,1,0,1,1,1,0,1,1,1,1,1,1,1,1,1,1,0,0
49
135,12,12,12,11,4,4,16,1,1,1,1,1,1,1,1,1,1,1,1,1,1,1,1,1,1,1,1,1,1,1,1,1,1,1,41,32
0,1,1,0,0,1,1,0,1,1,0,1,1,1,1,0,1,1,1,0,1,0,1,1,1,0,1,1,1,1,1,1,1,1,1,1,1
50
2,2,11,11,11,11,7,132,24,125,12,15,36,79,17,16,16,16,16,16,16,16,16,69,47,47,21,21,21,21,80,6,6,59,42,4,4,4,4,4,4,4,4,4,4,4,4,35,35,35,35,35,1,1,1,1,1,1,1,1,1,1,1,1,1,1,1,1,1,1,1,1,1,1,1,1,1,1,1,1,1,1,1,1,1,1,1,1,1,1,1,1,1,14,13,13,13,13,53,53,53,53,53,53,51,51,34,22,22,22,22,22,22,44,44,134,19,136,40,40
0,0,1,1,0,1,1,0,1,0,1,0,1,1,1,0,1,0,0,1,1,0,1,0,1,1,1,1,1,1,0,0,0,1,1,1,1,1,1,1,1,1,1,1,1,1,1,1,1,1,1,1,0,1,1,1,1,1,1,1,1,0,1,0,1,1,0,0,0,0,1,1,1,1,0,0,0,0,0,0,1,1,1,0,0,0,1,0,0,1,1,1,0,0,1,1,1,1,0,1,1,1,1,0,1,0,1,1,1,1,1,1,1,1,1,1,0,1,1,1
51
2,11,11,11,11,11,11,7,99,32,32,20,20,20,20,20,20,65,13,13,13,40,40,40,40,36,36,3,21,21,21,21,19,19,19,6,6,59,42,4,4,35,35,35,1,1,1,1,1,1,1,1,1,1,1,1,1,1,1,1,1,1,1,1,1,1,1,1,1,1,1,1,1,1,1,1,1,1,14,12,12,12,53,53,53,53,50,72,68,68,68
1,1,0,1,1,1,1,1,0,0,1,1,1,1,1,1,0,1,1,1,1,1,1,1,1,1,1,1,1,1,1,1,0,1,1,0,1,1,1,1,1,1,1,0,1,1,0,1,1,1,1,1,1,1,0,0,1,1,1,1,1,1,1,1,1,1,1,1,1,1,1,1,1,1,1,1,1,1,0,1,1,1,1,1,1,1,0,1,1,1,1
52
2,2,2,2,2,2,2,2,2,2,2,2,2,2,2,2,2,2,2,2,2,2,2,2,2,2,2,2,2,2,25,25,11,11,11,11,11,11,7,39,91,51,24,24,24,32,32,78,35,20,20,20,12,12,52,40,40,36,36,17,17,16,16,16,16,16,16,16,16,16,16,16,47,21,19,19,19,19,19,19,19,6,4,4,4,4,4,4,4,4,4,4,4,4,4,4,4,4,4,4,4,4,4,4,4,4,4,4,4,4,38,31,31,31,31,1,1,1,1,1,1,1,1,1,1,1,1,1,1,1,1,1,1,1,1,1,1,1,1,1,1,1,1,1,1,1,1,1,1,1,1,13,13,53,53,53,62,88,22,22,22,22,30,68,92
1,1,1,1,1,1,1,1,0,1,1,1,1,1,1,1,1,1,0,1,1,1,1,1,1,1,1,1,1,1,0,1,0,1,1,1,1,1,0,0,1,1,1,1,1,0,1,1,1,1,1,1,0,0,1,1,1,1,1,0,0,0,1,1,1,0,0,1,1,1,1,0,1,1,1,1,0,1,0,1,1,1,1,1,1,1,1,1,1,1,1,1,1,1,1,1,1,1,1,1,1,1,1,1,1,1,1,1,1,1,0,1,1,1,1,0,1,1,1,1,0,0,0,1,1,0,0,0,1,1,1,1,0,1,0,0,0,0,1,1,0,0,0,0,0,1,1,0,1,1,0,1,1,1,1,1,1,1,1,0,1,1,1,1,1
53
2,2,2,25,25,25,25,36,36,105,51,51,51,61,32,32,12,12,12,12,12,10,41,87,17,17,17,17,69,47,49,49,43,43,43,59,59,16,16,16,16,16,16,140,1,1,1,1,1,1,1,1,1,1,1,1,1,1,1,1,1,1,1,1,1,1,1,1,1,1,1,1,1,1,1,1,1,1,91,53,53,53,53,138,127,22,22,22,22,139,5,68,68,68,11,11,11,11,11,137,46,96,23,24,24,60,27,55,55,144,20,20,20,65,13,13,13,13,13,13,13,40,40,146,4,4,4,4,4,4,4,4,4,141,3,21,21,21,21,21,21,21,19,19,6,6,35,35,142,62,62,54,54,54,54,14,143,29,26,34,52,31,31,145
0,0,0,0,1,1,0,1,1,0,1,0,0,0,1,1,0,0,1,0,1,1,1,0,0,0,0,0,1,0,0,1,1,1,0,0,1,0,1,0,0,0,0,1,1,0,0,1,1,1,0,0,0,1,1,0,0,0,0,0,1,1,1,0,1,1,0,1,1,1,0,0,1,0,1,0,0,0,0,1,1,0,1,1,0,1,1,0,1,1,1,1,1,1,1,0,1,1,0,1,1,0,1,1,1,1,0,0,1,1,0,1,1,1,1,1,1,1,1,1,1,1,1,0,1,1,1,1,1,1,1,1,1,1,1,0,1,1,1,1,0,0,1,1,0,1,1,0,0,1,1,0,0,0,0,0,1,0,1,1,0,0,1,1
54
2,2,25,25,36,36,99,99,51,51,51,32,113,12,12,12,12,52,52,17,17,17,17,17,64,69,42,59,47,16,16,16,16,16,31,31,1,1,1,1,1,1,1,1,1,1,1,1,1,1,1,1,1,1,1,1,1,1,1,1,1,1,1,1,1,1,1,1,1,1,1,1,1,1,1,1,1,1,53,53,132,22,22,22,22,22,22,22,22,22,22,22,146,5,68,68,68,68,58,11,11,11,11,11,11,11,11,11,11,11,11,11,11,11,11,11,11,7,23,23,24,60,55,20,20,20,20,20,65,13,13,40,40,40,40,40,44,4,4,4,4,4,4,21,21,21,21,21,21,19,19,19,19,19,19,19,6,35,35,35,35,54,54,54,14,93,93,30,30,30,30
0,1,1,1,0,0,0,1,1,0,0,1,0,0,0,0,1,1,1,1,0,0,0,0,0,0,1,1,1,1,1,1,1,1,1,1,1,1,1,1,1,1,1,1,1,1,0,0,1,0,0,0,1,1,1,1,1,0,0,1,1,1,1,1,1,1,1,0,0,0,1,0,1,0,0,1,0,0,1,1,0,1,1,0,1,0,1,1,0,1,0,1,1,1,1,1,1,1,1,0,0,1,0,1,0,1,1,1,0,1,1,0,1,1,1,1,0,1,1,1,1,1,1,1,1,1,1,1,1,1,1,1,1,0,1,1,1,1,1,1,1,1,1,0,0,0,1,1,1,1,0,0,1,1,1,0,1,1,1,1,0,1,1,1,1,0,1,1,1,1,1
55
1,4
0,1
56
2,2,2,11,7,91,51,32,32,33,55,55,20,20,20,20,12,12,12,12,40,40,40,40,40,40,40,64,17,4,3,21,21,21,21,19,19,19,6,6,59,59,16,16,35,35,1,1,1,1,1,1,1,1,1,1,1,1,1,1,1,1,1,1,1,1,1,1,1,1,1,1,1,1,1,1,1,1,1,1,1,1,1,1,1,1,1,14,13,13,13,13,13,13,13,53,53,53,53,53,53,36,44,68,68,68,68,68,68,68,58
0,0,0,1,1,1,0,0,1,0,1,1,1,1,1,0,0,1,1,1,1,1,1,1,1,1,1,1,1,1,1,1,1,1,1,1,1,1,1,1,1,1,1,1,1,1,0,1,1,1,1,1,1,1,1,1,1,1,1,1,1,1,1,1,1,1,0,1,1,1,1,1,1,1,1,1,1,1,1,1,1,1,1,0,1,1,1,1,1,1,1,1,1,1,1,1,1,1,1,1,1,1,1,1,1,1,1,1,1,1,1
57
2,25,11,11,11,11,11,11,11,11,6,6,60,78,20,12,12,12,12,52,40,17,4,4,4,4,4,4,47,23,43,3,16,16,16,38,1,1,1,1,1,1,1,1,1,1,1,1,1,1,1,1,1,1,1,1,1,1,1,1,1,1,1,1,1,1,13,13,13,22,22,22,22,22,22,22,22,5,5,56
0,1,1,0,1,1,0,1,0,1,0,0,1,1,1,0,0,0,0,1,1,0,1,1,1,1,1,1,1,1,1,1,0,1,0,0,1,1,0,0,0,0,0,0,0,1,0,1,1,1,0,0,0,0,0,1,1,1,0,0,1,1,1,1,1,1,1,1,1,1,1,1,1,1,0,0,0,1,1,0
58
25,11,11,11,11,11,11,11,11,11,11,11,11,11,11,46,91,51,51,24,24,24,24,60,33,33,55,35,35,20,20,20,20,20,20,20,13,13,13,26,26,52,40,40,40,40,40,64,64,17,17,17,17,4,4,4,4,4,4,4,4,4,4,47,21,21,21,21,21,19,19,19,19,6,6,42,42,16,16,16,16,16,16,16,16,39,1,1,1,1,1,1,1,1,1,1,1,1,1,1,1,1,1,1,1,1,1,1,1,1,1,1,1,1,1,1,1,1,1,1,1,1,1,1,1,1,1,1,147,54,14,12,12,12,12,12,53,53,53,53,53,68,68,68,68,68,68,68,34,22,22,22,22,22,22,22,44,30,30,30,30,95,58,123
0,1,1,0,1,1,1,1,1,1,1,1,1,1,1,1,1,0,0,0,1,1,1,1,1,0,1,1,1,1,1,1,1,0,0,1,1,1,1,1,1,1,1,1,1,1,1,0,1,0,0,0,0,1,1,1,1,1,0,1,1,1,1,1,1,1,0,1,1,1,1,1,1,0,1,1,1,0,0,0,0,1,1,1,0,0,1,1,1,1,0,1,1,0,1,1,0,1,0,1,1,0,0,1,0,1,1,1,1,1,1,1,1,0,1,1,1,1,0,1,1,0,0,1,1,1,1,1,0,0,1,1,0,0,1,1,0,1,1,1,1,1,1,1,1,1,1,1,1,1,1,1,1,1,1,0,1,0,1,1,1,0,1,0
59
2,2,2,2,25,36,36,39,151,51,51,32,32,12,12,12,12,12,26,52,52,15,55,17,17,17,17,64,64,69,69,69,47,47,49,43,43,43,43,59,59,4,4,4,4,38,45,1,1,1,1,1,1,1,1,1,1,1,1,1,1,1,1,1,1,1,1,1,1,1,1,1,1,1,1,1,1,1,1,1,1,1,18,18,53,53,53,53,150,150,153,22,22,22,22,22,22,44,44,44,68,68,68,154,11,11,11,11,11,11,11,11,11,11,11,11,11,11,11,11,11,7,46,46,96,24,24,149,149,148,78,20,20,20,20,20,20,20,20,20,20,67,13,13,13,13,13,13,13,13,13,13,40,40,40,16,16,16,16,16,16,91,21,21,21,21,21,21,19,19,19,6,35,35,35,35,54,54,54,54,14,118,118,118,110,116,50,155,152,31,31,31,30,30
1,0,0,0,1,1,1,1,0,1,1,1,0,0,1,0,1,1,1,1,0,1,0,0,1,1,1,0,0,1,1,1,1,1,1,1,0,1,1,0,1,1,1,1,1,1,1,1,1,0,1,1,1,1,0,1,1,1,0,0,0,1,0,1,0,1,0,0,1,1,1,0,0,0,0,0,1,0,0,1,1,1,1,1,0,1,1,1,1,1,1,1,1,1,1,1,0,0,1,1,1,1,1,1,1,0,1,0,1,1,1,1,1,0,1,1,1,0,1,1,1,0,0,0,0,0,1,1,0,0,0,0,1,1,1,0,0,1,0,1,1,0,1,1,1,1,1,1,1,1,1,1,1,1,1,0,1,1,0,0,1,1,0,1,1,1,1,1,0,1,1,1,1,0,0,1,1,1,1,1,1,0,1,1,1,0,1,0,0,0,1,1,0,1
60
25,25,25,25,39,51,156,12,12,26,26,52,17,17,17,17,17,17,17,17,64,64,64,71,42,49,49,43,43,43,43,43,43,59,59,47,16,16,16,16,38,45,1,1,1,1,1,1,1,1,1,1,1,1,1,1,1,1,1,1,1,1,1,1,1,1,1,1,1,1,1,1,1,1,1,1,1,1,1,1,1,1,1,1,1,53,53,53,53,53,32,22,22,22,22,22,22,22,22,19,19,19,19,19,19,19,19,19,19,19,19,5,5,68,68,68,68,68,68,58,11,11,11,11,11,11,11,33,24,24,24,24,24,78,55,55,55,20,20,20,20,20,20,20,20,20,20,20,13,13,13,13,40,40,40,40,40,4,4,4,4,4,4,4,4,4,4,4,4,4,4,3,3,21,21,21,21,21,21,108,35,35,62,34,34,30,31,31,123
1,1,1,1,1,0,1,1,0,1,0,1,0,0,0,0,0,0,0,0,0,0,1,0,1,0,0,1,1,1,1,1,1,1,1,1,1,1,1,1,1,1,1,1,1,1,1,1,1,1,0,1,0,1,0,0,1,1,1,1,1,1,0,1,1,1,1,1,1,1,1,1,1,1,1,1,1,1,1,1,1,1,1,1,1,0,1,1,1,1,1,1,1,0,0,1,1,0,1,1,1,0,1,1,1,1,0,0,1,1,1,1,0,1,1,1,1,1,1,1,1,1,1,0,1,1,1,1,1,1,1,1,1,1,0,0,1,1,0,1,1,1,1,1,1,1,1,1,1,1,1,0,1,1,1,0,1,1,1,1,1,1,1,1,1,1,1,1,0,1,1,1,1,0,1,1,1,1,1,1,1,1,1,1,1,1,1,1,0
61
2,2,2,2,2,25,11,11,39,157,51,24,24,24,24,24,24,32,32,78,78,35,35,35,35,35,35,35,20,20,20,20,20,20,20,12,12,12,12,26,26,52,40,40,40,40,55,44,17,17,17,17,17,16,16,16,16,16,16,3,3,21,21,21,21,19,19,19,19,6,59,42,4,4,4,4,4,4,4,4,4,4,4,4,4,31,31,31,31,31,1,1,1,1,1,1,1,1,1,1,1,1,1,1,1,1,1,1,1,1,1,1,1,1,1,1,1,1,1,1,1,1,1,1,1,1,1,13,13,13,13,13,13,13,13,13,13,13,13,53,53,53,62,22,22,22,22,22,22,22,22,22,22,22,94,5,5,5,68,68,58,30
1,1,0,0,0,1,0,1,0,0,1,1,1,0,1,1,1,1,1,1,1,1,1,1,1,1,1,1,1,1,1,1,1,1,1,0,1,1,1,1,1,1,1,1,1,1,1,1,0,0,0,0,0,1,0,1,1,1,0,1,1,1,1,1,1,1,1,1,1,0,1,1,1,1,1,1,1,1,1,1,1,0,1,1,1,1,1,1,1,1,1,1,1,0,1,1,1,1,0,0,0,0,1,0,1,1,1,1,1,1,1,1,0,1,1,1,1,1,1,1,1,1,0,1,0,1,1,1,1,1,1,1,1,1,1,1,1,1,1,0,1,1,1,1,1,1,1,0,1,1,0,0,0,0,1,1,1,1,1,1,1,1
62
2,25,25,25,25,36,39,33,12,12,12,26,26,52,17,17,17,64,69,47,47,47,49,43,43,43,43,43,59,16,16,16,16,16,38,45,1,1,1,1,1,1,1,1,1,1,1,1,1,1,1,1,1,1,1,1,1,1,1,1,1,1,1,1,1,1,1,1,1,1,1,1,1,1,1,53,53,53,53,53,22,22,22,22,22,22,22,22,44,68,68,58,92,11,11,11,11,11,11,11,11,46,32,32,24,24,24,60,27,55,55,55,20,20,20,20,20,20,13,13,13,13,13,40,40,40,40,40,40,4,4,4,4,4,4,4,4,4,4,4,4,4,3,21,21,21,21,21,21,19,19,19,19,19,19,19,6,6,6,35,35,34,31,31,31,30
0,1,1,1,1,1,1,1,1,1,1,1,1,1,0,0,0,1,1,1,1,1,1,1,1,1,1,1,1,0,1,1,1,1,1,1,0,1,1,1,1,1,0,0,1,0,0,0,1,0,0,0,0,1,1,1,1,1,1,1,1,1,1,1,1,1,1,1,1,1,1,1,1,1,0,1,1,1,1,1,1,1,1,0,1,1,1,1,1,1,1,1,1,1,1,0,1,1,1,1,1,1,1,1,1,1,1,1,0,1,1,1,1,1,1,1,1,1,1,1,1,1,1,1,1,1,1,1,1,1,1,1,1,1,1,1,1,1,1,1,1,1,1,0,1,1,1,1,0,1,1,0,1,1,1,1,0,1,0,1,1,1,1,0,1,1
63
2,2,2,25,25,25,25,25,160,80,39,91,32,12,12,12,12,159,52,52,17,17,17,17,17,17,64,64,64,69,42,49,49,43,4,4,4,4,4,4,4,4,4,4,4,4,4,4,4,4,4,4,4,4,4,31,45,1,1,1,1,1,1,1,1,1,1,1,1,1,1,1,1,1,1,1,1,1,1,1,1,1,1,1,1,1,1,1,1,1,1,1,1,1,1,1,1,1,161,53,53,53,53,53,53,117,22,22,22,22,22,22,22,44,44,19,19,19,19,19,19,5,58,11,11,11,11,11,11,11,11,11,11,11,11,11,11,11,11,24,24,158,78,55,55,55,20,20,20,20,20,20,13,94,40,40,40,40,40,16,16,16,16,16,16,16,16,16,16,62,21,21,21,21,21,108,108,108,86,6,6,35,35,35,54,14,14,14,14,56,93,26,30,30
0,0,1,1,1,1,1,0,1,1,1,1,1,1,1,0,1,1,1,1,1,0,0,1,0,0,0,1,1,1,1,1,1,1,1,1,1,0,1,1,1,1,1,1,1,1,1,1,1,1,1,1,1,1,1,1,0,1,1,1,1,1,1,1,1,1,1,1,0,1,1,1,0,1,1,0,1,1,1,1,1,1,0,1,1,1,1,1,1,1,0,1,1,1,0,0,0,0,1,0,1,1,1,1,1,1,1,1,1,0,1,1,1,0,1,0,1,1,1,1,1,1,1,1,1,1,1,0,1,1,1,0,1,1,0,1,1,1,1,1,1,1,1,1,1,1,1,1,1,1,1,1,1,1,1,1,1,1,1,1,1,1,1,1,1,1,1,1,1,1,0,0,1,1,1,1,1,1,1,0,1,1,0,1,0,1,1,1,1,1,1,1,1,1
64
2,25,25,25,11,11,11,11,11,11,11,11,11,80,6,51,162,24,24,24,60,32,32,78,35,35,35,20,20,20,61,13,52,40,40,40,40,104,104,36,36,17,17,17,17,17,17,17,17,16,16,16,16,47,47,21,21,21,21,23,43,4,4,4,4,4,4,4,4,4,4,4,4,4,4,4,4,4,4,4,4,38,45,1,1,1,1,1,1,1,1,1,1,1,1,1,1,1,1,1,1,1,1,1,1,1,1,1,1,1,1,1,1,1,1,1,1,1,1,1,1,1,14,14,14,12,12,12,53,53,53,53,55,55,73,22,22,22,22,22,22,22,22,22,44,44,129,19,19,19,19,19,19,5,95,58
1,1,1,1,0,1,1,1,1,0,0,0,1,0,0,0,0,1,1,1,1,0,1,1,1,1,1,0,1,1,0,1,1,1,1,1,1,0,0,0,0,0,0,0,0,0,0,0,0,0,1,0,1,1,1,1,1,1,0,1,0,1,1,1,1,1,1,1,1,1,1,1,1,1,1,1,1,1,1,1,1,0,0,1,0,0,0,1,1,1,0,1,0,0,0,1,0,0,0,0,0,1,1,1,1,0,0,1,1,1,0,0,0,0,0,1,1,1,0,1,1,1,1,0,0,0,1,0,1,1,0,0,1,1,0,1,1,0,1,1,1,0,0,1,1,1,1,0,1,1,1,0,1,0,1,0
65
2,6,25,11,11,11,11,11,11,11,4,4,4,4,4,4,4,4,4,4,4,4,4,4,4,4,4,4,4,38,51,51,51,23,24,24,24,24,12,12,20,20,20,20,1,1,1,1,1,1,1,1,1,1,1,1,1,1,1,1,1,1,1,1,1,1,1,1,1,1,1,1,1,1,1,1,1,1,1,1,1,1,1,13,13,13,13,13,13,52,52,93,93,22,22,22,22,22,22,22,22,22,16,16,16,16,19,19,19,19,19,19,19,5,21,21,21,21,21,30,30
1,1,1,1,1,1,1,0,1,1,1,1,1,1,1,1,1,1,1,1,1,1,1,1,1,1,1,1,1,1,0,1,1,1,1,1,1,1,1,1,1,1,0,1,1,1,1,1,0,1,0,0,1,0,1,1,1,0,1,1,1,1,1,0,1,1,1,0,1,1,1,1,1,1,1,0,0,1,0,1,1,1,1,1,1,0,1,1,1,1,1,1,1,1,1,1,1,1,0,1,1,1,1,1,0,0,1,0,0,1,1,1,0,1,0,1,1,0,1,1,0
66
25,25,11,11,11,11,11,11,11,11,11,7,39,43,43,43,51,51,27,24,24,60,32,32,55,55,35,35,35,35,35,20,20,113,13,13,13,13,13,13,13,13,13,13,13,13,13,26,52,52,40,40,40,40,40,44,44,17,17,17,17,17,16,16,16,69,47,49,49,21,21,21,21,21,21,21,23,6,3,3,4,4,4,4,4,4,4,4,4,4,38,45,31,1,1,1,1,1,1,1,1,1,1,1,1,1,1,1,1,1,1,1,1,1,1,1,1,1,1,1,1,1,1,1,1,1,1,1,1,1,1,61,12,12,53,53,53,53,53,53,22,22,22,22,22,22,22,22,22,72,19,19,19,19,19,19,19,19,19,19,19,5,5,68,68,68,68,68,56,30
0,1,1,0,0,1,1,1,1,1,1,1,1,1,1,1,0,0,1,1,1,1,1,1,1,1,1,1,1,1,1,1,1,1,1,1,1,1,1,1,1,1,1,1,1,1,1,1,1,1,1,1,1,1,1,1,1,0,0,0,0,1,1,1,1,1,1,1,0,1,0,1,1,1,1,1,1,1,1,1,1,1,1,1,1,1,1,1,1,1,0,1,0,1,1,0,1,1,0,1,1,0,1,0,1,1,0,1,1,1,1,1,1,1,1,1,1,1,1,0,0,1,0,1,1,1,0,1,1,1,1,1,0,0,1,1,1,1,1,1,1,1,0,1,0,1,1,1,1,1,0,1,1,1,1,0,0,0,0,1,1,1,1,1,1,1,1,1,1,1
67
2,2,25,25,11,11,11,11,36,36,43,43,24,24,24,24,24,32,125,78,20,20,20,20,20,20,13,13,13,13,13,40,40,17,17,17,17,16,16,16,16,69,21,21,21,21,21,21,19,19,19,19,19,96,59,59,4,4,4,4,4,4,4,4,4,4,4,4,4,31,77,1,1,1,1,1,1,1,1,1,1,1,1,1,1,1,1,1,1,1,1,1,1,1,1,1,1,1,1,1,1,1,1,1,1,162,12,12,12,53,53,53,53,103,22,22,22,22,22,22,22,22,22,22,22,35,35,35,88,5,5,68,68,58,30,30,30
0,0,0,1,1,1,1,1,0,1,1,1,1,1,1,1,1,0,1,1,0,1,1,1,0,1,1,0,1,1,1,1,1,1,0,0,0,0,1,0,1,1,0,1,1,1,0,1,1,0,1,1,1,0,1,1,1,1,1,1,1,1,1,1,1,1,1,1,1,1,1,1,1,1,0,1,1,1,1,0,0,1,0,0,0,1,0,0,1,0,0,0,1,1,0,0,0,0,0,0,1,0,1,1,0,0,1,0,0,1,1,0,1,0,0,1,0,1,0,1,1,0,1,1,0,1,1,1,1,0,0,1,1,1,0,1,1
68
2,2,2,2,2,2,25,25,25,25,36,14,32,12,12,12,17,17,17,17,17,17,64,64,64,64,71,42,42,115,43,59,16,16,16,16,16,31,31,31,31,31,45,1,1,1,1,1,1,1,1,1,1,1,1,1,1,1,1,1,1,1,1,1,1,1,1,1,1,1,1,1,1,1,1,1,1,1,1,163,53,53,53,53,73,73,103,22,22,22,22,22,22,22,22,22,22,22,22,44,37,5,5,68,68,58,11,11,11,11,11,11,11,7,7,46,46,24,24,24,60,27,149,78,20,20,20,20,20,20,20,20,13,13,13,13,13,13,40,40,40,4,4,4,4,4,4,4,4,4,4,4,3,21,21,21,21,19,19,19,19,6,6,35,35,35,35,35,54,54,61,123,30
1,1,1,1,1,0,1,1,1,1,1,1,1,0,1,1,1,0,0,0,0,0,0,1,1,1,0,0,1,0,1,1,0,1,1,1,1,1,1,1,1,1,1,1,1,1,1,1,1,1,1,1,1,1,1,1,1,1,1,1,1,1,1,1,1,1,1,1,1,1,1,1,1,1,1,1,1,1,1,1,1,1,0,1,0,1,0,1,1,1,1,1,1,1,1,0,1,1,1,1,0,1,1,1,1,1,1,1,1,1,1,1,1,1,1,0,1,1,0,1,1,0,1,1,1,1,1,1,1,1,1,1,1,1,1,1,1,1,1,1,1,1,1,1,1,1,1,1,1,1,1,1,0,1,1,1,1,0,1,1,1,1,1,1,1,1,1,1,0,1,1,1,1
69
2,2,2,2,2,2,2,2,2,2,2,2,2,2,2,2,2,2,2,2,2,2,2,2,2,11,11,11,11,11,11,11,11,11,11,11,11,11,11,11,36,18,51,32,24,24,24,24,60,27,78,35,35,35,35,20,20,20,20,20,20,61,12,12,12,52,40,40,40,40,40,40,55,16,16,16,17,17,17,64,3,21,21,21,21,21,19,19,19,19,6,6,6,6,6,119,4,4,4,38,38,1,1,1,1,1,1,1,1,1,1,1,1,1,1,1,1,1,1,1,1,1,1,1,1,1,1,1,1,1,1,1,1,1,1,1,1,1,1,1,1,1,1,1,1,1,1,1,1,1,1,1,1,1,1,1,164,54,14,13,13,13,53,53,53,53,62,59,98,22,22,22,22,22,22,22,44,44,108,5,5,68,68,58,30
1,1,0,0,0,1,0,0,1,0,1,0,0,1,0,0,0,0,0,1,1,1,1,1,0,1,1,1,1,1,1,1,1,1,1,1,1,1,1,1,1,0,1,0,1,1,0,0,1,1,0,1,1,1,1,1,1,0,0,0,1,0,0,0,0,1,1,1,1,1,1,1,1,1,1,1,0,0,0,0,1,1,1,1,1,1,1,1,1,1,0,1,1,1,1,0,1,1,1,0,0,1,1,1,1,1,0,0,0,1,0,0,0,0,1,0,1,1,1,1,1,1,0,1,1,0,0,0,0,1,1,1,1,1,1,1,1,1,1,1,1,1,1,1,1,1,1,1,1,1,1,1,1,1,1,0,1,0,1,0,1,0,1,0,1,1,1,1,1,1,0,0,1,0,0,1,1,1,1,1,0,1,1,0,1
70
2,2,2,25,25,11,11,11,11,11,11,11,11,11,11,11,36,36,36,39,43,43,43,43,24,24,60,32,55,35,35,35,20,20,20,20,20,20,20,20,12,12,12,26,26,52,15,16,16,16,17,17,17,17,17,64,3,49,21,21,21,21,21,21,21,31,6,47,4,4,4,4,4,4,23,1,1,1,1,1,1,1,1,1,1,1,1,1,1,1,1,1,1,1,1,1,1,1,1,1,1,1,1,1,1,1,1,1,1,1,1,1,1,1,1,13,13,13,13,13,13,13,13,13,53,53,62,98,22,22,22,22,22,22,22,101,115,5,5,68,68,68,68,40,40,40,40,40,40,40,40
0,1,0,1,1,1,1,1,0,1,0,1,1,1,1,1,1,1,1,1,1,1,1,1,1,1,1,0,1,1,1,1,1,1,1,1,1,1,1,1,0,0,1,0,1,1,0,1,1,1,1,0,0,0,0,1,1,1,0,1,1,1,1,1,1,1,0,1,1,1,1,1,1,1,1,1,0,1,1,1,0,1,1,0,0,0,1,1,1,0,1,1,1,1,1,1,0,0,0,0,1,0,1,0,1,0,0,1,1,1,1,1,1,1,1,1,1,1,1,1,0,1,1,1,1,1,1,1,1,1,1,1,1,1,1,1,0,1,1,1,1,1,1,1,1,1,1,1,1,1,1
71
25,25,25,25,25,11,11,11,11,11,11,36,18,51,24,24,24,24,20,20,20,20,20,20,20,12,12,4,4,4,4,4,4,4,4,4,4,52,40,40,40,17,17,17,64,47,49,21,21,21,21,21,21,21,21,21,21,21,43,43,43,43,43,43,6,42,16,16,16,16,23,1,1,1,1,1,1,1,1,1,1,1,1,1,1,1,1,1,1,1,1,1,1,1,1,1,1,1,1,1,1,1,1,1,1,1,1,1,13,53,22,22,22,22,22,22,22,22,22,22,22,22,19,19,19,19,19,19,31,31,58,92
1,1,1,1,1,1,0,1,1,1,0,0,1,1,1,1,1,1,1,1,1,1,1,1,1,0,0,1,1,1,1,1,0,1,1,1,1,1,1,1,1,0,0,0,1,1,1,0,1,1,1,1,0,1,1,1,1,1,1,1,1,1,0,1,1,1,0,1,0,1,1,1,1,1,1,1,0,0,0,1,1,0,0,1,1,1,1,1,0,1,1,1,1,1,1,1,0,1,1,1,1,1,1,1,1,1,1,1,0,0,1,0,1,1,1,0,1,1,1,1,1,1,1,1,1,1,1,1,1,1,1,1
72
11,11,11,11,11,36,36,39,43,43,51,24,32,55,20,20,20,20,13,13,13,13,13,52,40,40,40,40,64,17,17,17,16,16,16,16,69,47,21,21,21,19,19,19,19,19,19,19,6,59,4,4,4,4,4,4,4,4,4,4,4,4,4,4,4,4,4,4,4,4,4,4,4,4,4,35,1,1,1,1,1,1,1,1,1,1,1,1,1,1,1,1,1,1,1,1,1,1,1,1,1,1,1,1,1,1,1,1,1,1,1,1,1,1,1,1,12,12,12,12,53,53,53,62,93,22,22,22,22,22,22,22,44,5,68
0,1,0,1,1,0,0,1,0,1,0,1,0,1,1,1,1,1,1,1,1,1,1,1,1,1,1,1,1,0,0,0,0,1,1,1,0,1,1,0,0,1,1,0,0,1,1,1,0,1,1,1,0,1,1,1,1,1,1,1,1,1,1,1,1,1,1,1,1,1,1,1,1,1,1,1,1,0,0,0,0,1,1,1,0,0,1,0,1,0,0,0,1,0,1,0,1,1,1,1,0,1,0,0,1,0,0,1,0,1,0,0,1,0,1,1,1,0,0,1,1,1,1,1,1,1,1,1,1,1,1,1,1,0,1
73
73
25,11,11,11,11,11,11,11,36,39,51,23,24,24,60,32,78,40,40,35,35,35,20,20,20,20,20,13,13,13,13,13,13,10,15,55,55,55,79,17,17,17,17,16,16,16,47,21,21,21,21,21,19,19,19,19,19,19,6,59,3,4,4,4,4,4,4,4,4,31,31,1,1,1,1,1,1,1,1,1,1,1,1,1,1,1,1,1,1,1,1,1,1,1,1,1,1,1,1,1,1,1,1,1,1,1,1,1,14,53,53,53,53,26,34,22,22,22,22,22,22,22,22,22,22,22,44,44,5,5,30,30
1,0,1,1,1,1,1,1,0,1,0,1,1,1,1,0,1,1,1,1,1,1,1,1,1,1,1,1,1,1,1,1,1,1,1,1,1,1,1,0,0,0,0,0,1,0,1,1,1,1,1,1,0,1,1,1,1,1,0,1,1,1,1,1,1,1,1,1,0,1,1,1,1,0,1,0,1,1,1,1,1,1,1,1,1,1,1,1,1,0,1,1,0,1,1,1,1,0,1,1,1,1,1,1,1,1,1,1,0,1,1,1,1,1,1,1,1,1,1,1,1,1,1,1,1,0,1,1,0,1,1,1
74
1,1,1,2,2,4
1,1,0,0,0,1
75
2,2,2,2,2,2,2,2,2,2,2,2,2,2,2,2,2,2,2,2,2,2,43,11,11,4,4,4,4,4,4,4,31,1,1,1,1,1,1,1,1,1,1,1,1,1,1,1,1,1,1,1,1,1,1,1,1,32,24,14,13,13,13,13,13,20,12,22,22,22,17,3,3,5,5,5,5,5,68,21,21,21,21,21,19
0,1,0,1,1,1,1,0,1,1,1,1,1,1,1,1,1,1,1,1,0,1,1,1,1,1,1,1,1,1,1,0,1,1,1,1,1,0,1,0,0,1,1,0,1,0,0,0,1,0,0,1,0,0,1,0,0,1,1,0,1,1,1,1,1,0,0,0,1,1,0,1,1,1,0,0,1,1,1,1,1,1,1,0,1
76
42,59,59,11,11,11,4,4,4,4,35,35,46,1,1,1,1,1,1,1,32,32,13,53,53,53,53,53,55,20,44,44,12,12,40,40,40,40,22,17,17,16,19,5,5,30
1,1,1,1,1,1,1,0,1,1,1,1,1,1,1,1,1,1,0,1,0,1,0,0,1,1,1,1,1,1,1,1,1,1,0,1,1,1,1,0,0,0,1,0,0,1
77
2,2,2,2,2,2,2,2,17,17,13,13,13,4,4,4,4,1,1,1,1,1,1,1,1,1,1,1,1,1,1,1,1,1,1,1,3,5,5
0,0,1,1,1,1,1,1,0,0,1,1,1,1,1,1,1,1,1,1,1,0,1,0,0,1,0,1,0,1,0,1,1,1,0,0,1,0,1
78
11,11,11,11,11,11,11,11,11,11,11,11,11,36,6,6,24,24,32,55,55,20,20,20,12,40,40,40,40,40,40,17,17,17,17,17,16,42,21,21,21,19,19,19,19,43,43,43,59,3,4,4,4,4,4,35,1,1,1,1,1,1,1,1,1,1,1,1,1,1,1,1,1,1,1,1,1,1,1,1,1,1,14,53,53,53,53,22,22,44,37,5,5,58
1,1,1,1,1,0,1,0,1,0,1,1,1,0,0,1,1,1,0,1,0,1,1,1,0,1,1,1,1,1,1,0,0,0,0,0,0,1,0,0,0,1,1,0,1,0,1,0,0,1,1,1,1,1,1,1,1,0,0,0,1,0,0,1,0,0,1,1,0,1,0,0,0,0,0,0,0,0,0,0,0,1,1,1,1,1,0,0,0,1,1,1,1,1
79
2,2,2,2,2,2,2,2,2,2,2,2,2,2,43,43,43,11,4,4,7,6,6,1,1,1,1,1,1,1,1,1,1,1,1,1,1,1,1,1,1,1,1,1,24,24,27,12,12,20,13,52,17,16,28,21,19,19
1,1,0,1,0,1,0,0,1,1,1,1,0,0,0,0,1,1,1,1,1,0,0,1,1,1,1,0,0,1,0,1,0,0,0,0,1,0,0,0,0,1,1,1,0,1,0,0,0,1,0,0,0,0,0,0,0,0
80
2,17,13,11,4,4,4,43,1,1,1,1,1,1,1,1,1,30,20,20,19,19
0,0,1,1,1,1,1,1,1,1,1,1,0,0,0,1,1,1,0,1,0,1
81
2,2,2,2,2,2,2,2,2,2,12,11,4,4,4,1,1,1,1,1,1,1,1,16
0,0,1,1,0,1,1,1,0,1,1,0,1,1,1,1,1,1,1,0,1,0,0,0
82
2,2,2,2,2,2,2,2,2,8,11,11,11,36,39,9,32,35,20,20,13,13,13,13,10,40,17,16,42,42,42,21,21,21,21,21,19,6,6,4,4,4,4,4,4,31,31,31,31,31,1,1,1,1,1,1,1,1,1,1,1,1,1,1,1,1,1,1,1,1,1,1,1,161,91,14,12,12,12,53,53,22,22,5,58,30
1,0,1,0,1,1,0,0,0,1,0,0,1,1,1,1,1,1,0,0,1,1,1,1,1,1,0,0,1,1,1,0,1,1,1,0,0,0,0,1,1,1,1,1,1,1,1,1,1,1,1,1,1,1,1,0,0,0,0,0,0,1,0,0,0,1,0,0,0,0,1,0,1,1,0,0,1,1,1,0,1,1,1,1,1,1
83
8,8,39,51,32,125,12,12,12,10,17,17,17,64,64,71,42,49,43,43,43,59,59,16,16,16,140,1,1,1,1,1,1,1,1,1,1,1,1,1,1,1,1,1,1,1,1,1,1,1,1,1,1,1,1,1,1,1,1,53,53,53,53,117,159,22,22,22,22,44,44,134,5,68,58,58,11,11,11,11,11,46,24,60,55,55,20,20,20,20,20,20,20,20,20,65,13,13,13,40,40,40,40,4,4,4,4,4,4,4,4,4,3,3,3,3,3,3,21,21,21,21,21,21,21,21,19,19,19,19,6,35,35,35,35,35,35,35,35,14,14,165,26,34,129,31,31,30
1,1,1,0,1,1,1,1,0,1,0,0,0,1,1,1,1,1,1,1,1,1,1,0,0,0,1,1,1,0,1,0,1,1,1,0,1,0,0,0,0,1,1,1,1,0,1,1,0,1,0,0,0,0,0,1,1,0,0,0,1,1,1,1,1,1,1,0,0,1,1,1,1,1,1,1,1,1,1,1,1,1,1,1,1,1,1,1,1,1,1,1,1,0,1,1,1,1,1,1,1,1,1,1,1,1,1,1,1,1,1,1,1,1,1,1,1,1,0,1,1,1,1,0,1,1,0,1,0,1,0,1,1,1,1,1,0,1,1,1,1,1,1,1,0,1,1,1
84
2,2,2,2,2,25,11,11,11,11,11,11,11,11,11,36,39,91,51,51,51,24,32,55,55,20,20,56,13,17,17,17,17,17,43,43,3,21,21,21,23,6,59,59,42,4,4,4,4,4,4,4,31,1,1,1,1,1,1,1,1,1,1,1,1,1,1,1,1,1,1,1,1,12,12,53,53,53,53,53,62,22,44,19,19,58,58,40,40,40
0,0,1,0,0,1,1,0,1,1,1,1,0,1,1,0,1,0,1,1,0,1,0,1,0,1,1,0,1,0,0,0,0,0,0,1,1,1,1,1,0,0,1,0,1,1,1,1,1,1,1,1,0,0,0,0,1,1,0,1,1,1,0,0,0,1,1,1,0,0,1,0,1,0,0,0,1,1,1,1,1,1,1,0,0,0,0,1,1,1
85
2,2,25,25,36,91,51,51,32,32,32,38,12,12,12,12,41,41,74,17,17,17,59,59,4,4,4,4,4,23,1,1,1,1,1,1,1,1,1,1,1,1,1,1,1,1,1,1,1,1,1,1,1,1,1,1,1,1,1,1,1,1,1,1,1,1,53,53,53,53,140,22,22,22,22,22,22,22,22,44,5,68,82,11,11,11,11,11,11,11,46,24,24,90,78,20,20,20,20,20,20,20,65,65,13,13,13,40,40,40,40,16,16,16,3,21,21,21,21,21,19,19,19,19,19,6,35,54,14,56,34,34,101,31,31,30,30,30,30
0,0,1,1,1,1,1,1,0,1,1,1,0,0,1,1,1,1,0,0,0,0,1,1,1,1,1,0,1,1,0,0,0,1,0,0,1,1,0,0,0,1,0,0,1,1,0,1,0,0,0,1,0,0,0,0,1,0,1,0,1,1,1,1,1,1,1,0,1,1,0,1,1,0,1,1,1,0,1,1,1,1,1,1,1,1,1,1,1,0,1,0,1,1,0,1,1,1,0,0,1,0,1,1,1,1,1,1,1,1,1,0,1,0,1,0,1,1,1,1,1,0,1,0,1,0,0,1,1,1,1,1,0,1,1,1,1,1,1
86
2,2,2,2,2,2,2,2,2,2,2,2,2,2,11,11,11,11,11,11,11,11,11,7,46,43,43,95,60,32,55,55,35,35,20,20,20,20,20,20,20,65,13,13,13,13,13,13,13,13,13,13,10,52,52,40,40,40,40,40,36,120,17,17,17,17,16,16,3,3,3,3,21,21,21,108,6,6,59,59,4,4,38,31,31,31,1,1,1,1,1,1,1,1,1,1,1,1,1,1,1,1,1,1,1,1,1,1,1,1,1,1,1,1,1,1,1,1,14,12,12,53,53,53,53,64,117,57,22,22,22,22,44,44,134,19,19,19,19,5,5,5,24
0,0,0,0,1,0,0,0,1,1,1,1,1,0,0,1,0,1,0,1,1,1,1,0,1,0,1,1,1,0,1,1,1,1,0,1,0,1,1,0,1,1,1,1,1,1,1,1,1,1,1,1,0,0,0,1,1,1,1,1,1,1,1,1,1,1,1,0,0,1,1,1,1,1,1,1,0,1,1,1,1,1,0,1,0,1,1,0,1,1,0,1,1,0,1,1,1,1,0,1,1,1,1,0,1,1,1,0,0,1,0,1,0,0,0,1,1,1,1,1,0,1,1,1,1,1,1,0,0,1,1,1,1,1,1,0,1,0,1,1,1,1,0
87
2,2,2,2,2,2,2,2,2,2,2,2,2,2,2,2,2,2,2,2,2,2,2,2,2,2,2,2,2,2,2,2,2,2,2,2,2,2,2,2,11,11,11,11,11,11,11,11,4,4,31,7,18,1,1,1,1,1,1,1,1,1,1,1,1,1,1,1,1,1,1,1,1,1,1,1,1,1,20,20,20,65,12,12,12,22,22,22,22,22,22,19,21,21,21,21,30
1,1,1,1,1,1,1,1,1,1,1,1,1,1,1,1,1,1,1,1,1,0,1,1,1,1,1,1,1,1,1,1,1,1,1,1,1,1,1,1,1,1,1,1,0,1,1,1,1,1,1,1,1,1,1,1,1,1,1,1,1,1,1,1,1,1,1,1,0,0,0,0,0,0,1,1,1,1,1,1,1,1,1,1,1,1,1,1,0,1,1,1,1,1,1,1,1
88
2,8,4,4,4,4,4,4,4,4,4,4,4,4,4,4,4,43,1,1,1,1,1,1,1,1,1,1,1,1,1,1,1,1,1,1,1,1,1,1,1,1,1,32,13,13,53,53,12,12,12,17,17,17,17,17,3,3,5,5,21,21
1,0,1,1,1,1,1,1,1,1,1,1,0,1,1,1,1,0,1,0,0,1,0,0,1,0,0,0,1,1,0,1,0,1,0,0,0,0,1,1,1,1,1,0,1,1,1,0,0,0,0,0,0,1,0,0,1,0,0,1,1,1
89
8,25,11,11,11,11,11,11,11,11,39,23,23,32,20,20,20,13,13,13,13,13,13,13,13,13,13,13,13,13,26,17,16,16,47,21,21,21,21,21,21,31,6,3,3,4,4,4,4,38,45,1,1,1,1,1,1,1,1,1,1,1,1,1,1,1,1,1,1,1,1,1,1,61,22,22,22,22,19,19,19,5,5,5,5,68,30,30
0,0,1,1,0,0,0,0,1,1,1,0,1,1,0,1,1,1,1,1,1,1,1,1,1,1,1,1,1,1,0,0,0,0,1,1,1,1,1,1,0,1,0,1,1,1,1,1,1,0,0,0,0,1,0,1,1,0,0,0,0,1,0,1,1,0,1,1,1,0,0,1,1,1,1,1,1,1,1,0,1,1,1,1,1,1,0,1
90
2,2,2,2,2,2,2,2,2,2,2,2,2,2,2,2,2,2,2,12,11,16,1,1,1,1,1,1,1,1,1,1,1,1,1,1,1,1,1,1,1,1,1,32,19,19
0,1,1,0,1,0,0,0,0,1,0,1,0,1,1,0,0,1,0,0,0,0,1,0,1,0,1,0,0,0,1,1,0,0,0,0,1,0,0,0,0,1,0,0,0,0
91
1,1,1,1,1,1,1,1,1,1,1,1,1,1,1,1,16,4,4,4,4,4,19,19
0,1,1,0,0,0,0,0,1,1,0,0,0,1,0,0,0,1,1,1,1,1,1,1
92
2,2,2,2,2,2,20,20,13,13,4,4,4,4,4,4,43,1,1,1,1,1,1,1,1,1,1,1,1,1,1,1,1,1,5,19
0,0,1,1,1,0,1,1,0,1,1,1,1,1,1,1,0,1,1,1,0,0,1,1,1,0,1,1,1,0,0,1,1,1,0,1
93
2,2,11,11,11,11,36,36,43,43,43,24,60,35,20,20,20,12,10,40,40,40,40,40,40,17,17,17,17,17,17,17,4,4,4,4,4,4,4,4,4,4,4,4,4,47,21,21,21,21,21,21,21,21,23,6,6,3,16,16,16,38,1,1,1,1,1,1,1,1,1,1,1,1,1,1,1,1,1,1,1,1,1,1,1,14,53,53,22,22,22,22,19,19,19,5,30
0,0,1,1,1,0,0,1,0,1,1,1,0,0,1,1,0,0,0,1,1,1,1,1,1,0,0,0,0,0,0,0,1,1,1,1,1,1,1,1,1,1,1,1,1,1,0,1,1,1,0,0,0,1,1,0,0,1,0,0,1,1,0,1,0,0,0,0,1,1,0,1,1,0,0,0,0,1,1,1,0,1,1,1,1,0,1,1,1,1,1,1,1,0,1,0,1
94
8,8,8,25,11,11,11,11,11,11,11,11,11,11,36,46,6,6,24,32,32,55,55,35,35,35,35,35,35,35,35,20,20,20,20,20,20,20,20,20,13,13,13,13,13,13,13,10,40,40,40,40,64,17,17,4,4,4,4,4,3,49,21,21,21,21,19,19,19,19,19,43,43,43,59,47,47,16,16,16,23,1,1,1,1,1,1,1,1,1,1,1,1,1,1,1,1,1,1,1,1,1,1,1,1,1,1,1,1,1,1,1,1,1,1,1,1,18,14,12,53,53,53,53,26,26,22,22,22,22,44,44,5,5,5,68,58,30
1,1,1,1,1,1,1,1,1,1,1,1,1,1,1,1,1,0,0,0,1,1,1,1,1,1,1,0,1,1,1,0,1,1,1,1,0,1,1,1,1,1,1,1,1,1,1,1,1,1,1,1,1,0,0,1,1,1,1,1,0,1,1,1,1,1,1,0,1,1,1,1,1,1,1,1,1,0,1,1,1,1,1,1,1,1,0,0,1,1,1,1,1,1,1,1,1,1,1,1,1,1,1,1,1,1,1,1,1,1,1,0,1,0,1,1,1,1,1,0,1,1,1,1,1,1,1,0,1,1,1,1,1,1,1,1,1,1
95
17,54,4,4,4,4,11,11,11,1,1,1,1,1,1,1,1,1,1,1,1,1,1,3,5,5,48,48,48,21
0,0,1,1,1,1,1,1,1,1,0,0,0,1,1,0,0,0,0,0,0,1,0,1,0,0,1,0,1,1
96
2,2,2,2,2,2,2,2,2,2,2,2,2,2,2,8,25,4,4,4,4,4,4,35,35,35,6,6,1,1,1,1,1,1,1,1,1,1,1,1,1,1,1,1,1,1,1,1,1,1,166,13,53,53,62,12,34,17,16,3,5,21,21,59
1,1,1,1,0,1,0,1,1,1,1,1,1,0,1,0,1,0,1,1,1,1,1,1,1,1,1,1,1,1,1,1,0,1,0,0,0,0,1,0,0,0,0,1,1,0,1,0,0,0,0,1,1,1,1,0,1,0,1,1,1,1,1,0
97
2,2,6,6,55,13,13,13,13,13,40,40,17,16,3,3,3,21,21,21,19,19,43,59,4,4,4,4,4,4,4,4,4,4,4,4,35,35,35,35,1,1,1,1,1,1,1,1,1,1,1,1,1,1,1,1,1,1,1,1,1,1,1,1,1,12,53,53,53,22,145,5,5,5,68,58,30
0,0,0,1,1,1,1,1,1,1,1,1,0,1,1,1,0,1,1,1,0,1,0,1,0,1,1,1,1,1,1,1,1,0,1,0,1,1,1,1,1,0,1,0,1,0,0,0,1,0,1,1,1,0,1,0,1,0,1,0,0,1,1,1,1,0,1,1,1,1,1,1,1,1,1,1,1
98
2,2,2,2,2,2,2,25,11,11,11,11,11,11,11,11,11,11,36,36,39,6,6,51,24,32,78,35,35,20,20,20,13,13,13,10,40,40,40,40,40,40,55,55,17,17,17,17,17,16,16,16,16,69,47,21,21,21,21,21,21,21,21,19,19,19,19,43,43,43,43,43,59,42,4,4,4,4,4,4,4,4,4,4,23,45,1,1,1,1,1,1,1,1,1,1,1,1,1,1,1,1,1,1,1,1,1,1,1,12,12,12,53,53,53,53,26,58,22,22,22,22,44,5,56,30,30
0,1,1,1,1,1,0,1,1,1,1,1,1,1,1,1,1,1,1,1,1,0,0,1,1,1,1,1,1,1,1,1,0,1,1,0,1,0,1,1,1,1,1,1,0,0,0,0,0,0,1,1,1,1,1,0,1,1,1,1,0,1,0,1,0,0,0,0,1,1,1,0,1,1,1,1,1,1,1,1,1,1,1,1,1,1,1,1,1,1,0,0,1,1,0,1,0,0,1,1,0,0,0,0,0,1,1,1,1,1,0,0,1,1,1,1,0,1,1,0,1,1,1,1,0,1,1
99
2,2,2,10,36,36,9,60,32,13,13,13,40,40,40,40,40,17,17,17,17,17,17,42,21,19,19,19,6,3,4,4,4,4,4,4,4,4,4,4,4,62,62,29,12,53,53,53,1,1,1,1,1,1,1,1,1,1,1,1,1,1,1,1,1,1,1,1,1,1,22,22,44,44,5,5,5,58
1,1,1,0,1,0,0,1,0,1,1,1,1,1,1,1,1,0,0,0,0,0,0,1,1,1,0,1,0,1,0,0,1,0,1,1,1,1,1,1,1,1,1,1,0,1,1,0,1,1,1,1,0,1,0,0,1,1,0,0,1,1,0,0,0,0,1,0,1,0,1,0,0,0,1,1,1,1
100
2,2,8,8,11,11,11,11,11,11,11,11,11,11,36,36,39,43,61,24,24,24,60,33,55,35,35,20,20,20,20,13,13,13,10,52,40,40,40,40,40,17,17,42,21,21,21,21,19,19,19,19,19,19,19,6,59,59,59,4,4,4,23,1,1,1,1,1,1,1,1,1,1,1,1,1,1,1,1,1,1,1,1,1,1,1,1,1,1,1,1,1,1,1,1,1,1,1,1,1,1,1,14,12,12,53,53,53,53,53,53,53,22,22,22,22,22,22,44,44,5,30,30
1,0,1,1,0,1,0,1,0,1,1,1,1,1,1,1,1,0,1,1,1,1,1,1,0,1,0,1,1,0,1,1,1,1,0,1,1,1,1,1,1,0,0,1,0,1,1,1,0,1,0,1,1,1,1,1,1,1,1,1,1,1,1,1,0,1,1,0,0,1,0,0,1,1,1,0,1,0,1,0,0,1,0,0,0,0,0,0,1,1,0,0,0,1,0,1,0,1,1,0,1,1,1,1,0,0,1,1,1,1,0,1,1,1,1,1,1,1,1,0,0,0,1
101
2,2,2,2,2,20,11,11,11,11,11,11,11,11,4,4,4,4,4,4,4,4,4,4,17,9,1,1,1,1,1,1,1,1,1,1,1,1,1,1,3,3,3,3,5,5,19,19,19
1,1,0,1,1,1,1,1,1,1,1,1,1,1,1,0,1,1,1,1,1,1,1,1,0,0,1,1,0,1,1,0,0,0,0,1,0,1,1,0,1,1,0,1,1,1,1,0,1
102
2,2,2,2,2,2,2,2,2,2,2,2,2,2,2,2,2,2,2,2,2,2,2,2,2,2,2,2,2,2,2,2,2,2,2,2,2,2,2,43,11,11,11,11,11,11,11,11,11,11,4,4,4,4,4,4,4,31,7,7,1,1,1,1,1,1,1,1,1,1,1,1,1,1,1,1,1,1,1,1,1,1,1,1,32,12,12,20,20,20,20,65,65,13,13,15,22,22,22,22,22,22,17,19,19,21,21,21,21,30,30,30,30
1,1,1,1,1,1,1,1,1,1,1,1,1,1,1,1,0,1,1,1,1,0,1,1,1,1,1,1,1,1,1,1,1,1,1,1,1,1,1,1,1,1,1,1,1,1,0,1,1,1,1,1,1,1,1,1,1,1,0,1,1,1,1,0,1,1,1,1,1,1,1,1,1,1,0,0,0,0,0,1,1,1,0,1,1,1,1,1,1,1,1,0,1,1,1,0,1,1,1,1,1,1,1,1,1,1,1,1,1,1,1,1,1
103
2,2,2,11,4,4,4,4,35,35,1,1,1,1,1,1,1,1,1,1,1,1,1,1,1,1,1,1,1,1,1,1,1,1,1,47,53,53,53,53,20,12,10,22,3,3,5,23
0,1,0,1,1,1,1,1,1,1,1,1,1,0,0,0,0,1,0,1,1,1,0,0,0,0,0,1,1,0,0,0,0,0,0,1,1,1,1,1,1,0,0,1,1,1,1,1
104
1,1,1,1,1,32,3,4,4,4,5
1,1,1,0,0,0,1,1,1,1,1
105
1
1
106
2,2,2,2,2,2,2,2,2,11,11,11,11,11,7,46,6,27,32,32,20,20,20,12,12,16,16,17,43,3,21,21,21,21,19,19,19,19,19,96,4,4,4,31,1,1,1,1,1,1,1,1,1,1,1,1,1,1,1,1,1,1,1,1,1,1,1,1,1,1,1,1,1,1,1,14,14,22,22,22,37
0,1,1,0,1,1,1,1,1,1,1,0,1,1,1,1,0,0,0,0,0,1,1,0,0,0,0,0,0,1,1,1,1,1,1,1,1,0,1,0,1,1,1,1,0,0,1,1,1,0,1,0,0,0,1,0,1,1,1,1,1,1,1,1,1,1,1,1,1,1,1,1,1,1,1,1,1,0,1,1,1
107
2,2,2,2,4,36,1,1,1,1,1,1,1,1,1,1,1,27,12,40,16,17,44,37,19,19
0,0,0,0,0,1,1,0,1,1,0,1,0,1,1,0,0,0,0,0,1,0,1,0,1,1
108
2,25,36,36,36,39,32,32,12,12,159,17,42,43,43,43,59,59,16,16,31,31,31,167,161,53,53,53,53,53,53,29,73,66,44,5,5,58,166,11,11,11,11,24,22,22,22,22,22,55,55,20,65,13,13,13,13,13,40,40,40,40,40,4,4,4,4,4,4,4,4,3,3,3,3,21,21,21,21,21,21,21,19,19,19,19,19,19,6,35,35,54,54,14,14,14,1,1,1,1,1,1,1,1,1,1,1,1,1,1,1,1,1,1,1,1,1,1,1,1,1,1,1,1,1,1,1,1,1,26,26,34,114,30,30
0,1,1,1,1,1,0,1,0,0,0,0,1,0,1,0,1,1,0,0,1,1,1,1,1,0,1,1,1,1,1,1,0,1,1,1,1,1,0,1,1,1,1,1,1,1,0,1,1,1,0,1,0,1,1,1,1,1,1,1,1,1,1,1,1,1,1,1,1,0,1,1,1,1,1,1,1,1,1,1,0,0,1,0,1,1,1,1,1,1,1,0,1,1,1,1,1,1,1,1,0,1,1,1,1,1,1,0,1,1,0,1,1,1,1,1,1,1,1,1,1,1,1,1,1,1,1,1,1,1,1,1,1,1,1
109
2,2,2,2,2,2,8,11,11,11,11,11,11,36,36,36,39,91,24,79,32,32,55,40,40,40,40,35,35,35,35,20,20,12,12,10,15,120,17,17,17,16,16,16,62,62,62,21,19,19,19,19,43,59,59,4,4,4,4,4,4,4,4,31,45,1,1,1,1,1,1,1,1,1,1,1,1,1,1,1,1,1,1,1,1,1,1,1,1,1,1,1,1,1,1,1,1,1,1,1,107,14,56,53,53,22,22,22,22,22,22,22,22,22,44,44,5,58,30,30
1,1,1,1,0,1,1,1,0,1,1,1,1,0,1,1,1,1,1,0,1,1,1,1,1,0,1,1,1,1,1,1,1,0,1,1,1,1,0,0,0,1,0,0,1,1,1,0,1,1,1,1,1,1,0,0,1,1,1,1,1,1,1,1,1,1,1,1,1,1,1,1,1,1,0,0,1,0,1,1,1,1,1,0,0,0,1,0,1,0,0,0,1,1,0,0,1,1,1,1,1,0,1,1,1,1,0,1,0,0,1,0,1,0,1,0,1,0,1,1
110
1,1,1,1,1,1,1,1,2,13
1,1,1,1,0,1,1,0,1,0
111
43,43,25,11,11,11,11,11,11,11,11,11,4,4,4,31,31,1,1,1,1,1,1,1,1,1,1,1,1,1,1,1,1,1,1,1,1,1,1,1,1,24,24,47,12,12,19,19,20,20,20,13,13,13,13,13,13,13,13,13,13,13,13,26,26,58,22,22,22,22,17,3,3,5,5,5,5,5,21,21,21,21,21,30,30
0,0,1,1,1,1,1,1,0,1,1,1,1,1,0,1,1,1,0,1,1,0,0,1,0,0,0,1,1,0,1,0,0,0,0,0,0,1,1,0,1,1,1,1,0,0,0,1,0,1,1,1,1,1,1,1,1,1,1,1,1,1,1,0,0,1,1,1,0,1,0,1,1,1,1,1,1,1,1,1,1,1,0,0,1
112
2,2,11,11,11,11,11,11,11,11,11,36,46,61,24,60,32,20,20,12,12,40,40,17,17,17,17,4,4,4,4,4,47,21,21,21,21,21,21,21,31,59,16,16,23,1,1,1,1,1,1,1,1,1,1,1,1,1,1,1,1,1,1,1,14,53,53,53,53,53,53,22,22,22,22,44,19,19,19,5,68,30
0,1,1,1,1,1,1,1,1,0,0,0,0,1,0,1,1,1,1,0,0,1,1,0,0,0,0,1,1,1,0,1,1,0,1,1,1,0,0,1,1,0,1,1,1,0,1,1,1,0,0,1,0,0,1,0,0,0,0,0,1,0,1,0,1,1,1,1,1,1,1,1,1,0,1,1,1,0,1,1,1,1
113
2,2,2,2,2,2,2,2,2,2,2,138,16,66,1,1,1,1,1,1,1,1,1,1,32
0,0,1,1,0,0,0,0,1,1,1,1,0,0,1,1,1,0,1,1,1,0,0,0,0
114
2,2,2,2,2,2,2,2,11,11,11,39,51,24,24,32,55,35,35,35,35,20,20,13,13,10,40,40,17,4,4,4,4,4,47,21,21,21,21,19,19,43,43,43,3,16,16,31,45,1,1,1,1,1,1,1,1,1,1,1,1,1,1,1,1,1,1,1,1,12,12,53,53,53,53,53,62,62,50,26,22,22,5,5,58
0,1,0,0,0,1,0,0,1,0,1,1,1,1,0,1,1,1,1,0,1,1,1,1,1,0,1,1,0,1,1,1,1,1,1,1,1,1,1,1,1,1,1,1,1,0,0,1,0,0,1,1,0,1,1,0,1,1,0,1,1,1,0,1,1,1,1,1,1,0,1,0,1,1,1,1,1,1,1,1,1,1,1,1,1
115
2,2,2,2,2,2,25,10,169,169,6,61,24,66,32,20,20,20,20,20,13,13,13,11,11,11,11,11,11,11,11,11,11,11,40,40,40,40,40,40,36,16,16,16,16,16,17,17,17,17,17,17,17,64,64,168,21,21,21,21,21,19,19,43,59,59,4,4,35,35,35,35,35,45,1,1,1,1,1,1,1,1,1,1,1,1,1,1,1,1,1,1,1,1,1,1,1,1,1,1,1,1,1,1,1,1,1,1,1,14,14,14,14,12,53,53,62,50,22,22,22,22,22,22,22,22,37,5,30,30
0,0,0,0,0,1,0,1,0,1,1,1,1,1,1,1,0,1,0,1,1,0,1,1,0,1,1,1,0,1,1,1,1,0,1,1,1,1,1,1,1,0,0,1,1,1,0,0,0,0,0,0,0,0,0,1,1,1,1,1,0,0,1,1,1,0,1,0,1,1,1,1,1,0,1,1,1,0,0,0,0,1,1,1,0,0,0,1,1,1,0,1,1,0,0,0,1,0,1,0,0,0,1,1,1,0,1,0,1,1,1,1,1,1,1,1,1,0,1,1,0,0,0,0,0,1,0,0,1,1
116
2,8,8,25,25,25,11,11,11,11,11,11,11,11,11,36,46,43,43,24,24,90,35,35,35,20,20,20,13,13,13,13,26,26,52,52,40,40,40,40,17,16,28,3,3,3,3,21,21,21,21,21,19,19,19,19,6,47,4,4,4,4,4,4,4,4,4,39,1,1,1,1,1,1,1,1,1,1,1,1,1,1,1,1,1,1,1,1,1,1,1,1,1,1,1,1,1,1,1,1,14,53,22,22,22,22,22,22,22,5,5,5,30,30,30
0,0,1,1,1,1,1,1,0,1,0,1,0,0,1,0,1,1,1,0,1,1,1,1,1,0,1,1,1,1,1,1,1,1,1,1,1,0,1,1,0,0,0,1,1,1,1,1,1,1,1,1,0,1,0,1,1,1,1,1,1,1,1,1,1,1,1,1,1,0,1,1,0,0,1,1,0,1,1,1,0,1,1,1,1,1,1,1,1,1,1,0,1,1,1,1,1,0,0,1,1,0,1,0,0,1,0,0,1,1,1,1,1,1,1
117
20,20,17,31,31,31,2,2,2,2,22,22,1,1,1,1,1,1,1,1,21
0,1,0,1,1,1,0,1,0,0,1,1,0,0,1,1,0,0,0,0,1
118
8,11,11,11,11,11,11,11,11,6,6,33,24,24,60,32,32,78,55,55,55,20,20,20,20,20,12,12,12,10,40,40,40,40,17,17,43,43,43,47,21,21,21,21,21,19,19,19,19,96,59,3,16,16,16,16,16,16,16,35,35,35,35,45,1,1,1,1,1,1,1,1,1,1,1,1,1,1,1,1,1,1,1,1,1,1,1,1,1,1,1,1,1,1,1,1,1,1,18,61,13,13,53,53,53,53,53,4,4,4,4,26,58,22,22,22,22,22,22,22,22,22,22,22,44,44,56,88
1,1,0,1,0,1,1,1,1,0,0,1,1,1,1,1,1,1,1,1,1,1,1,1,0,1,0,0,0,1,1,1,1,1,0,0,1,1,1,1,0,1,1,1,1,0,1,0,1,1,1,1,0,1,1,1,1,1,1,1,1,1,1,0,1,0,1,0,1,0,1,1,1,1,1,1,0,1,1,1,1,1,1,1,1,1,1,1,1,1,1,1,0,0,1,0,1,1,0,1,0,1,0,0,1,1,1,0,1,1,1,1,1,1,1,1,1,1,1,1,1,1,1,1,1,0,0,1
119
43,43,11,11,4,4,4,4,4,4,4,4,4,31,18,1,1,1,1,1,1,1,1,1,1,1,1,1,1,1,1,1,1,14,48,53,53,20,20,20,40,17,17,17,3,5,5,5,58,19,19,19
0,1,0,1,1,1,1,1,1,1,1,1,1,1,1,0,1,0,0,0,1,0,1,1,0,0,0,1,0,0,0,0,0,1,1,1,1,1,1,0,0,0,0,0,1,1,1,1,0,0,1,1
120
2,42,25,25,11,11,11,11,6,24,24,24,32,32,78,35,35,35,35,35,20,20,20,20,20,20,13,13,10,94,40,40,40,40,40,55,55,17,17,17,17,17,17,16,47,47,21,21,21,21,21,31,31,31,31,43,59,3,3,4,4,4,4,4,4,4,4,4,4,23,23,23,45,1,1,1,1,1,1,1,1,1,1,1,1,1,1,1,1,1,1,1,1,1,1,1,1,1,1,1,1,1,1,1,1,1,1,14,12,12,53,53,53,53,26,26,22,22,22,22,22,44,44,19,19,19,19,19,5,5,68,58,30,30,30
0,1,1,0,1,1,0,1,0,1,1,1,1,1,1,1,1,1,1,1,0,1,1,0,0,1,1,1,1,1,1,1,1,1,1,1,1,0,0,0,0,0,1,0,1,1,0,1,1,1,1,1,1,1,1,1,1,0,1,1,1,1,1,1,1,1,1,1,1,1,0,1,1,1,1,0,1,0,1,1,1,1,1,0,0,0,1,0,1,1,1,1,0,1,0,1,1,0,0,0,1,1,0,0,0,0,1,1,0,0,1,1,1,1,0,0,1,1,0,0,1,1,1,0,1,1,1,1,1,1,1,1,1,1,1
121
2,2,2,2,2,2,2,2,2,2,2,2,2,2,2,2,2,2,2,2,2,2,2,2,2,2,11,11,11,11,11,80,39,9,24,24,60,55,40,40,40,40,20,12,12,26,26,15,17,16,16,62,62,62,21,21,21,21,21,21,35,35,43,43,59,59,4,4,4,4,4,4,4,4,38,1,1,1,1,1,1,1,1,1,1,1,1,1,1,1,1,1,1,1,1,1,1,107,99,13,13,53,53,53,53,22,22,22,44,44,19,19,19,19,30
0,0,1,0,0,0,0,0,0,1,0,1,1,0,1,0,0,1,0,1,0,0,1,0,0,0,0,0,1,0,1,1,0,1,0,1,1,1,1,1,1,1,0,0,1,1,1,1,1,1,1,1,1,1,0,1,1,1,1,0,1,1,1,1,1,1,0,1,1,1,1,1,1,1,1,0,0,0,1,1,1,0,0,0,1,1,0,1,0,0,1,1,1,1,1,0,1,0,0,0,1,1,1,1,1,1,1,1,0,1,1,1,0,1,1
122
20,43,13,13,11,11,4,4,4,4,4,4,4,1,1,1,1,1,1,1,1,1,1,1,37,5,5,19,75
1,0,1,1,1,1,1,1,1,1,1,1,1,0,0,0,0,1,1,0,0,1,0,0,0,1,1,0,1
123
2,2,2,2,2,2,2,2,2,2,11,16,16,31,1,1,1,1,1,1,1,1,1,1,1,1,1,1,1,1,1,1,1,1,1,1,23,24,32,35,12,12,12,40,40,40,40,40,40,36,22,22,22,17,17,4,4,4,4,4,4,42,5,21,21,21,21,21,19,19,19
1,0,0,1,0,0,1,1,1,1,0,1,0,1,1,1,1,1,1,0,1,1,0,1,0,0,1,0,0,0,0,1,1,0,1,0,1,0,0,1,0,0,0,1,1,1,1,1,1,1,1,1,1,0,0,1,0,1,1,1,1,1,1,0,0,1,1,1,1,0,1
124
6,11,11,4,4,4,4,4,4,4,4,4,4,3,1,1,1,1,1,1,1,1,1,1,1,1,32,13,20,12,16,16,28,37,30
1,0,1,1,1,1,1,1,1,1,1,0,1,0,1,1,1,1,1,0,1,1,0,0,1,0,0,0,1,1,0,1,1,1,1
125
2,11,11,11,4,4,4,4,4,4,4,4,4,4,1,1,1,1,1,1,1,1,1,1,1,1,1,1,1,1,1,1,1,1,1,1,1,70,32,13,20,12,3,3,5,5,19,19
1,0,0,1,1,1,1,1,1,1,1,1,1,1,0,1,1,1,0,0,0,1,0,1,1,1,0,0,0,0,0,0,0,0,0,0,0,0,0,1,1,0,1,1,0,1,1,1
126
25,25,25,11,11,11,11,11,11,11,11,11,11,11,11,36,36,46,51,51,63,60,32,78,40,40,40,40,40,35,35,35,20,13,13,13,13,13,13,13,10,52,15,55,55,17,17,17,17,17,4,3,3,21,21,21,21,21,19,19,19,19,19,43,59,42,16,16,31,1,1,1,1,1,1,1,1,1,1,1,1,1,1,1,1,1,1,1,1,1,1,1,1,1,1,1,1,1,1,1,1,1,1,1,1,54,54,14,12,12,12,53,53,62,26,26,39,34,22,22,22,22,22,22,22,22,22,44,44,5,68,58,30
0,1,0,1,1,1,1,1,0,1,1,1,0,1,1,1,1,1,1,0,1,1,1,1,1,0,1,1,1,1,1,1,0,1,1,1,1,1,1,1,1,0,0,1,1,0,0,0,0,0,0,1,1,0,1,1,1,0,1,0,1,1,1,1,1,1,0,1,1,1,1,0,0,1,0,1,0,1,1,1,1,1,1,1,0,1,0,1,1,1,1,1,1,1,1,1,1,1,1,1,1,1,1,0,1,1,1,0,1,1,0,1,0,1,1,1,0,1,1,1,1,1,1,1,1,0,1,1,1,0,1,1,1
127
2,2,2,2,2,2,2,2,2,2,2,2,2,8,8,11,11,11,11,91,32,35,20,20,20,20,20,12,12,12,10,40,40,17,17,64,42,21,21,21,21,21,21,19,19,19,43,43,16,16,16,31,31,1,1,1,1,1,1,1,1,1,1,1,1,1,1,1,1,1,1,1,1,162,13,13,13,22,22,22,22,22,22,22,22,58,30
1,1,0,1,0,0,1,1,1,1,1,1,1,1,1,1,1,1,1,1,1,1,1,1,1,1,1,0,0,1,1,0,1,0,0,1,1,1,1,1,1,1,0,1,1,1,1,1,0,1,1,1,1,1,0,1,1,1,1,1,1,1,0,1,1,0,0,0,0,0,1,1,0,0,0,1,1,1,1,1,1,0,1,0,1,0,1
128
43,11,11,11,4,1,1,107,54,54,54,40,22,17,17,17,64,3,21,19,19
1,1,1,1,1,0,1,1,0,1,0,1,1,0,0,0,0,0,0,1,1
129
2,2,2,2,2,2,2,2,2,2,2,2,8,8,25,11,11,11,11,11,11,11,11,11,169,43,43,43,43,43,43,24,24,9,55,55,20,20,20,20,12,12,12,10,40,40,40,36,17,17,17,17,17,17,16,42,21,21,21,21,21,21,21,19,19,19,86,6,6,59,59,4,4,4,35,45,1,1,1,1,1,1,1,1,1,1,1,1,1,1,1,1,1,1,1,1,1,1,1,91,53,53,53,53,26,26,22,22,22,22,22,22,30,5,58,88
0,0,0,0,0,0,1,1,0,0,0,0,0,1,1,0,0,1,1,0,1,1,1,1,0,1,1,1,1,1,1,1,1,0,0,1,0,1,0,1,0,0,0,1,1,1,1,1,0,0,0,0,0,0,0,1,0,1,1,1,1,0,0,0,0,1,0,0,1,1,1,1,1,1,1,0,1,1,1,0,0,0,1,1,1,1,0,0,0,1,1,1,1,1,0,0,0,1,0,0,1,1,1,1,0,1,1,1,1,0,0,1,1,0,1,0
130
8,11,11,11,11,11,36,6,51,24,60,32,32,55,55,35,35,35,35,20,20,12,12,10,40,40,40,40,17,17,17,17,16,16,47,47,21,21,21,21,21,19,19,19,19,19,43,59,3,3,4,4,4,4,4,4,4,4,4,4,4,4,31,31,1,1,1,1,1,1,1,1,1,1,1,1,1,1,1,1,1,1,1,1,1,1,1,1,1,1,1,1,1,1,1,1,1,1,61,13,13,13,13,13,53,53,53,53,53,53,130,58,22,22,22,22,22,22,44,42,68,56,30,30
1,0,1,1,0,1,1,0,1,1,1,1,1,0,1,1,1,1,1,0,1,0,1,0,1,1,1,1,0,0,0,0,1,1,1,1,0,0,1,1,1,0,1,1,1,0,1,1,1,1,1,1,1,1,1,1,1,1,1,1,1,0,1,1,1,1,1,1,1,1,1,1,0,0,0,1,1,1,1,0,1,1,0,0,0,0,0,0,1,1,1,1,1,1,1,1,0,1,1,1,1,0,1,1,0,0,1,1,1,1,0,1,1,1,1,1,1,1,1,1,1,0,1,1
131
2,2,2,25,25,11,11,11,11,11,11,11,11,11,11,11,11,11,36,46,43,43,51,51,24,24,24,60,32,32,55,55,55,20,20,20,20,12,12,10,52,40,40,40,40,40,64,17,17,17,17,17,17,17,16,16,16,16,47,21,21,21,21,21,19,19,19,19,19,19,19,19,19,19,19,44,44,6,59,4,4,4,35,35,35,45,1,1,1,1,1,1,1,1,1,1,1,1,1,1,1,1,1,1,1,1,1,1,1,1,1,1,1,1,1,1,1,1,1,54,54,14,53,53,53,53,111,50,26,39,73,22,22,22,22,22,22,22,22,170,30,30
1,0,0,0,1,1,0,1,1,1,1,1,1,0,1,1,1,1,1,0,1,1,0,0,1,1,1,1,0,1,1,1,1,0,1,0,1,1,0,0,0,1,1,1,1,0,1,0,0,0,0,0,0,0,0,1,1,1,1,0,1,1,1,0,1,1,1,1,1,1,0,0,1,1,0,1,1,0,1,1,1,1,1,1,1,1,1,1,1,1,0,0,0,1,0,1,0,0,1,0,0,0,0,0,1,0,1,0,1,1,0,0,1,0,0,1,0,0,1,0,1,1,1,1,1,1,0,1,1,1,1,0,1,1,1,0,1,1,0,1,1,1
132
2,2,2,2,2,2,2,2,43,43,11,11,11,16,16,38,91,1,1,1,1,1,1,1,1,1,1,1,1,1,1,1,1,1,1,1,1,1,1,1,32,20,51,12,12,17,17,4,4,4,4,4,4,4,4,31,19,19,19
0,0,1,1,0,0,0,1,1,1,1,1,1,0,0,1,1,1,1,1,1,0,1,0,0,1,0,0,1,1,1,0,1,0,0,1,1,0,1,1,0,1,0,1,1,0,0,1,1,1,1,1,1,1,1,0,0,0,1
133
43
0
134
2,2,2,2,2,2,43,43,43,42,42,4,4,4,4,4,4,36,36,6,1,1,1,1,1,1,1,1,1,1,1,1,1,1,1,1,1,1,1,1,44,53,53,35,171,40,34,76,16,3,3,5,21,19,19
1,1,0,1,1,0,1,1,1,1,1,0,1,1,1,1,1,1,1,0,1,1,1,0,1,1,0,0,1,0,1,1,1,0,1,1,0,1,1,1,1,1,1,1,0,1,1,0,1,1,1,1,1,0,1
135
2,2,2,2,2,11,11,11,11,11,39,60,32,55,20,20,20,13,13,13,13,13,13,13,40,40,40,40,17,17,17,16,42,21,21,21,21,21,19,19,19,19,6,3,3,4,4,4,4,4,4,4,4,4,35,35,1,1,1,1,1,1,1,1,1,1,1,1,1,1,1,1,1,1,1,1,1,1,1,1,1,12,12,53,53,53,22,44,44,5,5,5,84
0,1,1,1,0,0,1,0,1,0,0,1,0,1,1,1,1,1,1,1,1,1,1,1,1,1,1,1,0,0,0,0,1,1,1,1,0,0,0,1,0,1,0,1,1,1,1,1,1,0,1,1,1,0,1,1,0,1,1,1,1,1,0,1,0,0,0,0,0,0,0,0,0,0,0,0,1,1,0,1,0,0,0,1,1,0,1,1,1,1,1,1,1
136
2,2,2,2,2,2,2,2,2,2,59,16,23,1,1,1,1,1,1,1,1,1,1,1,1,1,1,1,1,1,1,1,1,1,1,1,1,60,13,40,22,17,17,44,3,3,5,5,5,5,21
0,1,1,0,1,1,1,1,0,0,1,0,1,1,0,1,1,1,1,1,1,1,1,0,0,0,1,1,0,1,0,0,0,1,1,1,0,1,1,1,1,0,0,1,0,0,0,0,0,0,1
137
2,11,36,6,24,24,60,33,55,35,35,35,20,20,20,12,10,40,40,40,17,17,17,17,17,4,4,4,4,4,4,4,4,4,4,4,4,4,4,47,21,21,21,21,19,19,19,43,43,3,16,23,1,1,1,1,1,1,1,1,1,1,1,1,1,1,1,1,1,1,1,1,1,1,1,1,1,1,9,13,13,53,53,53,34,22,22,22,22,22,42,58
0,1,1,1,0,1,1,0,1,1,1,1,1,1,1,1,0,1,1,1,0,0,0,0,0,0,1,1,1,1,1,1,1,1,1,1,1,1,1,1,1,1,1,0,0,1,1,0,1,1,0,1,1,0,1,1,0,1,0,0,0,0,0,1,0,0,0,1,0,0,1,0,0,0,1,0,1,1,0,1,1,0,1,1,1,1,0,1,0,1,1,1
138
17,17,4,4,4,4,35,1,1,1,1,1,1,1,1,1,1,1,1,1,1,1,1,1,1,1,1,1,1,1,5,5,53,19
0,0,1,1,1,0,1,1,1,0,1,1,0,0,1,0,0,0,1,1,0,0,0,0,0,0,1,1,1,1,0,0,1,1
139
2,2,2,2,2,2,2,2,2,2,2,2,2,2,2,11,11,11,11,11,7,7,39,91,51,32,32,32,55,55,35,35,20,20,20,65,12,12,12,40,40,36,17,17,4,4,4,3,21,21,21,21,31,31,43,43,43,59,42,42,16,16,38,38,78,1,1,1,1,1,1,1,1,1,1,1,1,1,1,1,1,1,1,1,1,1,1,1,1,1,13,13,13,13,13,53,53,22,22,22,22,22,134,19,19,5,5,5,5,58,30
0,0,1,1,1,1,0,1,1,1,1,1,1,1,1,0,1,1,1,1,1,1,1,0,0,0,1,1,0,1,1,1,1,0,1,1,1,1,1,1,1,1,0,0,1,1,1,1,1,1,1,1,1,1,1,1,1,1,1,1,0,0,1,1,1,0,1,0,1,0,1,1,1,1,1,1,0,0,1,1,1,1,1,0,1,1,0,0,1,1,1,1,1,1,1,1,1,1,1,1,1,1,1,1,1,1,1,1,1,1,1
140
2,2,2,2,2,2,2,2,2,2,2,2,25,25,160,80,51,32,125,12,12,10,10,41,74,173,17,17,17,17,64,64,28,47,49,60,36,36,36,36,36,36,43,59,42,4,31,45,1,1,1,1,1,1,1,1,1,1,1,1,1,1,1,1,1,1,1,1,1,1,1,1,1,1,1,1,1,53,53,53,53,53,53,57,73,73,159,66,146,172,5,165,81,166,11,11,11,11,11,11,11,11,11,137,7,18,23,23,63,63,63,22,22,22,27,27,55,55,20,20,20,20,20,65,65,13,13,13,40,40,40,40,40,40,44,16,16,16,16,16,16,16,16,3,3,21,19,19,19,19,19,19,19,19,19,19,6,35,35,35,35,35,54,54,14,14,26,30
0,0,1,0,1,0,0,0,1,1,1,1,0,1,1,1,1,1,0,0,0,1,1,0,1,0,0,0,0,0,1,1,1,1,1,1,1,1,1,1,1,1,1,1,1,1,0,1,1,0,1,0,0,1,1,1,1,1,1,1,1,1,1,1,1,1,1,1,0,0,0,1,0,1,0,0,1,1,1,1,1,1,1,1,1,1,1,1,1,1,1,0,0,0,1,1,1,1,0,1,1,1,1,0,1,1,1,1,1,0,0,0,1,1,1,0,1,1,1,1,1,1,1,1,0,1,1,1,1,1,1,1,1,1,1,1,1,1,1,1,1,1,1,1,1,0,0,0,1,1,1,1,1,0,1,1,1,1,1,1,1,1,1,1,1,1,1,1
141
2,2,2,2,2,2,2,2,42,11,16,38,1,1,1,1,1,1,1,1,1,1,1,1,1,1,1,1,1,1,1,1,1,1,40,40,20,12,58,17,4,4,4,4,4,3,3,5,5,21,21,21,19,19,19
1,1,0,0,1,1,1,1,1,1,0,0,1,0,1,1,1,0,1,0,0,0,0,0,0,1,0,0,0,0,0,1,0,1,0,1,1,0,1,0,1,1,1,1,1,1,1,0,1,1,1,1,0,1,1
142
2,2,2,10,4,4,7,46,1,1,1,1,1,1,1,1,1,1,1,1,1,1,1,1,1,1,1,1,1,1,1,1,1,1,1,1,1,1,1,1,1,1,60,20,11,17,16,16,5,19
0,0,0,0,1,0,1,1,0,1,1,1,1,1,1,1,1,1,1,1,0,0,1,1,0,0,0,0,0,0,1,0,1,0,0,0,0,1,0,0,1,1,1,1,1,0,0,0,1,1
143
2,11,11,4,31,7,91,1,1,63,54,32,13,13,13,12,12,22,22,17,49,49,30
0,1,1,1,1,0,1,1,1,1,1,1,1,1,1,1,1,1,1,0,1,1,1
144
2,2,11,11,11,36,36,36,39,6,6,24,24,60,55,35,20,13,13,13,13,26,40,40,40,40,17,17,17,4,4,4,4,4,4,4,4,4,3,3,3,3,21,21,19,19,19,19,43,43,43,43,47,16,31,1,1,1,1,1,1,1,1,1,1,1,1,1,1,1,1,1,1,1,1,1,1,54,14,12,53,53,53,88,58,34,22,22,22,44,37,5,5,5,56,30,30
1,1,1,0,1,0,1,0,1,0,0,0,0,1,1,1,1,1,1,1,1,1,1,0,1,1,0,0,0,0,0,1,1,1,1,0,1,1,0,1,1,1,0,1,0,0,0,1,0,1,1,1,1,1,1,1,1,1,0,1,0,1,1,0,1,0,1,0,1,0,0,0,0,0,1,0,1,0,0,0,1,1,1,1,1,1,1,0,1,1,0,1,1,0,0,1,1
145
2,2,2,2,2,2,2,2,2,2,2,2,11,11,11,11,11,11,11,11,11,39,9,24,24,55,55,20,20,13,10,15,17,17,17,16,16,16,16,62,21,21,21,21,21,35,35,59,4,4,4,4,31,31,31,31,1,1,1,1,1,1,1,1,1,1,1,1,1,1,1,1,1,1,1,1,1,61,53,53,53,22,22,22,19,19
1,1,1,0,1,1,1,0,0,0,1,0,1,1,1,1,0,0,1,0,1,1,1,1,0,1,1,1,1,1,0,1,0,0,0,0,1,0,1,1,1,1,1,0,1,1,1,0,1,1,1,0,1,1,1,1,0,1,1,0,0,0,0,1,0,0,0,1,1,0,1,1,0,0,0,1,1,1,1,1,1,1,1,1,1,0
146
2,2,2,2,2,8,8,8,8,8,8,8,8,11,11,11,11,11,11,7,64,64,6,6,6,6,51,23,60,55,55,20,20,20,20,13,13,13,13,13,13,10,40,40,40,40,40,139,17,17,17,16,16,47,49,21,21,21,21,19,19,19,19,19,43,43,43,59,42,42,4,4,4,4,4,31,1,1,1,1,1,1,1,1,1,1,1,1,1,1,1,1,1,1,1,1,1,1,1,1,1,9,12,12,12,12,12,12,53,53,53,50,50,39,39,22,22,22,70,134,5,5,58,30
0,0,1,1,0,0,1,1,1,1,1,1,1,1,1,1,1,1,1,1,1,1,0,0,1,1,0,1,1,1,1,1,1,1,0,1,1,1,1,1,1,0,1,1,1,1,1,1,0,0,0,1,1,1,0,0,1,1,1,1,1,1,1,0,0,0,1,1,1,1,1,1,1,1,1,1,0,0,1,1,1,1,1,1,0,0,0,0,0,1,1,1,1,0,0,0,0,0,0,0,1,1,0,0,0,1,1,1,1,1,0,1,1,0,1,0,1,1,1,1,1,1,1,1
147
2,2,2,2,2,2,2,2,2,2,2,2,2,2,2,2,2,11,11,11,7,39,9,32,20,20,20,13,13,13,10,16,16,64,64,6,21,21,21,19,43,43,43,43,43,4,4,4,4,4,4,31,31,1,1,1,1,1,1,1,1,1,1,1,1,1,1,1,1,1,1,1,1,1,1,1,1,91,61,12,12,12,22,22,22,22,22,22,5
0,1,1,1,1,1,1,0,1,0,0,1,0,1,1,1,1,0,1,1,1,1,0,1,1,1,0,1,1,1,1,1,0,1,1,1,1,1,1,1,1,1,1,1,1,1,1,1,1,1,1,1,1,1,1,1,1,1,1,1,0,0,0,1,1,1,1,1,1,1,1,0,0,0,0,1,1,0,1,1,1,1,1,1,1,1,1,1,1
148
2,2,2,2,2,2,2,17,13,13,13,4,4,4,4,1,1,1,1,1,1,1,1,1,1,1,1,1,1,1,1,1,1,1,1,1,1,16,3,3,12,19
1,1,0,0,1,1,0,0,0,1,1,0,0,1,1,1,1,0,1,0,1,1,0,0,0,1,1,1,0,1,0,0,0,0,0,0,1,0,1,1,0,1
149
2,11,11,11,11,11,11,11,11,11,11,11,36,6,6,23,24,32,55,35,35,20,20,20,20,12,12,12,26,40,40,40,17,17,17,17,17,3,3,21,21,21,21,21,19,19,43,43,59,4,4,4,4,4,4,4,4,31,31,1,1,1,1,1,1,1,1,1,1,1,1,1,1,1,1,1,1,54,14,53,53,53,53,53,22,22,75,5,30
1,1,0,1,0,1,1,1,1,1,1,0,1,0,0,1,1,0,0,1,1,1,1,1,1,0,0,0,0,1,1,1,0,0,0,0,0,0,1,0,1,1,1,1,1,0,1,1,1,0,1,0,1,1,1,1,0,1,1,1,0,0,0,0,0,1,0,1,1,0,0,1,0,0,0,1,0,1,1,0,1,1,1,1,1,1,0,0,1
150
11,11,11,11,11,11,11,46,6,24,32,55,35,35,20,20,20,13,40,40,64,17,16,16,16,42,49,21,21,21,21,21,21,23,43,4,4,4,4,4,4,4,31,31,1,1,1,1,1,1,1,1,1,1,1,1,1,1,1,1,1,1,1,1,1,1,1,1,1,1,1,1,1,1,1,1,1,1,54,53,53,22,22,22,22,22,22,22,22,22,134,19,19,19,19,19,5,68
1,1,1,1,0,1,1,1,0,1,0,1,1,1,0,1,1,1,1,1,1,0,0,0,1,1,1,1,1,1,1,0,1,1,1,1,1,1,1,1,1,0,1,1,1,1,1,1,0,1,1,1,0,0,1,1,1,1,0,1,1,0,1,1,1,0,1,1,1,1,1,1,0,1,1,1,1,1,0,1,0,1,1,0,1,0,1,1,0,0,0,1,0,1,0,1,0,1
151
2,2,2,20,11,11,4,4,38,6,1,1,1,1,1,1,1,1,1,1,1,1,1,1,1,1,1,1,1,1,1,32,32,19,19
0,1,0,0,1,1,0,1,0,0,1,1,1,1,0,0,0,0,0,1,0,1,0,1,1,0,0,0,0,1,0,0,1,1,0
152
2,2,2,2,2,2,2,2,2,2,2,2,2,8,11,11,11,11,11,43,43,43,66,55,35,35,20,20,20,12,10,40,40,40,40,64,64,17,17,17,16,16,28,3,91,21,21,21,21,21,21,19,19,6,6,59,42,42,4,4,4,4,4,4,4,4,31,31,1,1,1,1,1,1,1,1,1,1,1,1,1,1,1,1,1,1,1,1,1,1,1,1,1,9,14,14,13,13,53,53,22,22,22,22,22,22,22,134,5
1,0,0,1,1,0,1,0,1,1,0,1,1,1,1,1,1,1,0,1,1,1,1,1,0,1,1,1,1,0,0,1,1,1,1,1,0,0,0,0,0,0,1,1,0,0,1,1,1,1,1,1,1,0,0,1,1,0,0,1,1,1,1,1,1,1,1,1,1,1,1,0,1,1,0,0,0,0,0,1,1,1,1,1,1,0,0,0,1,0,0,1,1,0,1,1,0,0,1,1,1,1,0,1,0,1,1,1,1
153
2,2,2,2,2,2,2,2,2,174,11,11,11,11,169,39,6,23,63,60,32,55,55,35,35,20,20,12,12,12,10,40,40,40,40,40,36,36,64,17,17,17,17,17,16,16,16,16,16,28,62,21,21,21,21,21,21,21,19,19,19,19,43,43,4,4,4,4,4,4,4,4,31,31,45,1,1,1,1,1,1,1,1,1,1,1,1,1,1,1,1,1,1,1,1,1,1,1,1,9,53,53,53,53,53,50,22,22,22,22,22,44,44,24,24,24,30
0,0,0,0,0,1,0,1,1,1,1,1,1,1,1,1,0,0,1,1,1,1,1,1,1,1,0,1,0,1,0,1,1,1,1,1,1,1,1,0,0,0,0,0,1,0,1,1,1,0,1,1,1,1,1,1,0,0,0,0,0,1,0,1,1,1,1,1,1,0,1,0,1,1,1,1,1,1,1,0,1,1,0,1,1,1,0,1,1,1,0,1,0,1,1,1,1,0,1,1,1,1,1,1,1,1,1,1,1,1,1,1,1,1,0,1,1
154
2,2,2,2,2,2,2,2,2,11,11,39,24,60,55,20,12,26,26,26,40,40,40,17,17,17,17,17,17,4,4,4,4,4,4,4,4,3,3,42,42,21,21,21,19,19,43,43,47,16,16,35,35,1,1,1,1,1,1,1,1,1,1,1,1,1,1,1,1,1,1,1,1,1,1,1,1,1,53,53,53,53,22,22,22,44,44,5,5,58
0,0,0,0,0,0,0,1,1,1,1,1,1,1,0,1,0,0,1,1,1,1,1,0,0,0,0,0,0,1,1,1,1,0,1,0,0,1,1,1,1,0,1,0,0,1,0,1,1,0,1,1,1,1,1,1,1,0,0,0,0,1,0,0,0,0,0,1,1,0,1,0,0,0,1,0,1,0,1,1,1,1,0,1,1,0,1,0,1,1
155
2,11,11,11,4,4,1,1,1,1,1,1,1,1,1,1,1,1,1,1,1,1,1,1,1,1,1,1,27,20,65,13,22,3,3,19,19,5,5,21,21,21,21,21,21,30
0,1,1,1,1,1,1,1,0,0,0,0,1,0,0,0,0,1,0,0,0,0,0,1,0,0,0,0,1,1,1,1,1,1,1,0,1,0,1,0,1,1,1,0,0,1
156
2,2,11,11,11,11,11,11,11,11,11,39,24,24,32,20,20,13,40,40,40,64,17,17,16,3,21,21,21,19,19,6,4,4,4,4,4,4,4,4,4,4,4,4,4,4,4,35,35,35,1,1,1,1,1,1,1,1,1,1,1,1,1,1,1,1,1,1,1,1,1,61,12,53,53,53,34,22,22,172,5,56,30
0,0,0,0,0,1,0,1,1,1,1,1,0,0,0,0,1,1,1,1,1,0,0,0,0,1,1,1,0,1,0,1,1,1,1,1,1,1,1,1,1,1,1,1,0,1,1,1,1,1,1,1,1,1,0,0,1,0,1,1,0,1,1,0,0,1,0,0,0,1,0,0,0,1,1,1,1,1,1,0,1,1,1
157
2,2,2,2,2,12,4,4,4,4,4,5,1,1,1,1,1,1,1,1,1,1,1,1,1,1,1,1,1,1,1,1,1,16,32,21
0,1,0,0,0,1,0,1,1,1,1,0,1,1,1,0,0,0,1,1,1,1,0,0,0,1,1,0,1,1,0,0,0,1,0,1
158
2,2,11,11,4,4,4,4,4,31,31,31,1,1,1,1,1,1,1,1,1,1,1,1,1,17,17,13,13,13,13,13,26,41,22,101,3,3,5,5,5
1,1,1,1,1,1,1,1,1,1,1,1,0,0,1,0,0,1,1,1,1,0,1,1,0,1,1,1,1,1,1,1,0,1,1,1,1,1,1,1,1
159
2,2,2,2,2,2,2,2,2,42,10,10,36,36,6,51,24,33,55,35,20,20,20,12,12,11,11,40,40,40,17,17,3,3,21,21,21,19,19,43,59,47,4,4,4,4,4,4,4,31,31,31,31,45,1,1,1,1,1,1,1,1,1,1,1,1,1,1,1,1,1,1,1,1,1,1,1,9,13,53,53,53,53,53,53,50,26,22,44,5,5,58
0,0,1,0,0,1,0,1,1,1,0,0,0,1,0,0,1,1,1,0,1,0,1,0,1,1,0,0,1,1,0,0,0,1,1,1,1,0,0,1,1,1,1,1,1,1,1,1,1,1,1,1,1,1,1,0,0,1,0,0,0,1,1,0,1,1,1,1,1,0,1,0,0,0,0,1,0,1,1,1,1,1,1,1,1,1,1,1,1,1,0,1
160
11,11,11,11,11,11,11,11,11,11,11,11,6,51,61,24,66,9,55,55,40,40,40,40,40,40,40,40,35,35,35,20,20,20,38,13,13,13,13,13,10,94,15,16,17,64,64,64,3,21,21,21,21,19,19,19,43,43,43,42,42,4,4,4,4,31,31,45,1,1,1,1,1,1,1,1,1,1,1,1,1,1,1,1,1,1,1,1,1,1,1,1,54,14,12,12,53,53,53,53,53,53,62,62,26,22,22,22,22,22,22,22,22,22,22,44,44,5,58,30,30
1,1,0,1,1,1,1,1,1,1,1,1,0,1,1,0,1,1,1,1,1,1,1,1,1,1,1,1,1,1,1,0,0,1,1,1,1,1,1,1,0,0,0,1,0,1,1,1,1,0,1,1,1,1,1,1,1,1,1,1,1,1,1,1,1,1,1,1,1,1,0,1,0,1,1,0,0,0,0,1,0,1,1,1,0,1,1,1,0,1,1,1,1,1,1,0,1,1,1,1,1,1,1,1,1,0,1,1,1,1,1,1,1,1,1,1,1,1,1,1,1
161
25,11,11,11,11,11,36,36,39,6,24,32,35,35,35,20,20,20,13,13,10,40,40,40,17,17,64,64,62,62,62,21,21,21,21,21,21,23,43,59,59,16,16,31,31,31,1,1,1,1,1,1,1,1,1,1,1,1,1,1,1,1,1,1,1,1,1,1,1,1,1,1,1,1,1,12,12,12,12,53,53,53,53,53,22,22,22,22,22,22,22,22,22,22,5,58,58,30
1,1,1,1,1,1,1,1,1,0,1,0,1,1,1,1,1,1,1,1,1,1,1,1,0,0,1,1,1,1,1,1,1,1,1,1,1,1,1,1,1,1,1,1,1,1,1,1,1,1,1,1,1,0,1,1,0,1,0,0,1,1,0,0,0,0,0,1,1,1,0,0,1,1,1,1,1,1,1,1,1,1,1,1,1,1,0,1,1,1,1,1,1,1,1,1,1,1
162
2,2,2,2,2,2,8,11,11,11,11,11,6,6,33,60,32,55,35,20,20,20,13,13,10,40,40,40,40,40,17,17,17,64,3,21,21,21,21,21,21,21,21,23,43,43,42,42,4,4,4,4,4,31,31,31,31,31,31,1,1,1,1,1,1,1,1,1,1,1,1,1,1,1,1,1,1,1,1,1,1,91,61,12,12,12,53,53,53,53,53,53,26,22,22,22,22,19,19,5,58,30
0,0,1,0,1,1,0,1,1,1,1,1,0,0,1,1,0,0,1,1,0,1,1,1,0,1,1,0,1,1,0,0,0,1,0,1,1,1,1,1,1,0,1,0,0,0,1,1,0,1,0,1,1,0,1,1,0,1,1,1,0,1,0,0,1,0,0,1,0,1,0,0,0,0,0,0,0,0,1,0,1,0,1,0,0,1,0,1,1,1,1,1,1,1,1,1,1,1,0,0,1,0
163
2,2,2,2,2,2,2,2,12,4,4,4,4,4,5,1,1,1,1,1,1,1,1,1,1,1,1,1,1,1,1,1,1,1,1,1,1,1,1,1,16,3,14
0,1,0,0,0,1,1,1,0,0,1,1,1,1,1,1,0,1,1,0,0,0,0,0,0,0,0,0,0,1,1,0,0,0,0,0,0,0,0,1,0,1,0
164
2,2,2,2,2,2,2,2,2,2,2,59,4,35,35,1,1,1,1,1,1,1,1,1,1,1,1,1,1,1,1,1,24,60,55,53,53,44,12,40,40,40,40,22,17,17,17,16,3,3,58,19
0,0,1,1,0,0,0,1,1,0,0,1,1,0,1,1,1,1,0,1,0,0,0,0,0,0,0,1,1,0,0,0,1,1,1,1,1,0,0,1,1,1,1,1,0,0,0,1,1,1,1,1
165
2,2,2,2,11,11,11,11,11,7,39,6,6,51,24,24,32,35,35,20,20,20,20,12,12,10,94,40,40,40,40,40,40,40,36,17,16,16,16,28,42,21,21,21,21,21,21,31,43,43,43,43,59,59,59,4,4,4,4,4,4,4,4,4,4,4,4,4,4,4,4,38,45,1,1,1,1,1,1,1,1,1,1,1,1,1,1,1,1,1,1,1,1,1,1,1,1,9,56,53,53,53,53,53,26,22,22,22,22,44,44,19,19,58
1,1,1,0,1,1,1,0,1,0,1,1,0,0,1,1,1,1,1,1,1,0,1,0,1,1,1,1,1,0,1,0,1,1,1,0,1,1,1,1,1,0,1,1,1,1,0,1,1,1,1,1,1,1,1,1,1,1,1,1,1,1,1,1,1,1,1,1,1,1,1,0,0,1,1,1,1,0,1,1,1,0,1,1,0,0,1,1,1,1,0,1,1,1,1,0,1,1,0,1,1,1,1,1,0,1,1,0,1,1,0,1,1,1
166
2,2,2,2,2,2,2,2,2,2,2,2,2,2,2,2,2,25,11,11,11,11,11,11,169,39,51,24,24,24,32,55,35,35,20,20,13,13,13,26,26,94,40,40,40,40,40,36,36,17,17,17,17,17,4,4,4,47,21,21,21,21,21,21,21,19,19,19,43,59,59,3,3,16,16,31,31,31,31,31,1,1,1,1,1,1,1,1,1,1,1,1,1,1,1,1,1,1,1,1,1,1,12,53,53,53,53,53,22,22,22,22,22,44,44,5,5,5,5,5,58,30,30,30
0,1,1,0,0,0,1,1,0,0,0,1,1,1,1,0,0,0,0,1,1,0,0,1,0,1,1,0,1,1,1,1,1,1,1,1,1,1,1,0,1,0,1,1,1,1,1,0,1,0,0,0,0,0,0,1,1,1,0,1,1,1,0,1,0,0,0,0,1,1,1,1,1,1,0,1,1,1,0,1,1,1,1,0,1,1,0,0,0,1,1,0,1,1,1,1,1,0,0,1,1,1,0,1,1,1,1,1,0,1,0,1,1,1,1,1,1,1,1,1,1,0,1,1
167
2,2,2,2,2,14,14,12,4,4,1,1,1,1,1,1,1,1,1,1,1,16,28,32,32
1,1,1,0,0,0,0,0,1,1,1,1,1,1,0,0,0,0,0,1,1,0,0,1,0
168
2,2,2,2,2,2,2,2,42,174,11,11,11,7,9,51,61,24,24,60,32,55,35,35,35,20,20,20,13,13,26,40,40,40,44,44,17,17,17,17,17,17,17,17,17,17,4,4,4,4,4,4,4,4,4,28,3,3,21,21,21,21,21,21,21,21,21,21,19,19,19,6,6,47,16,16,31,1,1,1,1,1,1,1,1,1,1,1,1,1,1,1,1,1,1,1,1,1,1,1,1,43,14,12,12,12,53,53,53,53,53,22,22,22,22,22,22,139,5,58,30,30
0,1,0,0,0,0,0,0,1,0,1,1,1,1,1,0,1,1,0,1,1,0,1,1,1,0,0,0,0,1,0,1,1,1,1,0,0,0,0,0,0,0,0,0,0,0,1,1,1,1,1,1,1,1,1,0,1,1,0,1,1,1,0,0,1,1,1,0,1,0,1,0,1,1,0,0,1,1,1,1,1,1,0,0,0,0,0,0,0,0,0,1,0,1,1,0,0,1,1,1,0,1,0,0,0,0,1,1,1,0,0,1,1,1,1,1,1,0,0,1,1,1
169
