1
6,6,164,2,2,2,46,46,46,31,5,5,5,5,5,5,5,5,5,5,5,5,5,5,5,165,165,165,161,161,44,44,45,45,45,45,45,160,160,160,23,23,23,23,23,23,23,23,23,50,163,163,163,89,162,167,167,166,3,3,3,3,18,18,18,15,15,15,15,15
1,0,1,1,1,1,1,1,1,1,1,0,0,0,1,1,1,1,1,1,1,1,1,1,1,1,1,0,1,1,1,1,1,1,1,1,1,1,1,1,1,1,1,1,1,1,1,1,1,1,0,1,1,0,1,1,1,1,1,1,1,1,1,1,1,1,0,1,1,1
2
6,6,6,6,6,6,6,6,6,6,6,6,6,6,6,6,6,6,6,6,6,6,6,6,6,6,6,6,6,6,6,6,6,6,6,6,6,6,6,6,6,6,6,6,6,6,6,6,6,6,6,6,6,6,6,6,6,6,6,6,6,6,6,6,6,6,6,6,6,6,6,6,6,6,6,6,6,6,6,6,6,107,107,107,2,2,2,2,2,2,2,2,2,2,2,2,2,2,2,2,2,2,2,2,5,5,5,5,5,5,5,5,5,5,5,5,5,5,5,5,5,5,163,163,167,167,15,15,15,15
1,0,1,1,0,1,1,1,0,0,0,1,0,0,0,0,1,0,0,0,1,0,0,1,1,0,0,0,0,0,0,0,0,1,0,0,0,0,1,0,1,0,0,1,0,0,1,0,1,0,1,0,1,1,1,0,0,1,0,1,1,0,0,0,0,0,0,0,0,0,0,0,0,0,0,0,0,0,0,0,0,0,1,0,1,1,1,1,1,1,1,1,1,1,1,1,1,1,1,1,1,1,1,1,1,0,1,1,0,1,0,0,0,0,1,1,1,1,0,1,0,0,0,0,1,1,0,0,0,1
3
6,6,6,6,6,6,6,6,6,6,6,6,6,6,6,6,6,6,6,6,6,6,6,6,6,6,6,6,6,6,6,6,6,6,6,6,6,171,171,107,107,107,46,46,170,30,30,30,86,165,165,165,50,50,50,50,45,45,9,9,3,3,37,25,25,25,25,25,25,25,163,163,172,42,18,169,20,2,2,2,2,2,2,168,5,5,5,5,5,5,5,5,5,5,5,5,5,5,5,5,5,5,93,87,57,23,23,23,44,44,166,139,61,15,15,15,29,29,54
1,0,1,0,1,0,1,0,0,1,1,0,1,1,1,1,1,0,1,0,1,1,1,0,1,1,1,1,1,0,0,1,0,1,1,0,0,1,0,0,1,0,1,1,0,1,1,1,0,1,1,0,0,1,1,1,1,1,0,1,0,1,0,0,0,0,0,0,0,0,0,0,1,0,1,0,0,1,1,0,1,1,0,0,0,0,1,0,1,0,0,1,0,0,1,0,0,0,1,1,0,1,0,1,1,1,1,1,1,1,0,1,1,1,0,1,0,0,0
4
107,2,2,2,2,2,2,2,2,2,46,160,160,160,161,161,47,44,44,5,5,5,5,5,5,5,5,5,5,5,5,5,5,5,23,92,25,25,162,162,167,15
0,1,1,1,1,1,1,1,1,1,1,1,1,1,1,1,1,1,1,0,0,0,1,1,1,0,0,0,1,1,0,0,1,1,1,1,0,0,1,1,1,1
5
6,6,6,6,6,6,6,6,6,6,6,171,171,107,107,107,46,170,30,30,86,165,165,165,165,165,47,45,45,9,50,50,50,25,25,25,25,163,163,163,163,163,163,163,172,173,18,18,18,18,18,15,15,15,15,31,31,48,174,174,174,2,2,2,2,2,2,2,2,2,2,2,2,2,2,2,2,2,2,2,2,56,99,5,5,5,5,5,5,5,5,5,5,5,5,5,5,5,5,5,5,158,57,44,44,44,44,166,166,61,61,167,167,167,167,169,169,59,29,49
0,1,1,0,1,0,0,0,0,0,0,1,0,0,1,0,0,1,1,1,1,1,1,1,1,0,1,1,0,0,1,1,1,0,0,0,0,1,1,1,1,1,1,1,1,0,1,1,1,1,1,0,1,1,1,0,1,0,0,1,1,1,1,1,1,1,1,1,1,1,1,1,1,1,1,1,1,1,1,1,1,1,0,1,1,0,0,1,1,1,1,1,1,1,1,0,1,1,0,1,0,0,1,0,1,1,1,0,0,1,1,0,1,1,1,0,1,1,1,1
6
107,107,107,46,170,165,165,161,161,23,23,23,23,23,23,23,23,23,23,23,23,50,50,50,50,163,163,163,163,163,163,25,25,25,162,162,34,34,18,18,18,18,15,15,15,15,15,31,2,45,45,5,5,5,5,5,5,5,5,5,5,5,5,5,44,44,44,166,166,160,160,160,3,3,3,3,3,54
1,1,0,1,1,1,1,1,1,1,1,1,1,1,1,1,1,1,1,1,1,1,1,1,1,0,1,1,0,1,1,0,0,0,1,1,1,0,1,1,1,1,1,0,1,1,1,1,1,1,0,0,0,0,1,1,1,1,1,1,1,1,0,0,1,1,1,1,1,1,1,1,1,1,1,1,1,0
7
171,107,107,107,43,161,30,30,30,165,165,165,165,47,47,45,45,45,45,23,23,23,23,23,58,50,50,50,50,163,163,163,163,163,25,25,25,25,25,25,25,25,162,162,172,42,18,18,18,15,15,15,15,15,164,20,174,174,2,2,2,29,29,99,5,5,5,5,5,5,5,5,5,5,5,5,5,5,5,5,5,5,5,5,9,9,44,44,44,3,3,3,160,160,78,49,61,167,167,167,167,167,167,167,167,167,167,59,175,71,54
1,0,1,1,1,1,1,1,1,1,1,1,0,0,1,1,1,1,1,1,1,1,1,1,0,1,0,1,1,1,1,1,1,1,0,0,1,0,0,0,0,0,1,1,1,1,0,1,1,0,0,1,1,1,1,1,0,1,1,1,1,0,1,0,1,0,1,0,1,0,0,0,1,0,0,0,0,0,0,0,0,0,0,1,0,0,1,1,1,1,1,1,1,1,1,1,1,1,1,1,0,1,0,1,1,1,1,1,1,0,1
8
6,6,107,107,107,46,87,17,165,165,165,165,48,48,47,122,50,50,162,162,25,163,177,18,18,18,18,18,169,169,164,31,176,2,2,2,2,2,2,2,2,2,2,2,2,2,2,2,2,2,2,2,45,45,45,45,5,5,5,5,5,5,5,5,5,5,5,5,5,5,5,170,123,44,44,44,166,61,61,15,15,15,15,49,54,54
1,0,0,1,1,1,1,1,1,1,1,1,0,1,1,1,0,1,1,1,0,1,0,1,1,0,1,1,1,1,1,1,1,1,1,1,1,1,1,1,1,1,1,1,1,1,1,1,1,1,1,1,1,1,1,1,0,1,1,0,1,1,1,0,0,0,0,1,0,1,1,1,1,1,1,1,0,1,1,1,1,1,1,1,0,1
9
6,6,6,6,6,6,6,6,107,107,46,46,46,30,30,30,30,30,165,165,165,165,47,47,9,45,45,45,45,178,50,50,50,50,163,163,163,163,25,25,162,162,172,42,18,18,18,18,18,169,169,164,31,48,174,174,2,2,2,2,2,2,2,2,2,2,2,2,2,2,2,2,2,2,168,99,5,5,5,5,5,5,5,5,5,5,5,5,5,5,5,5,57,23,23,23,44,44,44,44,166,179,49,61,15,15,15,15,15,15,15,15,59,3,3,3,3,71,54
1,0,1,1,1,1,0,0,1,1,1,1,1,1,1,1,1,1,0,1,1,0,1,1,0,1,1,1,1,1,1,1,1,1,1,1,1,1,0,0,1,1,1,1,0,1,1,1,1,1,1,1,1,1,1,1,1,1,1,1,1,1,1,1,1,1,1,1,1,1,1,1,1,1,1,1,1,0,0,0,1,1,0,1,0,1,1,1,0,0,1,1,1,1,1,1,0,1,1,0,1,1,1,1,1,0,1,1,1,1,1,1,1,1,1,1,1,0,1
10
6,6,6,107,107,107,78,170,161,161,30,30,165,165,165,165,23,23,23,23,50,50,162,25,25,25,25,25,25,25,25,25,25,25,25,25,25,163,163,172,18,18,18,169,164,31,31,31,31,174,174,174,2,2,2,2,2,2,2,2,2,2,5,5,5,5,5,5,5,5,5,5,5,5,5,5,5,5,5,5,12,44,44,44,44,44,44,166,166,160,167,167,167,15,15,15,15,3,49
0,1,1,0,0,0,1,0,1,1,1,1,1,1,1,0,1,1,1,1,1,1,1,0,0,0,0,0,0,0,0,0,0,0,0,0,0,1,0,1,1,0,1,1,0,1,1,1,1,0,1,0,1,1,1,1,1,1,1,1,1,1,0,0,1,0,0,1,0,0,1,0,1,0,1,1,0,1,0,1,1,1,1,1,1,1,1,0,1,1,1,0,1,0,1,1,1,1,1
11
6,6,6,6,171,107,46,46,46,17,7,30,30,30,86,165,165,47,45,45,45,45,73,50,50,50,50,50,163,163,163,25,25,25,162,180,42,172,18,18,18,18,169,164,164,20,48,59,2,2,2,2,2,2,2,2,2,2,2,2,2,2,2,2,2,2,2,2,2,2,2,2,2,2,2,2,2,2,2,168,99,5,5,5,5,5,5,5,5,5,5,5,5,5,5,5,5,5,5,44,44,44,44,166,61,15,15,15,15,15,53,49
0,0,0,0,1,0,1,1,0,1,1,1,1,1,1,0,0,1,1,1,1,1,1,1,1,1,1,1,1,0,0,1,1,1,1,0,1,1,1,1,1,1,1,1,1,0,1,1,1,1,1,1,1,1,1,1,1,1,1,1,1,1,1,1,1,1,1,1,1,1,1,1,1,1,1,1,1,1,1,1,1,1,0,0,0,1,1,1,1,0,1,1,0,0,1,0,1,1,1,1,1,1,1,0,1,1,0,1,1,1,0,1
12
6,6,6,6,6,6,6,6,6,171,107,107,107,107,107,30,30,30,46,46,170,97,165,165,165,165,165,48,142,45,73,23,168,25,25,25,163,163,163,163,163,177,15,15,15,166,18,18,18,18,169,164,164,31,112,112,59,2,2,2,2,2,2,2,2,2,2,2,2,2,2,2,2,2,2,2,2,2,29,29,99,5,5,5,5,5,5,5,5,5,5,5,5,5,5,5,5,5,5,178,9,9,93,103,44,44,44,61,61,167,100,175,49,50,50,50
1,1,0,0,1,1,1,1,1,1,1,0,1,1,1,1,1,1,0,1,1,1,1,1,1,1,1,1,0,1,1,1,1,0,0,1,1,1,1,1,1,1,0,1,1,1,1,0,1,1,1,1,1,1,1,1,1,1,1,1,1,1,1,1,1,1,1,1,1,1,1,1,1,1,1,1,1,1,1,1,1,0,0,1,1,0,1,0,1,0,0,0,0,0,0,1,0,0,1,0,0,0,1,1,1,1,1,0,1,1,1,1,1,1,1,1
13
6,6,171,107,107,46,20,30,30,30,30,30,86,165,48,50,50,50,50,50,45,45,45,45,9,168,47,47,181,25,25,163,163,163,163,42,34,18,18,18,18,18,18,15,15,15,15,15,15,31,31,176,176,174,174,174,2,2,2,2,2,2,2,2,2,2,2,2,2,2,2,2,2,2,2,2,2,2,2,2,2,2,29,29,99,5,5,5,5,5,5,5,5,5,5,5,5,5,5,5,5,5,5,57,44,44,44,166,166,37,61,61,167,169,59,49,54
0,0,1,0,0,1,1,1,0,1,1,1,1,1,1,0,1,1,1,1,1,1,1,1,1,1,1,0,1,0,0,1,1,1,1,1,0,1,1,1,1,1,1,1,1,0,1,1,1,0,1,1,1,1,1,1,1,1,1,1,1,1,1,1,1,1,1,1,1,1,1,1,1,1,1,1,1,1,1,1,1,1,1,0,1,1,1,0,1,1,0,0,1,1,0,0,0,0,0,1,1,1,1,1,1,1,1,1,1,0,1,1,1,1,1,1,1
14
6,107,107,107,170,165,165,165,47,23,23,50,50,50,50,182,25,25,25,25,163,163,163,59,59,18,18,18,18,18,18,169,169,169,164,2,2,2,2,2,2,2,2,2,2,2,2,2,2,2,2,2,2,2,2,45,45,45,103,156,123,44,44,44,166,166,166,5,5,5,5,5,5,5,5,5,5,5,5,5,5,61,15,15,15,15,15,93,54,54
0,0,1,1,1,1,0,1,1,1,1,1,1,1,1,1,0,1,0,1,0,0,1,1,1,1,1,0,1,1,1,1,1,1,1,1,1,1,1,1,1,1,1,1,1,1,1,1,1,1,1,1,1,1,1,0,1,0,1,0,1,1,1,0,0,1,1,1,1,0,1,1,1,1,1,1,1,1,1,1,1,1,1,0,1,1,1,1,1,1
15
6,6,6,6,6,6,46,170,17,165,165,165,165,185,185,178,63,163,163,163,163,163,163,163,163,25,25,162,180,183,169,169,164,48,48,48,2,2,2,2,2,29,29,29,5,5,5,5,5,5,5,5,5,5,5,5,55,95,44,44,44,184,61,127,3,3,3,3,188,52,107,107,102,175,161,73,73,73,23,23,23,50,50,50,50,37,177,18,18,18,18,15,15,15,45,160,160,12,12,12,187,186,186,166,166,166,166,26,60,167,167,65,65
0,1,0,0,0,1,1,1,1,1,0,1,1,1,0,1,1,1,1,1,1,1,1,0,1,0,0,1,1,1,1,1,1,1,1,1,1,1,1,1,1,1,1,1,0,0,1,1,1,0,0,0,1,0,1,0,0,1,1,1,0,1,1,1,1,1,1,1,1,0,1,0,1,1,1,1,1,0,1,1,1,1,1,1,1,0,1,1,0,0,1,1,1,1,1,1,1,1,1,1,1,1,1,0,0,1,0,1,1,1,1,1,1
16
6,6,171,107,107,46,46,78,170,30,30,86,165,165,165,165,165,165,165,45,45,45,9,9,58,50,50,50,163,163,163,163,163,163,163,25,25,25,25,25,162,162,59,18,18,18,18,15,15,15,15,15,15,164,164,31,31,48,2,2,2,2,2,2,2,2,2,2,2,2,2,2,2,2,2,2,29,29,5,5,5,5,5,5,5,5,5,5,5,5,5,5,5,5,5,5,5,93,23,23,44,44,44,44,166,49,61,3,3,71,54
1,1,0,0,1,1,1,1,1,1,1,1,0,1,1,1,1,1,0,1,1,1,0,0,1,1,1,1,0,1,1,1,1,1,1,0,0,0,0,1,1,1,1,0,1,1,1,1,0,1,0,0,1,0,1,0,1,1,1,1,1,1,1,1,1,1,1,1,1,1,1,1,1,1,1,1,1,1,0,0,0,1,1,1,0,1,1,0,1,1,1,1,1,1,0,1,1,0,1,1,1,1,1,0,0,1,1,1,1,1,1
17
6,6,6,6,6,6,107,107,46,46,46,46,170,189,30,30,30,30,86,165,165,165,165,47,47,142,45,45,23,23,50,50,50,50,50,25,25,163,163,177,18,18,18,18,169,31,48,2,2,2,2,2,2,2,2,2,2,2,2,2,2,2,2,2,2,2,2,2,2,2,168,168,168,99,5,5,5,5,5,5,5,5,5,5,5,5,5,5,5,5,87,187,44,44,44,44,44,166,61,61,15,15,15,15,53,53,3,49
0,0,0,1,0,0,0,0,1,1,1,1,0,1,1,1,1,1,1,0,1,1,1,1,1,0,1,1,1,1,1,1,1,1,1,0,0,1,1,0,0,1,1,1,1,0,1,1,1,1,1,1,1,1,1,1,1,1,1,1,1,1,1,1,1,1,1,1,1,1,1,1,0,0,1,0,0,0,1,0,1,1,1,1,1,0,0,0,0,1,1,0,1,1,1,1,0,0,1,1,0,0,1,1,1,1,1,0
18
6,6,6,6,6,107,107,107,87,87,190,161,161,47,45,45,45,45,45,45,25,25,25,23,50,50,50,191,163,163,163,163,165,165,165,165,177,18,18,18,18,169,169,48,2,2,2,2,2,2,2,2,2,2,2,2,2,2,2,2,168,160,170,44,166,166,166,5,5,5,5,5,5,5,5,5,5,5,5,5,61,61,167,15,15,15,15,15,15,29
1,0,0,0,0,0,1,1,0,1,0,1,1,1,0,0,0,1,1,0,0,1,0,1,1,0,1,1,1,1,1,0,0,0,1,1,1,0,1,1,0,1,1,1,1,1,1,1,1,1,1,1,1,1,1,1,1,1,1,1,0,1,1,1,1,1,1,1,1,1,1,1,1,1,1,1,0,1,1,1,1,0,1,0,1,1,1,1,1,1
19
6,6,6,6,6,6,6,6,6,6,6,6,6,6,6,6,6,6,171,171,107,107,46,170,175,86,165,165,165,47,47,15,15,45,45,45,9,58,50,50,50,50,41,25,25,25,163,163,18,29,29,20,174,174,2,2,2,2,2,2,2,2,2,2,2,2,2,2,2,2,2,2,2,2,2,2,2,2,2,8,99,5,5,5,5,5,5,5,5,5,5,5,5,5,5,5,5,5,5,57,44,44,44,44,44,166,120,169,30,30,69
1,1,1,0,1,1,1,1,1,0,1,1,1,1,0,0,0,1,1,0,0,0,1,1,0,1,0,0,1,1,1,1,0,1,1,1,0,1,1,1,1,1,1,0,0,0,0,1,0,1,1,1,0,1,1,1,1,1,1,1,1,1,1,1,1,1,1,1,1,1,1,1,1,1,1,1,1,1,0,0,0,0,0,1,0,1,1,0,1,1,1,1,1,1,0,1,0,1,1,0,1,0,1,1,1,1,1,1,1,0,1
20
6,6,6,6,6,6,171,171,107,107,107,46,193,161,175,86,165,165,165,165,165,165,165,47,47,47,15,15,15,15,15,23,50,50,50,50,194,68,25,25,25,25,25,25,25,25,25,163,163,163,172,18,18,18,18,18,18,169,169,31,31,48,174,2,2,2,2,2,2,2,2,2,2,2,2,2,2,2,2,2,45,45,45,45,5,5,5,5,5,5,5,5,5,5,5,5,5,5,5,5,5,5,156,195,9,9,44,44,44,166,166,192,17,167,167,167,167,52,30,30,30,30,71,54
0,0,0,0,1,0,1,0,0,1,1,1,1,1,1,1,1,1,1,1,1,0,1,1,0,1,1,1,1,1,1,1,1,1,1,1,1,0,0,0,0,0,0,0,0,0,0,0,1,1,1,0,1,1,1,1,1,0,1,1,1,1,1,1,1,1,1,1,1,1,1,1,1,1,1,1,1,1,1,1,1,1,0,1,0,1,0,1,1,1,0,1,1,1,1,1,0,0,0,0,0,1,0,1,0,0,0,1,1,0,1,0,0,1,1,1,1,1,1,1,1,1,1,1
21
107,107,46,46,170,30,30,30,86,165,165,165,165,165,47,47,71,50,50,50,25,25,25,163,163,163,163,163,34,18,18,18,18,169,164,31,31,48,48,174,2,2,2,2,2,2,2,2,2,2,2,2,2,2,2,2,2,2,2,2,2,2,2,2,2,2,2,2,2,45,45,45,45,99,5,5,5,5,5,5,5,5,5,5,5,5,5,5,5,5,5,5,23,44,44,44,44,166,61,61,167,167,15,15,15,15,49,54
0,1,1,1,1,1,0,1,1,1,1,1,1,0,1,1,0,1,1,1,0,0,0,0,1,1,0,1,1,0,1,0,1,1,1,0,0,0,1,1,1,1,1,1,1,1,1,1,1,1,1,1,1,1,1,1,1,1,1,1,1,1,1,1,1,1,1,1,1,1,1,0,1,1,0,0,1,0,1,1,0,1,1,1,1,0,1,0,0,1,1,1,1,0,1,1,1,1,1,0,1,1,0,0,1,1,1,0
22
46,46,78,170,165,165,165,165,165,165,165,165,165,185,9,58,168,168,168,163,163,163,163,163,163,163,163,25,25,25,25,25,25,25,43,11,11,59,34,169,169,169,169,164,164,42,2,2,2,2,2,2,2,2,2,2,56,56,56,56,99,5,5,5,5,5,5,5,5,5,5,5,5,5,5,5,5,5,5,5,5,5,5,5,5,5,5,5,5,5,5,5,71,44,44,44,44,162,15,15,15,15,15,15,15,15,15,3,3,3,3,3,49,171,107,107,22,30,86,47,23,23,23,23,23,23,23,174,174,50,50,50,50,18,18,18,18,18,18,18,8,20,160,160,150,166,166,166,26,77,77,29,29,29,54
1,1,1,1,1,0,1,1,1,0,0,1,1,1,0,1,1,1,1,1,0,1,1,1,1,1,1,0,0,0,0,0,0,0,0,1,1,1,1,1,1,1,1,1,1,1,1,1,1,1,1,1,1,1,1,1,1,1,1,1,0,0,0,1,0,1,1,1,1,0,0,0,0,1,1,1,1,1,0,0,1,0,0,0,0,1,0,1,1,1,0,0,0,1,1,1,1,1,0,1,0,1,1,1,0,1,0,1,1,1,1,1,0,1,0,0,1,1,1,0,1,1,1,1,1,1,1,1,1,1,1,1,1,1,1,1,1,1,1,0,1,1,1,1,0,0,1,0,1,1,1,1,0,1,1
23
6,6,6,6,6,169,107,107,107,107,131,3,17,32,30,30,30,30,165,165,165,47,47,45,45,185,185,9,9,50,50,162,25,25,25,25,163,163,172,42,196,29,29,29,164,31,31,174,2,2,2,2,2,2,2,2,2,2,2,2,2,2,2,2,2,2,2,2,2,168,5,5,5,5,5,5,5,5,5,5,5,5,5,93,57,44,44,44,44,44,166,166,11,167,15,15,15,53,122,49
1,0,0,0,0,1,0,0,1,1,1,1,0,1,1,1,1,1,1,1,1,1,1,1,1,0,0,0,0,1,1,1,0,0,0,0,1,1,1,1,0,1,0,1,1,1,1,1,1,1,1,1,1,1,1,1,1,1,0,1,1,1,1,1,1,1,1,1,1,0,1,1,1,1,1,1,0,0,1,1,1,0,1,1,1,0,1,1,1,1,0,0,1,1,0,0,0,0,1,1
24
6,6,6,6,171,107,107,46,46,170,30,30,30,30,50,50,50,50,50,50,50,165,165,165,47,47,142,45,45,45,45,45,191,23,23,23,175,168,94,43,25,25,25,163,163,163,172,44,44,44,18,18,18,18,18,18,169,31,31,31,48,174,174,174,2,2,2,2,2,2,2,2,2,2,2,2,29,29,29,5,5,5,5,5,5,5,5,5,5,5,5,5,5,5,5,5,5,12,77,9,166,166,61,144,79,167,167,167,167,167,15,3,3,3,71,54,54
0,0,0,0,1,0,0,1,1,1,0,1,1,1,1,1,1,1,1,1,1,1,0,0,1,0,1,1,1,1,1,1,0,1,1,1,1,0,0,1,0,0,0,1,0,1,1,0,1,1,0,1,0,0,1,1,0,1,1,1,1,1,1,0,1,1,1,1,1,1,1,1,1,1,1,1,1,0,1,0,1,0,1,0,1,0,1,0,0,0,0,0,0,1,1,1,0,0,1,0,0,0,1,1,0,1,1,1,1,1,0,1,1,1,1,1,1
25
6,6,197,131,78,161,163,163,163,163,163,163,165,185,185,23,23,58,50,50,50,5,5,5,5,5,5,25,25,25,162,162,180,93,18,18,18,18,15,15,15,15,48,2,2,2,2,2,2,2,2,2,2,2,2,2,2,2,2,45,45,45,45,45,45,45,99,160,160,160,44,44,3,3,3,26,65
1,0,1,1,0,1,1,1,1,1,1,0,1,1,0,1,1,1,1,1,1,1,1,0,0,1,1,1,1,0,1,1,1,1,1,1,1,1,0,0,1,1,1,1,1,1,1,1,1,1,1,1,1,1,1,1,1,1,0,1,1,1,1,0,1,1,0,1,1,1,0,1,1,1,1,1,0
26
6,6,6,200,171,107,107,107,46,170,17,32,175,175,86,165,165,192,9,9,50,50,50,50,50,50,126,25,25,163,163,163,163,163,163,163,172,59,59,59,34,18,18,18,18,169,169,169,169,30,30,48,48,174,2,2,2,2,2,2,2,2,2,2,2,2,2,2,29,99,104,57,44,44,44,44,44,166,166,166,5,5,5,5,5,5,5,5,5,5,5,5,5,5,5,5,199,45,45,198,61,167,167,167,167,167,167,15,15,15,15,15,15,3,3,49
1,0,1,1,1,1,1,1,1,0,0,1,1,0,1,1,1,1,0,1,1,1,1,1,1,1,1,0,0,1,1,1,1,0,1,1,1,1,1,1,0,0,1,1,1,1,0,1,1,1,1,0,1,1,1,1,1,1,1,1,1,1,1,1,1,1,1,1,1,0,1,1,1,1,1,1,1,0,1,0,0,1,0,0,1,0,1,0,1,1,1,1,1,1,1,1,0,1,0,1,1,0,0,1,1,1,1,0,1,1,0,1,1,1,1,0
27
6,6,163,163,163,153,2,2,2,2,2,2,2,2,2,2,2,2,2,15,15,15,15,15,15,15
0,0,0,1,1,1,1,1,1,1,1,1,1,1,1,1,1,1,0,0,1,0,1,1,1,1
28
6,6,6,6,6,6,171,107,107,107,46,46,170,161,30,86,165,165,165,165,165,165,165,165,165,47,47,23,23,23,23,23,23,23,23,23,23,23,50,50,50,162,25,25,25,25,25,25,25,163,163,163,163,172,18,18,18,18,18,169,164,20,48,174,174,2,2,2,2,2,2,45,45,29,5,5,5,5,5,5,5,5,5,5,5,5,5,5,5,5,5,5,57,9,9,44,44,44,44,166,166,166,166,166,160,160,160,160,61,61,167,15,15,15,15,15,53,3,3,3,3,71,54
1,0,1,0,1,1,1,0,1,1,1,1,1,1,1,1,1,0,1,1,1,0,0,1,0,1,1,1,1,1,1,1,1,1,1,1,1,1,1,1,1,1,0,0,0,0,0,0,0,0,1,1,1,1,1,1,1,1,1,0,0,1,0,0,1,1,1,1,1,1,1,1,1,0,0,0,0,0,1,1,1,1,1,0,0,1,0,0,0,1,1,1,1,0,0,1,1,1,1,1,1,1,1,1,1,1,1,1,1,1,0,1,0,1,1,1,1,1,1,1,1,1,1
29
6,6,6,6,171,46,165,165,165,30,30,30,161,47,45,45,73,73,23,58,50,50,50,25,25,25,25,25,25,163,163,163,163,163,177,34,172,18,18,18,18,18,18,18,169,31,31,31,31,31,174,174,2,2,2,2,2,2,2,2,168,99,5,5,5,5,5,5,5,5,5,5,71,44,44,44,44,44,166,15,15,15,15,15,29
1,1,0,1,1,1,1,0,1,1,1,1,1,1,1,1,1,1,1,1,1,1,1,0,0,0,0,0,0,1,1,1,0,0,0,0,1,1,1,1,1,1,1,1,0,0,1,1,1,0,1,1,1,1,1,1,1,1,1,1,0,0,0,0,1,0,0,0,1,1,0,1,0,0,1,1,1,1,0,1,1,1,1,1,1
30
6,6,6,6,6,46,78,170,17,17,17,7,15,15,15,15,15,15,71,41,25,25,25,25,25,43,172,34,169,169,169,169,31,31,48,174,2,2,2,168,99,179,44,44,44,162,162,61,36,3,3,3,49,49,163,163,163,171,171,107,107,165,165,165,165,165,165,30,30,30,86,161,161,47,73,73,23,23,23,23,23,23,23,23,23,23,50,50,50,191,18,18,18,18,18,18,8,45,45,45,45,45,45,160,160,160,12,12,12,57,166,166,5,5,5,5,5,5,5,5,5,5,5,5,5,5,5,5,167,167,29,54
0,0,0,0,0,1,1,1,1,1,1,1,0,1,1,1,1,1,0,0,0,0,0,0,0,1,1,0,0,1,1,1,1,1,1,0,1,1,1,0,0,1,0,1,1,1,1,1,0,1,1,1,1,1,0,0,1,1,1,0,1,1,1,1,1,1,1,1,0,0,1,1,1,1,1,1,1,1,1,1,1,1,1,1,1,1,1,1,1,0,0,1,1,1,1,0,0,1,1,1,1,1,1,1,1,1,1,1,1,1,1,1,0,0,1,1,0,1,1,1,1,1,1,1,0,1,0,0,1,1,0,1
31
6,6,6,6,6,6,6,6,6,6,6,6,6,107,107,107,46,31,30,165,165,165,165,47,9,178,8,25,163,163,34,127,18,18,18,18,169,169,164,164,20,2,2,2,2,2,2,2,2,2,2,168,168,99,5,5,5,5,5,5,5,5,5,5,5,5,5,5,5,5,5,170,23,23,44,44,166,166,166,166,167,167,167,167,167,167,167,167,167,167,167,167,167,15,15,15,15,3,3,3,49,50,50,50
1,1,1,1,1,1,0,1,0,0,0,1,1,0,1,1,0,1,0,0,0,1,0,0,0,0,1,1,1,1,1,1,1,1,1,1,1,1,1,1,0,1,1,1,1,1,1,1,1,1,0,1,0,0,1,1,0,0,0,1,1,0,1,1,1,1,1,1,1,1,0,1,1,0,0,0,0,1,1,1,1,1,1,1,1,1,1,1,1,1,0,1,0,1,1,1,1,1,1,1,1,0,0,1
32
6,6,31,31,31,2,2,2,2,2,2,2,2,2,29,5,5,165,165,165,161,160,23,23,23,23,23,92,163,163,163,25,25,162,162,183,3,3,18,18,18,18,15,15,15,15
1,1,1,1,1,1,1,1,1,1,1,1,1,1,1,0,0,1,1,1,1,1,1,1,1,1,1,0,0,1,0,0,0,1,1,0,1,1,0,1,1,1,0,1,0,1
33
6,6,107,107,107,46,161,161,161,161,165,165,23,23,23,23,23,23,23,23,23,23,23,23,23,50,50,50,162,25,25,25,25,163,163,163,163,18,18,18,18,18,18,15,15,15,15,164,164,31,31,2,2,2,45,45,45,5,5,5,5,5,5,5,5,5,5,5,5,5,12,187,44,44,166,166,160,160,160,160,160,61,61,167,169,3,3,3,3,3,3,3,3,49,54
1,0,0,0,1,1,1,1,1,1,1,1,1,1,1,1,1,1,1,1,1,1,1,1,1,1,1,1,1,1,0,0,0,1,1,1,1,0,1,1,1,1,1,0,1,1,1,0,1,1,1,1,1,1,1,1,1,0,1,0,1,1,1,1,1,0,1,0,0,1,1,1,1,1,1,1,1,1,1,1,1,1,1,1,0,1,1,1,1,1,1,1,1,1,0
34
163,163,163,163,163,39,107,107,107,46,46,78,17,56,30,30,165,165,165,165,165,171,171,45,45,9,9,58,50,50,50,50,50,50,50,47,47,162,25,37,42,18,18,18,18,169,31,31,31,31,48,48,48,174,2,2,2,2,2,2,2,2,2,2,2,2,2,2,2,2,2,2,2,2,2,2,2,2,2,2,168,168,29,29,5,5,5,5,5,5,5,5,5,5,5,5,5,5,5,5,23,44,44,44,44,44,44,166,166,166,61,61,15,15,15,15,15,3,49,49,54,54
1,1,1,1,1,1,0,1,0,1,1,0,1,1,1,1,1,1,1,1,1,1,1,1,0,0,1,1,1,1,1,1,1,1,1,1,1,1,0,0,1,0,1,1,0,1,1,1,1,1,1,1,1,0,1,1,1,1,1,1,1,1,1,1,1,1,1,1,1,1,1,1,1,1,1,1,1,1,1,0,0,1,1,1,0,0,1,0,1,1,0,1,1,1,0,0,0,0,1,0,1,0,1,0,1,1,1,1,1,1,1,0,0,1,1,1,1,1,1,1,0,1
35
197,107,107,107,46,78,170,30,30,30,30,30,86,165,165,165,165,165,165,165,15,15,15,45,45,45,45,45,9,9,58,50,50,50,50,50,50,50,25,25,25,25,25,163,163,163,163,163,172,18,18,18,18,18,169,169,164,164,31,31,48,174,174,2,2,2,2,2,2,2,2,2,2,2,2,2,2,2,2,29,29,99,160,71,44,44,44,44,166,166,5,5,5,5,5,5,5,5,5,5,5,5,5,5,5,5,5,61,167,100,3,3,3,3,49,54
1,0,1,0,1,1,1,1,1,1,1,1,1,0,0,1,1,1,1,1,0,1,1,1,1,1,1,1,0,1,1,1,1,1,1,1,1,1,0,0,0,0,0,1,1,1,1,1,1,0,1,1,1,1,0,1,1,0,1,1,0,1,1,1,1,1,1,1,1,1,1,1,1,1,1,1,1,1,1,0,1,0,1,0,0,1,1,1,0,0,1,0,0,1,1,1,0,1,1,1,1,1,1,0,1,1,1,1,1,1,1,1,1,1,1,1
36
6,6,6,6,6,6,6,6,6,6,6,6,6,6,6,6,6,6,6,6,6,6,6,6,6,6,185,167,167,2,2,2,2,2,2,5,5
1,0,1,1,1,1,0,0,1,1,1,1,1,1,1,0,1,1,1,1,1,0,0,1,0,1,0,1,1,1,1,1,1,1,1,1,1
37
171,171,107,107,107,29,170,175,86,165,165,165,165,165,47,50,50,50,50,45,45,45,45,73,23,58,168,168,46,46,69,25,25,25,25,163,163,163,163,163,172,59,59,18,18,18,18,169,169,169,31,31,174,2,2,2,2,2,2,2,2,2,2,2,2,2,2,2,2,2,2,2,2,2,2,8,105,90,9,201,166,5,5,5,5,5,5,5,5,5,5,5,5,5,5,5,5,5,44,44,44,184,61,167,167,167,167,167,167,167,15,15,15,15,53,30,30,30,30,49,54,54
1,0,0,1,0,1,0,1,0,1,1,1,1,0,1,1,1,1,0,1,1,1,1,1,1,1,1,0,1,0,1,0,0,1,0,0,1,1,1,1,1,1,1,1,0,1,1,0,1,1,1,1,1,1,1,1,1,1,1,1,1,1,1,1,1,1,1,1,1,1,1,1,1,1,1,0,1,1,0,1,1,0,1,0,1,1,1,1,0,0,1,1,1,0,0,1,1,1,1,1,1,1,1,1,1,1,1,1,1,1,1,0,1,1,0,1,1,1,1,1,1,1
38
62,107,107,107,170,97,165,165,165,165,178,50,162,25,163,177,59,18,18,18,18,29,164,31,48,2,2,2,168,5,5,5,12,23,23,23,23,23,44,44,44,93,160,160,61,61,167,3,3,3,3,3,3,49,139
0,0,1,0,1,1,1,1,1,1,1,1,1,0,1,1,1,1,1,1,1,1,1,1,1,1,1,1,1,1,0,1,0,1,1,1,1,1,1,1,1,1,1,1,1,1,1,1,1,1,1,1,1,1,0
39
6,6,6,107,107,107,46,170,165,165,165,165,47,50,50,25,25,163,163,163,163,163,163,18,18,18,45,45,31,31,31,48,48,2,2,2,2,2,2,2,2,2,2,2,2,2,2,2,2,2,2,2,2,2,2,29,5,5,5,5,5,5,5,5,5,5,5,5,5,5,44,44,44,44,166,166,167,15,15,15,15,15,96,3,49,139
1,0,0,1,1,1,1,1,0,0,1,1,1,1,1,0,0,0,1,1,0,1,1,1,1,1,1,1,1,1,1,1,1,1,1,1,1,1,1,1,1,1,1,1,1,1,1,1,1,1,1,1,1,1,1,1,0,0,0,1,1,1,1,1,1,1,1,1,1,1,0,1,1,1,0,1,1,1,0,1,1,1,1,1,1,1
40
20,48,107,2,2,2,2,2,8,149,202,17,86,14,44,166,166,5,5,5,5,5,9,50,50,92,61,61,11,34,49,69
1,1,0,1,1,1,1,1,1,1,0,0,1,1,1,1,0,1,1,1,1,0,1,1,1,1,1,1,1,1,1,1
41
197,88,107,107,46,6,6,6,6,193,165,165,165,165,165,47,73,23,3,3,162,162,25,25,25,25,25,163,163,59,59,59,18,18,18,18,18,18,18,169,169,169,164,2,2,2,2,2,2,2,2,2,2,2,2,2,2,2,2,2,2,2,45,5,5,5,5,5,5,5,5,5,5,5,5,5,5,5,203,203,44,166,166,166,104,61,61,167,15,15,15,15,15,65,50,50,50
0,1,1,0,1,0,0,1,0,1,1,1,1,1,1,0,1,1,1,1,1,1,0,0,0,0,0,1,1,0,1,1,1,1,1,1,1,0,0,1,1,0,0,1,1,1,1,1,1,1,1,1,1,1,1,1,1,1,1,1,1,1,1,0,0,1,1,1,1,1,1,1,1,1,1,1,0,0,1,1,1,0,1,1,1,1,1,1,1,0,1,1,1,1,1,1,1
42
6,171,46,78,165,165,30,30,30,161,161,47,47,45,45,45,45,23,50,50,50,50,162,162,25,25,25,163,163,163,163,204,204,18,18,18,18,18,169,169,164,164,164,31,31,48,48,48,174,2,2,2,2,2,2,2,2,2,2,2,168,99,5,5,5,5,5,5,5,5,5,5,5,5,5,5,5,5,5,5,71,44,44,44,44,44,44,166,166,160,160,61,61,167,167,167,167,15,15,15,29,49,54,54
1,1,1,0,1,1,1,1,1,1,1,1,1,1,1,1,1,1,1,1,1,1,1,1,0,0,0,1,0,0,1,0,1,0,1,0,0,0,1,1,1,1,1,1,1,1,1,1,1,1,1,1,1,1,1,1,1,1,1,1,1,1,1,1,1,0,0,0,1,1,1,0,1,1,1,0,0,1,1,0,1,0,1,1,1,1,1,0,1,1,1,1,1,1,1,1,1,0,1,0,1,1,1,1
43
171,171,107,107,46,46,78,170,30,30,86,86,165,165,165,165,165,165,47,50,50,45,23,58,58,3,25,25,25,25,25,25,163,163,163,163,163,163,172,59,34,18,18,18,18,18,15,15,15,15,31,31,31,48,174,174,174,2,2,2,2,2,2,2,2,2,2,2,2,2,2,2,2,2,2,2,2,2,2,2,29,29,29,29,5,5,5,5,5,5,5,5,5,5,5,5,5,5,5,5,5,5,5,205,9,9,44,44,44,44,166,166,167,167,167,167,167,167,167,175,54
1,0,0,1,0,1,1,0,1,1,1,1,0,0,1,1,1,1,1,1,1,1,1,0,1,1,0,0,0,0,0,0,0,0,1,0,1,0,1,1,1,0,1,1,1,0,1,1,0,1,1,1,1,1,1,1,1,1,1,1,1,1,1,1,1,1,1,1,1,1,1,1,1,1,1,1,1,1,1,1,1,1,1,0,0,1,0,1,1,0,1,0,1,1,0,0,1,0,0,1,0,1,1,1,0,1,1,1,1,1,0,0,1,1,1,1,1,1,1,1,1
44
6,6,6,6,171,107,107,46,46,78,170,161,30,86,165,165,47,47,45,45,45,23,23,23,23,23,23,23,23,23,23,50,50,50,50,50,50,162,162,25,163,163,163,163,163,163,163,172,59,59,18,18,18,18,15,15,15,15,15,15,164,48,174,174,2,2,2,2,29,29,29,160,160,160,57,9,44,44,44,44,44,166,5,5,5,5,5,5,5,5,5,5,5,5,5,5,5,5,144,199,61,61,167,167,167,169,3,3,3,54
1,0,1,0,1,1,1,1,1,1,0,1,1,1,1,0,1,0,1,1,1,1,1,1,1,1,1,1,1,1,1,1,1,1,1,1,1,1,1,0,1,1,1,1,0,1,1,1,1,1,0,1,0,1,1,0,0,1,1,1,1,1,1,1,1,1,1,1,1,1,1,1,1,1,1,0,1,1,1,1,1,0,1,1,0,1,0,1,1,0,1,1,1,1,0,0,0,0,0,0,1,1,1,1,1,1,1,1,1,1
45
6,6,6,171,107,107,107,46,46,46,78,170,56,30,165,165,47,47,45,45,45,45,71,50,182,182,43,25,25,25,25,163,163,163,163,163,172,18,18,18,18,18,15,15,15,15,15,15,31,31,174,2,2,2,2,2,2,2,2,2,2,2,2,2,2,168,5,5,5,5,5,5,5,5,5,5,5,5,5,5,5,5,9,44,44,44,166,166,166,166,167,167,167,167,167,167,167,167,167,167,29,29,49,54
0,0,0,1,1,1,0,1,1,1,1,1,0,1,0,1,0,0,1,1,1,1,0,1,0,1,0,0,0,0,0,1,1,1,1,0,1,0,1,1,1,1,1,0,1,1,1,1,1,1,1,1,1,1,1,1,1,1,1,1,1,1,1,1,1,1,0,0,1,1,1,1,1,1,0,1,1,0,0,0,0,0,0,0,1,1,0,0,0,0,1,1,1,1,1,1,1,1,1,1,0,1,1,1
46
164,5,5,165,161,187,25,23,23,23,23,23,163,163,163,89,160,160,160,167,167,3,3,3,3,3,18,18,18,18,18,15,15,15,15,15
0,0,1,0,1,0,0,1,1,1,1,1,1,1,1,1,1,1,1,1,1,1,1,1,1,1,0,1,1,1,1,1,0,0,1,1
47
6,6,107,107,107,46,170,161,175,181,165,165,165,165,47,23,23,23,23,23,23,50,50,50,50,162,162,25,25,25,25,25,25,163,163,177,18,18,18,18,15,15,15,15,164,2,2,2,2,2,45,45,45,45,5,5,5,5,5,5,5,5,5,5,5,5,5,5,5,44,44,44,166,160,160,65,184,89,61,167,167,169,3,3,3,3,3,49,54
1,1,0,1,1,0,1,1,1,1,0,1,1,1,1,1,1,1,1,1,1,1,1,1,1,1,1,0,1,1,0,0,0,1,1,0,1,1,1,1,1,1,1,1,0,1,1,1,1,1,1,1,1,1,0,0,0,1,0,0,0,1,1,0,0,1,1,1,1,0,1,1,1,1,1,1,1,1,1,1,1,0,1,1,1,1,1,0,1
48
6,6,6,6,6,6,6,6,6,6,6,6,6,6,6,6,6,6,6,6,6,6,6,6,6,6,6,6,6,6,6,6,6,6,6,6,6,6,6,6,6,6,6,6,6,6,6,6,6,6,6,6,6,6,6,6,6,6,6,6,6,6,6,6,6,6,6,6,6,6,6,6,6,6,6,6,164,164,107,107,107,2,2,2,102,5,5,5,5,5,5,5,5,5,5,5,5,5,5,5,5,5,5,12,166,25,167,167,127,169
0,1,1,0,0,0,0,0,1,0,0,0,1,1,1,0,1,1,0,1,0,0,0,0,1,0,0,1,0,1,1,0,0,1,0,1,1,1,0,0,0,0,0,0,1,1,1,0,0,1,0,0,1,1,1,1,1,1,1,1,0,1,1,1,1,1,1,1,1,1,1,0,1,1,1,1,1,1,1,1,1,1,1,1,0,0,0,1,0,1,0,1,0,0,0,0,1,0,0,1,1,1,1,1,0,0,1,1,1,1
49
6,171,171,107,107,107,46,46,78,170,175,86,165,165,165,165,165,165,165,165,165,47,47,47,45,45,45,23,23,23,50,50,50,50,163,163,163,25,25,25,25,25,25,25,25,25,25,25,162,172,18,18,18,18,18,18,169,169,169,164,31,112,174,174,2,2,2,2,2,2,2,2,2,2,2,2,2,2,2,29,29,29,99,5,5,5,5,5,5,5,5,5,5,5,5,5,5,5,5,5,5,5,5,44,44,166,166,166,166,69,69,89,61,61,167,167,167,167,15,15,15,15,30,30,49,54
0,1,1,0,1,0,1,1,1,1,1,1,1,1,1,1,1,1,1,1,1,1,1,1,1,1,1,1,1,1,1,1,1,1,1,1,1,0,0,0,0,0,0,0,0,0,0,0,1,1,1,1,1,1,1,1,0,1,1,0,0,0,1,1,1,1,1,1,1,1,1,1,1,1,1,1,1,1,1,1,1,1,1,1,1,0,1,0,1,1,1,1,0,1,1,1,1,1,1,0,1,1,1,0,1,1,1,1,1,1,1,1,1,1,1,1,1,1,0,1,1,1,1,1,1,1
50
6,6,6,6,170,171,107,107,107,46,46,78,145,175,165,165,165,165,165,165,165,165,165,47,47,45,45,45,45,9,9,58,50,50,50,43,25,25,25,25,25,163,163,163,163,163,172,42,18,18,18,18,18,169,169,164,31,48,48,174,2,2,2,2,2,2,2,2,2,2,2,2,2,2,2,2,2,2,2,2,2,2,2,2,2,2,29,29,29,99,5,5,5,5,5,5,5,5,5,5,5,5,5,5,5,5,5,5,12,44,44,44,166,166,166,139,199,61,167,167,167,167,15,15,15,15,15,59,3,30,30,30,54,54
0,0,0,0,1,1,1,1,0,1,0,1,1,1,1,1,1,1,0,0,0,1,0,1,1,1,1,1,1,0,1,1,0,1,1,0,1,0,0,0,0,0,1,1,1,1,1,1,0,1,1,1,1,1,1,1,1,1,1,1,1,1,1,1,1,1,1,1,1,1,1,1,1,1,1,1,1,1,1,1,1,1,1,1,1,1,1,1,1,1,1,1,0,0,1,1,1,1,1,1,1,1,1,1,0,0,1,0,1,1,1,1,1,1,1,1,1,1,1,1,1,1,1,1,1,1,1,1,1,1,1,1,1,1
51
107,107,107,131,46,170,190,161,161,23,23,23,23,23,23,50,162,25,25,25,25,163,165,165,127,18,18,18,15,15,15,15,15,15,164,164,2,2,2,2,2,45,45,45,45,5,5,5,5,5,5,5,5,5,5,5,5,5,206,44,166,166,160,160,167,3,3,3,49,54,54,54
0,1,0,1,1,0,1,1,1,1,1,1,1,1,1,1,1,1,1,0,0,1,1,0,0,1,1,1,0,1,1,0,1,1,1,1,0,1,1,1,1,0,1,1,1,1,0,1,1,0,0,0,0,1,0,0,1,1,1,1,0,0,1,1,1,1,1,1,1,1,1,1
52
6,107,107,107,170,161,161,175,165,165,165,48,48,47,23,23,23,23,23,23,23,50,50,50,162,162,25,25,25,25,25,25,163,163,163,180,34,18,18,18,18,18,18,169,169,169,112,2,2,2,45,45,45,45,45,160,160,160,195,12,44,44,166,5,5,5,5,5,5,5,5,5,5,5,5,5,5,5,167,15,15,15,15,3,3,3,3,49,54
0,0,1,0,1,1,1,1,1,1,1,0,1,1,1,1,1,1,1,1,1,1,1,1,1,1,0,0,0,1,0,0,1,1,1,1,0,1,1,1,1,1,0,0,1,1,1,1,1,1,1,1,1,1,1,1,1,1,1,0,1,1,0,1,1,1,1,1,0,1,0,1,0,0,1,1,1,0,1,0,1,1,1,1,1,1,1,1,1
53
6,6,6,6,6,171,107,107,107,46,46,55,195,175,165,165,165,47,50,50,50,45,45,45,25,25,23,23,79,63,207,163,163,163,18,18,18,18,18,169,169,169,169,164,164,31,31,48,174,2,2,2,2,2,2,2,2,2,2,2,2,2,29,29,99,168,168,5,5,5,5,5,5,5,5,5,5,5,5,5,5,5,5,5,5,170,71,44,44,44,44,166,160,60,61,167,167,167,15,15,15,15,53,30,30,54
0,1,0,0,1,1,0,1,0,1,1,0,1,1,0,1,1,0,1,1,1,1,1,0,0,0,1,1,1,1,1,1,1,1,0,1,1,0,1,0,1,1,1,1,1,1,1,0,1,1,1,1,1,1,1,1,1,1,1,1,1,1,0,1,0,1,1,0,1,0,0,1,0,0,0,1,1,0,0,0,0,1,1,1,1,1,0,1,1,1,1,1,1,1,0,1,1,1,0,1,1,1,1,1,1,1
54
6,6,6,6,46,170,165,165,165,165,9,58,168,168,168,162,25,25,25,25,25,25,163,163,183,59,172,169,169,169,164,31,48,48,42,208,56,5,5,5,5,5,5,5,5,5,5,5,5,5,5,5,5,5,5,5,5,44,44,44,44,44,61,61,15,15,15,15,53,175,49,171,171,107,107,82,47,47,23,174,174,50,50,50,50,2,2,2,2,2,2,2,2,2,2,2,2,2,2,2,2,2,2,2,2,2,2,2,2,2,2,2,3,18,18,18,18,18,18,8,30,30,45,45,45,45,166,167,167,167,29,54
0,1,1,0,1,1,0,1,1,0,0,0,1,1,1,1,0,0,0,0,0,0,1,1,1,0,1,0,1,1,0,1,1,1,1,1,1,0,1,0,1,0,0,0,1,0,1,1,1,0,1,0,1,0,1,1,1,1,1,1,1,1,1,1,0,1,1,1,0,1,1,1,1,0,1,1,0,1,1,1,1,1,1,1,1,1,1,1,1,1,1,1,1,1,1,1,1,1,1,1,1,1,1,1,1,1,1,1,1,0,1,0,1,0,1,0,1,1,1,1,1,1,1,1,1,1,0,1,1,1,1,0
55
6,6,46,46,170,195,185,178,25,25,25,25,163,172,172,59,34,180,31,31,31,48,48,174,174,2,2,2,2,2,2,2,2,2,2,2,2,2,2,2,2,2,2,2,2,2,2,2,2,2,2,2,2,29,5,5,5,5,5,5,5,5,5,5,5,5,5,5,5,5,5,5,5,5,5,71,44,44,44,44,144,184,140,3,3,3,49,107,107,165,165,30,30,47,50,50,50,50,50,61,135,18,18,18,18,15,15,15,15,15,15,20,176,104,12,57,9,166,166,166,90,188,60,167,167,65
0,1,1,1,0,1,0,1,0,0,0,0,1,1,0,1,1,1,1,1,1,1,1,1,0,1,1,1,1,1,1,1,1,1,1,1,1,1,1,1,1,1,1,1,1,1,1,1,1,0,1,1,1,0,1,1,0,0,0,0,0,1,0,1,1,1,1,1,1,1,1,0,0,0,1,1,0,1,1,1,0,0,0,1,1,1,1,1,0,1,1,1,1,1,1,1,1,0,1,1,1,0,1,0,1,0,0,1,1,1,1,1,1,0,1,1,0,1,1,1,1,1,1,1,1,1
56
107,107,107,107,46,55,175,165,165,165,47,47,45,45,45,45,23,23,23,50,69,25,163,163,163,163,163,34,18,18,18,18,169,209,31,31,48,2,2,2,2,2,2,2,2,2,2,2,2,2,2,29,5,5,5,5,5,5,5,5,5,5,5,5,5,44,44,44,166,160,160,61,15,15,15,15,15,3,49,54
1,1,1,1,1,0,1,0,1,1,1,1,1,1,1,1,1,1,1,1,0,0,0,0,1,1,1,0,0,1,1,1,1,1,1,1,0,1,1,1,1,1,1,1,1,1,1,1,1,1,1,1,0,0,1,1,1,1,1,1,0,0,1,1,1,1,1,1,0,1,1,1,0,0,1,1,1,1,1,1
57
6,107,107,107,170,161,161,165,165,165,15,15,15,45,23,23,23,23,23,23,23,23,23,23,50,50,50,162,162,25,25,25,160,160,160,18,18,18,18,18,18,18,163,163,163,164,164,48,2,2,29,29,104,44,44,44,44,44,44,44,166,5,5,5,5,5,5,5,5,5,5,5,5,5,5,5,61,167,169,3,3,3,3,3,3,3,49
0,0,1,1,1,1,1,0,1,1,1,1,1,1,1,1,1,1,1,1,1,1,1,1,0,1,1,1,1,0,0,0,1,1,1,1,1,1,0,1,1,1,0,1,1,1,1,1,1,1,1,1,1,1,1,1,1,1,1,1,1,0,1,1,1,1,1,1,1,1,1,1,1,0,1,1,1,1,1,1,1,1,1,1,1,1,1
58
6,107,107,170,165,165,165,165,165,161,161,23,23,23,23,23,23,50,50,163,162,162,18,18,18,169,31,48,2,2,2,45,45,45,5,5,5,5,5,5,5,5,5,5,5,5,5,5,44,44,44,44,166,166,160,160,160,61,167,15,15,15,15,15,15,3,3,49,54
0,1,1,1,1,1,1,0,1,1,1,1,1,1,1,1,1,1,1,0,1,1,0,1,1,0,1,0,1,1,1,1,1,1,0,1,1,1,1,1,1,1,1,1,1,1,0,1,1,1,1,1,0,1,1,1,1,1,1,1,1,0,1,1,1,1,1,1,1
59
31,31,31,31,168,25,160,165,50,50,161,44,44,44,44,166,166,5,5,5,5,5,5,5,5,5,5,5,5,5,5,23,23,23,23,23,23,127,49,162,162,45,45,45,163,163,163,163,167,167,54,54,3,3,3,3,3,18,18,18,18,15,15,15,15,15
0,1,1,1,1,0,1,1,1,1,1,0,1,1,1,0,1,0,1,0,1,1,1,0,0,0,1,0,0,0,0,1,1,1,1,1,1,1,1,1,1,1,1,1,1,1,1,1,1,1,1,1,1,1,1,1,1,1,1,0,1,1,1,1,1,1
60
6,107,107,107,46,170,190,165,45,45,45,45,23,23,50,50,25,163,163,163,163,18,18,18,18,18,18,169,31,31,2,2,2,2,2,2,2,2,2,2,2,2,2,2,2,2,2,2,2,2,29,5,5,5,5,5,5,5,5,5,5,5,5,5,44,44,44,44,166,160,61,167,167,167,15,15,15,15,15,15,15,3,3,3,3,49,54
0,0,1,0,1,1,1,1,1,1,1,1,1,1,1,1,0,1,1,1,1,0,1,0,1,1,1,1,0,1,1,1,1,1,1,1,1,1,1,1,1,1,1,1,1,1,1,1,1,1,0,1,0,1,0,0,1,1,0,0,1,0,0,0,1,1,1,1,0,1,1,1,1,0,1,1,0,0,1,1,0,1,1,1,1,1,1
61
163,163,163,163,171,107,107,107,46,170,161,161,30,86,165,165,165,165,165,47,50,50,50,50,50,45,45,23,23,23,23,23,23,23,23,23,23,58,168,41,25,25,162,162,11,172,18,18,18,18,169,169,164,164,164,31,31,31,31,48,174,2,2,2,2,56,56,29,29,5,5,5,5,5,5,5,5,5,5,5,5,5,5,5,5,5,5,9,9,44,44,44,44,44,44,44,166,166,166,160,160,160,61,61,15,15,15,15,15,3,3,3,3,3,3,71,54,54
1,1,1,1,1,1,1,1,1,1,1,1,1,1,1,1,1,1,1,1,1,1,1,1,1,1,1,1,1,1,1,1,1,1,1,1,1,1,1,1,0,0,1,1,1,1,0,1,1,1,0,0,1,1,1,1,1,1,1,1,1,1,1,1,1,1,1,1,1,1,0,0,0,0,1,0,1,1,0,0,1,1,1,0,0,1,1,1,1,1,1,1,1,1,1,1,1,1,0,1,1,0,1,1,1,1,1,1,1,1,1,1,1,1,1,0,1,1
62
6,6,6,6,6,6,6,6,107,107,46,170,165,47,192,185,185,23,23,23,23,210,50,50,163,25,25,25,25,25,25,25,160,160,18,18,18,169,169,164,122,48,2,2,2,2,2,2,2,2,45,45,45,45,45,5,5,5,5,5,5,5,5,5,5,5,5,5,12,44,166,166,166,104,162,61,167,167,15,3,3,90,54
0,0,1,0,0,0,1,1,1,1,1,1,1,1,1,0,0,1,1,1,1,0,1,1,1,1,1,1,1,1,1,0,1,1,1,1,1,1,1,0,0,0,1,1,1,1,1,1,1,1,1,1,1,1,1,0,1,1,1,0,1,1,1,0,0,0,1,0,0,1,0,0,0,0,1,1,1,1,1,1,1,0,0
63
164,6,48,107,107,2,2,2,2,2,2,2,2,2,2,2,2,2,2,2,2,2,2,2,2,168,99,31,5,5,5,5,5,5,5,5,5,5,5,5,5,178,9,166,166,160,187,44,44,44,44,44,44,44,45,45,25,25,25,163,163,42,59,15,15,15
1,0,0,0,1,1,1,1,1,1,1,1,1,1,1,1,1,1,1,1,1,1,1,1,1,1,1,1,0,1,1,1,1,1,1,1,1,0,0,1,1,1,1,0,0,1,0,0,1,1,1,1,1,1,1,1,0,0,0,0,1,1,0,1,1,1
64
6,46,46,78,170,17,165,165,165,9,9,58,58,63,41,25,25,43,59,34,169,169,164,164,164,31,48,48,48,174,174,174,2,2,2,2,29,29,29,29,29,99,5,5,5,5,5,5,5,5,5,5,5,5,5,5,5,5,5,5,5,44,44,44,44,44,44,133,175,49,49,163,163,163,163,163,163,62,171,107,107,107,55,97,161,161,47,47,73,23,23,23,23,23,23,23,23,23,23,50,50,50,50,50,50,50,61,61,3,3,18,18,18,18,18,18,15,15,15,15,15,15,30,30,30,20,45,45,104,104,166,166,166,26,160,160,160,167,167,167,54
0,1,1,0,0,0,1,1,0,0,1,1,1,1,1,0,0,1,1,1,1,1,1,1,1,0,0,1,1,1,1,1,1,1,1,1,1,0,1,1,1,1,0,1,1,1,0,1,0,1,1,1,1,0,1,1,1,1,1,1,1,0,1,1,1,1,1,1,1,0,1,1,1,0,1,1,1,0,1,0,1,1,1,1,1,1,1,1,1,1,1,1,1,1,1,1,1,1,1,1,1,1,1,1,1,1,1,1,1,1,0,1,1,1,1,1,0,1,1,1,1,0,1,1,1,1,1,1,1,1,0,1,1,1,1,1,1,1,1,1,1
65
6,6,6,6,6,6,6,171,107,107,107,46,46,78,170,161,161,30,30,30,211,165,165,165,165,165,165,9,9,45,45,45,45,45,178,50,50,50,50,162,25,25,25,163,163,163,172,18,18,18,18,18,18,15,15,15,31,48,2,2,2,2,2,2,2,2,29,29,99,5,5,5,5,5,5,5,5,5,5,5,5,5,5,5,5,5,57,23,23,23,23,44,44,44,44,166,160,184,61,167,167,167,167,167,169,53,3,3,3,49,54,54
0,1,0,1,1,1,0,0,1,0,0,1,1,0,0,1,1,1,1,1,0,1,1,1,1,0,1,0,0,1,1,1,1,1,1,1,1,1,0,1,0,0,0,0,1,1,0,0,1,1,1,1,1,1,0,1,1,0,0,1,1,1,1,1,1,1,1,1,0,0,0,0,0,0,0,1,1,1,1,1,0,1,1,0,1,1,0,1,1,1,1,0,1,1,1,0,1,1,0,1,1,1,1,1,1,0,1,1,1,1,1,1
66
6,6,6,6,6,6,209,107,131,46,46,46,145,17,165,165,165,165,165,165,118,118,47,73,73,23,23,79,50,50,162,25,25,25,25,25,25,25,163,163,163,180,180,177,18,18,18,18,18,15,15,15,15,164,31,2,2,2,2,2,2,2,2,2,2,2,2,2,2,2,2,2,2,2,45,99,5,5,5,5,5,5,5,5,5,5,5,5,5,5,5,5,5,12,44,44,44,44,166,193,92,167,169,53,3,3,3,3,49,54,54
0,0,0,0,0,1,0,0,1,0,1,1,1,1,1,1,1,1,1,0,0,1,0,1,0,1,1,1,1,1,1,0,0,1,0,0,0,0,1,1,0,1,0,1,1,1,1,1,1,1,0,1,0,0,0,1,1,1,1,1,1,1,1,1,1,1,1,0,1,1,1,1,1,1,1,1,0,0,0,1,0,0,0,0,0,0,1,0,0,1,1,1,0,1,1,1,1,1,0,1,1,1,1,1,0,1,1,1,0,1,1
67
164,202,2,168,6,5,5,5
1,0,1,1,1,1,1,1
68
6,171,107,107,46,170,32,30,30,165,165,165,165,47,47,15,9,79,50,50,50,50,50,50,25,25,25,25,25,25,25,25,25,163,163,163,172,59,18,18,18,18,45,45,45,31,31,31,48,174,2,2,2,2,2,2,2,2,2,2,2,2,2,2,2,2,8,99,29,5,5,5,5,5,5,5,5,5,5,5,5,5,5,5,5,5,23,23,44,44,44,44,166,166,42,56,61,167,169,3,3,3,71,139
0,1,0,1,1,1,1,1,1,1,0,1,0,1,1,1,0,0,0,1,0,1,1,1,0,0,1,1,1,0,0,0,0,1,1,1,1,1,1,1,1,1,1,1,1,1,1,1,1,1,1,1,1,1,1,1,1,1,1,1,1,1,1,1,1,1,1,1,1,1,1,0,0,1,0,1,1,1,0,1,1,1,1,1,0,1,1,1,0,1,1,1,0,1,1,1,1,1,1,1,1,1,1,0
69
107,107,46,165,165,165,165,161,161,47,23,23,23,23,23,23,23,23,23,23,50,50,50,50,50,25,25,163,163,163,163,163,163,18,18,18,18,18,18,18,169,31,31,2,2,2,45,45,45,45,5,5,5,5,5,5,5,5,5,5,5,5,5,5,44,166,160,160,212,61,167,167,15,15,15,15,15,3,3,3,3,3,49
1,1,1,0,0,1,0,1,1,1,1,1,1,1,1,1,1,1,1,1,1,1,1,1,1,0,0,0,1,1,1,0,0,1,1,1,0,1,1,1,0,0,1,1,1,1,0,1,1,1,0,0,1,1,1,1,1,1,1,0,0,1,0,1,1,1,1,1,1,0,1,1,0,0,1,0,1,1,1,1,1,1,1
70
6,6,107,107,107,46,145,17,175,165,165,165,165,165,118,47,185,185,23,50,50,163,163,163,163,25,162,162,180,180,180,180,34,34,18,18,18,18,18,15,15,15,15,15,31,31,31,48,48,2,2,2,2,2,2,2,2,2,45,45,45,5,5,5,5,5,5,5,5,5,5,5,5,5,170,206,44,44,166,166,166,166,192,184,61,61,167,167,169,169,97,188,52
1,0,0,1,1,1,0,1,1,1,1,1,1,1,1,0,0,0,1,1,1,1,1,1,1,0,1,1,0,1,1,1,1,0,0,1,1,1,0,0,1,1,1,0,0,0,1,1,1,1,1,1,1,1,1,1,1,1,1,1,0,0,1,1,1,1,1,1,1,0,0,0,1,0,0,0,1,1,0,1,1,0,0,0,0,1,1,0,0,0,0,0,0
71
6,25,25,45,45,5,5,5,5,5,5,5,5,5,165,165,165,97,34,3,44,169
0,0,0,1,1,0,0,0,0,0,0,0,1,1,0,1,1,1,1,1,1,1
72
6,6,6,171,107,107,46,170,30,165,165,165,165,165,165,165,47,45,45,45,45,45,187,50,50,50,25,25,25,163,163,163,163,196,18,18,18,18,18,18,169,169,164,31,31,48,48,174,2,2,2,2,2,2,2,2,2,2,2,2,2,2,2,2,2,2,2,2,2,2,29,99,5,5,5,5,5,5,5,5,5,5,5,5,5,5,5,5,5,5,57,71,44,44,44,166,166,198,61,167,167,167,167,15,15,15,15,49,54
0,0,1,1,1,1,1,1,1,1,0,1,1,0,0,1,1,1,1,1,0,1,0,1,1,1,0,0,0,1,1,1,1,0,0,1,1,0,0,0,0,0,1,1,0,1,1,0,1,1,1,1,1,1,1,1,1,1,1,1,1,1,1,1,1,1,1,1,1,1,1,0,0,1,0,0,1,0,0,1,1,1,0,0,1,0,1,1,0,1,1,0,1,1,1,0,0,1,1,1,1,1,1,1,1,1,1,1,0
73
