1
38,38,124,3,3,3,34,34,34,41,1,1,1,1,1,1,1,1,1,1,1,1,1,1,1,125,125,125,121,121,33,33,31,31,31,31,31,120,120,120,2,2,2,2,2,2,2,2,2,29,123,123,123,73,122,127,127,126,40,40,40,40,16,16,16,10,10,10,10,10
1,0,1,1,1,1,1,1,1,1,1,0,0,0,1,1,1,1,1,1,1,1,1,1,1,1,1,0,1,1,1,1,1,1,1,1,1,1,1,1,1,1,1,1,1,1,1,1,1,1,0,1,1,0,1,1,1,1,1,1,1,1,1,1,1,1,0,1,1,1
2
38,38,38,38,38,38,38,38,38,38,38,38,38,38,38,38,38,38,38,38,38,38,38,38,38,38,38,38,38,38,38,38,38,38,38,38,38,38,38,38,38,38,38,38,38,38,38,38,38,38,38,38,38,38,38,38,38,38,38,38,38,38,38,38,38,38,38,38,38,38,38,38,38,38,38,38,38,38,38,38,38,20,20,20,3,3,3,3,3,3,3,3,3,3,3,3,3,3,3,3,3,3,3,3,1,1,1,1,1,1,1,1,1,1,1,1,1,1,1,1,1,1,123,123,127,127,10,10,10,10
1,0,1,1,0,1,1,1,0,0,0,1,0,0,0,0,1,0,0,0,1,0,0,1,1,0,0,0,0,0,0,0,0,1,0,0,0,0,1,0,1,0,0,1,0,0,1,0,1,0,1,0,1,1,1,0,0,1,0,1,1,0,0,0,0,0,0,0,0,0,0,0,0,0,0,0,0,0,0,0,0,0,1,0,1,1,1,1,1,1,1,1,1,1,1,1,1,1,1,1,1,1,1,1,1,0,1,1,0,1,0,0,0,0,1,1,1,1,0,1,0,0,0,0,1,1,0,0,0,1
3
38,38,38,38,38,38,38,38,38,38,38,38,38,38,38,38,38,38,38,38,38,38,38,38,38,38,38,38,38,38,38,38,38,38,38,38,38,130,130,20,20,20,34,34,51,23,23,23,37,125,125,125,29,29,29,29,31,31,39,39,40,40,109,28,28,28,28,28,28,28,123,123,131,19,16,129,18,3,3,3,3,3,3,128,1,1,1,1,1,1,1,1,1,1,1,1,1,1,1,1,1,1,66,99,79,2,2,2,33,33,126,83,30,10,10,10,17,17,14
1,0,1,0,1,0,1,0,0,1,1,0,1,1,1,1,1,0,1,0,1,1,1,0,1,1,1,1,1,0,0,1,0,1,1,0,0,1,0,0,1,0,1,1,0,1,1,1,0,1,1,0,0,1,1,1,1,1,0,1,0,1,0,0,0,0,0,0,0,0,0,0,1,0,1,0,0,1,1,0,1,1,0,0,0,0,1,0,1,0,0,1,0,0,1,0,0,0,1,1,0,1,0,1,1,1,1,1,1,1,0,1,1,1,0,1,0,0,0
4
20,3,3,3,3,3,3,3,3,3,34,120,120,120,121,121,35,33,33,1,1,1,1,1,1,1,1,1,1,1,1,1,1,1,2,132,28,28,122,122,127,10
0,1,1,1,1,1,1,1,1,1,1,1,1,1,1,1,1,1,1,0,0,0,1,1,1,0,0,0,1,1,0,0,1,1,1,1,0,0,1,1,1,1
5
38,38,38,38,38,38,38,38,38,38,38,130,130,20,20,20,34,51,23,23,37,125,125,125,125,125,35,31,31,39,29,29,29,28,28,28,28,123,123,123,123,123,123,123,131,95,16,16,16,16,16,10,10,10,10,41,41,36,133,133,133,3,3,3,3,3,3,3,3,3,3,3,3,3,3,3,3,3,3,3,3,22,80,1,1,1,1,1,1,1,1,1,1,1,1,1,1,1,1,1,1,134,79,33,33,33,33,126,126,30,30,127,127,127,127,129,129,43,17,45
0,1,1,0,1,0,0,0,0,0,0,1,0,0,1,0,0,1,1,1,1,1,1,1,1,0,1,1,0,0,1,1,1,0,0,0,0,1,1,1,1,1,1,1,1,0,1,1,1,1,1,0,1,1,1,0,1,0,0,1,1,1,1,1,1,1,1,1,1,1,1,1,1,1,1,1,1,1,1,1,1,1,0,1,1,0,0,1,1,1,1,1,1,1,1,0,1,1,0,1,0,0,1,0,1,1,1,0,0,1,1,0,1,1,1,0,1,1,1,1
6
20,20,20,34,51,125,125,121,121,2,2,2,2,2,2,2,2,2,2,2,2,29,29,29,29,123,123,123,123,123,123,28,28,28,122,122,62,62,16,16,16,16,10,10,10,10,10,41,3,31,31,1,1,1,1,1,1,1,1,1,1,1,1,1,33,33,33,126,126,120,120,120,40,40,40,40,40,14
1,1,0,1,1,1,1,1,1,1,1,1,1,1,1,1,1,1,1,1,1,1,1,1,1,0,1,1,0,1,1,0,0,0,1,1,1,0,1,1,1,1,1,0,1,1,1,1,1,1,0,0,0,0,1,1,1,1,1,1,1,1,0,0,1,1,1,1,1,1,1,1,1,1,1,1,1,0
7
130,20,20,20,55,121,23,23,23,125,125,125,125,35,35,31,31,31,31,2,2,2,2,2,27,29,29,29,29,123,123,123,123,123,28,28,28,28,28,28,28,28,122,122,131,19,16,16,16,10,10,10,10,10,124,18,133,133,3,3,3,17,17,80,1,1,1,1,1,1,1,1,1,1,1,1,1,1,1,1,1,1,1,1,39,39,33,33,33,40,40,40,120,120,26,45,30,127,127,127,127,127,127,127,127,127,127,43,135,65,14
1,0,1,1,1,1,1,1,1,1,1,1,0,0,1,1,1,1,1,1,1,1,1,1,0,1,0,1,1,1,1,1,1,1,0,0,1,0,0,0,0,0,1,1,1,1,0,1,1,0,0,1,1,1,1,1,0,1,1,1,1,0,1,0,1,0,1,0,1,0,0,0,1,0,0,0,0,0,0,0,0,0,0,1,0,0,1,1,1,1,1,1,1,1,1,1,1,1,1,1,0,1,0,1,1,1,1,1,1,0,1
8
38,38,20,20,20,34,99,21,125,125,125,125,36,36,35,58,29,29,122,122,28,123,137,16,16,16,16,16,129,129,124,41,136,3,3,3,3,3,3,3,3,3,3,3,3,3,3,3,3,3,3,3,31,31,31,31,1,1,1,1,1,1,1,1,1,1,1,1,1,1,1,51,106,33,33,33,126,30,30,10,10,10,10,45,14,14
1,0,0,1,1,1,1,1,1,1,1,1,0,1,1,1,0,1,1,1,0,1,0,1,1,0,1,1,1,1,1,1,1,1,1,1,1,1,1,1,1,1,1,1,1,1,1,1,1,1,1,1,1,1,1,1,0,1,1,0,1,1,1,0,0,0,0,1,0,1,1,1,1,1,1,1,0,1,1,1,1,1,1,1,0,1
9
38,38,38,38,38,38,38,38,20,20,34,34,34,23,23,23,23,23,125,125,125,125,35,35,39,31,31,31,31,138,29,29,29,29,123,123,123,123,28,28,122,122,131,19,16,16,16,16,16,129,129,124,41,36,133,133,3,3,3,3,3,3,3,3,3,3,3,3,3,3,3,3,3,3,128,80,1,1,1,1,1,1,1,1,1,1,1,1,1,1,1,1,79,2,2,2,33,33,33,33,126,139,45,30,10,10,10,10,10,10,10,10,43,40,40,40,40,65,14
1,0,1,1,1,1,0,0,1,1,1,1,1,1,1,1,1,1,0,1,1,0,1,1,0,1,1,1,1,1,1,1,1,1,1,1,1,1,0,0,1,1,1,1,0,1,1,1,1,1,1,1,1,1,1,1,1,1,1,1,1,1,1,1,1,1,1,1,1,1,1,1,1,1,1,1,1,0,0,0,1,1,0,1,0,1,1,1,0,0,1,1,1,1,1,1,0,1,1,0,1,1,1,1,1,0,1,1,1,1,1,1,1,1,1,1,1,0,1
10
38,38,38,20,20,20,26,51,121,121,23,23,125,125,125,125,2,2,2,2,29,29,122,28,28,28,28,28,28,28,28,28,28,28,28,28,28,123,123,131,16,16,16,129,124,41,41,41,41,133,133,133,3,3,3,3,3,3,3,3,3,3,1,1,1,1,1,1,1,1,1,1,1,1,1,1,1,1,1,1,69,33,33,33,33,33,33,126,126,120,127,127,127,10,10,10,10,40,45
0,1,1,0,0,0,1,0,1,1,1,1,1,1,1,0,1,1,1,1,1,1,1,0,0,0,0,0,0,0,0,0,0,0,0,0,0,1,0,1,1,0,1,1,0,1,1,1,1,0,1,0,1,1,1,1,1,1,1,1,1,1,0,0,1,0,0,1,0,0,1,0,1,0,1,1,0,1,0,1,1,1,1,1,1,1,1,0,1,1,1,0,1,0,1,1,1,1,1
11
38,38,38,38,130,20,34,34,34,21,4,23,23,23,37,125,125,35,31,31,31,31,61,29,29,29,29,29,123,123,123,28,28,28,122,47,19,131,16,16,16,16,129,124,124,18,36,43,3,3,3,3,3,3,3,3,3,3,3,3,3,3,3,3,3,3,3,3,3,3,3,3,3,3,3,3,3,3,3,128,80,1,1,1,1,1,1,1,1,1,1,1,1,1,1,1,1,1,1,33,33,33,33,126,30,10,10,10,10,10,7,45
0,0,0,0,1,0,1,1,0,1,1,1,1,1,1,0,0,1,1,1,1,1,1,1,1,1,1,1,1,0,0,1,1,1,1,0,1,1,1,1,1,1,1,1,1,0,1,1,1,1,1,1,1,1,1,1,1,1,1,1,1,1,1,1,1,1,1,1,1,1,1,1,1,1,1,1,1,1,1,1,1,1,0,0,0,1,1,1,1,0,1,1,0,0,1,0,1,1,1,1,1,1,1,0,1,1,0,1,1,1,0,1
12
38,38,38,38,38,38,38,38,38,130,20,20,20,20,20,23,23,23,34,34,51,103,125,125,125,125,125,36,140,31,61,2,128,28,28,28,123,123,123,123,123,137,10,10,10,126,16,16,16,16,129,124,124,41,141,141,43,3,3,3,3,3,3,3,3,3,3,3,3,3,3,3,3,3,3,3,3,3,17,17,80,1,1,1,1,1,1,1,1,1,1,1,1,1,1,1,1,1,1,138,39,39,66,108,33,33,33,30,30,127,76,135,45,29,29,29
1,1,0,0,1,1,1,1,1,1,1,0,1,1,1,1,1,1,0,1,1,1,1,1,1,1,1,1,0,1,1,1,1,0,0,1,1,1,1,1,1,1,0,1,1,1,1,0,1,1,1,1,1,1,1,1,1,1,1,1,1,1,1,1,1,1,1,1,1,1,1,1,1,1,1,1,1,1,1,1,1,0,0,1,1,0,1,0,1,0,0,0,0,0,0,1,0,0,1,0,0,0,1,1,1,1,1,0,1,1,1,1,1,1,1,1
13
38,38,130,20,20,34,18,23,23,23,23,23,37,125,36,29,29,29,29,29,31,31,31,31,39,128,35,35,142,28,28,123,123,123,123,19,62,16,16,16,16,16,16,10,10,10,10,10,10,41,41,136,136,133,133,133,3,3,3,3,3,3,3,3,3,3,3,3,3,3,3,3,3,3,3,3,3,3,3,3,3,3,17,17,80,1,1,1,1,1,1,1,1,1,1,1,1,1,1,1,1,1,1,79,33,33,33,126,126,109,30,30,127,129,43,45,14
0,0,1,0,0,1,1,1,0,1,1,1,1,1,1,0,1,1,1,1,1,1,1,1,1,1,1,0,1,0,0,1,1,1,1,1,0,1,1,1,1,1,1,1,1,0,1,1,1,0,1,1,1,1,1,1,1,1,1,1,1,1,1,1,1,1,1,1,1,1,1,1,1,1,1,1,1,1,1,1,1,1,1,0,1,1,1,0,1,1,0,0,1,1,0,0,0,0,0,1,1,1,1,1,1,1,1,1,1,0,1,1,1,1,1,1,1
14
38,20,20,20,51,125,125,125,35,2,2,29,29,29,29,143,28,28,28,28,123,123,123,43,43,16,16,16,16,16,16,129,129,129,124,3,3,3,3,3,3,3,3,3,3,3,3,3,3,3,3,3,3,3,3,31,31,31,108,53,106,33,33,33,126,126,126,1,1,1,1,1,1,1,1,1,1,1,1,1,1,30,10,10,10,10,10,66,14,14
0,0,1,1,1,1,0,1,1,1,1,1,1,1,1,1,0,1,0,1,0,0,1,1,1,1,1,0,1,1,1,1,1,1,1,1,1,1,1,1,1,1,1,1,1,1,1,1,1,1,1,1,1,1,1,0,1,0,1,0,1,1,1,0,0,1,1,1,1,0,1,1,1,1,1,1,1,1,1,1,1,1,1,0,1,1,1,1,1,1
15
38,38,38,38,38,38,34,51,21,125,125,125,125,147,147,138,12,123,123,123,123,123,123,123,123,28,28,122,47,144,129,129,124,36,36,36,3,3,3,3,3,17,17,17,1,1,1,1,1,1,1,1,1,1,1,1,78,151,33,33,33,145,30,63,40,40,40,40,150,112,20,20,146,135,121,61,61,61,2,2,2,29,29,29,29,109,137,16,16,16,16,10,10,10,31,120,120,69,69,69,149,148,148,126,126,126,126,94,32,127,127,111,111
0,1,0,0,0,1,1,1,1,1,0,1,1,1,0,1,1,1,1,1,1,1,1,0,1,0,0,1,1,1,1,1,1,1,1,1,1,1,1,1,1,1,1,1,0,0,1,1,1,0,0,0,1,0,1,0,0,1,1,1,0,1,1,1,1,1,1,1,1,0,1,0,1,1,1,1,1,0,1,1,1,1,1,1,1,0,1,1,0,0,1,1,1,1,1,1,1,1,1,1,1,1,1,0,0,1,0,1,1,1,1,1,1
16
38,38,130,20,20,34,34,26,51,23,23,37,125,125,125,125,125,125,125,31,31,31,39,39,27,29,29,29,123,123,123,123,123,123,123,28,28,28,28,28,122,122,43,16,16,16,16,10,10,10,10,10,10,124,124,41,41,36,3,3,3,3,3,3,3,3,3,3,3,3,3,3,3,3,3,3,17,17,1,1,1,1,1,1,1,1,1,1,1,1,1,1,1,1,1,1,1,66,2,2,33,33,33,33,126,45,30,40,40,65,14
1,1,0,0,1,1,1,1,1,1,1,1,0,1,1,1,1,1,0,1,1,1,0,0,1,1,1,1,0,1,1,1,1,1,1,0,0,0,0,1,1,1,1,0,1,1,1,1,0,1,0,0,1,0,1,0,1,1,1,1,1,1,1,1,1,1,1,1,1,1,1,1,1,1,1,1,1,1,0,0,0,1,1,1,0,1,1,0,1,1,1,1,1,1,0,1,1,0,1,1,1,1,1,0,0,1,1,1,1,1,1
17
38,38,38,38,38,38,20,20,34,34,34,34,51,110,23,23,23,23,37,125,125,125,125,35,35,140,31,31,2,2,29,29,29,29,29,28,28,123,123,137,16,16,16,16,129,41,36,3,3,3,3,3,3,3,3,3,3,3,3,3,3,3,3,3,3,3,3,3,3,3,128,128,128,80,1,1,1,1,1,1,1,1,1,1,1,1,1,1,1,1,99,149,33,33,33,33,33,126,30,30,10,10,10,10,7,7,40,45
0,0,0,1,0,0,0,0,1,1,1,1,0,1,1,1,1,1,1,0,1,1,1,1,1,0,1,1,1,1,1,1,1,1,1,0,0,1,1,0,0,1,1,1,1,0,1,1,1,1,1,1,1,1,1,1,1,1,1,1,1,1,1,1,1,1,1,1,1,1,1,1,0,0,1,0,0,0,1,0,1,1,1,1,1,0,0,0,0,1,1,0,1,1,1,1,0,0,1,1,0,0,1,1,1,1,1,0
18
38,38,38,38,38,20,20,20,99,99,152,121,121,35,31,31,31,31,31,31,28,28,28,2,29,29,29,153,123,123,123,123,125,125,125,125,137,16,16,16,16,129,129,36,3,3,3,3,3,3,3,3,3,3,3,3,3,3,3,3,128,120,51,33,126,126,126,1,1,1,1,1,1,1,1,1,1,1,1,1,30,30,127,10,10,10,10,10,10,17
1,0,0,0,0,0,1,1,0,1,0,1,1,1,0,0,0,1,1,0,0,1,0,1,1,0,1,1,1,1,1,0,0,0,1,1,1,0,1,1,0,1,1,1,1,1,1,1,1,1,1,1,1,1,1,1,1,1,1,1,0,1,1,1,1,1,1,1,1,1,1,1,1,1,1,1,0,1,1,1,1,0,1,0,1,1,1,1,1,1
19
38,38,38,38,38,38,38,38,38,38,38,38,38,38,38,38,38,38,130,130,20,20,34,51,135,37,125,125,125,35,35,10,10,31,31,31,39,27,29,29,29,29,13,28,28,28,123,123,16,17,17,18,133,133,3,3,3,3,3,3,3,3,3,3,3,3,3,3,3,3,3,3,3,3,3,3,3,3,3,70,80,1,1,1,1,1,1,1,1,1,1,1,1,1,1,1,1,1,1,79,33,33,33,33,33,126,154,129,23,23,97
1,1,1,0,1,1,1,1,1,0,1,1,1,1,0,0,0,1,1,0,0,0,1,1,0,1,0,0,1,1,1,1,0,1,1,1,0,1,1,1,1,1,1,0,0,0,0,1,0,1,1,1,0,1,1,1,1,1,1,1,1,1,1,1,1,1,1,1,1,1,1,1,1,1,1,1,1,1,0,0,0,0,0,1,0,1,1,0,1,1,1,1,1,1,0,1,0,1,1,0,1,0,1,1,1,1,1,1,1,0,1
20
38,38,38,38,38,38,130,130,20,20,20,34,155,121,135,37,125,125,125,125,125,125,125,35,35,35,10,10,10,10,10,2,29,29,29,29,157,156,28,28,28,28,28,28,28,28,28,123,123,123,131,16,16,16,16,16,16,129,129,41,41,36,133,3,3,3,3,3,3,3,3,3,3,3,3,3,3,3,3,3,31,31,31,31,1,1,1,1,1,1,1,1,1,1,1,1,1,1,1,1,1,1,53,158,39,39,33,33,33,126,126,89,21,127,127,127,127,112,23,23,23,23,65,14
0,0,0,0,1,0,1,0,0,1,1,1,1,1,1,1,1,1,1,1,1,0,1,1,0,1,1,1,1,1,1,1,1,1,1,1,1,0,0,0,0,0,0,0,0,0,0,0,1,1,1,0,1,1,1,1,1,0,1,1,1,1,1,1,1,1,1,1,1,1,1,1,1,1,1,1,1,1,1,1,1,1,0,1,0,1,0,1,1,1,0,1,1,1,1,1,0,0,0,0,0,1,0,1,0,0,0,1,1,0,1,0,0,1,1,1,1,1,1,1,1,1,1,1
21
20,20,34,34,51,23,23,23,37,125,125,125,125,125,35,35,65,29,29,29,28,28,28,123,123,123,123,123,62,16,16,16,16,129,124,41,41,36,36,133,3,3,3,3,3,3,3,3,3,3,3,3,3,3,3,3,3,3,3,3,3,3,3,3,3,3,3,3,3,31,31,31,31,80,1,1,1,1,1,1,1,1,1,1,1,1,1,1,1,1,1,1,2,33,33,33,33,126,30,30,127,127,10,10,10,10,45,14
0,1,1,1,1,1,0,1,1,1,1,1,1,0,1,1,0,1,1,1,0,0,0,0,1,1,0,1,1,0,1,0,1,1,1,0,0,0,1,1,1,1,1,1,1,1,1,1,1,1,1,1,1,1,1,1,1,1,1,1,1,1,1,1,1,1,1,1,1,1,1,0,1,1,0,0,1,0,1,1,0,1,1,1,1,0,1,0,0,1,1,1,1,0,1,1,1,1,1,0,1,1,0,0,1,1,1,0
22
34,34,26,51,125,125,125,125,125,125,125,125,125,147,39,27,128,128,128,123,123,123,123,123,123,123,123,28,28,28,28,28,28,28,55,84,84,43,62,129,129,129,129,124,124,19,3,3,3,3,3,3,3,3,3,3,22,22,22,22,80,1,1,1,1,1,1,1,1,1,1,1,1,1,1,1,1,1,1,1,1,1,1,1,1,1,1,1,1,1,1,1,65,33,33,33,33,122,10,10,10,10,10,10,10,10,10,40,40,40,40,40,45,130,20,20,49,23,37,35,2,2,2,2,2,2,2,133,133,29,29,29,29,16,16,16,16,16,16,16,70,18,120,120,160,126,126,126,94,159,159,17,17,17,14
1,1,1,1,1,0,1,1,1,0,0,1,1,1,0,1,1,1,1,1,0,1,1,1,1,1,1,0,0,0,0,0,0,0,0,1,1,1,1,1,1,1,1,1,1,1,1,1,1,1,1,1,1,1,1,1,1,1,1,1,0,0,0,1,0,1,1,1,1,0,0,0,0,1,1,1,1,1,0,0,1,0,0,0,0,1,0,1,1,1,0,0,0,1,1,1,1,1,0,1,0,1,1,1,0,1,0,1,1,1,1,1,0,1,0,0,1,1,1,0,1,1,1,1,1,1,1,1,1,1,1,1,1,1,1,1,1,1,1,0,1,1,1,1,0,0,1,0,1,1,1,1,0,1,1
23
38,38,38,38,38,129,20,20,20,20,113,40,21,86,23,23,23,23,125,125,125,35,35,31,31,147,147,39,39,29,29,122,28,28,28,28,123,123,131,19,161,17,17,17,124,41,41,133,3,3,3,3,3,3,3,3,3,3,3,3,3,3,3,3,3,3,3,3,3,128,1,1,1,1,1,1,1,1,1,1,1,1,1,66,79,33,33,33,33,33,126,126,84,127,10,10,10,7,58,45
1,0,0,0,0,1,0,0,1,1,1,1,0,1,1,1,1,1,1,1,1,1,1,1,1,0,0,0,0,1,1,1,0,0,0,0,1,1,1,1,0,1,0,1,1,1,1,1,1,1,1,1,1,1,1,1,1,1,0,1,1,1,1,1,1,1,1,1,1,0,1,1,1,1,1,1,0,0,1,1,1,0,1,1,1,0,1,1,1,1,0,0,1,1,0,0,0,0,1,1
24
38,38,38,38,130,20,20,34,34,51,23,23,23,23,29,29,29,29,29,29,29,125,125,125,35,35,140,31,31,31,31,31,153,2,2,2,135,128,162,55,28,28,28,123,123,123,131,33,33,33,16,16,16,16,16,16,129,41,41,41,36,133,133,133,3,3,3,3,3,3,3,3,3,3,3,3,17,17,17,1,1,1,1,1,1,1,1,1,1,1,1,1,1,1,1,1,1,69,159,39,126,126,30,163,98,127,127,127,127,127,10,40,40,40,65,14,14
0,0,0,0,1,0,0,1,1,1,0,1,1,1,1,1,1,1,1,1,1,1,0,0,1,0,1,1,1,1,1,1,0,1,1,1,1,0,0,1,0,0,0,1,0,1,1,0,1,1,0,1,0,0,1,1,0,1,1,1,1,1,1,0,1,1,1,1,1,1,1,1,1,1,1,1,1,0,1,0,1,0,1,0,1,0,1,0,0,0,0,0,0,1,1,1,0,0,1,0,0,0,1,1,0,1,1,1,1,1,0,1,1,1,1,1,1
25
38,38,164,113,26,121,123,123,123,123,123,123,125,147,147,2,2,27,29,29,29,1,1,1,1,1,1,28,28,28,122,122,47,66,16,16,16,16,10,10,10,10,36,3,3,3,3,3,3,3,3,3,3,3,3,3,3,3,3,31,31,31,31,31,31,31,80,120,120,120,33,33,40,40,40,94,111
1,0,1,1,0,1,1,1,1,1,1,0,1,1,0,1,1,1,1,1,1,1,1,0,0,1,1,1,1,0,1,1,1,1,1,1,1,1,0,0,1,1,1,1,1,1,1,1,1,1,1,1,1,1,1,1,1,1,0,1,1,1,1,0,1,1,0,1,1,1,0,1,1,1,1,1,0
26
38,38,38,50,130,20,20,20,34,51,21,86,135,135,37,125,125,89,39,39,29,29,29,29,29,29,168,28,28,123,123,123,123,123,123,123,131,43,43,43,62,16,16,16,16,129,129,129,129,23,23,36,36,133,3,3,3,3,3,3,3,3,3,3,3,3,3,3,17,80,167,79,33,33,33,33,33,126,126,126,1,1,1,1,1,1,1,1,1,1,1,1,1,1,1,1,166,31,31,165,30,127,127,127,127,127,127,10,10,10,10,10,10,40,40,45
1,0,1,1,1,1,1,1,1,0,0,1,1,0,1,1,1,1,0,1,1,1,1,1,1,1,1,0,0,1,1,1,1,0,1,1,1,1,1,1,0,0,1,1,1,1,0,1,1,1,1,0,1,1,1,1,1,1,1,1,1,1,1,1,1,1,1,1,1,0,1,1,1,1,1,1,1,0,1,0,0,1,0,0,1,0,1,0,1,1,1,1,1,1,1,1,0,1,0,1,1,0,0,1,1,1,1,0,1,1,0,1,1,1,1,0
27
38,38,123,123,123,169,3,3,3,3,3,3,3,3,3,3,3,3,3,10,10,10,10,10,10,10
0,0,0,1,1,1,1,1,1,1,1,1,1,1,1,1,1,1,0,0,1,0,1,1,1,1
28
38,38,38,38,38,38,130,20,20,20,34,34,51,121,23,37,125,125,125,125,125,125,125,125,125,35,35,2,2,2,2,2,2,2,2,2,2,2,29,29,29,122,28,28,28,28,28,28,28,123,123,123,123,131,16,16,16,16,16,129,124,18,36,133,133,3,3,3,3,3,3,31,31,17,1,1,1,1,1,1,1,1,1,1,1,1,1,1,1,1,1,1,79,39,39,33,33,33,33,126,126,126,126,126,120,120,120,120,30,30,127,10,10,10,10,10,7,40,40,40,40,65,14
1,0,1,0,1,1,1,0,1,1,1,1,1,1,1,1,1,0,1,1,1,0,0,1,0,1,1,1,1,1,1,1,1,1,1,1,1,1,1,1,1,1,0,0,0,0,0,0,0,0,1,1,1,1,1,1,1,1,1,0,0,1,0,0,1,1,1,1,1,1,1,1,1,0,0,0,0,0,1,1,1,1,1,0,0,1,0,0,0,1,1,1,1,0,0,1,1,1,1,1,1,1,1,1,1,1,1,1,1,1,0,1,0,1,1,1,1,1,1,1,1,1,1
29
38,38,38,38,130,34,125,125,125,23,23,23,121,35,31,31,61,61,2,27,29,29,29,28,28,28,28,28,28,123,123,123,123,123,137,62,131,16,16,16,16,16,16,16,129,41,41,41,41,41,133,133,3,3,3,3,3,3,3,3,128,80,1,1,1,1,1,1,1,1,1,1,65,33,33,33,33,33,126,10,10,10,10,10,17
1,1,0,1,1,1,1,0,1,1,1,1,1,1,1,1,1,1,1,1,1,1,1,0,0,0,0,0,0,1,1,1,0,0,0,0,1,1,1,1,1,1,1,1,0,0,1,1,1,0,1,1,1,1,1,1,1,1,1,1,0,0,0,0,1,0,0,0,1,1,0,1,0,0,1,1,1,1,0,1,1,1,1,1,1
30
38,38,38,38,38,34,26,51,21,21,21,4,10,10,10,10,10,10,65,13,28,28,28,28,28,55,131,62,129,129,129,129,41,41,36,133,3,3,3,128,80,139,33,33,33,122,122,30,101,40,40,40,45,45,123,123,123,130,130,20,20,125,125,125,125,125,125,23,23,23,37,121,121,35,61,61,2,2,2,2,2,2,2,2,2,2,29,29,29,153,16,16,16,16,16,16,70,31,31,31,31,31,31,120,120,120,69,69,69,79,126,126,1,1,1,1,1,1,1,1,1,1,1,1,1,1,1,1,127,127,17,14
0,0,0,0,0,1,1,1,1,1,1,1,0,1,1,1,1,1,0,0,0,0,0,0,0,1,1,0,0,1,1,1,1,1,1,0,1,1,1,0,0,1,0,1,1,1,1,1,0,1,1,1,1,1,0,0,1,1,1,0,1,1,1,1,1,1,1,1,0,0,1,1,1,1,1,1,1,1,1,1,1,1,1,1,1,1,1,1,1,0,0,1,1,1,1,0,0,1,1,1,1,1,1,1,1,1,1,1,1,1,1,1,0,0,1,1,0,1,1,1,1,1,1,1,0,1,0,0,1,1,0,1
31
38,38,38,38,38,38,38,38,38,38,38,38,38,20,20,20,34,41,23,125,125,125,125,35,39,138,70,28,123,123,62,63,16,16,16,16,129,129,124,124,18,3,3,3,3,3,3,3,3,3,3,128,128,80,1,1,1,1,1,1,1,1,1,1,1,1,1,1,1,1,1,51,2,2,33,33,126,126,126,126,127,127,127,127,127,127,127,127,127,127,127,127,127,10,10,10,10,40,40,40,45,29,29,29
1,1,1,1,1,1,0,1,0,0,0,1,1,0,1,1,0,1,0,0,0,1,0,0,0,0,1,1,1,1,1,1,1,1,1,1,1,1,1,1,0,1,1,1,1,1,1,1,1,1,0,1,0,0,1,1,0,0,0,1,1,0,1,1,1,1,1,1,1,1,0,1,1,0,0,0,0,1,1,1,1,1,1,1,1,1,1,1,1,1,0,1,0,1,1,1,1,1,1,1,1,0,0,1
32
38,38,41,41,41,3,3,3,3,3,3,3,3,3,17,1,1,125,125,125,121,120,2,2,2,2,2,132,123,123,123,28,28,122,122,144,40,40,16,16,16,16,10,10,10,10
1,1,1,1,1,1,1,1,1,1,1,1,1,1,1,0,0,1,1,1,1,1,1,1,1,1,1,0,0,1,0,0,0,1,1,0,1,1,0,1,1,1,0,1,0,1
33
38,38,20,20,20,34,121,121,121,121,125,125,2,2,2,2,2,2,2,2,2,2,2,2,2,29,29,29,122,28,28,28,28,123,123,123,123,16,16,16,16,16,16,10,10,10,10,124,124,41,41,3,3,3,31,31,31,1,1,1,1,1,1,1,1,1,1,1,1,1,69,149,33,33,126,126,120,120,120,120,120,30,30,127,129,40,40,40,40,40,40,40,40,45,14
1,0,0,0,1,1,1,1,1,1,1,1,1,1,1,1,1,1,1,1,1,1,1,1,1,1,1,1,1,1,0,0,0,1,1,1,1,0,1,1,1,1,1,0,1,1,1,0,1,1,1,1,1,1,1,1,1,0,1,0,1,1,1,1,1,0,1,0,0,1,1,1,1,1,1,1,1,1,1,1,1,1,1,1,0,1,1,1,1,1,1,1,1,1,0
34
123,123,123,123,123,24,20,20,20,34,34,26,21,22,23,23,125,125,125,125,125,130,130,31,31,39,39,27,29,29,29,29,29,29,29,35,35,122,28,109,19,16,16,16,16,129,41,41,41,41,36,36,36,133,3,3,3,3,3,3,3,3,3,3,3,3,3,3,3,3,3,3,3,3,3,3,3,3,3,3,128,128,17,17,1,1,1,1,1,1,1,1,1,1,1,1,1,1,1,1,2,33,33,33,33,33,33,126,126,126,30,30,10,10,10,10,10,40,45,45,14,14
1,1,1,1,1,1,0,1,0,1,1,0,1,1,1,1,1,1,1,1,1,1,1,1,0,0,1,1,1,1,1,1,1,1,1,1,1,1,0,0,1,0,1,1,0,1,1,1,1,1,1,1,1,0,1,1,1,1,1,1,1,1,1,1,1,1,1,1,1,1,1,1,1,1,1,1,1,1,1,0,0,1,1,1,0,0,1,0,1,1,0,1,1,1,0,0,0,0,1,0,1,0,1,0,1,1,1,1,1,1,1,0,0,1,1,1,1,1,1,1,0,1
35
164,20,20,20,34,26,51,23,23,23,23,23,37,125,125,125,125,125,125,125,10,10,10,31,31,31,31,31,39,39,27,29,29,29,29,29,29,29,28,28,28,28,28,123,123,123,123,123,131,16,16,16,16,16,129,129,124,124,41,41,36,133,133,3,3,3,3,3,3,3,3,3,3,3,3,3,3,3,3,17,17,80,120,65,33,33,33,33,126,126,1,1,1,1,1,1,1,1,1,1,1,1,1,1,1,1,1,30,127,76,40,40,40,40,45,14
1,0,1,0,1,1,1,1,1,1,1,1,1,0,0,1,1,1,1,1,0,1,1,1,1,1,1,1,0,1,1,1,1,1,1,1,1,1,0,0,0,0,0,1,1,1,1,1,1,0,1,1,1,1,0,1,1,0,1,1,0,1,1,1,1,1,1,1,1,1,1,1,1,1,1,1,1,1,1,0,1,0,1,0,0,1,1,1,0,0,1,0,0,1,1,1,0,1,1,1,1,1,1,0,1,1,1,1,1,1,1,1,1,1,1,1
36
38,38,38,38,38,38,38,38,38,38,38,38,38,38,38,38,38,38,38,38,38,38,38,38,38,38,147,127,127,3,3,3,3,3,3,1,1
1,0,1,1,1,1,0,0,1,1,1,1,1,1,1,0,1,1,1,1,1,0,0,1,0,1,0,1,1,1,1,1,1,1,1,1,1
37
130,130,20,20,20,17,51,135,37,125,125,125,125,125,35,29,29,29,29,31,31,31,31,61,2,27,128,128,34,34,97,28,28,28,28,123,123,123,123,123,131,43,43,16,16,16,16,129,129,129,41,41,133,3,3,3,3,3,3,3,3,3,3,3,3,3,3,3,3,3,3,3,3,3,3,70,171,85,39,170,126,1,1,1,1,1,1,1,1,1,1,1,1,1,1,1,1,1,33,33,33,145,30,127,127,127,127,127,127,127,10,10,10,10,7,23,23,23,23,45,14,14
1,0,0,1,0,1,0,1,0,1,1,1,1,0,1,1,1,1,0,1,1,1,1,1,1,1,1,0,1,0,1,0,0,1,0,0,1,1,1,1,1,1,1,1,0,1,1,0,1,1,1,1,1,1,1,1,1,1,1,1,1,1,1,1,1,1,1,1,1,1,1,1,1,1,1,0,1,1,0,1,1,0,1,0,1,1,1,1,0,0,1,1,1,0,0,1,1,1,1,1,1,1,1,1,1,1,1,1,1,1,1,0,1,1,0,1,1,1,1,1,1,1
38
72,20,20,20,51,103,125,125,125,125,138,29,122,28,123,137,43,16,16,16,16,17,124,41,36,3,3,3,128,1,1,1,69,2,2,2,2,2,33,33,33,66,120,120,30,30,127,40,40,40,40,40,40,45,83
0,0,1,0,1,1,1,1,1,1,1,1,1,0,1,1,1,1,1,1,1,1,1,1,1,1,1,1,1,1,0,1,0,1,1,1,1,1,1,1,1,1,1,1,1,1,1,1,1,1,1,1,1,1,0
39
38,38,38,20,20,20,34,51,125,125,125,125,35,29,29,28,28,123,123,123,123,123,123,16,16,16,31,31,41,41,41,36,36,3,3,3,3,3,3,3,3,3,3,3,3,3,3,3,3,3,3,3,3,3,3,17,1,1,1,1,1,1,1,1,1,1,1,1,1,1,33,33,33,33,126,126,127,10,10,10,10,10,172,40,45,83
1,0,0,1,1,1,1,1,0,0,1,1,1,1,1,0,0,0,1,1,0,1,1,1,1,1,1,1,1,1,1,1,1,1,1,1,1,1,1,1,1,1,1,1,1,1,1,1,1,1,1,1,1,1,1,1,0,0,0,1,1,1,1,1,1,1,1,1,1,1,0,1,1,1,0,1,1,1,0,1,1,1,1,1,1,1
40
18,36,20,3,3,3,3,3,70,174,173,21,37,9,33,126,126,1,1,1,1,1,39,29,29,132,30,30,84,62,45,97
1,1,0,1,1,1,1,1,1,1,0,0,1,1,1,1,0,1,1,1,1,0,1,1,1,1,1,1,1,1,1,1
41
164,175,20,20,34,38,38,38,38,155,125,125,125,125,125,35,61,2,40,40,122,122,28,28,28,28,28,123,123,43,43,43,16,16,16,16,16,16,16,129,129,129,124,3,3,3,3,3,3,3,3,3,3,3,3,3,3,3,3,3,3,3,31,1,1,1,1,1,1,1,1,1,1,1,1,1,1,1,81,81,33,126,126,126,167,30,30,127,10,10,10,10,10,111,29,29,29
0,1,1,0,1,0,0,1,0,1,1,1,1,1,1,0,1,1,1,1,1,1,0,0,0,0,0,1,1,0,1,1,1,1,1,1,1,0,0,1,1,0,0,1,1,1,1,1,1,1,1,1,1,1,1,1,1,1,1,1,1,1,1,0,0,1,1,1,1,1,1,1,1,1,1,1,0,0,1,1,1,0,1,1,1,1,1,1,1,0,1,1,1,1,1,1,1
42
38,130,34,26,125,125,23,23,23,121,121,35,35,31,31,31,31,2,29,29,29,29,122,122,28,28,28,123,123,123,123,176,176,16,16,16,16,16,129,129,124,124,124,41,41,36,36,36,133,3,3,3,3,3,3,3,3,3,3,3,128,80,1,1,1,1,1,1,1,1,1,1,1,1,1,1,1,1,1,1,65,33,33,33,33,33,33,126,126,120,120,30,30,127,127,127,127,10,10,10,17,45,14,14
1,1,1,0,1,1,1,1,1,1,1,1,1,1,1,1,1,1,1,1,1,1,1,1,0,0,0,1,0,0,1,0,1,0,1,0,0,0,1,1,1,1,1,1,1,1,1,1,1,1,1,1,1,1,1,1,1,1,1,1,1,1,1,1,1,0,0,0,1,1,1,0,1,1,1,0,0,1,1,0,1,0,1,1,1,1,1,0,1,1,1,1,1,1,1,1,1,0,1,0,1,1,1,1
43
130,130,20,20,34,34,26,51,23,23,37,37,125,125,125,125,125,125,35,29,29,31,2,27,27,40,28,28,28,28,28,28,123,123,123,123,123,123,131,43,62,16,16,16,16,16,10,10,10,10,41,41,41,36,133,133,133,3,3,3,3,3,3,3,3,3,3,3,3,3,3,3,3,3,3,3,3,3,3,3,17,17,17,17,1,1,1,1,1,1,1,1,1,1,1,1,1,1,1,1,1,1,1,177,39,39,33,33,33,33,126,126,127,127,127,127,127,127,127,135,14
1,0,0,1,0,1,1,0,1,1,1,1,0,0,1,1,1,1,1,1,1,1,1,0,1,1,0,0,0,0,0,0,0,0,1,0,1,0,1,1,1,0,1,1,1,0,1,1,0,1,1,1,1,1,1,1,1,1,1,1,1,1,1,1,1,1,1,1,1,1,1,1,1,1,1,1,1,1,1,1,1,1,1,0,0,1,0,1,1,0,1,0,1,1,0,0,1,0,0,1,0,1,1,1,0,1,1,1,1,1,0,0,1,1,1,1,1,1,1,1,1
44
38,38,38,38,130,20,20,34,34,26,51,121,23,37,125,125,35,35,31,31,31,2,2,2,2,2,2,2,2,2,2,29,29,29,29,29,29,122,122,28,123,123,123,123,123,123,123,131,43,43,16,16,16,16,10,10,10,10,10,10,124,36,133,133,3,3,3,3,17,17,17,120,120,120,79,39,33,33,33,33,33,126,1,1,1,1,1,1,1,1,1,1,1,1,1,1,1,1,163,166,30,30,127,127,127,129,40,40,40,14
1,0,1,0,1,1,1,1,1,1,0,1,1,1,1,0,1,0,1,1,1,1,1,1,1,1,1,1,1,1,1,1,1,1,1,1,1,1,1,0,1,1,1,1,0,1,1,1,1,1,0,1,0,1,1,0,0,1,1,1,1,1,1,1,1,1,1,1,1,1,1,1,1,1,1,0,1,1,1,1,1,0,1,1,0,1,0,1,1,0,1,1,1,1,0,0,0,0,0,0,1,1,1,1,1,1,1,1,1,1
45
38,38,38,130,20,20,20,34,34,34,26,51,22,23,125,125,35,35,31,31,31,31,65,29,143,143,55,28,28,28,28,123,123,123,123,123,131,16,16,16,16,16,10,10,10,10,10,10,41,41,133,3,3,3,3,3,3,3,3,3,3,3,3,3,3,128,1,1,1,1,1,1,1,1,1,1,1,1,1,1,1,1,39,33,33,33,126,126,126,126,127,127,127,127,127,127,127,127,127,127,17,17,45,14
0,0,0,1,1,1,0,1,1,1,1,1,0,1,0,1,0,0,1,1,1,1,0,1,0,1,0,0,0,0,0,1,1,1,1,0,1,0,1,1,1,1,1,0,1,1,1,1,1,1,1,1,1,1,1,1,1,1,1,1,1,1,1,1,1,1,0,0,1,1,1,1,1,1,0,1,1,0,0,0,0,0,0,0,1,1,0,0,0,0,1,1,1,1,1,1,1,1,1,1,0,1,1,1
46
124,1,1,125,121,149,28,2,2,2,2,2,123,123,123,73,120,120,120,127,127,40,40,40,40,40,16,16,16,16,16,10,10,10,10,10
0,0,1,0,1,0,0,1,1,1,1,1,1,1,1,1,1,1,1,1,1,1,1,1,1,1,0,1,1,1,1,1,0,0,1,1
47
38,38,20,20,20,34,51,121,135,142,125,125,125,125,35,2,2,2,2,2,2,29,29,29,29,122,122,28,28,28,28,28,28,123,123,137,16,16,16,16,10,10,10,10,124,3,3,3,3,3,31,31,31,31,1,1,1,1,1,1,1,1,1,1,1,1,1,1,1,33,33,33,126,120,120,111,145,73,30,127,127,129,40,40,40,40,40,45,14
1,1,0,1,1,0,1,1,1,1,0,1,1,1,1,1,1,1,1,1,1,1,1,1,1,1,1,0,1,1,0,0,0,1,1,0,1,1,1,1,1,1,1,1,0,1,1,1,1,1,1,1,1,1,0,0,0,1,0,0,0,1,1,0,0,1,1,1,1,0,1,1,1,1,1,1,1,1,1,1,1,0,1,1,1,1,1,0,1
48
38,38,38,38,38,38,38,38,38,38,38,38,38,38,38,38,38,38,38,38,38,38,38,38,38,38,38,38,38,38,38,38,38,38,38,38,38,38,38,38,38,38,38,38,38,38,38,38,38,38,38,38,38,38,38,38,38,38,38,38,38,38,38,38,38,38,38,38,38,38,38,38,38,38,38,38,124,124,20,20,20,3,3,3,146,1,1,1,1,1,1,1,1,1,1,1,1,1,1,1,1,1,1,69,126,28,127,127,63,129
0,1,1,0,0,0,0,0,1,0,0,0,1,1,1,0,1,1,0,1,0,0,0,0,1,0,0,1,0,1,1,0,0,1,0,1,1,1,0,0,0,0,0,0,1,1,1,0,0,1,0,0,1,1,1,1,1,1,1,1,0,1,1,1,1,1,1,1,1,1,1,0,1,1,1,1,1,1,1,1,1,1,1,1,0,0,0,1,0,1,0,1,0,0,0,0,1,0,0,1,1,1,1,1,0,0,1,1,1,1
49
38,130,130,20,20,20,34,34,26,51,135,37,125,125,125,125,125,125,125,125,125,35,35,35,31,31,31,2,2,2,29,29,29,29,123,123,123,28,28,28,28,28,28,28,28,28,28,28,122,131,16,16,16,16,16,16,129,129,129,124,41,141,133,133,3,3,3,3,3,3,3,3,3,3,3,3,3,3,3,17,17,17,80,1,1,1,1,1,1,1,1,1,1,1,1,1,1,1,1,1,1,1,1,33,33,126,126,126,126,97,97,73,30,30,127,127,127,127,10,10,10,10,23,23,45,14
0,1,1,0,1,0,1,1,1,1,1,1,1,1,1,1,1,1,1,1,1,1,1,1,1,1,1,1,1,1,1,1,1,1,1,1,1,0,0,0,0,0,0,0,0,0,0,0,1,1,1,1,1,1,1,1,0,1,1,0,0,0,1,1,1,1,1,1,1,1,1,1,1,1,1,1,1,1,1,1,1,1,1,1,1,0,1,0,1,1,1,1,0,1,1,1,1,1,1,0,1,1,1,0,1,1,1,1,1,1,1,1,1,1,1,1,1,1,0,1,1,1,1,1,1,1
50
38,38,38,38,51,130,20,20,20,34,34,26,178,135,125,125,125,125,125,125,125,125,125,35,35,31,31,31,31,39,39,27,29,29,29,55,28,28,28,28,28,123,123,123,123,123,131,19,16,16,16,16,16,129,129,124,41,36,36,133,3,3,3,3,3,3,3,3,3,3,3,3,3,3,3,3,3,3,3,3,3,3,3,3,3,3,17,17,17,80,1,1,1,1,1,1,1,1,1,1,1,1,1,1,1,1,1,1,69,33,33,33,126,126,126,83,166,30,127,127,127,127,10,10,10,10,10,43,40,23,23,23,14,14
0,0,0,0,1,1,1,1,0,1,0,1,1,1,1,1,1,1,0,0,0,1,0,1,1,1,1,1,1,0,1,1,0,1,1,0,1,0,0,0,0,0,1,1,1,1,1,1,0,1,1,1,1,1,1,1,1,1,1,1,1,1,1,1,1,1,1,1,1,1,1,1,1,1,1,1,1,1,1,1,1,1,1,1,1,1,1,1,1,1,1,1,0,0,1,1,1,1,1,1,1,1,1,1,0,0,1,0,1,1,1,1,1,1,1,1,1,1,1,1,1,1,1,1,1,1,1,1,1,1,1,1,1,1
51
20,20,20,113,34,51,152,121,121,2,2,2,2,2,2,29,122,28,28,28,28,123,125,125,63,16,16,16,10,10,10,10,10,10,124,124,3,3,3,3,3,31,31,31,31,1,1,1,1,1,1,1,1,1,1,1,1,1,179,33,126,126,120,120,127,40,40,40,45,14,14,14
0,1,0,1,1,0,1,1,1,1,1,1,1,1,1,1,1,1,1,0,0,1,1,0,0,1,1,1,0,1,1,0,1,1,1,1,0,1,1,1,1,0,1,1,1,1,0,1,1,0,0,0,0,1,0,0,1,1,1,1,0,0,1,1,1,1,1,1,1,1,1,1
52
38,20,20,20,51,121,121,135,125,125,125,36,36,35,2,2,2,2,2,2,2,29,29,29,122,122,28,28,28,28,28,28,123,123,123,47,62,16,16,16,16,16,16,129,129,129,141,3,3,3,31,31,31,31,31,120,120,120,158,69,33,33,126,1,1,1,1,1,1,1,1,1,1,1,1,1,1,1,127,10,10,10,10,40,40,40,40,45,14
0,0,1,0,1,1,1,1,1,1,1,0,1,1,1,1,1,1,1,1,1,1,1,1,1,1,0,0,0,1,0,0,1,1,1,1,0,1,1,1,1,1,0,0,1,1,1,1,1,1,1,1,1,1,1,1,1,1,1,0,1,1,0,1,1,1,1,1,0,1,0,1,0,0,1,1,1,0,1,0,1,1,1,1,1,1,1,1,1
53
38,38,38,38,38,130,20,20,20,34,34,78,158,135,125,125,125,35,29,29,29,31,31,31,28,28,2,2,98,12,180,123,123,123,16,16,16,16,16,129,129,129,129,124,124,41,41,36,133,3,3,3,3,3,3,3,3,3,3,3,3,3,17,17,80,128,128,1,1,1,1,1,1,1,1,1,1,1,1,1,1,1,1,1,1,51,65,33,33,33,33,126,120,32,30,127,127,127,10,10,10,10,7,23,23,14
0,1,0,0,1,1,0,1,0,1,1,0,1,1,0,1,1,0,1,1,1,1,1,0,0,0,1,1,1,1,1,1,1,1,0,1,1,0,1,0,1,1,1,1,1,1,1,0,1,1,1,1,1,1,1,1,1,1,1,1,1,1,0,1,0,1,1,0,1,0,0,1,0,0,0,1,1,0,0,0,0,1,1,1,1,1,0,1,1,1,1,1,1,1,0,1,1,1,0,1,1,1,1,1,1,1
54
38,38,38,38,34,51,125,125,125,125,39,27,128,128,128,122,28,28,28,28,28,28,123,123,144,43,131,129,129,129,124,41,36,36,19,181,22,1,1,1,1,1,1,1,1,1,1,1,1,1,1,1,1,1,1,1,1,33,33,33,33,33,30,30,10,10,10,10,7,135,45,130,130,20,20,74,35,35,2,133,133,29,29,29,29,3,3,3,3,3,3,3,3,3,3,3,3,3,3,3,3,3,3,3,3,3,3,3,3,3,3,3,40,16,16,16,16,16,16,70,23,23,31,31,31,31,126,127,127,127,17,14
0,1,1,0,1,1,0,1,1,0,0,0,1,1,1,1,0,0,0,0,0,0,1,1,1,0,1,0,1,1,0,1,1,1,1,1,1,0,1,0,1,0,0,0,1,0,1,1,1,0,1,0,1,0,1,1,1,1,1,1,1,1,1,1,0,1,1,1,0,1,1,1,1,0,1,1,0,1,1,1,1,1,1,1,1,1,1,1,1,1,1,1,1,1,1,1,1,1,1,1,1,1,1,1,1,1,1,1,1,0,1,0,1,0,1,0,1,1,1,1,1,1,1,1,1,1,0,1,1,1,1,0
55
38,38,34,34,51,158,147,138,28,28,28,28,123,131,131,43,62,47,41,41,41,36,36,133,133,3,3,3,3,3,3,3,3,3,3,3,3,3,3,3,3,3,3,3,3,3,3,3,3,3,3,3,3,17,1,1,1,1,1,1,1,1,1,1,1,1,1,1,1,1,1,1,1,1,1,65,33,33,33,33,163,145,116,40,40,40,45,20,20,125,125,23,23,35,29,29,29,29,29,30,182,16,16,16,16,10,10,10,10,10,10,18,136,167,69,79,39,126,126,126,85,150,32,127,127,111
0,1,1,1,0,1,0,1,0,0,0,0,1,1,0,1,1,1,1,1,1,1,1,1,0,1,1,1,1,1,1,1,1,1,1,1,1,1,1,1,1,1,1,1,1,1,1,1,1,0,1,1,1,0,1,1,0,0,0,0,0,1,0,1,1,1,1,1,1,1,1,0,0,0,1,1,0,1,1,1,0,0,0,1,1,1,1,1,0,1,1,1,1,1,1,1,1,0,1,1,1,0,1,0,1,0,0,1,1,1,1,1,1,0,1,1,0,1,1,1,1,1,1,1,1,1
56
20,20,20,20,34,78,135,125,125,125,35,35,31,31,31,31,2,2,2,29,97,28,123,123,123,123,123,62,16,16,16,16,129,183,41,41,36,3,3,3,3,3,3,3,3,3,3,3,3,3,3,17,1,1,1,1,1,1,1,1,1,1,1,1,1,33,33,33,126,120,120,30,10,10,10,10,10,40,45,14
1,1,1,1,1,0,1,0,1,1,1,1,1,1,1,1,1,1,1,1,0,0,0,0,1,1,1,0,0,1,1,1,1,1,1,1,0,1,1,1,1,1,1,1,1,1,1,1,1,1,1,1,0,0,1,1,1,1,1,1,0,0,1,1,1,1,1,1,0,1,1,1,0,0,1,1,1,1,1,1
57
38,20,20,20,51,121,121,125,125,125,10,10,10,31,2,2,2,2,2,2,2,2,2,2,29,29,29,122,122,28,28,28,120,120,120,16,16,16,16,16,16,16,123,123,123,124,124,36,3,3,17,17,167,33,33,33,33,33,33,33,126,1,1,1,1,1,1,1,1,1,1,1,1,1,1,1,30,127,129,40,40,40,40,40,40,40,45
0,0,1,1,1,1,1,0,1,1,1,1,1,1,1,1,1,1,1,1,1,1,1,1,0,1,1,1,1,0,0,0,1,1,1,1,1,1,0,1,1,1,0,1,1,1,1,1,1,1,1,1,1,1,1,1,1,1,1,1,1,0,1,1,1,1,1,1,1,1,1,1,1,0,1,1,1,1,1,1,1,1,1,1,1,1,1
58
38,20,20,51,125,125,125,125,125,121,121,2,2,2,2,2,2,29,29,123,122,122,16,16,16,129,41,36,3,3,3,31,31,31,1,1,1,1,1,1,1,1,1,1,1,1,1,1,33,33,33,33,126,126,120,120,120,30,127,10,10,10,10,10,10,40,40,45,14
0,1,1,1,1,1,1,0,1,1,1,1,1,1,1,1,1,1,1,0,1,1,0,1,1,0,1,0,1,1,1,1,1,1,0,1,1,1,1,1,1,1,1,1,1,1,0,1,1,1,1,1,0,1,1,1,1,1,1,1,1,0,1,1,1,1,1,1,1
59
41,41,41,41,128,28,120,125,29,29,121,33,33,33,33,126,126,1,1,1,1,1,1,1,1,1,1,1,1,1,1,2,2,2,2,2,2,63,45,122,122,31,31,31,123,123,123,123,127,127,14,14,40,40,40,40,40,16,16,16,16,10,10,10,10,10
0,1,1,1,1,0,1,1,1,1,1,0,1,1,1,0,1,0,1,0,1,1,1,0,0,0,1,0,0,0,0,1,1,1,1,1,1,1,1,1,1,1,1,1,1,1,1,1,1,1,1,1,1,1,1,1,1,1,1,0,1,1,1,1,1,1
60
38,20,20,20,34,51,152,125,31,31,31,31,2,2,29,29,28,123,123,123,123,16,16,16,16,16,16,129,41,41,3,3,3,3,3,3,3,3,3,3,3,3,3,3,3,3,3,3,3,3,17,1,1,1,1,1,1,1,1,1,1,1,1,1,33,33,33,33,126,120,30,127,127,127,10,10,10,10,10,10,10,40,40,40,40,45,14
0,0,1,0,1,1,1,1,1,1,1,1,1,1,1,1,0,1,1,1,1,0,1,0,1,1,1,1,0,1,1,1,1,1,1,1,1,1,1,1,1,1,1,1,1,1,1,1,1,1,0,1,0,1,0,0,1,1,0,0,1,0,0,0,1,1,1,1,0,1,1,1,1,0,1,1,0,0,1,1,0,1,1,1,1,1,1
61
123,123,123,123,130,20,20,20,34,51,121,121,23,37,125,125,125,125,125,35,29,29,29,29,29,31,31,2,2,2,2,2,2,2,2,2,2,27,128,13,28,28,122,122,84,131,16,16,16,16,129,129,124,124,124,41,41,41,41,36,133,3,3,3,3,22,22,17,17,1,1,1,1,1,1,1,1,1,1,1,1,1,1,1,1,1,1,39,39,33,33,33,33,33,33,33,126,126,126,120,120,120,30,30,10,10,10,10,10,40,40,40,40,40,40,65,14,14
1,1,1,1,1,1,1,1,1,1,1,1,1,1,1,1,1,1,1,1,1,1,1,1,1,1,1,1,1,1,1,1,1,1,1,1,1,1,1,1,0,0,1,1,1,1,0,1,1,1,0,0,1,1,1,1,1,1,1,1,1,1,1,1,1,1,1,1,1,1,0,0,0,0,1,0,1,1,0,0,1,1,1,0,0,1,1,1,1,1,1,1,1,1,1,1,1,1,0,1,1,0,1,1,1,1,1,1,1,1,1,1,1,1,1,0,1,1
62
38,38,38,38,38,38,38,38,20,20,34,51,125,35,89,147,147,2,2,2,2,184,29,29,123,28,28,28,28,28,28,28,120,120,16,16,16,129,129,124,58,36,3,3,3,3,3,3,3,3,31,31,31,31,31,1,1,1,1,1,1,1,1,1,1,1,1,1,69,33,126,126,126,167,122,30,127,127,10,40,40,85,14
0,0,1,0,0,0,1,1,1,1,1,1,1,1,1,0,0,1,1,1,1,0,1,1,1,1,1,1,1,1,1,0,1,1,1,1,1,1,1,0,0,0,1,1,1,1,1,1,1,1,1,1,1,1,1,0,1,1,1,0,1,1,1,0,0,0,1,0,0,1,0,0,0,0,1,1,1,1,1,1,1,0,0
63
124,38,36,20,20,3,3,3,3,3,3,3,3,3,3,3,3,3,3,3,3,3,3,3,3,128,80,41,1,1,1,1,1,1,1,1,1,1,1,1,1,138,39,126,126,120,149,33,33,33,33,33,33,33,31,31,28,28,28,123,123,19,43,10,10,10
1,0,0,0,1,1,1,1,1,1,1,1,1,1,1,1,1,1,1,1,1,1,1,1,1,1,1,1,0,1,1,1,1,1,1,1,1,0,0,1,1,1,1,0,0,1,0,0,1,1,1,1,1,1,1,1,0,0,0,0,1,1,0,1,1,1
64
38,34,34,26,51,21,125,125,125,39,39,27,27,12,13,28,28,55,43,62,129,129,124,124,124,41,36,36,36,133,133,133,3,3,3,3,17,17,17,17,17,80,1,1,1,1,1,1,1,1,1,1,1,1,1,1,1,1,1,1,1,33,33,33,33,33,33,118,135,45,45,123,123,123,123,123,123,72,130,20,20,20,78,103,121,121,35,35,61,2,2,2,2,2,2,2,2,2,2,29,29,29,29,29,29,29,30,30,40,40,16,16,16,16,16,16,10,10,10,10,10,10,23,23,23,18,31,31,167,167,126,126,126,94,120,120,120,127,127,127,14
0,1,1,0,0,0,1,1,0,0,1,1,1,1,1,0,0,1,1,1,1,1,1,1,1,0,0,1,1,1,1,1,1,1,1,1,1,0,1,1,1,1,0,1,1,1,0,1,0,1,1,1,1,0,1,1,1,1,1,1,1,0,1,1,1,1,1,1,1,0,1,1,1,0,1,1,1,0,1,0,1,1,1,1,1,1,1,1,1,1,1,1,1,1,1,1,1,1,1,1,1,1,1,1,1,1,1,1,1,1,0,1,1,1,1,1,0,1,1,1,1,0,1,1,1,1,1,1,1,1,0,1,1,1,1,1,1,1,1,1,1
65
38,38,38,38,38,38,38,130,20,20,20,34,34,26,51,121,121,23,23,23,185,125,125,125,125,125,125,39,39,31,31,31,31,31,138,29,29,29,29,122,28,28,28,123,123,123,131,16,16,16,16,16,16,10,10,10,41,36,3,3,3,3,3,3,3,3,17,17,80,1,1,1,1,1,1,1,1,1,1,1,1,1,1,1,1,1,79,2,2,2,2,33,33,33,33,126,120,145,30,127,127,127,127,127,129,7,40,40,40,45,14,14
0,1,0,1,1,1,0,0,1,0,0,1,1,0,0,1,1,1,1,1,0,1,1,1,1,0,1,0,0,1,1,1,1,1,1,1,1,1,0,1,0,0,0,0,1,1,0,0,1,1,1,1,1,1,0,1,1,0,0,1,1,1,1,1,1,1,1,1,0,0,0,0,0,0,0,1,1,1,1,1,0,1,1,0,1,1,0,1,1,1,1,0,1,1,1,0,1,1,0,1,1,1,1,1,1,0,1,1,1,1,1,1
66
38,38,38,38,38,38,183,20,113,34,34,34,178,21,125,125,125,125,125,125,54,54,35,61,61,2,2,98,29,29,122,28,28,28,28,28,28,28,123,123,123,47,47,137,16,16,16,16,16,10,10,10,10,124,41,3,3,3,3,3,3,3,3,3,3,3,3,3,3,3,3,3,3,3,31,80,1,1,1,1,1,1,1,1,1,1,1,1,1,1,1,1,1,69,33,33,33,33,126,155,132,127,129,7,40,40,40,40,45,14,14
0,0,0,0,0,1,0,0,1,0,1,1,1,1,1,1,1,1,1,0,0,1,0,1,0,1,1,1,1,1,1,0,0,1,0,0,0,0,1,1,0,1,0,1,1,1,1,1,1,1,0,1,0,0,0,1,1,1,1,1,1,1,1,1,1,1,1,0,1,1,1,1,1,1,1,1,0,0,0,1,0,0,0,0,0,0,1,0,0,1,1,1,0,1,1,1,1,1,0,1,1,1,1,1,0,1,1,1,0,1,1
67
124,173,3,128,38,1,1,1
1,0,1,1,1,1,1,1
68
38,130,20,20,34,51,86,23,23,125,125,125,125,35,35,10,39,98,29,29,29,29,29,29,28,28,28,28,28,28,28,28,28,123,123,123,131,43,16,16,16,16,31,31,31,41,41,41,36,133,3,3,3,3,3,3,3,3,3,3,3,3,3,3,3,3,70,80,17,1,1,1,1,1,1,1,1,1,1,1,1,1,1,1,1,1,2,2,33,33,33,33,126,126,19,22,30,127,129,40,40,40,65,83
0,1,0,1,1,1,1,1,1,1,0,1,0,1,1,1,0,0,0,1,0,1,1,1,0,0,1,1,1,0,0,0,0,1,1,1,1,1,1,1,1,1,1,1,1,1,1,1,1,1,1,1,1,1,1,1,1,1,1,1,1,1,1,1,1,1,1,1,1,1,1,0,0,1,0,1,1,1,0,1,1,1,1,1,0,1,1,1,0,1,1,1,0,1,1,1,1,1,1,1,1,1,1,0
69
20,20,34,125,125,125,125,121,121,35,2,2,2,2,2,2,2,2,2,2,29,29,29,29,29,28,28,123,123,123,123,123,123,16,16,16,16,16,16,16,129,41,41,3,3,3,31,31,31,31,1,1,1,1,1,1,1,1,1,1,1,1,1,1,33,126,120,120,186,30,127,127,10,10,10,10,10,40,40,40,40,40,45
1,1,1,0,0,1,0,1,1,1,1,1,1,1,1,1,1,1,1,1,1,1,1,1,1,0,0,0,1,1,1,0,0,1,1,1,0,1,1,1,0,0,1,1,1,1,0,1,1,1,0,0,1,1,1,1,1,1,1,0,0,1,0,1,1,1,1,1,1,0,1,1,0,0,1,0,1,1,1,1,1,1,1
70
38,38,20,20,20,34,178,21,135,125,125,125,125,125,54,35,147,147,2,29,29,123,123,123,123,28,122,122,47,47,47,47,62,62,16,16,16,16,16,10,10,10,10,10,41,41,41,36,36,3,3,3,3,3,3,3,3,3,31,31,31,1,1,1,1,1,1,1,1,1,1,1,1,1,51,179,33,33,126,126,126,126,89,145,30,30,127,127,129,129,103,150,112
1,0,0,1,1,1,0,1,1,1,1,1,1,1,1,0,0,0,1,1,1,1,1,1,1,0,1,1,0,1,1,1,1,0,0,1,1,1,0,0,1,1,1,0,0,0,1,1,1,1,1,1,1,1,1,1,1,1,1,1,0,0,1,1,1,1,1,1,1,0,0,0,1,0,0,0,1,1,0,1,1,0,0,0,0,1,1,0,0,0,0,0,0
71
38,28,28,31,31,1,1,1,1,1,1,1,1,1,125,125,125,103,62,40,33,129
0,0,0,1,1,0,0,0,0,0,0,0,1,1,0,1,1,1,1,1,1,1
72
38,38,38,130,20,20,34,51,23,125,125,125,125,125,125,125,35,31,31,31,31,31,149,29,29,29,28,28,28,123,123,123,123,161,16,16,16,16,16,16,129,129,124,41,41,36,36,133,3,3,3,3,3,3,3,3,3,3,3,3,3,3,3,3,3,3,3,3,3,3,17,80,1,1,1,1,1,1,1,1,1,1,1,1,1,1,1,1,1,1,79,65,33,33,33,126,126,165,30,127,127,127,127,10,10,10,10,45,14
0,0,1,1,1,1,1,1,1,1,0,1,1,0,0,1,1,1,1,1,0,1,0,1,1,1,0,0,0,1,1,1,1,0,0,1,1,0,0,0,0,0,1,1,0,1,1,0,1,1,1,1,1,1,1,1,1,1,1,1,1,1,1,1,1,1,1,1,1,1,1,0,0,1,0,0,1,0,0,1,1,1,0,0,1,0,1,1,0,1,1,0,1,1,1,0,0,1,1,1,1,1,1,1,1,1,1,1,0
73
73
38,38,38,38,38,38,38,38,38,38,38,38,38,38,24,6,6,6,6,6,6,6,6,6,6,6,6,6,6,6,6,49,49,49,17,17,17,17,17,41,41,41,41,21,86,86,23,23,23,23,4,4,4,25,11,11,11,11,11,11,11,39,39,39,39,48,48,71,71,101,109,28,28,28,28,5,5,5,5,5,5,84,84,8,62,62,62,62,60,16,16,16,16,16,16,16,10,10,10,10,10,10,10,18,18,18,3,3,3,3,3,3,3,3,3,3,3,3,3,3,3,3,3,3,70,188,188,94,1,1,1,1,1,1,1,1,1,1,1,1,1,1,1,1,1,1,1,1,1,1,1,1,1,1,1,1,1,1,1,1,1,1,1,1,1,69,9,9,9,2,2,2,2,102,102,91,91,15,15,15,15,15,15,15,15,15,15,15,15,15,15,15,15,187,187,44,40,40,40
0,0,0,0,0,0,1,1,0,0,0,0,0,0,0,1,0,0,1,1,1,0,0,1,1,1,1,1,1,1,1,1,1,1,0,1,1,1,1,1,0,1,1,1,1,1,1,1,1,0,0,1,1,1,1,1,0,0,0,1,1,0,1,1,0,1,1,0,1,1,0,1,0,1,0,0,1,1,1,1,1,0,1,1,0,1,0,1,1,1,1,1,1,1,0,0,1,0,1,1,1,1,0,0,1,1,1,0,1,1,1,1,1,1,1,0,1,1,1,1,1,1,1,1,1,0,1,1,0,1,0,0,0,1,0,0,1,0,0,1,0,1,1,1,1,1,1,1,1,0,1,1,1,1,0,1,1,1,0,0,0,1,0,0,1,1,1,1,1,1,1,1,1,0,1,1,0,1,1,1,0,1,1,1,1,1,1,1,1,0,0,1,0,1,1,1,1,1,1
74
38,38,6,6,6,34,34,21,86,23,23,4,35,31,31,31,31,11,11,11,39,39,29,5,5,5,5,5,5,13,28,28,28,28,28,55,19,19,62,62,16,16,16,16,16,16,16,16,16,16,16,16,16,10,10,10,10,10,10,10,10,10,10,10,10,36,3,3,3,3,3,3,3,3,3,3,3,3,3,3,3,3,3,70,70,1,1,1,1,1,1,1,1,1,1,1,1,1,1,1,1,1,1,1,1,2,2,2,2,2,33,33,33,33,33,15,15,15,40,45
0,0,0,1,1,1,1,1,1,1,1,1,1,0,1,1,1,1,1,1,1,0,1,0,1,1,1,1,1,1,1,0,0,0,0,1,1,1,1,0,0,1,1,0,1,1,1,1,1,1,1,1,0,0,1,1,1,0,1,1,1,0,0,0,1,1,1,1,1,1,1,1,1,1,1,1,1,1,1,1,1,1,1,1,1,1,1,1,1,1,1,1,1,0,1,1,0,0,1,0,1,1,1,1,1,1,1,1,1,1,1,1,1,0,0,1,1,1,1,1
75
38,38,38,24,6,6,6,6,6,6,100,41,41,23,23,4,4,25,31,11,11,11,14,39,39,39,48,29,29,35,34,28,28,28,28,28,5,5,5,5,5,84,16,16,16,16,16,49,18,18,3,3,3,3,3,3,3,3,3,17,17,17,17,1,1,1,1,1,1,1,1,1,1,1,1,1,1,1,1,1,1,1,1,1,1,1,1,1,1,1,1,1,1,1,1,1,1,1,1,1,9,2,2,2,2,2,2,2,2,33,33,15,15,15,15,15,10,10,7,7,40,40,40,40,40,40,40,45,112
1,1,1,1,1,1,1,1,1,0,1,1,0,1,1,0,1,1,1,1,1,1,1,0,0,0,1,1,1,0,0,0,0,0,0,0,1,1,1,1,1,1,1,1,1,0,0,0,1,0,1,1,1,1,1,1,1,1,1,1,1,1,1,1,1,0,1,1,0,1,1,0,0,0,0,0,1,1,0,0,1,0,1,1,0,0,0,1,0,0,0,0,0,1,0,0,1,1,1,1,0,1,1,1,1,1,1,1,1,1,1,1,0,0,1,0,0,0,1,1,1,1,1,1,1,1,1,0,0
76
24,24,24,24,6,6,6,6,6,6,6,34,78,21,21,79,23,4,31,31,31,31,11,11,11,39,39,39,27,48,29,29,29,29,29,29,55,55,55,28,28,28,28,5,5,5,5,5,19,16,16,16,16,16,16,16,16,16,16,16,16,16,10,10,10,10,10,10,10,10,10,10,10,10,10,18,43,3,3,3,3,3,3,3,3,3,3,3,3,3,3,3,3,3,22,17,17,1,1,1,1,1,1,1,1,1,1,1,1,1,1,1,1,1,1,1,1,1,1,1,1,1,1,1,1,1,1,1,1,1,1,1,1,1,1,1,1,69,9,2,2,2,2,2,2,2,2,2,2,2,2,2,2,2,33,33,33,33,32,15,15,15,15,15,15,15,30,7,7,7,7,40,40,40,40,40,40,40,40,40,45
1,1,1,1,1,0,0,1,1,0,1,1,0,0,0,1,1,1,1,1,1,0,0,1,1,1,1,0,1,1,1,1,1,1,1,1,1,0,1,0,0,0,0,1,1,1,0,0,1,0,0,1,1,1,1,1,1,1,1,1,1,1,0,1,1,1,1,1,1,1,1,1,1,1,0,0,1,1,1,1,1,1,1,1,1,1,1,1,1,1,1,1,1,1,1,0,1,1,1,1,1,0,1,1,0,1,0,1,1,0,1,1,1,1,0,0,1,1,1,1,1,1,1,1,1,1,1,1,1,1,0,0,1,0,1,1,0,1,0,1,1,1,1,1,1,1,1,1,1,1,1,1,1,1,0,1,1,1,1,1,1,1,1,1,1,1,1,1,1,1,1,1,1,1,1,1,1,1,1,1,0
77
38,38,38,24,34,34,21,21,21,4,4,39,39,39,48,12,156,28,28,28,28,28,28,28,28,28,28,55,55,55,55,84,19,19,62,41,43,5,5,5,5,5,5,70,1,1,1,1,1,1,1,1,1,1,1,1,1,1,1,1,1,1,1,1,1,1,1,1,1,1,1,1,1,1,1,1,1,1,1,33,33,33,189,15,15,15,15,15,15,15,15,15,15,15,187,7,7,7,40,40,40,40,45,97,72,6,6,6,6,6,6,6,49,191,23,23,35,11,11,11,11,11,2,2,2,2,2,2,2,2,2,2,29,29,30,3,3,3,3,3,3,3,3,8,16,16,16,16,16,16,10,10,10,10,10,10,10,105,18,18,31,31,31,31,31,190,69,69,9,9,65,111,17,17,14,14
0,0,0,1,1,1,1,1,1,0,1,0,0,1,1,0,0,0,0,0,0,0,0,0,0,1,1,1,1,1,1,1,1,1,1,0,1,0,1,1,1,1,1,0,0,1,1,1,1,0,1,0,0,1,0,0,1,0,0,1,1,1,0,0,0,1,1,1,1,1,1,1,1,1,1,1,1,1,1,0,1,1,0,1,0,1,1,1,1,0,1,1,1,0,0,1,1,1,1,1,1,0,1,1,1,1,0,1,1,1,1,1,1,1,1,1,1,1,1,1,0,1,1,1,1,1,1,1,1,1,1,1,1,1,1,1,1,1,1,1,1,1,1,1,1,1,0,0,0,0,0,0,0,1,1,1,1,1,0,1,1,1,1,1,1,1,0,1,1,1,1,1,0,1,0,1
78
38,38,24,24,24,24,24,6,6,6,6,6,6,6,6,6,6,6,6,6,35,35,35,100,42,42,52,21,4,4,23,67,86,86,25,31,31,31,11,11,11,11,11,11,11,11,61,2,2,2,2,2,2,2,48,29,29,29,34,5,5,5,5,5,5,28,28,28,55,55,19,19,16,16,16,16,10,10,10,10,18,3,3,3,3,3,3,3,3,3,3,3,3,3,3,3,3,70,17,17,17,1,1,1,1,1,1,1,1,1,1,1,1,1,1,1,1,1,1,1,1,1,1,1,1,1,1,1,1,1,1,1,1,1,1,1,1,1,1,1,9,39,39,39,39,33,33,33,33,33,33,159,159,26,15,15,15,15,15,15,15,15,15,15,15,98,49,49,192,7,40,14,14,14,14
0,1,1,1,1,1,1,0,1,1,1,1,1,1,1,1,1,1,1,1,1,1,1,1,1,1,1,1,1,1,1,1,1,1,1,1,1,1,1,0,1,1,1,1,1,1,0,1,1,1,1,1,1,1,1,1,1,1,1,1,1,1,1,1,1,0,0,0,0,1,1,1,1,1,1,1,1,1,1,1,1,1,1,1,1,1,1,1,1,1,1,1,1,1,1,1,1,1,1,1,1,1,1,0,1,1,1,1,1,1,1,1,1,1,1,1,1,1,1,1,1,1,1,1,1,1,1,1,1,1,1,1,1,1,1,1,1,1,1,1,0,0,1,1,1,1,1,1,1,1,1,1,1,1,1,1,1,1,1,1,1,1,1,1,1,1,1,1,1,1,1,1,0,1,1
79
38,38,38,38,38,38,24,24,24,6,6,49,18,18,4,74,37,46,25,11,11,11,11,11,11,39,68,34,34,55,28,28,28,28,28,28,28,5,5,5,193,16,16,16,16,10,10,10,10,10,10,10,87,3,3,3,3,3,3,3,3,3,3,3,3,3,3,3,3,3,17,1,1,1,1,1,1,1,1,1,1,1,1,1,1,1,1,1,1,1,1,1,1,1,1,1,1,1,1,1,1,1,1,1,1,1,1,1,52,2,2,2,33,33,33,33,33,194,15,15,48,14
0,0,0,1,1,0,1,1,0,1,1,0,1,1,1,0,1,0,1,1,1,1,1,0,1,0,1,1,1,1,1,1,1,0,0,0,0,1,1,1,1,0,0,1,0,0,1,1,0,1,1,1,1,1,1,1,1,1,1,1,1,1,1,1,1,1,1,1,1,1,1,1,1,1,0,1,0,1,1,0,0,1,0,1,0,1,1,1,1,0,0,1,1,0,1,1,1,1,1,0,1,0,0,1,0,0,1,0,0,1,1,1,1,1,1,1,1,1,1,1,1,1
80
24,6,6,6,34,34,34,34,34,34,34,99,37,4,31,31,31,39,39,28,28,28,28,28,28,28,84,84,8,62,62,16,16,16,16,16,16,16,10,10,10,41,41,36,36,3,3,3,3,17,1,1,1,1,1,1,1,1,1,1,1,1,1,1,1,1,1,1,1,1,1,1,1,1,1,1,1,1,1,9,2,2,33,33,33,15,15,15,30,40,40,45,97
1,1,0,0,1,1,1,1,1,1,1,0,1,1,1,1,1,0,1,0,1,0,0,0,0,0,0,0,1,1,1,1,1,1,1,1,0,1,1,1,1,1,1,1,1,1,1,1,1,1,1,1,1,0,1,0,1,1,0,0,0,1,1,0,1,0,0,0,1,1,0,0,1,0,1,0,0,0,1,1,1,1,1,1,1,0,1,1,1,1,1,1,1
81
175,38,24,24,24,6,6,6,6,6,6,6,6,6,34,26,41,41,21,21,21,23,23,23,37,4,4,25,31,31,31,31,31,11,11,11,11,11,2,2,2,2,2,2,2,27,48,29,29,29,29,29,29,35,5,5,5,5,5,28,28,28,28,55,19,16,16,16,16,16,16,16,10,10,10,10,10,10,10,18,18,36,3,3,3,3,3,3,3,3,3,3,3,3,3,3,3,3,3,3,3,3,22,17,17,17,17,17,17,1,1,1,1,1,1,1,1,1,1,1,1,1,1,1,1,1,1,1,1,1,1,1,1,1,1,1,1,1,1,1,1,1,1,1,1,1,1,1,9,39,39,39,33,33,33,85,15,15,15,15,15,15,15,15,15,15,15,73,7,7,40,14
1,0,1,1,1,1,1,1,1,1,1,1,1,1,1,1,0,1,0,0,1,1,1,1,1,0,1,1,1,1,0,1,1,1,1,1,0,1,1,1,1,1,1,1,1,0,0,1,1,1,1,1,1,0,1,0,1,1,1,0,0,0,0,0,1,1,1,1,1,0,1,1,1,1,0,1,1,1,1,1,1,1,1,1,1,1,1,1,1,1,1,1,1,1,1,1,1,1,1,1,1,1,1,1,1,1,1,1,0,1,1,1,1,1,1,0,1,1,1,1,1,0,1,1,0,1,1,0,0,1,1,1,1,1,1,1,1,1,1,1,0,0,1,0,1,1,1,0,0,1,0,0,1,1,0,1,1,1,1,1,1,1,1,1,1,1,1,0,1,1,1,1
82
38,38,38,38,6,6,6,6,6,6,6,34,18,18,23,4,4,195,31,11,11,11,39,39,5,5,5,5,5,5,5,28,28,28,55,55,55,84,16,16,16,16,16,10,10,10,10,10,10,10,10,41,3,3,3,3,3,3,3,3,3,3,3,3,3,70,1,1,1,1,1,1,1,1,1,1,1,1,1,1,1,1,1,1,1,1,1,1,1,1,1,1,1,1,1,1,1,1,1,1,1,1,1,1,9,33,33,33,33,33,15,15,15,15,15,15,15,7,14
0,1,0,1,1,1,1,1,1,1,1,1,0,1,1,1,1,0,1,1,1,1,1,1,1,1,1,1,1,1,1,0,0,0,0,1,1,0,0,1,1,1,1,1,1,0,0,0,1,1,1,1,1,1,1,1,1,1,1,1,1,1,1,1,1,1,1,0,1,1,1,1,1,0,0,1,0,0,0,1,1,1,1,1,0,1,1,1,1,1,1,1,1,1,1,1,1,1,1,1,1,1,1,1,1,1,1,1,1,1,1,1,1,0,1,1,1,1,1
83
38,38,38,38,38,38,38,38,38,38,38,38,38,38,38,2,6,3,3,3,3,3,3,3,3,34,1,1,1,1,1,1,1,1,1,1,1,1,1,1,1,1,1,1,1,1,1,33,10,10,10,10,10,10,10,10,10,10,10
1,1,1,0,1,0,0,0,1,0,0,1,1,0,0,1,1,1,1,1,1,1,1,1,1,0,1,1,1,1,1,1,1,1,0,1,0,1,0,0,1,0,0,0,1,1,1,1,0,1,1,1,1,1,1,1,1,1,1
84
6,3,1,1,1,1,1,1,1,1,1,1,1,1,1,1,1,1,1,1,1,1,1,1,1,1,1,1,4,4,86,9,2,2,2,2,2,2,11,39,132,5,8,7,40,40
1,1,0,0,0,0,0,1,0,1,1,1,1,0,0,0,1,1,1,1,0,0,0,1,1,1,1,1,0,0,1,0,0,0,1,1,1,1,0,0,1,0,1,1,1,1
85
1,3
0,1
86
38,38,38,38,38,38,38,38,38,38,38,38,38,38,38,38,38,38,24,6,6,6,6,55,18,18,79,23,23,23,23,23,37,46,25,31,11,11,11,11,11,39,27,48,29,29,29,35,109,28,28,28,28,28,28,28,5,5,5,5,66,16,101,41,41,36,3,3,3,3,3,3,3,17,17,17,1,1,1,1,1,1,1,1,1,1,1,1,1,1,1,1,1,1,1,1,1,1,1,1,1,1,1,1,1,1,1,1,1,1,1,1,1,1,52,9,2,2,2,2,2,33,33,15,15,15,15,15,15,15,15,15,15,30,10,10,10,10,10,7,40,40,192
0,0,1,1,0,1,1,1,1,0,1,1,1,1,0,1,1,1,1,1,1,1,0,1,0,0,1,0,1,1,1,1,1,0,0,1,1,1,1,0,0,0,0,1,0,1,1,1,0,0,0,0,0,0,0,0,0,1,1,0,1,1,1,0,1,1,1,1,0,1,1,1,0,1,1,0,1,1,0,1,0,1,0,0,0,0,0,0,1,0,0,1,0,1,1,1,1,1,1,1,1,0,0,0,0,0,0,0,1,1,1,1,1,1,0,0,1,1,1,1,1,1,0,1,1,1,1,1,1,1,1,0,0,0,0,0,1,1,1,0,1,1,1
87
38,38,38,38,38,38,38,38,38,6,6,6,6,6,6,6,6,34,18,18,18,23,23,23,23,4,31,31,31,11,11,11,11,11,39,39,39,39,29,29,29,29,29,29,28,28,28,28,28,5,16,16,16,16,16,10,10,10,10,10,41,3,3,3,3,3,3,3,3,3,3,3,3,3,3,3,17,1,1,1,1,1,1,1,1,1,1,1,1,1,1,1,1,1,1,1,1,1,1,1,1,1,1,1,1,1,1,1,1,1,1,1,1,1,1,1,1,1,9,2,2,2,2,33,33,33,33,33,15,15,15,15,15,15,15,30,40,40,40,14
0,1,1,1,1,0,1,1,1,0,1,1,1,1,0,1,1,1,0,1,1,1,0,1,1,0,1,1,1,1,1,1,1,0,1,1,1,0,1,1,1,1,1,1,0,0,0,0,0,1,1,1,1,1,1,1,0,0,1,1,1,1,1,1,1,1,1,1,1,1,1,1,1,1,1,1,1,0,1,1,1,1,1,0,0,1,0,1,1,0,0,1,0,0,0,0,0,0,1,0,1,1,0,0,1,1,1,0,1,1,0,1,0,1,1,0,1,0,1,1,1,1,1,1,1,1,0,1,1,0,1,1,1,1,0,1,1,1,1,1
88
38,24,24,24,24,6,6,6,6,6,6,6,6,6,6,49,26,41,41,86,23,23,23,23,4,4,35,35,31,31,31,31,11,11,39,39,39,39,27,48,29,29,29,29,29,29,29,162,28,28,28,28,5,5,5,5,84,19,19,62,62,62,16,16,16,16,16,10,10,10,10,10,10,10,10,18,18,36,36,3,3,3,3,3,3,3,3,3,3,3,3,3,3,3,3,3,3,3,22,17,17,1,1,1,1,1,1,1,1,1,1,1,1,1,1,1,1,1,1,1,1,1,1,1,1,1,1,1,1,1,1,1,1,1,1,1,1,1,1,1,1,1,1,2,2,2,2,2,2,2,33,33,33,33,33,33,33,15,15,15,15,15,15,15,15,15,15,15,30,30,7,40,40
1,1,1,1,1,0,1,0,1,1,1,1,0,1,1,1,0,1,1,1,1,1,1,1,1,1,0,1,1,1,1,1,1,1,1,1,1,0,1,1,1,1,1,1,1,1,1,0,1,0,0,0,1,1,1,0,1,1,1,1,1,1,0,1,1,1,1,1,1,1,1,1,1,1,1,0,1,1,1,1,1,1,1,1,1,1,1,1,1,1,1,1,1,1,1,1,0,0,1,0,0,1,1,1,1,1,1,1,0,0,0,1,1,1,0,1,1,0,0,1,0,1,1,1,1,1,0,1,1,1,1,1,1,1,0,0,0,0,1,1,1,1,0,1,1,1,1,1,1,1,0,1,1,1,1,1,0,1,1,1,1,1,1,1,1,1,1,1,0,1,1,1,1
89
36,6,3,3,3,3,3,3,3,3,3,70,151,1,1,1,1,1,1,1,1,1,1,1,1,1,1,1,1,1,1,1,1,1,1,1,1,1,1,1,1,1,1,1,1,1,1,1,191,4,39,39,39,33,33,33,33,33,33,33,33,31,11,11,11,11,2,2,2,2,2,2,2,34,34,28,28,28,28,28,5,5,8,7,40,40,40,40,40,16,10,10,10
1,0,1,1,1,1,1,1,0,1,1,0,1,1,1,0,0,0,0,0,1,1,0,0,1,0,0,1,1,1,0,1,0,0,1,1,1,0,0,1,1,1,1,0,1,0,1,0,1,1,0,0,0,1,1,1,1,1,0,1,1,0,1,1,1,1,1,1,1,1,1,1,1,1,1,0,0,0,0,0,0,1,1,1,1,1,1,1,1,1,0,0,1
90
6,6,6,6,6,6,6,6,6,34,26,18,21,23,23,23,23,23,37,4,4,35,35,31,31,31,31,11,11,11,11,39,39,39,27,27,48,29,29,29,29,29,29,5,5,5,28,28,28,28,28,28,55,19,19,192,16,16,16,16,16,16,16,17,17,17,17,41,36,43,3,3,3,3,3,3,3,3,70,1,1,1,1,1,1,1,1,1,1,1,1,1,1,1,1,1,1,1,1,1,1,1,1,1,1,1,1,1,1,1,1,1,1,1,1,1,7,7,9,2,2,2,2,2,2,2,2,2,2,2,33,33,33,33,15,15,15,15,15,15,15,15,15,15,15,10,10,10,10,172,40,40,40,40,40,40,40,65,14
1,1,1,1,1,1,1,1,1,0,1,0,0,1,1,1,1,1,1,1,0,1,1,1,1,1,1,1,1,1,1,0,0,0,0,1,1,1,1,1,1,1,1,1,1,1,0,0,0,0,0,0,0,1,1,1,0,1,1,1,1,0,1,1,1,1,1,1,1,1,1,1,1,1,1,0,1,0,0,1,1,1,0,0,1,1,0,0,0,0,1,1,0,1,0,0,0,1,1,0,1,1,1,1,1,1,0,0,1,1,0,0,1,1,1,1,1,1,0,1,1,1,1,1,1,1,1,1,1,1,1,1,1,1,1,1,1,1,1,1,1,1,1,1,1,1,1,1,1,1,1,1,1,1,1,1,1,0,1
91
24,24,100,26,52,4,4,39,39,39,68,71,28,28,84,84,19,34,34,41,36,43,43,5,5,5,5,5,5,5,5,70,80,1,1,1,1,1,1,1,1,1,1,1,1,1,1,1,1,1,1,1,1,1,1,1,1,1,1,1,1,1,1,1,1,1,1,1,92,33,33,33,33,33,33,33,33,33,15,15,15,15,15,15,15,15,15,15,15,15,15,15,15,15,30,30,7,23,23,23,23,45,45,6,6,6,6,6,6,6,6,6,6,6,6,6,103,103,37,25,35,35,11,2,2,2,2,2,2,2,29,29,29,29,29,29,3,3,3,3,3,3,3,3,3,3,3,3,3,3,3,3,3,3,3,3,16,16,16,16,16,10,10,10,10,10,18,31,65,40,48,48,14,17,17,12,12
1,1,1,1,1,1,1,1,1,1,1,1,0,0,1,1,1,1,1,1,1,1,1,0,1,1,1,1,1,0,1,1,1,1,1,1,1,0,1,1,1,1,1,1,0,1,1,0,0,1,1,1,1,1,1,1,1,1,1,1,1,1,1,1,1,1,1,1,1,0,1,0,1,1,1,1,1,1,1,0,1,1,1,1,1,1,1,1,1,0,1,1,1,1,1,1,1,1,1,1,1,1,1,1,0,1,1,1,1,1,1,1,1,1,1,1,1,1,1,1,1,1,1,1,1,1,1,1,1,1,0,1,1,1,1,1,1,1,1,1,1,1,1,1,1,1,1,1,1,1,1,1,1,1,1,1,1,1,1,0,1,1,1,1,1,1,1,0,1,1,1,1,1,1,1,1,1
92
38,24,6,6,6,6,6,6,6,6,6,6,34,18,21,21,21,21,23,23,23,23,23,37,4,35,31,31,11,11,11,11,2,2,27,48,29,29,29,29,5,5,5,5,5,28,28,28,28,28,28,28,55,84,8,62,16,16,16,16,16,76,41,19,3,3,3,3,3,3,3,3,3,3,3,3,3,3,3,17,17,17,17,17,1,1,1,1,1,1,1,1,1,1,1,1,1,1,1,1,1,1,1,1,1,1,1,1,1,1,1,1,1,1,1,1,1,1,1,1,1,1,1,92,9,39,39,39,39,33,33,33,33,33,33,196,103,15,15,15,15,15,15,15,15,10,10,10,10,10,10,7,40,45,14
1,1,1,0,0,1,1,1,1,1,1,0,0,1,0,1,0,1,1,1,0,1,1,1,1,1,1,1,1,1,1,0,0,0,0,1,0,1,1,1,0,0,0,1,1,0,0,0,0,0,1,0,1,1,1,0,0,1,1,1,1,0,0,1,1,1,1,1,1,1,1,1,1,1,1,1,1,1,1,1,1,0,1,1,1,1,0,0,0,1,1,1,0,1,1,1,0,1,0,1,1,0,1,1,1,1,0,1,1,1,1,1,1,0,0,0,1,1,0,0,1,1,1,1,1,0,1,1,0,1,1,1,1,1,1,1,0,1,1,1,1,1,1,1,1,0,1,0,1,1,1,1,1,1,1
93
24,6,6,6,6,6,6,6,6,34,55,86,86,23,23,4,31,31,31,11,11,61,2,2,2,2,2,48,13,28,28,28,28,5,5,5,5,5,19,16,16,16,16,16,16,10,10,10,10,41,41,36,3,3,3,3,3,3,3,3,3,3,3,3,70,17,17,17,1,1,1,1,1,1,1,1,1,1,1,1,1,1,1,1,1,1,1,1,1,1,1,1,1,1,1,1,1,1,1,1,1,1,1,1,1,1,1,92,9,39,39,39,39,33,33,15,15,15,15,15,15,15,15,15,15,7,7,40,40,14
1,1,0,0,0,1,1,1,1,0,1,1,1,1,1,0,1,0,1,1,1,1,1,1,1,1,1,1,1,0,0,0,0,0,1,1,1,1,1,0,0,1,1,1,0,1,0,1,1,1,1,1,1,1,1,1,1,1,1,1,1,1,1,1,0,1,1,1,0,0,1,1,0,1,1,0,1,0,0,0,1,1,0,0,0,1,1,1,1,0,1,0,1,1,0,1,0,0,1,0,0,0,0,1,0,1,1,1,0,0,0,0,0,1,0,1,1,1,1,1,0,1,1,1,1,1,1,1,1,1
94
6,6,6,6,6,3,3,3,3,3,3,3,3,3,3,3,3,3,3,3,3,3,3,34,1,1,1,1,1,1,1,1,1,1,1,1,1,1,1,1,1,1,1,1,1,1,1,1,1,1,1,1,1,1,1,1,1,1,1,1,1,4,2,2,2,33,31,11,11,11,11,39,39,39,45,13,28,5,5,5,40,16,16,16,16,10,10,10,10,10,10
1,1,1,1,0,1,1,1,1,1,1,1,1,1,1,1,1,1,1,1,0,1,1,1,1,1,1,0,1,1,0,0,1,0,0,0,1,0,0,0,1,0,1,1,1,1,0,0,0,0,1,1,0,0,1,0,1,1,0,0,1,1,1,1,1,1,1,0,1,1,0,0,1,0,1,1,0,1,1,1,1,1,1,0,1,1,0,0,1,1,1
95
38,38,38,38,24,24,24,6,6,6,6,6,6,6,6,6,6,41,146,23,23,23,23,69,25,31,31,31,11,11,11,2,2,27,27,68,29,29,29,29,29,29,35,34,28,28,5,5,5,5,84,8,37,16,16,16,16,10,10,10,10,10,30,108,36,36,19,19,3,3,3,3,3,3,3,3,3,3,3,3,3,3,22,17,17,167,78,9,39,39,39,33,33,33,33,33,33,1,1,1,1,1,1,1,1,1,1,1,1,1,1,1,1,1,1,1,1,1,1,1,1,1,1,1,1,1,1,1,1,15,15,15,15,15,15,15,15,48,192,40,65,14
0,1,0,0,0,1,1,1,0,1,1,1,1,1,1,1,1,1,1,1,1,1,1,1,1,1,1,1,1,1,1,1,1,1,1,1,0,1,1,1,1,1,1,1,0,0,0,1,1,1,1,0,1,1,1,1,1,0,0,1,1,1,1,1,1,1,1,1,1,1,1,1,1,1,1,1,1,1,1,1,1,1,1,0,1,1,0,0,1,0,1,0,0,1,1,1,1,1,0,0,0,0,0,0,1,1,1,0,1,0,1,1,1,1,1,1,1,1,1,1,1,0,0,1,1,1,1,0,1,1,1,1,1,1,1,1,0,1,1,1,0,1
96
38,38,41,41,41,41,6,6,5,5,5,5,5,5,5,5,49,1,1,1,1,1,1,1,1,1,1,1,1,1,1,1,1,1,1,1,1,1,1,1,1,1,1,1,1,1,1,1,1,1,1,1,1,1,1,1,1,1,1,1,1,1,23,39,39,11,11,11,11,11,2,2,2,2,2,2,2,2,2,2,2,2,2,15,15,15,15,15,15,15,15,15,15,28,3,3,3,3,3,3,3,3,3,3,8,7,7,40,40,40,40,40,16,16,16,10,10,10,10,10,10
1,0,1,1,1,1,1,0,0,1,1,1,1,1,1,1,1,1,1,0,0,0,0,0,1,0,0,0,0,1,1,1,1,1,1,1,1,1,1,1,1,1,1,1,1,1,1,1,1,1,1,1,1,1,1,1,1,1,1,1,1,1,1,1,1,1,1,1,1,0,1,1,1,1,1,1,1,1,1,1,1,1,1,1,1,1,1,1,1,1,1,1,1,0,1,1,1,1,1,1,1,0,1,1,1,1,1,0,1,1,1,1,0,1,1,1,1,1,1,1,1
97
38,24,24,6,6,6,6,6,6,41,41,41,22,23,23,23,23,23,37,4,25,25,31,11,11,11,11,11,11,11,171,39,48,48,29,29,29,29,29,29,35,55,28,28,28,5,5,5,5,5,5,60,43,43,16,16,16,16,16,16,16,10,10,10,10,18,18,18,18,36,3,3,3,3,3,3,3,3,3,3,3,3,3,70,17,1,1,1,1,1,1,1,1,1,1,1,1,1,1,1,1,1,1,1,1,1,1,1,1,1,1,1,1,1,1,1,1,1,1,1,1,1,1,1,1,66,66,66,66,2,2,2,2,2,2,2,2,33,33,33,33,33,33,33,90,32,15,15,15,15,15,15,15,15,15,15,30,7,7,40,40
0,1,1,1,0,1,1,1,1,1,1,1,0,1,1,1,1,1,1,0,1,1,1,1,1,1,1,1,1,1,0,1,1,0,1,1,1,1,1,1,1,0,0,0,0,0,1,1,1,1,0,0,1,1,0,1,1,1,1,1,0,1,1,1,1,1,1,1,1,1,1,1,1,1,1,1,1,1,1,1,1,1,1,0,1,1,1,1,1,1,1,1,1,1,1,1,0,1,0,1,1,1,1,1,1,1,1,1,1,1,1,0,1,1,1,1,1,1,0,1,0,0,1,1,1,1,1,1,1,1,1,1,1,1,1,1,1,1,1,1,1,1,1,1,0,1,1,1,1,1,1,1,1,0,0,1,1,1,1,1,1
98
38,38,38,24,24,24,24,24,6,6,6,6,6,41,21,21,103,4,4,25,11,11,11,11,11,2,2,2,2,2,48,48,48,28,28,5,5,5,5,5,5,8,16,16,16,16,16,16,10,10,10,10,10,10,10,10,10,10,10,10,10,10,23,23,23,23,23,18,18,18,19,3,3,3,3,3,3,3,3,3,3,3,3,3,3,3,3,3,3,70,1,1,1,1,1,1,1,1,1,1,1,1,1,1,1,1,1,1,1,1,1,1,1,1,1,1,1,1,1,1,1,1,1,1,9,39,39,39,15,15,15,15,15,15,15,15,40,14,14
1,0,0,1,1,1,0,1,1,1,0,1,1,1,0,0,1,1,1,1,1,1,1,1,1,1,1,1,1,1,1,1,1,0,0,1,1,1,0,1,0,1,0,1,1,1,0,1,1,1,1,1,1,1,1,1,1,1,0,0,0,0,0,1,0,1,1,0,1,1,1,1,1,1,1,1,1,1,1,1,1,1,1,1,1,1,1,1,1,1,0,1,1,0,1,1,1,0,0,1,1,1,1,1,0,0,1,1,1,1,1,1,0,1,1,0,1,1,1,1,0,1,1,1,1,0,1,0,1,1,1,0,0,0,1,0,1,1,1
99
38,38,6,6,6,6,6,6,21,23,4,4,11,11,11,11,11,39,39,39,5,5,5,19,192,16,16,16,16,22,41,41,8,3,3,3,3,3,3,3,3,3,3,3,3,3,3,3,3,3,3,3,3,3,3,70,1,1,1,1,1,1,1,1,1,1,1,1,1,1,1,1,1,1,1,1,1,1,1,1,1,1,1,1,1,1,1,1,1,1,1,1,1,2,2,2,2,2,15,10,10,10,10,40,14,14
1,0,1,1,1,1,1,1,1,1,0,1,1,1,1,1,1,0,0,0,1,1,0,1,1,1,1,1,1,1,0,1,1,1,1,0,1,1,1,1,1,1,1,1,1,1,1,1,1,1,1,1,1,1,1,1,1,1,0,0,1,1,1,0,0,0,1,0,0,0,1,1,0,1,1,0,1,0,0,0,0,1,0,1,1,1,1,1,0,0,0,0,1,1,1,1,1,1,1,0,1,1,0,1,1,1
100
24,24,24,24,6,6,6,6,6,6,6,6,6,6,6,100,18,18,4,4,23,23,23,46,11,11,11,11,11,39,39,39,27,27,27,68,29,29,5,5,5,5,5,5,55,19,16,16,16,16,16,10,10,10,10,10,10,41,41,41,41,41,41,41,43,3,3,3,3,3,3,3,3,3,70,80,17,17,1,1,1,1,1,1,1,1,1,1,1,1,1,1,1,1,1,1,1,1,1,1,1,1,1,1,1,1,1,1,1,1,1,1,1,1,9,9,2,2,2,2,2,2,2,2,2,2,2,159,15,15,15,15,15,15,15,15,15,15,44,7,40,40,40,40,40,40,40,40,45
0,1,1,0,1,1,1,1,0,1,1,1,0,0,1,0,1,1,1,1,1,1,1,1,1,1,1,0,1,1,1,0,1,0,1,1,0,1,1,1,1,1,1,1,1,1,1,1,1,1,0,1,0,1,0,1,1,1,1,1,1,1,0,1,1,1,1,1,1,1,1,1,1,1,1,1,0,1,0,1,0,0,1,0,0,1,0,0,1,0,1,0,0,1,1,1,1,1,1,1,1,1,1,1,1,1,1,0,1,0,0,1,1,0,1,0,1,1,1,1,1,1,1,1,1,1,1,0,1,1,0,1,1,1,1,1,1,1,1,1,1,1,1,1,1,1,1,1,1
101
18,6,6,6,6,6,6,6,3,3,3,3,3,3,3,3,70,42,42,17,17,1,1,1,1,1,1,1,1,1,1,1,1,1,1,1,1,1,1,1,1,1,1,1,1,1,1,1,1,1,1,1,1,1,1,23,2,2,2,2,2,2,2,2,31,31,11,11,39,39,12,12,15,15,15,5,5,5,5,7,7,7,40,16,16,16,16,10,10,10,10,10
0,1,1,0,0,1,1,1,1,1,1,1,1,1,1,1,0,0,1,0,1,1,0,0,0,1,1,1,0,1,0,1,1,1,1,1,0,0,1,1,1,1,1,1,1,1,1,1,1,1,0,1,1,1,1,1,1,1,1,1,1,1,1,1,1,1,0,1,0,1,0,1,1,1,1,0,1,1,1,1,1,1,1,1,1,1,0,0,0,1,1,1
102
38,38,38,6,6,6,6,6,6,6,6,34,26,78,21,4,4,23,46,35,35,11,11,11,39,39,39,20,29,29,29,55,55,28,28,5,5,5,52,52,16,16,16,16,16,10,10,10,18,18,18,36,3,3,3,3,3,3,3,3,66,80,1,1,1,1,1,1,1,1,1,1,1,1,1,1,1,1,1,1,1,1,1,1,1,1,1,1,1,1,1,1,1,1,1,1,1,1,1,69,69,2,2,2,2,2,2,2,2,2,33,33,33,33,33,27,27,15,15,15,15,15,30,30,197,7
1,1,0,1,1,1,0,1,1,0,1,0,1,0,0,1,1,1,1,1,1,1,1,1,1,1,1,0,1,1,1,1,1,0,1,1,1,1,0,1,1,1,1,0,1,0,1,1,1,1,0,0,1,1,1,1,1,1,1,1,1,1,1,0,0,0,1,1,1,1,1,1,0,0,1,0,0,0,1,1,1,1,1,1,1,1,0,1,1,1,1,1,1,0,1,1,1,1,1,0,0,1,1,1,1,1,1,1,1,1,1,1,1,1,1,0,0,1,1,1,0,0,1,1,1,1
103
38,38,38,38,24,24,34,34,26,52,52,21,21,86,39,39,39,27,27,48,48,48,28,28,28,28,28,28,28,28,55,19,41,41,41,41,41,41,41,36,36,43,3,3,3,3,3,3,17,1,1,1,1,1,1,1,1,1,1,1,1,1,1,1,1,1,1,1,1,1,1,1,1,1,1,1,1,1,1,1,1,1,1,1,1,1,1,1,1,1,1,1,99,33,33,33,33,33,33,132,15,15,15,15,15,15,15,15,15,15,15,15,30,30,44,40,6,6,6,6,6,6,6,6,6,6,49,23,23,23,23,23,23,23,23,37,25,35,35,11,11,11,11,11,11,11,61,2,2,2,2,2,2,29,29,29,29,29,5,5,5,5,16,16,16,16,16,16,10,10,10,10,10,18,18,18,18,31,31,9,9,9,198,14
0,0,0,0,0,1,0,1,1,1,1,0,1,1,0,0,0,1,1,1,1,1,0,0,0,0,0,1,0,0,0,0,0,1,1,1,0,1,1,0,1,1,1,1,1,1,1,1,1,1,1,1,0,1,0,1,1,0,1,1,0,0,0,1,0,0,0,0,1,0,0,0,1,0,0,1,1,1,0,0,1,0,0,1,1,0,1,1,1,0,1,1,1,1,1,0,1,1,1,0,1,1,1,1,1,0,1,0,0,1,0,1,1,1,1,1,1,1,1,0,0,1,0,1,0,1,1,1,1,1,1,1,1,1,1,1,0,0,1,1,1,1,1,1,1,1,0,1,1,1,1,1,1,0,1,1,1,1,1,0,1,1,0,0,1,1,1,0,1,0,1,1,1,0,1,1,1,1,0,0,1,1,1,1
104
38,38,38,24,24,24,24,34,34,26,203,4,4,171,39,39,39,68,12,12,12,75,28,28,28,28,28,28,28,28,43,41,41,41,41,36,36,3,3,3,17,17,17,80,1,1,1,1,1,1,1,1,1,1,1,1,1,1,1,1,1,1,1,1,1,1,1,1,1,1,1,1,1,1,1,1,1,1,1,1,1,1,33,33,33,33,33,33,56,189,15,15,15,15,15,15,15,15,15,15,15,15,187,44,7,7,7,23,23,23,23,112,6,6,6,6,6,6,6,6,87,87,74,46,25,11,11,11,2,2,2,2,2,2,2,2,200,29,29,29,30,5,5,5,5,5,5,8,16,16,16,16,16,10,10,10,10,10,10,18,18,18,141,31,31,31,66,79,199,40,40,40,40,201,48,202,14,14,14
1,1,1,1,1,1,1,1,1,1,1,0,1,0,0,0,0,1,1,1,1,0,1,0,0,0,0,0,0,0,1,0,1,1,0,1,1,1,1,1,0,1,1,1,1,1,1,1,1,1,0,1,0,1,1,1,0,0,0,0,0,0,0,1,1,1,1,1,1,0,0,1,0,0,1,0,1,1,0,0,1,1,0,1,1,1,1,0,1,1,1,1,1,1,1,1,1,1,1,1,0,1,1,1,1,1,0,1,1,1,1,0,1,0,0,1,0,0,1,1,1,1,1,1,0,1,1,1,1,1,1,1,1,1,1,1,1,1,1,1,1,1,1,1,1,0,1,1,0,1,1,1,0,0,0,0,1,1,0,0,0,1,1,1,1,1,1,1,0,1,1,1,1,1,1,0,0,1,1
105
38,38,6,49,52,21,4,4,4,74,37,86,54,35,35,35,35,35,35,11,61,61,2,2,2,2,2,2,29,29,29,29,29,204,34,34,28,28,84,84,84,84,84,84,8,16,16,16,16,16,16,10,10,10,23,18,18,18,36,19,3,3,3,3,3,3,3,3,3,31,31,31,31,1,1,1,1,1,1,1,1,1,1,1,1,1,1,1,1,1,1,1,1,1,1,1,1,1,1,1,1,1,1,1,1,1,69,9,39,39,39,39,39,39,39,39,33,33,33,33,33,33,30,94,46,15,15,187,44,7,40,40,40,40,40,40,45
0,0,1,0,1,1,1,1,1,0,1,1,1,1,0,1,1,1,1,1,1,1,1,1,1,1,0,1,1,1,1,1,1,0,1,1,0,0,0,1,1,1,1,1,1,0,1,0,1,1,1,0,1,1,1,1,0,1,1,1,1,1,1,1,1,1,1,1,1,1,1,1,0,1,1,1,1,0,0,0,1,1,1,0,1,0,0,1,1,0,1,1,1,1,1,1,1,1,1,0,1,1,1,1,1,0,1,0,1,1,1,1,0,1,1,1,0,1,1,1,1,1,1,1,1,1,1,0,1,1,1,1,1,1,1,1,1
106
24,24,24,6,6,6,6,34,26,21,21,86,23,23,23,23,4,25,31,11,11,11,11,2,2,2,2,27,48,29,29,29,29,29,35,28,28,28,28,28,5,5,5,5,5,5,19,19,16,16,16,16,10,10,10,10,41,41,41,41,36,8,3,3,3,3,3,3,3,3,3,3,3,3,3,3,70,17,1,1,1,1,1,1,1,1,1,1,1,1,1,1,1,1,1,1,1,1,1,1,1,1,1,1,1,1,1,1,1,1,1,1,1,1,1,1,39,39,39,33,33,33,33,56,56,15,15,15,40,45
0,0,1,1,1,0,1,1,1,1,0,1,1,1,1,1,1,1,1,1,1,1,1,1,1,1,1,1,1,1,1,1,1,1,1,0,0,0,0,0,1,0,0,1,1,1,1,1,1,1,1,0,1,0,1,1,1,1,1,1,1,1,1,1,1,1,1,1,1,1,1,1,1,1,0,1,1,1,1,1,1,0,0,1,1,1,0,0,0,0,0,0,0,0,1,0,1,1,1,1,1,1,1,1,0,1,1,1,1,1,1,1,0,1,0,1,1,1,0,0,1,1,1,1,1,1,0,1,1,0
107
38,38,38,38,38,38,38,38,38,38,38,38,38,38,38,38,38,38,38,38,38,38,38,38,38,38,38,38,38,38,38,38,38,41,6,6,6,3,3,3,3,3,3,3,3,3,70,1,1,1,1,1,1,1,1,1,1,1,1,1,1,1,1,1,1,1,1,1,1,1,1,1,1,1,1,1,1,1,1,1,1,1,1,1,23,4,39,25,11,11,2,2,2,2,2,2,20,20,29,31,28,28,28,28,5,5,5,40,40,16,16,10,10
0,1,0,1,1,1,0,1,0,1,0,1,1,1,1,0,0,1,1,1,1,1,1,1,1,1,1,1,0,1,0,1,1,0,1,1,0,1,1,1,1,1,1,1,1,1,1,1,1,0,0,0,0,1,0,0,1,0,1,0,0,0,1,0,0,1,0,1,0,1,1,1,0,0,1,0,0,0,1,0,0,1,0,1,1,0,1,1,0,0,1,1,1,1,1,1,0,0,1,1,0,0,0,0,0,0,1,1,1,1,1,1,1
108
38,38,38,38,38,38,38,24,24,34,34,34,34,52,21,9,4,4,39,39,39,39,20,28,28,55,84,43,43,43,62,41,41,41,41,41,41,41,41,36,19,5,5,5,5,5,5,17,1,1,1,1,1,1,1,1,1,1,1,1,1,1,1,1,1,1,1,1,1,1,1,1,1,1,1,1,1,1,1,1,1,1,1,1,1,1,1,1,92,33,33,33,33,15,15,15,15,30,7,7,7,40,40,40,40,40,40,6,6,6,6,6,6,42,37,25,25,11,11,11,11,11,2,2,2,2,2,2,2,2,2,2,2,2,2,29,3,3,8,16,16,16,16,16,16,10,10,10,10,10,10,10,105,18,18,18,141,79,27,32,14,14,14
0,1,0,0,0,0,0,1,1,1,1,1,1,1,1,0,0,0,1,0,1,1,1,0,0,0,0,1,1,1,0,1,1,0,0,1,1,1,1,1,1,0,0,1,1,1,1,1,1,0,0,0,1,0,1,1,0,1,0,1,1,1,0,1,0,1,0,0,1,1,0,0,0,1,1,0,1,1,0,0,1,0,0,1,0,1,1,1,1,1,1,1,1,1,0,1,1,1,1,1,1,1,1,1,0,1,1,1,1,0,1,1,0,1,1,1,1,1,1,1,1,1,1,1,1,1,1,1,1,1,1,1,1,1,1,1,1,1,1,0,1,1,0,0,0,1,0,0,1,1,1,0,0,0,0,0,0,1,1,1,0,1,1
109
38,38,38,38,24,24,24,24,24,6,6,6,6,6,6,6,6,100,49,49,78,21,23,4,4,25,25,25,25,25,31,31,11,11,11,11,11,11,11,11,11,11,11,11,39,39,39,39,39,27,48,48,29,29,34,28,28,28,5,84,8,52,16,16,16,16,16,16,10,10,10,10,10,10,10,10,10,10,10,10,18,18,18,43,3,3,70,80,41,41,1,1,1,1,1,1,1,1,1,1,1,1,1,1,1,1,1,1,1,1,1,1,1,1,1,1,1,1,1,1,1,1,1,1,1,1,1,1,1,69,69,2,2,2,2,2,2,2,33,33,33,189,154,32,32,15,15,15,15,15,15,15,15,7,17,17,17,17,45,202
0,0,1,0,1,1,1,1,1,1,1,1,0,1,1,1,1,0,1,1,1,1,1,1,1,1,1,1,1,1,1,1,1,1,1,1,1,1,1,1,1,1,1,1,0,0,1,1,1,0,1,1,1,1,1,0,0,0,1,1,1,1,0,1,1,1,1,1,1,0,1,1,1,1,1,1,1,1,1,1,0,1,1,1,1,1,1,0,1,1,0,1,0,0,0,1,0,0,1,0,1,1,1,1,0,1,1,0,0,0,0,0,0,1,0,0,0,0,1,1,0,1,1,1,0,1,1,1,0,1,1,1,1,1,1,1,1,1,1,1,1,1,0,1,1,1,1,1,1,1,1,1,1,1,1,1,1,1,1,1
110
38,24,24,6,6,6,6,49,26,205,22,23,23,23,23,23,37,37,37,4,4,25,25,25,25,25,31,31,31,31,11,11,11,11,39,39,20,48,48,29,29,29,29,29,35,35,34,34,34,34,34,34,28,28,28,5,5,5,5,5,5,84,19,16,16,16,16,16,16,16,16,16,10,10,10,10,10,10,41,36,8,3,3,3,3,3,3,3,3,3,3,70,1,1,1,1,1,1,1,1,1,1,1,1,1,1,1,1,1,1,1,1,1,1,1,1,1,1,1,1,1,1,1,1,1,1,1,1,92,79,79,2,2,2,2,2,2,33,33,33,33,33,33,90,27,15,15,15,15,15,15,15,73,30,30,7,7,7,40,45,45
1,1,1,1,1,0,1,0,1,1,1,1,1,1,1,1,1,1,1,0,0,1,1,1,1,1,1,1,1,1,1,1,1,0,0,0,1,1,1,1,1,1,1,1,1,1,0,1,0,1,1,1,0,0,0,0,0,1,1,1,1,1,1,0,0,1,1,0,0,1,1,1,1,0,1,0,1,1,1,1,1,1,1,1,1,1,1,1,1,1,1,0,0,0,1,0,0,1,1,1,1,1,1,0,0,1,1,1,1,1,1,0,1,1,1,1,1,0,0,0,1,1,0,0,0,0,1,1,1,1,1,1,1,1,1,1,1,1,1,0,1,1,1,1,1,1,0,0,1,1,1,1,1,1,1,1,1,0,1,1,1
111
43,24,6,6,6,6,6,6,6,34,34,26,18,79,23,23,23,23,37,4,25,31,31,31,11,11,11,11,11,11,2,2,2,2,2,2,2,2,2,2,2,27,68,29,29,29,29,29,29,35,35,35,28,28,3,3,3,3,3,3,3,3,3,3,3,3,3,3,3,19,19,16,16,16,16,16,16,16,10,10,10,10,10,41,41,41,36,36,8,5,5,5,5,5,22,17,17,1,1,1,1,1,1,1,1,1,1,1,1,1,1,1,1,1,1,1,1,1,1,1,1,1,1,1,1,1,1,1,1,1,1,1,1,1,1,1,9,39,39,39,39,33,33,33,33,33,15,15,15,15,15,15,15,15,15,15,30,30,7,7,40,40,45,14,14
1,1,1,1,0,1,0,1,1,1,1,1,0,1,0,1,1,1,1,1,1,1,1,1,1,1,1,1,1,1,1,0,1,1,1,1,1,1,1,1,1,0,1,1,1,1,1,1,1,0,1,1,0,0,1,1,1,1,1,1,1,1,1,1,1,1,1,1,0,1,1,0,1,1,1,1,0,1,0,0,1,1,1,0,1,1,1,1,1,0,1,1,1,1,1,1,1,1,1,1,1,1,1,0,0,1,1,0,1,0,0,0,1,0,1,0,0,1,1,1,1,1,1,0,0,0,1,0,0,1,1,1,0,1,1,1,0,0,0,0,1,0,1,1,1,1,1,1,1,1,1,1,0,1,1,0,1,1,1,1,1,1,1,1,1
112
38,38,24,24,24,24,34,34,34,26,151,21,86,86,39,27,48,48,28,28,28,28,28,28,28,55,84,41,41,5,5,5,5,5,5,5,5,70,70,80,80,1,1,1,1,1,1,1,1,1,1,1,1,1,1,1,1,1,1,1,1,1,1,1,1,1,1,1,1,1,1,1,1,1,1,1,1,1,1,33,33,33,15,15,15,15,15,15,15,15,15,15,15,15,15,15,30,30,103,97,6,6,6,6,6,6,6,6,6,6,6,6,42,4,4,4,23,23,23,23,23,23,23,37,25,35,35,11,2,29,29,29,29,109,16,16,16,16,16,10,10,10,10,18,31,31,31,31,69,79,65,40,40,40,3,3,3,3,3,3,3,3,3,3,3,3,3,3,3,3,3,3,3,58,14,14
0,0,1,0,1,1,0,0,0,1,0,1,1,1,0,1,0,1,0,0,0,0,0,0,0,0,1,0,1,0,0,1,0,1,1,1,1,1,0,0,1,0,0,0,1,1,1,1,0,0,0,1,1,1,0,1,1,1,1,0,1,1,1,1,0,1,1,0,1,0,0,0,1,0,0,1,0,0,0,1,1,1,1,0,1,1,1,1,1,1,1,1,0,0,1,0,0,1,0,0,0,1,0,1,1,0,1,0,1,1,0,0,1,0,1,1,1,1,1,1,0,1,1,1,0,1,1,1,0,1,1,1,1,0,0,1,1,0,1,0,1,1,1,0,1,1,1,1,0,0,0,1,1,1,1,1,1,1,1,1,1,1,1,1,1,1,1,1,1,1,1,1,1,0,1,1
113
38,24,6,6,6,6,6,6,6,6,41,21,21,79,23,23,4,4,35,31,31,31,11,11,11,11,2,2,2,2,2,2,2,48,29,29,29,55,55,28,5,5,5,5,5,5,43,16,16,16,16,16,16,10,10,10,10,10,10,10,18,18,18,3,3,3,3,3,3,3,17,1,1,1,1,1,1,1,1,1,1,1,1,1,1,1,1,1,1,1,1,1,1,1,1,1,1,1,1,1,1,1,1,1,1,1,1,1,1,1,52,9,39,39,39,33,33,33,33,33,33,66,15,15,15,15,15,15,7,7,40,45
1,1,1,0,1,1,1,1,1,1,1,1,1,0,1,1,1,1,1,1,1,1,1,0,1,1,1,1,1,1,1,1,1,0,1,1,1,1,1,0,0,0,1,1,1,1,1,0,0,1,1,1,1,1,1,0,0,1,0,1,0,1,0,1,1,1,1,1,1,1,1,1,1,1,1,1,1,1,0,1,1,1,0,0,0,1,0,1,1,1,1,1,1,1,1,1,1,1,1,1,0,1,0,0,1,1,1,1,1,1,0,1,1,1,1,0,1,1,1,1,1,1,0,1,1,1,1,1,1,0,1,1
114
38,38,24,6,6,6,6,34,34,21,23,23,23,23,23,4,25,31,31,31,31,11,11,11,2,2,27,48,29,29,29,29,29,35,35,28,28,28,28,28,5,5,5,5,5,19,62,62,16,16,16,16,16,16,16,10,10,10,10,10,10,10,10,10,41,41,36,43,3,3,3,3,3,3,3,3,3,3,3,3,3,3,3,3,3,3,3,3,3,3,3,3,22,17,17,1,1,1,1,1,1,1,1,1,1,1,1,1,1,1,1,1,1,1,1,1,1,1,1,1,1,1,1,1,1,1,1,1,1,1,1,1,1,1,1,1,79,39,39,39,39,33,33,33,33,33,106,45,15,15,15,15,15,15,15,15,15,15,30,30,192,40,65,14,14
0,1,1,1,1,1,1,1,0,0,1,1,1,1,1,1,1,1,1,1,1,1,1,1,1,0,1,1,0,1,1,1,1,1,1,0,1,0,0,0,0,1,1,1,1,1,1,1,0,1,1,1,1,1,1,1,0,0,0,1,1,1,1,1,1,1,1,1,1,1,1,1,1,1,1,1,1,1,1,1,1,1,1,1,1,1,1,1,1,1,1,1,1,1,1,1,1,1,1,0,1,1,0,1,0,1,0,1,1,1,0,1,0,1,1,0,0,1,0,0,0,1,0,0,0,0,0,0,1,0,1,1,1,1,0,0,1,1,1,0,1,0,1,1,1,1,1,1,1,1,1,1,1,1,1,1,1,1,1,1,1,1,0,1,1
115
38,38,38,38,38,38,38,38,6,6,6,6,6,6,6,49,49,21,23,23,4,25,39,39,31,31,31,31,11,11,11,61,2,2,2,2,2,68,71,168,34,28,28,28,5,5,84,84,8,16,16,16,16,16,10,10,10,10,41,41,41,3,3,3,3,3,3,3,17,17,171,171,1,1,1,1,1,1,1,1,1,1,1,1,1,1,1,1,1,1,1,1,1,1,1,1,1,1,1,1,1,206,33,33,33,33,33,33,33,207,48,15,15,15,15,15,15,187,63,40,40,29,29,29
0,0,0,0,0,0,0,1,1,1,1,0,1,1,0,1,0,0,0,1,1,1,1,1,1,1,1,1,0,0,0,1,1,1,1,1,1,0,0,1,1,0,0,0,0,0,0,0,0,0,1,1,1,1,0,1,1,0,1,1,1,1,1,1,1,1,1,1,1,0,0,0,1,1,1,0,1,1,1,0,1,1,1,1,1,1,1,1,1,1,1,1,1,1,0,1,1,1,1,1,0,1,0,1,1,1,1,1,1,0,1,0,1,1,1,0,1,1,0,1,1,0,1,0
116
38,98,24,24,6,6,6,6,6,6,6,6,6,6,6,34,26,18,18,21,86,23,23,4,4,25,31,31,31,31,11,11,11,11,11,11,11,11,2,2,2,2,2,2,2,48,29,29,29,29,29,29,35,35,55,55,28,28,28,28,5,5,5,8,16,16,16,16,16,16,16,10,10,10,10,10,10,10,10,41,41,41,36,36,3,3,3,3,3,3,3,3,3,3,3,17,17,17,17,17,17,1,1,1,1,1,1,1,1,1,1,1,1,1,1,1,1,1,1,1,1,1,1,1,1,1,1,1,1,1,1,1,1,1,1,1,1,1,1,1,1,1,52,79,39,39,39,39,33,33,33,33,33,77,15,15,15,15,15,15,15,15,15,15,15,15,15,15,30,30,192,7,7,40,45,14,14
1,1,1,1,0,1,1,1,1,1,1,1,1,0,1,1,1,0,1,1,1,1,1,1,1,1,1,1,1,1,1,1,1,1,0,1,1,1,1,1,1,1,1,1,1,1,0,1,1,1,1,1,1,1,1,1,0,0,0,0,1,0,1,1,0,1,1,1,1,1,1,1,1,0,0,1,1,1,1,1,1,1,0,0,1,1,1,1,1,1,1,1,1,1,1,1,1,0,1,1,1,1,1,1,0,1,1,0,0,0,1,1,0,1,0,0,0,1,1,1,0,1,1,1,1,0,1,1,0,1,0,1,1,0,1,1,1,0,1,0,1,0,1,1,1,1,0,1,0,1,1,1,1,1,1,1,1,1,1,1,1,1,0,1,1,0,1,1,1,0,1,1,1,1,1,0,1
117
41,2,2,6,6,6,6,6,6,3,3,3,3,3,3,3,70,18,21,21,15,15,15,15,15,4,4,14,14,11,11,11,1,1,1,1,1,1,1,1,1,1,1,1,1,1,1,1,1,1,1,1,1,1,1,1,1,1,1,1,1,1,1,1,1,1,1,1,39,39,5,5,5,28,28,55,55,8,62,62,40,16,16,16,16,16,10,10,10,10,10,10
1,1,1,1,0,1,1,0,1,1,1,1,1,1,1,1,0,1,1,0,1,1,1,1,1,1,1,1,1,1,1,1,1,1,1,0,1,1,0,0,1,0,1,1,1,0,1,1,1,1,1,1,1,1,1,1,0,1,1,1,1,1,1,1,1,1,0,1,1,0,1,1,1,0,0,1,1,1,1,1,1,1,1,1,1,1,1,1,1,1,1,1
118
38,38,38,38,38,38,38,38,38,38,38,38,38,38,38,38,38,38,38,38,38,38,24,24,6,6,6,6,41,41,41,41,23,23,23,4,4,39,39,39,48,12,12,55,28,28,5,5,5,5,84,8,16,16,16,16,16,16,16,10,10,10,10,10,10,10,10,10,18,18,3,3,3,3,3,3,3,3,3,3,3,3,3,3,70,17,1,1,1,1,1,1,1,1,1,1,1,1,1,1,1,1,1,1,1,1,1,1,1,1,1,1,1,1,1,1,1,1,1,1,1,1,1,1,1,69,2,2,2,2,2,2,2,2,2,2,2,94,15,15,15,15,15,15,15,15,7,40,40
1,1,1,1,0,0,0,1,0,0,1,0,0,0,1,1,1,1,1,1,1,1,0,1,1,0,0,1,1,1,1,1,1,1,1,1,0,1,1,1,1,1,0,1,0,0,0,1,1,1,0,1,1,1,1,1,1,0,1,1,1,1,0,0,0,1,1,0,0,1,1,1,1,1,1,1,1,1,1,1,1,1,0,1,0,1,1,1,1,1,1,1,1,0,1,1,0,0,0,1,1,0,1,1,1,1,1,1,1,1,0,1,1,1,1,1,1,1,1,1,0,1,1,1,0,1,1,1,1,1,1,1,1,1,1,1,1,1,1,1,1,1,1,1,1,0,1,1,0
119
38,38,38,38,38,38,38,38,38,38,38,38,38,38,38,24,24,6,6,6,6,6,49,52,21,21,23,23,37,4,35,61,61,2,48,29,29,34,34,28,28,28,3,3,3,3,84,66,16,16,16,16,10,10,10,10,10,10,18,5,5,5,5,5,5,5,5,31,31,31,1,1,1,1,1,1,1,1,1,1,1,1,1,1,1,1,1,1,1,1,1,1,1,1,1,1,1,1,1,1,1,1,1,1,1,1,7,39,39,39,33,33,33,33,33,94,132,15,15,30,172,40,40,40,45
1,1,0,1,1,1,0,1,1,1,1,1,1,1,1,1,1,0,1,1,1,1,0,1,1,1,1,1,1,1,1,0,1,1,1,1,1,1,1,0,0,0,1,1,1,1,1,1,0,1,1,1,1,0,1,1,0,0,1,1,1,1,1,1,1,1,1,1,0,1,1,1,1,0,1,1,1,1,1,1,1,0,0,1,0,1,1,1,1,1,1,1,0,1,1,0,1,1,1,1,1,1,1,1,1,1,1,0,1,1,1,1,1,1,1,1,1,1,1,1,1,1,1,1,1
120
6,6,6,3,3,3,3,3,3,70,1,1,1,1,1,1,1,1,1,1,1,1,1,1,1,1,1,1,1,1,1,1,1,1,1,1,1,1,1,4,4,9,2,2,2,2,2,2,2,2,2,172,172,11,11,11,39,8,8,7,7,40,40,40,40,40,10,10,10
0,0,1,1,0,1,1,1,1,0,1,1,1,0,0,1,0,0,1,0,1,0,0,0,0,0,1,1,0,0,0,0,0,0,0,0,1,0,0,0,1,0,1,1,1,1,1,1,1,1,1,1,0,1,1,1,0,1,1,1,1,1,1,1,1,1,1,0,0
121
208,39,39,39,6,3,3,5,1,1,1,1,1,1,1,1,1,1,1,1,1,1,1,1,1,1,1,1,1,1,1,1,1,1,1,68,4
0,1,1,0,0,1,1,0,1,1,0,1,1,1,1,0,1,1,1,0,1,0,1,1,1,0,1,1,1,1,1,1,1,1,1,1,1
122
38,38,6,6,6,6,49,207,23,54,39,12,34,13,28,5,5,5,5,5,5,5,5,84,19,19,16,16,16,16,100,18,18,36,43,3,3,3,3,3,3,3,3,3,3,3,3,31,31,31,31,31,1,1,1,1,1,1,1,1,1,1,1,1,1,1,1,1,1,1,1,1,1,1,1,1,1,1,1,1,1,1,1,1,1,1,1,1,1,1,1,1,1,9,2,2,2,2,33,33,33,33,33,33,21,21,32,15,15,15,15,15,15,30,30,63,10,209,29,29
0,0,1,1,0,1,1,0,1,0,1,0,1,1,1,0,1,0,0,1,1,0,1,0,1,1,1,1,1,1,0,0,0,1,1,1,1,1,1,1,1,1,1,1,1,1,1,1,1,1,1,1,0,1,1,1,1,1,1,1,1,0,1,0,1,1,0,0,0,0,1,1,1,1,0,0,0,0,0,0,1,1,1,0,0,0,1,0,0,1,1,1,0,0,1,1,1,1,0,1,1,1,1,0,1,0,1,1,1,1,1,1,1,1,1,1,0,1,1,1
123
38,6,6,6,6,6,6,49,99,4,4,11,11,11,11,11,11,61,2,2,2,29,29,29,29,34,34,8,16,16,16,16,10,10,10,18,18,36,43,3,3,31,31,31,1,1,1,1,1,1,1,1,1,1,1,1,1,1,1,1,1,1,1,1,1,1,1,1,1,1,1,1,1,1,1,1,1,1,9,39,39,39,33,33,33,33,94,187,40,40,40
1,1,0,1,1,1,1,1,0,0,1,1,1,1,1,1,0,1,1,1,1,1,1,1,1,1,1,1,1,1,1,1,0,1,1,0,1,1,1,1,1,1,1,0,1,1,0,1,1,1,1,1,1,1,0,0,1,1,1,1,1,1,1,1,1,1,1,1,1,1,1,1,1,1,1,1,1,1,0,1,1,1,1,1,1,1,0,1,1,1,1
124
38,38,38,38,38,38,38,38,38,38,38,38,38,38,38,38,38,38,38,38,38,38,38,38,38,38,38,38,38,38,24,24,6,6,6,6,6,6,49,26,52,21,23,23,23,4,4,25,31,11,11,11,39,39,48,29,29,34,34,28,28,5,5,5,5,5,5,5,5,5,5,5,19,16,10,10,10,10,10,10,10,18,3,3,3,3,3,3,3,3,3,3,3,3,3,3,3,3,3,3,3,3,3,3,3,3,3,3,3,3,70,17,17,17,17,1,1,1,1,1,1,1,1,1,1,1,1,1,1,1,1,1,1,1,1,1,1,1,1,1,1,1,1,1,1,1,1,1,1,1,1,2,2,33,33,33,66,97,15,15,15,15,14,40,192
1,1,1,1,1,1,1,1,0,1,1,1,1,1,1,1,1,1,0,1,1,1,1,1,1,1,1,1,1,1,0,1,0,1,1,1,1,1,0,0,1,1,1,1,1,0,1,1,1,1,1,1,0,0,1,1,1,1,1,0,0,0,1,1,1,0,0,1,1,1,1,0,1,1,1,1,0,1,0,1,1,1,1,1,1,1,1,1,1,1,1,1,1,1,1,1,1,1,1,1,1,1,1,1,1,1,1,1,1,1,0,1,1,1,1,0,1,1,1,1,0,0,0,1,1,0,0,0,1,1,1,1,0,1,0,0,0,0,1,1,0,0,0,0,0,1,1,0,1,1,0,1,1,1,1,1,1,1,1,0,1,1,1,1,1
125
38,38,38,24,24,24,24,34,34,151,21,21,21,79,4,4,39,39,39,39,39,20,68,156,28,28,28,28,84,19,62,62,41,41,41,36,36,5,5,5,5,5,5,57,1,1,1,1,1,1,1,1,1,1,1,1,1,1,1,1,1,1,1,1,1,1,1,1,1,1,1,1,1,1,1,1,1,1,52,33,33,33,33,93,154,15,15,15,15,118,7,40,40,40,6,6,6,6,6,113,42,87,22,23,23,37,46,35,35,212,11,11,11,61,2,2,2,2,2,2,2,29,29,116,3,3,3,3,3,3,3,3,3,182,8,16,16,16,16,16,16,16,10,10,18,18,31,31,210,66,66,69,69,69,69,9,211,85,27,32,48,17,17,83
0,0,0,0,1,1,0,1,1,0,1,0,0,0,1,1,0,0,1,0,1,1,1,0,0,0,0,0,1,0,0,1,1,1,0,0,1,0,1,0,0,0,0,1,1,0,0,1,1,1,0,0,0,1,1,0,0,0,0,0,1,1,1,0,1,1,0,1,1,1,0,0,1,0,1,0,0,0,0,1,1,0,1,1,0,1,1,0,1,1,1,1,1,1,1,0,1,1,0,1,1,0,1,1,1,1,0,0,1,1,0,1,1,1,1,1,1,1,1,1,1,1,1,0,1,1,1,1,1,1,1,1,1,1,1,0,1,1,1,1,0,0,1,1,0,1,1,0,0,1,1,0,0,0,0,0,1,0,1,1,0,0,1,1
126
38,38,24,24,34,34,99,99,21,21,21,4,171,39,39,39,39,48,48,28,28,28,28,28,55,84,43,36,19,5,5,5,5,5,17,17,1,1,1,1,1,1,1,1,1,1,1,1,1,1,1,1,1,1,1,1,1,1,1,1,1,1,1,1,1,1,1,1,1,1,1,1,1,1,1,1,1,1,33,33,207,15,15,15,15,15,15,15,15,15,15,15,116,7,40,40,40,40,45,6,6,6,6,6,6,6,6,6,6,6,6,6,6,6,6,6,6,49,22,22,23,37,35,11,11,11,11,11,61,2,2,29,29,29,29,29,30,3,3,3,3,3,3,16,16,16,16,16,16,10,10,10,10,10,10,10,18,31,31,31,31,69,69,69,9,159,159,14,14,14,14
0,1,1,1,0,0,0,1,1,0,0,1,0,0,0,0,1,1,1,1,0,0,0,0,0,0,1,1,1,1,1,1,1,1,1,1,1,1,1,1,1,1,1,1,1,1,0,0,1,0,0,0,1,1,1,1,1,0,0,1,1,1,1,1,1,1,1,0,0,0,1,0,1,0,0,1,0,0,1,1,0,1,1,0,1,0,1,1,0,1,0,1,1,1,1,1,1,1,1,0,0,1,0,1,0,1,1,1,0,1,1,0,1,1,1,1,0,1,1,1,1,1,1,1,1,1,1,1,1,1,1,1,1,0,1,1,1,1,1,1,1,1,1,0,0,0,1,1,1,1,0,0,1,1,1,0,1,1,1,1,0,1,1,1,1,0,1,1,1,1,1
127
1,3
0,1
128
38,38,38,6,49,52,21,4,4,86,35,35,11,11,11,11,39,39,39,39,29,29,29,29,29,29,29,55,28,3,8,16,16,16,16,10,10,10,18,18,36,36,5,5,31,31,1,1,1,1,1,1,1,1,1,1,1,1,1,1,1,1,1,1,1,1,1,1,1,1,1,1,1,1,1,1,1,1,1,1,1,1,1,1,1,1,1,9,2,2,2,2,2,2,2,33,33,33,33,33,33,34,30,40,40,40,40,40,40,40,45
0,0,0,1,1,1,0,0,1,0,1,1,1,1,1,0,0,1,1,1,1,1,1,1,1,1,1,1,1,1,1,1,1,1,1,1,1,1,1,1,1,1,1,1,1,1,0,1,1,1,1,1,1,1,1,1,1,1,1,1,1,1,1,1,1,1,0,1,1,1,1,1,1,1,1,1,1,1,1,1,1,1,1,0,1,1,1,1,1,1,1,1,1,1,1,1,1,1,1,1,1,1,1,1,1,1,1,1,1,1,1
129
38,24,6,6,6,6,6,6,6,6,18,18,37,25,11,39,39,39,39,48,29,28,3,3,3,3,3,3,19,22,41,8,5,5,5,70,1,1,1,1,1,1,1,1,1,1,1,1,1,1,1,1,1,1,1,1,1,1,1,1,1,1,1,1,1,1,2,2,2,15,15,15,15,15,15,15,15,7,7,65
0,1,1,0,1,1,0,1,0,1,0,0,1,1,1,0,0,0,0,1,1,0,1,1,1,1,1,1,1,1,1,1,0,1,0,0,1,1,0,0,0,0,0,0,0,1,0,1,1,1,0,0,0,0,0,1,1,1,0,0,1,1,1,1,1,1,1,1,1,1,1,1,1,1,0,0,0,1,1,0
130
24,6,6,6,6,6,6,6,6,6,6,6,6,6,6,42,52,21,21,23,23,23,23,37,86,86,35,31,31,11,11,11,11,11,11,11,2,2,2,27,27,48,29,29,29,29,29,55,55,28,28,28,28,3,3,3,3,3,3,3,3,3,3,19,16,16,16,16,16,10,10,10,10,18,18,43,43,5,5,5,5,5,5,5,5,26,1,1,1,1,1,1,1,1,1,1,1,1,1,1,1,1,1,1,1,1,1,1,1,1,1,1,1,1,1,1,1,1,1,1,1,1,1,1,1,1,1,1,213,69,9,39,39,39,39,39,33,33,33,33,33,40,40,40,40,40,40,40,32,15,15,15,15,15,15,15,30,14,14,14,14,74,45,202
0,1,1,0,1,1,1,1,1,1,1,1,1,1,1,1,1,0,0,0,1,1,1,1,1,0,1,1,1,1,1,1,1,0,0,1,1,1,1,1,1,1,1,1,1,1,1,0,1,0,0,0,0,1,1,1,1,1,0,1,1,1,1,1,1,1,0,1,1,1,1,1,1,0,1,1,1,0,0,0,0,1,1,1,0,0,1,1,1,1,0,1,1,0,1,1,0,1,0,1,1,0,0,1,0,1,1,1,1,1,1,1,1,0,1,1,1,1,0,1,1,0,0,1,1,1,1,1,0,0,1,1,0,0,1,1,0,1,1,1,1,1,1,1,1,1,1,1,1,1,1,1,1,1,1,0,1,0,1,1,1,0,1,0
131
38,38,38,38,24,34,34,26,178,21,21,4,4,39,39,39,39,39,27,48,48,12,35,28,28,28,28,55,55,84,84,84,19,19,62,41,41,41,41,36,36,3,3,3,3,70,80,1,1,1,1,1,1,1,1,1,1,1,1,1,1,1,1,1,1,1,1,1,1,1,1,1,1,1,1,1,1,1,1,1,1,1,78,78,33,33,33,33,163,163,216,15,15,15,15,15,15,30,30,30,40,40,40,217,6,6,6,6,6,6,6,6,6,6,6,6,6,6,6,6,6,49,42,42,87,23,23,214,214,140,25,11,11,11,11,11,11,11,11,11,11,174,2,2,2,2,2,2,2,2,2,2,29,29,29,5,5,5,5,5,5,52,16,16,16,16,16,16,10,10,10,18,31,31,31,31,69,69,69,69,9,199,199,199,146,198,94,160,215,17,17,17,14,14
1,0,0,0,1,1,1,1,0,1,1,1,0,0,1,0,1,1,1,1,0,1,0,0,1,1,1,0,0,1,1,1,1,1,1,1,0,1,1,0,1,1,1,1,1,1,1,1,1,0,1,1,1,1,0,1,1,1,0,0,0,1,0,1,0,1,0,0,1,1,1,0,0,0,0,0,1,0,0,1,1,1,1,1,0,1,1,1,1,1,1,1,1,1,1,1,0,0,1,1,1,1,1,1,1,0,1,0,1,1,1,1,1,0,1,1,1,0,1,1,1,0,0,0,0,0,1,1,0,0,0,0,1,1,1,0,0,1,0,1,1,0,1,1,1,1,1,1,1,1,1,1,1,1,1,0,1,1,0,0,1,1,0,1,1,1,1,1,0,1,1,1,1,0,0,1,1,1,1,1,1,0,1,1,1,0,1,0,0,0,1,1,0,1
132
24,24,24,24,26,21,218,39,39,27,27,48,28,28,28,28,28,28,28,28,55,55,55,60,43,62,62,41,41,41,41,41,41,36,36,19,5,5,5,5,70,80,1,1,1,1,1,1,1,1,1,1,1,1,1,1,1,1,1,1,1,1,1,1,1,1,1,1,1,1,1,1,1,1,1,1,1,1,1,1,1,1,1,1,1,33,33,33,33,33,4,15,15,15,15,15,15,15,15,10,10,10,10,10,10,10,10,10,10,10,10,7,7,40,40,40,40,40,40,45,6,6,6,6,6,6,6,86,23,23,23,23,23,25,35,35,35,11,11,11,11,11,11,11,11,11,11,11,2,2,2,2,29,29,29,29,29,3,3,3,3,3,3,3,3,3,3,3,3,3,3,8,8,16,16,16,16,16,16,76,31,31,66,32,32,14,17,17,202
1,1,1,1,1,0,1,1,0,1,0,1,0,0,0,0,0,0,0,0,0,0,1,0,1,0,0,1,1,1,1,1,1,1,1,1,1,1,1,1,1,1,1,1,1,1,1,1,1,1,0,1,0,1,0,0,1,1,1,1,1,1,0,1,1,1,1,1,1,1,1,1,1,1,1,1,1,1,1,1,1,1,1,1,1,0,1,1,1,1,1,1,1,0,0,1,1,0,1,1,1,0,1,1,1,1,0,0,1,1,1,1,0,1,1,1,1,1,1,1,1,1,1,0,1,1,1,1,1,1,1,1,1,1,0,0,1,1,0,1,1,1,1,1,1,1,1,1,1,1,1,0,1,1,1,0,1,1,1,1,1,1,1,1,1,1,1,1,0,1,1,1,1,0,1,1,1,1,1,1,1,1,1,1,1,1,1,1,0
133
38,38,38,38,38,24,6,6,26,219,21,23,23,23,23,23,23,4,4,25,25,31,31,31,31,31,31,31,11,11,11,11,11,11,11,39,39,39,39,27,27,48,29,29,29,29,35,30,28,28,28,28,28,5,5,5,5,5,5,8,8,16,16,16,16,10,10,10,10,18,36,43,3,3,3,3,3,3,3,3,3,3,3,3,3,17,17,17,17,17,1,1,1,1,1,1,1,1,1,1,1,1,1,1,1,1,1,1,1,1,1,1,1,1,1,1,1,1,1,1,1,1,1,1,1,1,1,2,2,2,2,2,2,2,2,2,2,2,2,33,33,33,66,15,15,15,15,15,15,15,15,15,15,15,98,7,7,7,40,40,45,14
1,1,0,0,0,1,0,1,0,0,1,1,1,0,1,1,1,1,1,1,1,1,1,1,1,1,1,1,1,1,1,1,1,1,1,0,1,1,1,1,1,1,1,1,1,1,1,1,0,0,0,0,0,1,0,1,1,1,0,1,1,1,1,1,1,1,1,1,1,0,1,1,1,1,1,1,1,1,1,1,1,0,1,1,1,1,1,1,1,1,1,1,1,0,1,1,1,1,0,0,0,0,1,0,1,1,1,1,1,1,1,1,0,1,1,1,1,1,1,1,1,1,0,1,0,1,1,1,1,1,1,1,1,1,1,1,1,1,1,0,1,1,1,1,1,1,1,0,1,1,0,0,0,0,1,1,1,1,1,1,1,1
134
38,24,24,24,24,34,26,86,39,39,39,27,27,48,28,28,28,55,84,19,19,19,62,41,41,41,41,41,36,5,5,5,5,5,70,80,1,1,1,1,1,1,1,1,1,1,1,1,1,1,1,1,1,1,1,1,1,1,1,1,1,1,1,1,1,1,1,1,1,1,1,1,1,1,1,33,33,33,33,33,15,15,15,15,15,15,15,15,30,40,40,45,192,6,6,6,6,6,6,6,6,42,4,4,23,23,23,37,46,35,35,35,11,11,11,11,11,11,2,2,2,2,2,29,29,29,29,29,29,3,3,3,3,3,3,3,3,3,3,3,3,3,8,16,16,16,16,16,16,10,10,10,10,10,10,10,18,18,18,31,31,32,17,17,17,14
0,1,1,1,1,1,1,1,1,1,1,1,1,1,0,0,0,1,1,1,1,1,1,1,1,1,1,1,1,0,1,1,1,1,1,1,0,1,1,1,1,1,0,0,1,0,0,0,1,0,0,0,0,1,1,1,1,1,1,1,1,1,1,1,1,1,1,1,1,1,1,1,1,1,0,1,1,1,1,1,1,1,1,0,1,1,1,1,1,1,1,1,1,1,1,0,1,1,1,1,1,1,1,1,1,1,1,1,0,1,1,1,1,1,1,1,1,1,1,1,1,1,1,1,1,1,1,1,1,1,1,1,1,1,1,1,1,1,1,1,1,1,1,0,1,1,1,1,0,1,1,0,1,1,1,1,0,1,0,1,1,1,1,0,1,1
135
38,38,38,24,24,24,24,24,117,100,26,52,4,39,39,39,39,59,48,48,28,28,28,28,28,28,55,55,55,84,43,62,62,41,3,3,3,3,3,3,3,3,3,3,3,3,3,3,3,3,3,3,3,3,3,17,80,1,1,1,1,1,1,1,1,1,1,1,1,1,1,1,1,1,1,1,1,1,1,1,1,1,1,1,1,1,1,1,1,1,1,1,1,1,1,1,1,1,53,33,33,33,33,33,33,56,15,15,15,15,15,15,15,30,30,10,10,10,10,10,10,7,45,6,6,6,6,6,6,6,6,6,6,6,6,6,6,6,6,23,23,169,25,35,35,35,11,11,11,11,11,11,2,98,29,29,29,29,29,5,5,5,5,5,5,5,5,5,5,66,16,16,16,16,16,76,76,76,105,18,18,31,31,31,69,9,9,9,9,65,159,27,14,14
0,0,1,1,1,1,1,0,1,1,1,1,1,1,1,0,1,1,1,1,1,0,0,1,0,0,0,1,1,1,1,1,1,1,1,1,1,0,1,1,1,1,1,1,1,1,1,1,1,1,1,1,1,1,1,1,0,1,1,1,1,1,1,1,1,1,1,1,0,1,1,1,0,1,1,0,1,1,1,1,1,1,0,1,1,1,1,1,1,1,0,1,1,1,0,0,0,0,1,0,1,1,1,1,1,1,1,1,1,0,1,1,1,0,1,0,1,1,1,1,1,1,1,1,1,1,1,0,1,1,1,0,1,1,0,1,1,1,1,1,1,1,1,1,1,1,1,1,1,1,1,1,1,1,1,1,1,1,1,1,1,1,1,1,1,1,1,1,1,1,0,0,1,1,1,1,1,1,1,0,1,1,0,1,0,1,1,1,1,1,1,1,1,1
136
38,24,24,24,6,6,6,6,6,6,6,6,6,100,18,21,104,23,23,23,37,4,4,25,31,31,31,11,11,11,79,2,48,29,29,29,29,162,162,34,34,28,28,28,28,28,28,28,28,5,5,5,5,19,19,16,16,16,16,22,41,3,3,3,3,3,3,3,3,3,3,3,3,3,3,3,3,3,3,3,3,70,80,1,1,1,1,1,1,1,1,1,1,1,1,1,1,1,1,1,1,1,1,1,1,1,1,1,1,1,1,1,1,1,1,1,1,1,1,1,1,1,9,9,9,39,39,39,33,33,33,33,35,35,91,15,15,15,15,15,15,15,15,15,30,30,58,10,10,10,10,10,10,7,74,45
1,1,1,1,0,1,1,1,1,0,0,0,1,0,0,0,0,1,1,1,1,0,1,1,1,1,1,0,1,1,0,1,1,1,1,1,1,0,0,0,0,0,0,0,0,0,0,0,0,0,1,0,1,1,1,1,1,1,0,1,0,1,1,1,1,1,1,1,1,1,1,1,1,1,1,1,1,1,1,1,1,0,0,1,0,0,0,1,1,1,0,1,0,0,0,1,0,0,0,0,0,1,1,1,1,0,0,1,1,1,0,0,0,0,0,1,1,1,0,1,1,1,1,0,0,0,1,0,1,1,0,0,1,1,0,1,1,0,1,1,1,0,0,1,1,1,1,0,1,1,1,0,1,0,1,0
137
38,18,24,6,6,6,6,6,6,6,3,3,3,3,3,3,3,3,3,3,3,3,3,3,3,3,3,3,3,70,21,21,21,22,23,23,23,23,39,39,11,11,11,11,1,1,1,1,1,1,1,1,1,1,1,1,1,1,1,1,1,1,1,1,1,1,1,1,1,1,1,1,1,1,1,1,1,1,1,1,1,1,1,2,2,2,2,2,2,48,48,159,159,15,15,15,15,15,15,15,15,15,5,5,5,5,10,10,10,10,10,10,10,7,16,16,16,16,16,14,14
1,1,1,1,1,1,1,0,1,1,1,1,1,1,1,1,1,1,1,1,1,1,1,1,1,1,1,1,1,1,0,1,1,1,1,1,1,1,1,1,1,1,0,1,1,1,1,1,0,1,0,0,1,0,1,1,1,0,1,1,1,1,1,0,1,1,1,0,1,1,1,1,1,1,1,0,0,1,0,1,1,1,1,1,1,0,1,1,1,1,1,1,1,1,1,1,1,1,0,1,1,1,1,1,0,0,1,0,0,1,1,1,0,1,0,1,1,0,1,1,0
138
24,24,6,6,6,6,6,6,6,6,6,49,26,41,41,41,21,21,46,23,23,37,4,4,35,35,31,31,31,31,31,11,11,171,2,2,2,2,2,2,2,2,2,2,2,2,2,27,48,48,29,29,29,29,29,30,30,28,28,28,28,28,5,5,5,84,19,62,62,16,16,16,16,16,16,16,22,18,8,8,3,3,3,3,3,3,3,3,3,3,70,80,17,1,1,1,1,1,1,1,1,1,1,1,1,1,1,1,1,1,1,1,1,1,1,1,1,1,1,1,1,1,1,1,1,1,1,1,1,1,1,79,39,39,33,33,33,33,33,33,15,15,15,15,15,15,15,15,15,187,10,10,10,10,10,10,10,10,10,10,10,7,7,40,40,40,40,40,65,14
0,1,1,0,0,1,1,1,1,1,1,1,1,1,1,1,0,0,1,1,1,1,1,1,1,1,1,1,1,1,1,1,1,1,1,1,1,1,1,1,1,1,1,1,1,1,1,1,1,1,1,1,1,1,1,1,1,0,0,0,0,1,1,1,1,1,1,1,0,1,0,1,1,1,1,1,1,1,1,1,1,1,1,1,1,1,1,1,1,1,0,1,0,1,1,0,1,1,0,1,1,0,1,0,1,1,0,1,1,1,1,1,1,1,1,1,1,1,1,0,0,1,0,1,1,1,0,1,1,1,1,1,0,0,1,1,1,1,1,1,1,1,0,1,0,1,1,1,1,1,0,1,1,1,1,0,0,0,0,1,1,1,1,1,1,1,1,1,1,1
139
38,38,24,24,6,6,6,6,34,34,41,41,23,23,23,23,23,4,54,25,11,11,11,11,11,11,2,2,2,2,2,29,29,28,28,28,28,5,5,5,5,84,16,16,16,16,16,16,10,10,10,10,10,87,36,36,3,3,3,3,3,3,3,3,3,3,3,3,3,17,188,1,1,1,1,1,1,1,1,1,1,1,1,1,1,1,1,1,1,1,1,1,1,1,1,1,1,1,1,1,1,1,1,1,1,104,39,39,39,33,33,33,33,132,15,15,15,15,15,15,15,15,15,15,15,31,31,31,97,7,7,40,40,45,14,14,14
0,0,0,1,1,1,1,1,0,1,1,1,1,1,1,1,1,0,1,1,0,1,1,1,0,1,1,0,1,1,1,1,1,1,0,0,0,0,1,0,1,1,0,1,1,1,0,1,1,0,1,1,1,0,1,1,1,1,1,1,1,1,1,1,1,1,1,1,1,1,1,1,1,1,0,1,1,1,1,0,0,1,0,0,0,1,0,0,1,0,0,0,1,1,0,0,0,0,0,0,1,0,1,1,0,0,1,0,0,1,1,0,1,0,0,1,0,1,0,1,1,0,1,1,0,1,1,1,1,0,0,1,1,1,0,1,1
140
38,38,38,38,38,38,24,24,24,24,34,9,4,39,39,39,28,28,28,28,28,28,55,55,55,55,60,43,43,197,41,36,5,5,5,5,5,17,17,17,17,17,80,1,1,1,1,1,1,1,1,1,1,1,1,1,1,1,1,1,1,1,1,1,1,1,1,1,1,1,1,1,1,1,1,1,1,1,1,134,33,33,33,33,91,91,132,15,15,15,15,15,15,15,15,15,15,15,15,30,44,7,7,40,40,45,6,6,6,6,6,6,6,49,49,42,42,23,23,23,37,46,214,25,11,11,11,11,11,11,11,11,2,2,2,2,2,2,29,29,29,3,3,3,3,3,3,3,3,3,3,3,8,16,16,16,16,10,10,10,10,18,18,31,31,31,31,31,69,69,79,202,14
1,1,1,1,1,0,1,1,1,1,1,1,1,0,1,1,1,0,0,0,0,0,0,1,1,1,0,0,1,0,1,1,0,1,1,1,1,1,1,1,1,1,1,1,1,1,1,1,1,1,1,1,1,1,1,1,1,1,1,1,1,1,1,1,1,1,1,1,1,1,1,1,1,1,1,1,1,1,1,1,1,1,0,1,0,1,0,1,1,1,1,1,1,1,1,0,1,1,1,1,0,1,1,1,1,1,1,1,1,1,1,1,1,1,1,0,1,1,0,1,1,0,1,1,1,1,1,1,1,1,1,1,1,1,1,1,1,1,1,1,1,1,1,1,1,1,1,1,1,1,1,1,0,1,1,1,1,0,1,1,1,1,1,1,1,1,1,1,0,1,1,1,1
141
38,38,38,38,38,38,38,38,38,38,38,38,38,38,38,38,38,38,38,38,38,38,38,38,38,6,6,6,6,6,6,6,6,6,6,6,6,6,6,6,34,78,21,4,23,23,23,23,37,46,25,31,31,31,31,11,11,11,11,11,11,79,39,39,39,48,29,29,29,29,29,29,35,5,5,5,28,28,28,55,8,16,16,16,16,16,10,10,10,10,18,18,18,18,18,141,3,3,3,70,70,1,1,1,1,1,1,1,1,1,1,1,1,1,1,1,1,1,1,1,1,1,1,1,1,1,1,1,1,1,1,1,1,1,1,1,1,1,1,1,1,1,1,1,1,1,1,1,1,1,1,1,1,1,1,1,220,69,9,2,2,2,33,33,33,33,66,36,194,15,15,15,15,15,15,15,30,30,76,7,7,40,40,45,14
1,1,0,0,0,1,0,0,1,0,1,0,0,1,0,0,0,0,0,1,1,1,1,1,0,1,1,1,1,1,1,1,1,1,1,1,1,1,1,1,1,0,1,0,1,1,0,0,1,1,0,1,1,1,1,1,1,0,0,0,1,0,0,0,0,1,1,1,1,1,1,1,1,1,1,1,0,0,0,0,1,1,1,1,1,1,1,1,1,1,0,1,1,1,1,0,1,1,1,0,0,1,1,1,1,1,0,0,0,1,0,0,0,0,1,0,1,1,1,1,1,1,0,1,1,0,0,0,0,1,1,1,1,1,1,1,1,1,1,1,1,1,1,1,1,1,1,1,1,1,1,1,1,1,1,0,1,0,1,0,1,0,1,0,1,1,1,1,1,1,0,0,1,0,0,1,1,1,1,1,0,1,1,0,1
142
38,38,38,24,24,6,6,6,6,6,6,6,6,6,6,6,34,34,34,26,41,41,41,41,23,23,37,4,35,31,31,31,11,11,11,11,11,11,11,11,39,39,39,27,27,48,12,5,5,5,28,28,28,28,28,55,8,62,16,16,16,16,16,16,16,17,18,19,3,3,3,3,3,3,22,1,1,1,1,1,1,1,1,1,1,1,1,1,1,1,1,1,1,1,1,1,1,1,1,1,1,1,1,1,1,1,1,1,1,1,1,1,1,1,1,2,2,2,2,2,2,2,2,2,33,33,66,194,15,15,15,15,15,15,15,73,197,7,7,40,40,40,40,29,29,29,29,29,29,29,29
0,1,0,1,1,1,1,1,0,1,0,1,1,1,1,1,1,1,1,1,1,1,1,1,1,1,1,0,1,1,1,1,1,1,1,1,1,1,1,1,0,0,1,0,1,1,0,1,1,1,1,0,0,0,0,1,1,1,0,1,1,1,1,1,1,1,0,1,1,1,1,1,1,1,1,1,0,1,1,1,0,1,1,0,0,0,1,1,1,0,1,1,1,1,1,1,0,0,0,0,1,0,1,0,1,0,0,1,1,1,1,1,1,1,1,1,1,1,1,1,0,1,1,1,1,1,1,1,1,1,1,1,1,1,1,1,0,1,1,1,1,1,1,1,1,1,1,1,1,1,1
143
24,24,24,24,24,6,6,6,6,6,6,34,78,21,23,23,23,23,11,11,11,11,11,11,11,39,39,3,3,3,3,3,3,3,3,3,3,48,29,29,29,28,28,28,55,19,62,16,16,16,16,16,16,16,16,16,16,16,41,41,41,41,41,41,18,43,5,5,5,5,22,1,1,1,1,1,1,1,1,1,1,1,1,1,1,1,1,1,1,1,1,1,1,1,1,1,1,1,1,1,1,1,1,1,1,1,1,1,2,33,15,15,15,15,15,15,15,15,15,15,15,15,10,10,10,10,10,10,17,17,45,192
1,1,1,1,1,1,0,1,1,1,0,0,1,1,1,1,1,1,1,1,1,1,1,1,1,0,0,1,1,1,1,1,0,1,1,1,1,1,1,1,1,0,0,0,1,1,1,0,1,1,1,1,0,1,1,1,1,1,1,1,1,1,0,1,1,1,0,1,0,1,1,1,1,1,1,1,0,0,0,1,1,0,0,1,1,1,1,1,0,1,1,1,1,1,1,1,0,1,1,1,1,1,1,1,1,1,1,1,0,0,1,0,1,1,1,0,1,1,1,1,1,1,1,1,1,1,1,1,1,1,1,1
144
6,6,6,6,6,34,34,26,41,41,21,23,4,35,11,11,11,11,2,2,2,2,2,48,29,29,29,29,55,28,28,28,5,5,5,5,84,19,16,16,16,10,10,10,10,10,10,10,18,36,3,3,3,3,3,3,3,3,3,3,3,3,3,3,3,3,3,3,3,3,3,3,3,3,3,31,1,1,1,1,1,1,1,1,1,1,1,1,1,1,1,1,1,1,1,1,1,1,1,1,1,1,1,1,1,1,1,1,1,1,1,1,1,1,1,1,39,39,39,39,33,33,33,66,159,15,15,15,15,15,15,15,30,7,40
0,1,0,1,1,0,0,1,0,1,0,1,0,1,1,1,1,1,1,1,1,1,1,1,1,1,1,1,1,0,0,0,0,1,1,1,0,1,1,0,0,1,1,0,0,1,1,1,0,1,1,1,0,1,1,1,1,1,1,1,1,1,1,1,1,1,1,1,1,1,1,1,1,1,1,1,1,0,0,0,0,1,1,1,0,0,1,0,1,0,0,0,1,0,1,0,1,1,1,1,0,1,0,0,1,0,0,1,0,1,0,0,1,0,1,1,1,0,0,1,1,1,1,1,1,1,1,1,1,1,1,1,1,0,1
145
