1
19,7,7,28,28,28,28,2,2,2,2,2,2,23,23,10,10,10,10,10,10,24,21,31,31,31,16,16,16,16,16,15,15,15,15,15,15,15,15,15,15,15,13,11,11,11,11,11,5,5,5,35,35,35,27,26,36,3,3,3,3,3,3,3,3,32,4,34,33,33,33,33,20,30,30,18,8,6,6,6,6,6,6,6,29,29,14,14,9,37,22,12,25,17,17,1,1,1,1,1,1,1,1,1,1,1,1,1,1,1,1,1,1,1,1,1,1,1,1,1,1,1,1,1,1,1,1,1,1,1,1,1
1,0,1,0,0,0,0,1,1,1,1,1,1,1,1,0,1,1,1,1,1,1,0,1,1,1,1,1,1,1,1,1,1,1,1,1,1,1,1,1,1,0,1,1,1,1,1,1,0,1,0,1,1,1,1,1,1,1,1,1,1,1,1,1,0,1,0,0,1,1,1,1,1,1,1,0,1,0,1,1,1,1,1,1,1,1,1,1,0,1,1,1,1,1,1,1,1,0,1,0,1,1,1,1,1,1,1,1,1,1,1,1,1,0,1,1,0,1,1,1,1,0,1,1,1,1,1,1,1,1,1,1
2
38,38,3,1,1,1
0,0,1,1,1,0
3
38,38,38,38,38,38,38,38,38,38,38,38,38,38,38,38,38,38,38,38,38,38,10,17,4,7,7,7,7,7,41,15,15,15,2,2,2,2,2,40,39,8,8,6,6,28,16,16,16,16,16,3,3,3,3,3,3,3,9,11,23,1,1,1,1,1,1,1,1,1,1,1,1,1,1,1,1,1,1,1,1,1,1,1,1
0,1,0,1,1,1,1,0,1,1,1,1,1,1,1,1,1,1,1,1,0,1,1,1,1,1,0,0,1,1,1,0,1,1,1,1,1,1,1,1,0,1,1,1,1,0,1,1,1,1,0,1,1,1,1,1,1,0,0,0,1,1,1,1,1,0,1,0,0,1,1,0,1,0,0,0,1,0,0,1,0,0,1,0,0
4
42,10,4,4,7,7,31,31,15,30,30,2,39,39,33,33,33,33,33,6,6,6,14,28,28,3,3,3,3,29,29,29,29,11,5,36,36,43,35,1,1,1,1,1,1,1
1,1,0,1,0,0,1,1,1,1,1,0,1,1,0,1,1,1,1,1,1,1,1,0,0,1,0,1,1,0,1,1,1,1,0,1,1,1,1,1,1,1,1,1,0,1
5
38,38,38,38,38,38,38,38,3,3,3,3,8,7,7,28,28,2,2,2,1,1,1,1,1,1,1,1,1,1,1,1,1,1,1,1,1,1,1
0,0,1,1,1,1,1,1,1,1,1,1,1,0,1,0,0,1,1,1,1,1,1,1,0,1,0,0,1,0,1,0,1,0,1,1,1,0,0
6
10,10,10,10,7,7,41,41,41,28,28,28,28,28,30,31,16,16,16,3,3,3,3,3,11,11,11,5,35,35,36,45,4,44,15,15,33,33,33,33,39,18,18,8,6,6,6,6,6,6,6,6,6,6,6,6,6,29,29,29,29,29,29,9,34,23,23,43,1,1,1,1,1,1,1,1,1,1,1,1,1,1,1,1,1,1,1,1,1,1,1,1,1,1
1,1,0,1,1,1,0,1,0,0,0,0,0,0,1,1,0,0,0,1,1,1,1,1,1,1,1,0,1,0,0,1,0,1,0,0,1,1,1,0,0,0,1,1,1,1,1,1,1,0,1,0,1,0,1,1,1,1,1,1,1,1,1,1,0,1,1,1,1,0,0,0,1,0,0,1,0,0,1,1,0,1,0,0,0,0,0,0,0,0,0,0,0,1
7
38,38,38,38,38,38,38,38,38,38,38,38,38,38,49,10,10,41,41,41,28,39,39,2,23,23,47,18,18,6,46,16,3,3,1,1,1,1,1,1,1,1,1,1,1,1,1,1,1,1,1,1,1,1,1,11,5,48
1,1,0,1,0,1,0,0,1,1,1,1,0,0,1,0,0,0,0,1,0,0,0,0,0,1,0,0,0,1,0,0,1,1,1,1,1,1,0,0,1,0,1,0,0,0,0,1,0,0,0,0,1,1,1,1,0,0
8
38,10,10,3,3,3,14,41,28,2,11,11,1,1,1,1,1,1,1,1,1,6
0,0,1,1,1,1,1,1,0,1,0,1,1,1,1,1,0,0,0,1,1,1
9
38,38,38,38,38,38,38,38,38,38,3,3,3,5,39,1,1,1,1,1,1,1,1,6
0,0,1,1,0,1,1,1,0,1,1,1,1,0,1,1,1,1,1,0,1,0,0,0
10
38,38,38,38,38,38,38,38,38,10,7,28,2,2,2,2,51,31,16,16,16,16,16,15,15,11,11,5,26,45,50,3,3,3,3,3,3,52,4,34,33,33,20,39,39,39,18,18,6,6,6,29,14,9,53,43,43,43,17,17,17,17,17,1,1,1,1,1,1,1,1,1,1,1,1,1,1,1,1,1,1,1,1,1,1,1
1,0,1,0,1,1,0,0,0,0,1,0,1,1,1,1,1,1,0,1,1,1,0,1,1,0,0,0,1,1,1,1,1,1,1,1,1,0,1,1,0,1,1,1,1,1,0,0,0,0,1,1,1,0,1,1,1,1,1,1,1,1,1,1,1,1,1,1,0,0,0,0,0,0,1,0,0,0,1,0,0,0,0,1,0,1
11
42,10,10,10,10,7,41,41,41,30,30,2,2,2,32,18,31,31,31,31,31,31,31,31,16,16,16,16,16,16,16,16,14,11,11,11,11,11,11,11,11,11,36,36,26,35,35,62,4,33,33,33,33,59,58,8,8,8,8,8,8,6,6,6,6,6,61,29,29,29,29,45,45,23,56,43,1,1,1,1,1,1,1,1,1,1,1,1,1,1,1,1,1,1,1,1,1,1,1,1,1,1,1,1,1,1,1,1,60,28,28,28,40,37,21,3,3,3,3,3,3,3,3,3,5,5,5,57,17,17,63,20,39,39,39,27,54,15,15,15,15,9,9,55,55,50,50,64
1,0,1,0,1,1,1,1,1,1,1,1,1,1,1,0,1,1,1,1,1,0,1,1,0,1,1,1,1,0,1,1,1,1,1,1,1,1,1,1,0,1,1,1,1,1,1,1,1,0,1,1,1,1,0,1,1,1,1,1,1,1,1,1,1,1,1,1,1,1,1,1,1,1,1,1,1,1,0,1,0,1,1,1,0,1,0,0,0,0,1,1,1,1,0,1,1,0,1,0,0,0,0,0,1,1,0,0,1,0,0,0,1,1,0,1,1,1,1,1,1,1,1,1,0,0,0,1,1,1,1,1,1,1,0,1,1,1,1,0,0,1,1,1,1,1,1,1
12
38,38,38,38,38,10,10,41,41,28,28,28,28,28,66,2,23,24,21,21,21,65,16,16,16,15,11,11,36,36,26,35,35,45,45,52,30,4,34,33,33,33,33,33,39,39,18,8,6,6,6,6,6,6,6,6,6,29,29,29,3,3,3,3,3,3,3,43,22,17,1,1,1,1,1,1,1,1,1,1,1,1,1,1,1,1,1,1,1,1
0,0,1,0,0,0,0,0,1,0,0,0,0,0,1,1,1,1,1,1,0,0,1,1,1,1,1,1,1,0,1,1,0,0,0,0,1,0,0,0,1,1,1,1,0,0,0,1,1,0,1,1,1,1,0,1,1,1,1,1,1,1,1,1,1,1,1,1,0,0,0,0,0,1,1,0,1,1,1,0,0,0,1,1,1,0,0,1,0,1
13
38,38,42,10,10,10,10,10,7,30,2,2,2,67,31,16,16,16,16,16,14,14,14,14,11,11,11,11,11,11,11,68,68,36,36,32,32,4,4,4,70,69,33,33,33,33,18,8,6,6,6,6,6,6,6,28,28,28,29,29,29,29,40,25,1,1,1,1,1,1,1,1,1,1,1,1,1,1,1,1,1,1,1,1,1,1,1,1,1,1,1,1,1,1,1,1,1,1,1,1,61,61,23,23,24,24,21,21,65,3,3,3,3,3,5,5,5,57,52,22,34,39,39,39,39,73,15,15,15,15,15,15,15,15,9,72,17,17,71
0,0,1,1,0,1,0,1,1,1,1,1,1,1,0,0,1,1,1,1,1,1,1,1,1,1,1,0,0,1,0,1,1,1,1,1,1,0,1,1,1,1,1,0,1,1,0,1,1,1,1,1,1,1,0,0,0,0,1,1,1,1,1,0,0,0,0,1,0,0,1,1,0,0,0,1,0,0,1,1,0,1,0,0,0,1,0,0,0,0,1,0,1,0,1,1,1,1,1,1,1,1,0,1,1,1,1,1,1,1,1,1,0,1,0,1,0,0,1,1,1,0,0,1,1,0,1,1,0,1,1,1,0,1,1,1,1,1,0
14
38,38,38,38,38,38,38,38,38,38,38,38,38,38,42,10,10,10,10,7,7,7,41,41,61,30,30,2,2,2,2,2,2,2,2,2,2,37,29,29,29,29,29,18,18,34,16,16,16,15,15,15,15,76,11,11,11,11,11,11,11,5,5,36,36,77,35,35,48,48,63,49,4,70,33,33,33,33,20,39,39,75,8,8,8,8,6,6,6,6,6,6,6,6,6,74,3,3,9,23,28,28,28,28,31,31,56,55,17,17,17,1,1,1,1,1,1,1,1,1,1,1,1,1,1,1,1,1,1,1,1,1,1,1,1,1,1,1,1,1,1,1,1
0,0,0,0,1,0,0,0,1,1,1,1,1,0,1,0,1,0,1,1,1,1,0,1,1,1,1,1,1,1,1,1,1,1,1,1,1,1,1,1,1,1,1,0,1,1,1,1,1,0,1,1,1,1,0,1,0,1,1,0,1,1,0,1,1,0,1,1,0,0,1,0,0,0,1,1,1,1,0,1,0,1,0,1,1,1,0,1,0,1,0,1,1,1,1,1,1,1,1,0,1,1,1,1,1,1,1,1,1,0,1,1,0,1,1,0,1,1,0,1,1,1,1,0,1,1,1,1,0,1,1,1,0,0,1,0,1,0,0,0,1,1,1
15
38,38,38,38,38,38,38,38,38,38,38,38,38,38,38,38,38,38,38,38,38,38,38,38,38,38,38,38,38,38,38,38,38,38,38,38,38,38,38,38,49,10,61,39,39,39,78,14,16,16,16,16,3,3,11,11,11,15,15,15,15,15,15,6,6,6,6,6,6,6,6,17,1,1,1,1,1,1,1,1,1,1,1,1,1,1,1,1,1,1,1,1,1,1,1,1,1
1,1,1,1,1,1,1,1,1,1,1,1,1,1,1,1,1,1,1,1,1,0,1,1,1,1,1,1,1,1,1,1,1,1,1,1,1,1,1,1,1,1,1,1,1,1,1,1,1,1,1,1,1,1,1,1,1,1,1,1,0,1,1,1,1,1,1,0,1,1,1,1,1,1,1,1,1,1,1,1,1,1,1,1,1,1,1,0,0,0,0,0,0,1,1,1,1
16
38,7,7,4,41,28,28,28,28,28,33,33,2,2,39,39,39,8,8,16,16,3,3,3,3,3,3,3,3,3,3,3,3,3,3,3,50,1,1,1,1,1,1,1,1,1,1,1,1,1,1,1,1,1,1,1,1,1,1,1,1,1
1,0,1,0,0,0,0,1,0,0,1,0,1,1,0,0,0,1,0,1,1,1,1,1,1,1,1,1,1,1,1,0,1,1,1,1,0,1,0,0,1,0,0,1,0,0,0,1,1,0,1,0,1,0,0,0,0,1,1,1,1,1
17
10,10,10,7,7,7,7,28,2,2,2,2,2,2,2,2,2,2,2,2,2,22,22,19,24,16,16,16,16,16,16,15,15,15,15,11,11,11,5,5,27,26,50,3,3,3,3,4,79,18,8,8,6,6,6,6,6,6,6,6,70,14,14,40,17,1,1,1,1,1,1,1,1,1,1,1,1,1,1,1,1,1,1,1,1,1,1,80
1,0,1,1,1,1,1,0,1,1,1,1,1,1,1,1,1,1,1,1,1,0,1,1,0,1,1,1,1,1,0,1,1,1,1,0,1,1,0,0,0,1,0,1,1,1,1,1,1,0,1,1,1,1,0,0,0,0,1,1,0,0,1,1,1,0,0,1,0,1,1,0,0,0,0,1,0,1,1,0,1,1,1,0,0,1,1,0
18
38,38,38,38,38,38,38,38,38,38,38,38,38,38,38,38,38,38,38,10,10,4,5,39,1,1,1,1,1,1,1,1,1,1,1,1,1,1,1,1,1,1,1,1,1,6
0,1,1,0,1,0,0,0,0,1,0,1,0,1,1,0,0,1,0,0,0,0,0,0,1,0,1,0,1,0,0,0,1,1,0,0,0,0,1,0,0,0,0,1,0,0
19
5,10,10,3,3,3,3,3,1,1,1,1,1,1,1,1,1,1,1,1,1,1,1,1
0,1,1,1,1,1,1,1,0,1,1,0,0,0,0,0,1,1,0,0,0,1,0,0
20
38,38,38,38,38,38,10,3,3,3,3,3,3,7,11,11,2,2,41,1,1,1,1,1,1,1,1,1,1,1,1,1,1,1,1,1
0,0,1,1,1,0,1,1,1,1,1,1,1,0,1,1,0,1,0,1,1,1,0,0,1,1,1,0,1,1,1,0,0,1,1,1
21
38,38,29,29,29,29,29,29,19,7,41,41,41,28,28,28,28,28,28,28,23,10,10,10,34,34,16,16,16,16,16,16,16,16,14,11,11,11,5,5,5,31,15,15,15,15,33,33,20,39,18,18,8,6,6,6,6,70,3,3,3,3,3,3,3,3,3,3,3,3,3,9,37,22,1,1,1,1,1,1,1,1,1,1,1,1,1,1,1,1,1,1,1,1,1,1,1
0,0,1,1,1,1,1,1,1,0,0,1,1,0,0,0,0,0,0,0,1,1,0,1,0,1,0,1,1,1,0,0,0,1,1,1,1,0,0,0,1,0,1,1,1,1,1,1,0,0,0,0,1,1,1,1,0,1,1,1,1,1,1,1,1,1,1,1,1,1,1,0,0,1,0,1,0,0,0,0,1,1,0,1,1,0,0,0,0,1,1,1,0,1,1,1,1
22
42,10,10,10,10,10,27,27,7,7,7,41,41,41,28,28,30,30,2,2,2,2,2,2,2,22,19,19,24,31,31,31,31,31,31,31,31,16,16,16,16,15,15,15,15,11,11,11,11,11,11,11,11,11,5,5,5,35,35,6,6,6,6,6,6,6,6,6,6,36,62,3,3,3,3,3,4,4,34,33,33,33,33,45,20,39,18,18,8,78,29,29,29,29,14,9,40,23,55,50,50,50,1,1,1,1,1,1,1,1,1,1,1,1,1,1,1,1,1,1,1,1,1,1,1,1,1,1,1,1,1,1,1,1,1,1,1,1
1,1,0,1,1,1,1,1,1,1,1,1,1,1,0,0,1,1,1,1,1,1,1,1,1,1,1,1,1,1,1,1,1,0,1,1,1,1,1,1,1,1,0,1,1,0,1,1,1,1,0,1,1,1,0,1,1,1,1,1,1,1,1,1,1,1,1,1,1,1,1,1,1,1,1,1,0,1,1,1,1,1,1,1,1,0,1,0,0,1,1,1,1,1,1,1,1,0,1,1,1,1,1,1,1,1,1,0,0,1,1,1,1,1,1,1,1,1,1,1,1,1,1,1,1,1,1,1,1,1,1,1,0,1,0,1,1,1
23
28,16,3,3,3,3,1,1,1,1,1,1,1,1,1,1,1,1,1,1,7,7,69,81,81,81,8,6,6,6
0,1,1,1,1,1,1,0,0,0,1,1,0,0,0,0,0,0,1,0,0,0,0,1,0,1,1,1,1,1
24
38,38,38,38,38,38,38,38,38,38,38,38,38,38,38,7,31,31,31,28,33,33,2,66,39,18,18,24,82,16,16,3,3,3,3,3,3,8,32,5,36,50,1,1,1,1,1,1,1,1,1,1,1,1,1,1,1,1,1,1,1,1,1,1
1,1,1,1,0,1,0,1,1,1,1,1,1,0,1,1,1,1,1,0,1,1,1,1,0,1,1,1,0,1,1,0,1,1,1,1,1,1,1,1,0,0,1,1,1,1,0,1,0,0,0,0,1,0,0,0,0,1,1,0,1,0,0,0
25
38,38,10,10,7,7,7,41,28,2,2,2,2,2,83,14,31,31,31,31,16,16,16,15,5,35,36,45,3,3,3,3,3,3,3,3,3,3,3,3,33,33,33,39,18,18,8,8,8,29,29,40,1,1,1,1,1,1,1,1,1,1,1,1,1,1,1,1,1,1,1,1,1,1,1,1,1
0,0,0,1,1,1,1,0,0,1,1,1,1,1,1,1,1,1,1,1,1,1,1,1,1,1,1,1,0,1,1,1,1,1,1,1,1,0,1,0,1,1,1,0,0,1,1,1,0,1,1,1,1,0,1,0,1,0,0,0,1,0,1,1,1,0,1,0,1,0,1,0,0,1,1,1,1
26
38,38,38,38,38,38,38,10,10,10,10,7,41,41,41,41,41,28,28,28,28,28,30,2,2,2,23,19,24,14,14,65,16,16,16,16,16,16,16,16,15,15,15,15,11,11,11,5,5,5,5,35,35,27,26,36,45,21,4,31,31,34,34,33,33,33,33,20,39,39,39,18,18,6,6,6,6,6,6,6,6,6,6,84,3,3,3,3,3,3,3,3,3,3,29,29,29,29,29,29,22,25,43,1,1,1,1,1,1,1,1,1,1,1,1,1,1,1,1,1,1,1,1,1,1,1,80
0,1,1,1,1,1,0,1,0,0,0,1,0,1,1,1,0,0,0,0,0,0,1,0,1,1,1,1,1,1,1,0,0,1,1,1,1,0,1,0,1,0,1,1,1,1,1,0,1,1,1,1,1,0,1,1,1,1,1,1,1,1,1,1,1,1,1,0,1,0,0,0,0,1,1,1,1,1,1,1,1,1,1,1,1,1,1,1,1,1,1,1,1,1,1,0,1,1,1,1,1,1,1,1,1,1,1,0,0,1,1,0,1,0,0,1,1,0,0,0,0,0,1,1,1,1,1
27
38,38,38,10,10,10,7,7,7,28,28,28,28,28,28,30,30,2,2,2,37,51,34,34,16,15,15,45,85,3,3,3,3,3,3,3,3,3,3,3,4,33,33,33,20,39,18,8,29,29,29,29,29,66,66,43,1,1,1,1,1,1,1,1,1,1,1,1,1,1,1,1,1,1,1,1,1,1
1,1,1,1,0,1,1,1,1,0,0,0,0,0,0,0,0,1,1,1,1,0,1,0,1,1,0,1,1,0,0,1,0,1,1,1,1,1,1,1,0,1,1,0,0,0,0,1,1,1,1,1,1,1,1,1,1,1,1,1,0,1,0,0,1,1,0,0,1,1,0,0,0,0,1,0,1,0
28
38,38,86,10,10,10,10,10,10,10,7,41,28,28,30,30,2,2,2,23,23,23,37,34,34,16,16,16,16,15,15,15,15,15,15,11,11,11,11,36,36,36,26,35,48,3,3,3,79,31,31,33,33,33,33,33,33,33,20,39,39,18,6,6,6,6,6,6,6,6,6,6,29,29,29,29,29,14,14,9,22,43,50,50,1,1,1,1,1,1,1,1,1,1,1,1,1,1,1,1,1,1,1,1,1,1,1,1,1,1,1,1,1,1,1,1,1,1,1,1,1,1,1
1,0,1,0,1,0,1,1,1,1,0,0,0,0,1,0,1,1,1,1,1,1,1,1,1,0,1,1,1,1,1,1,1,1,1,1,1,0,1,1,1,1,1,0,1,1,1,1,1,1,0,0,1,1,1,1,0,1,0,1,0,1,0,1,0,1,0,1,1,1,1,1,1,1,1,1,1,0,1,1,1,1,1,1,1,0,1,1,0,0,1,0,0,1,1,1,0,1,0,1,0,0,1,0,0,0,0,0,0,1,1,0,0,0,1,0,1,0,1,1,0,1,1
29
38,38,38,38,38,10,10,10,3,3,3,3,3,3,3,3,3,3,1,1,1,1,1,1,1,1,1,1,1,1,1,1,7,7,11,28,51,8,8,8,8,6,6,6,6,6,6,6,6
1,1,0,1,1,1,0,1,1,0,1,1,1,1,1,1,1,1,1,1,0,1,1,0,0,0,0,1,0,1,1,0,1,1,1,0,0,1,1,0,1,1,1,1,1,1,1,1,1
30
38,38,38,38,38,38,38,38,38,38,38,38,38,38,38,38,38,38,38,38,38,38,38,38,38,38,38,38,38,38,38,38,38,38,38,38,38,38,38,49,49,10,10,4,41,15,15,15,15,15,15,2,2,39,39,6,6,6,6,6,6,6,6,6,6,14,14,14,14,61,61,16,16,16,16,3,3,3,3,3,3,3,11,11,11,11,28,12,17,1,1,1,1,1,1,1,1,1,1,1,1,1,1,1,1,1,1,1,1,1,1,1,1
1,1,1,1,1,1,1,1,1,1,1,1,1,1,1,1,0,1,1,1,1,0,1,1,1,1,1,1,1,1,1,1,1,1,1,1,1,1,1,0,1,1,1,1,1,1,1,1,1,1,1,1,1,1,1,1,1,1,1,1,1,0,1,1,1,1,1,1,1,0,1,1,1,1,1,1,1,1,1,1,1,1,1,1,1,1,1,0,1,1,1,1,0,1,1,1,1,1,1,1,1,1,1,0,0,0,0,0,1,1,1,0,1
31
38,38,38,19,20,7,15,33,33,33,33,22,39,8,8,6,31,31,3,3,3,3,11,1,1,1,1,1,1,1,1,1,1,1,1,1,1,1,1,1,1,1,1,1,1,1,1,1
0,1,0,1,0,1,1,1,1,1,1,1,0,1,1,1,1,1,1,1,1,1,1,1,1,1,0,0,0,0,1,0,1,1,1,0,0,0,0,0,1,1,0,0,0,0,0,0
32
8,7,3,3,3,4,1,1,1,1,1
1,1,1,1,1,0,1,1,1,0,0
33
1
1
34
38,38,38,38,38,38,38,38,38,42,10,10,10,10,10,41,28,16,16,16,16,15,15,15,11,11,11,5,5,87,49,4,4,44,39,39,18,8,6,6,6,6,6,46,3,3,3,9,9,17,1,1,1,1,1,1,1,1,1,1,1,1,1,1,1,1,1,1,1,1,1,1,1,1,1,1,1,1,1,1,1
0,1,1,0,1,1,1,1,1,1,1,1,1,0,1,0,0,1,1,1,1,0,1,1,0,1,1,0,0,0,1,0,0,1,0,0,0,1,1,1,0,1,1,0,1,1,1,1,1,1,0,0,1,1,1,0,1,0,0,0,1,0,1,1,1,1,1,1,1,1,1,1,1,1,1,1,1,1,1,1,1
35
38,38,38,38,10,10,34,28,39,44,30,46,3,29,5,1,1,1,1,1,1,1,1,1,1,1
0,0,0,0,1,1,1,0,0,0,1,0,0,0,1,1,0,1,1,0,1,0,1,1,0,0
36
38,10,10,10,10,10,10,7,7,59,30,2,2,2,2,2,32,34,34,34,16,16,16,16,16,16,16,14,14,11,15,15,15,15,15,36,36,26,35,35,45,89,4,4,69,69,33,33,33,33,33,33,41,41,41,18,8,8,8,8,6,6,6,6,61,29,29,29,29,29,23,43,1,1,1,1,1,1,1,1,1,1,1,1,1,1,1,1,1,1,1,1,1,1,1,1,1,1,1,1,1,1,1,1,1,28,90,24,3,3,3,3,3,3,3,3,5,5,88,85,31,31,39,39,27,27,91,9,9,9,82,53,17,17,17
0,1,0,1,1,1,1,1,1,0,1,1,1,1,1,1,1,1,1,1,1,1,1,1,1,0,0,1,1,1,1,1,0,1,1,1,1,1,1,0,1,1,0,1,0,1,0,1,1,1,1,1,0,1,0,1,1,1,1,1,1,1,1,1,0,1,1,1,1,1,1,1,1,1,1,1,0,1,1,1,1,1,1,0,1,1,0,1,1,1,1,1,1,1,1,1,1,1,1,1,1,1,1,1,1,0,1,1,1,1,1,1,1,1,0,1,0,0,1,1,1,1,0,0,1,1,0,1,1,1,0,1,1,1,1
37
38,38,38,38,38,38,10,10,10,10,7,41,28,28,28,30,30,66,66,66,52,65,16,15,15,15,15,15,15,15,15,15,13,11,11,5,5,5,36,36,26,35,45,3,3,3,3,3,3,3,3,17,92,4,4,31,31,31,31,34,34,34,33,33,20,39,39,75,6,6,6,6,6,6,29,29,29,29,14,14,9,23,12,50,1,1,1,1,1,1,1,1,1,1,1,1,1,1,1,1,1,1,1,1,1,1,1,1,1,1,1,1,1,1,1,1,1,1,1,80
1,1,1,1,0,1,1,1,1,1,1,1,0,0,0,1,0,1,1,1,1,1,0,1,0,1,0,0,1,0,1,0,0,1,1,1,0,0,1,0,1,1,0,0,1,1,1,1,1,1,1,1,1,1,1,1,1,1,1,0,1,1,1,1,1,0,1,1,1,0,1,1,1,1,1,1,0,1,1,1,0,1,1,1,1,1,1,1,1,1,1,1,1,0,0,1,0,1,1,1,1,1,0,0,0,1,0,1,0,0,0,1,1,0,0,1,1,1,1,1
38
38,2,1,1,1,1,1,1,1,1
1,0,1,1,1,1,0,1,1,0
39
23,23,10,10,7,7,7,7,7,41,41,28,2,2,2,2,2,2,2,2,2,2,2,2,11,11,11,39,39,19,8,8,6,6,6,6,6,6,6,6,6,16,16,16,16,16,14,14,24,45,3,3,3,15,15,15,15,27,27,17,17,1,1,1,1,1,1,1,1,1,1,1,1,1,1,1,1,1,1,1,1,1,1,1,1
1,1,0,1,1,1,1,1,1,0,0,0,1,1,1,1,1,1,1,1,1,1,1,1,0,1,1,0,0,1,1,1,1,1,1,1,1,0,1,1,1,1,1,1,1,0,0,1,1,1,1,1,0,1,1,0,1,0,0,1,1,1,0,1,1,0,0,1,0,0,0,1,1,0,1,0,0,0,0,0,0,1,1,0,1
40
38,38,42,10,10,10,7,28,28,28,28,30,79,22,19,34,16,16,16,16,16,16,16,15,15,15,15,11,11,5,5,36,3,3,3,3,3,4,33,33,33,33,33,33,39,39,37,6,6,6,6,6,6,6,6,6,29,29,14,9,40,23,17,1,1,1,1,1,1,1,1,1,1,1,1,1,1,1,1,1,1,1
0,1,0,1,0,1,1,0,0,0,0,1,1,1,1,0,0,1,1,1,0,0,1,1,1,0,1,1,1,1,1,0,1,1,1,0,1,1,1,1,1,1,1,1,0,0,1,1,1,1,1,1,1,1,0,0,1,1,1,1,1,0,1,0,1,1,1,0,0,1,0,0,1,0,0,0,0,0,1,0,1,0
41
38,38,38,38,38,38,38,38,38,38,38,93,4,5,88,1,1,1,1,1,1,1,1,1,1
0,0,1,1,0,0,0,0,1,1,1,1,0,0,0,1,1,1,0,1,1,1,0,0,0
42
38,38,38,38,38,38,38,38,10,10,7,7,41,41,41,28,2,2,66,66,19,21,31,31,31,31,16,16,16,16,15,15,11,11,5,5,35,27,26,45,4,33,33,33,33,33,20,39,39,8,6,6,6,29,29,3,3,3,3,3,1,1,1,1,1,1,1,1,1,1,1,1,1,1,1,1,1,1,1,1,23,23,17,94,80
0,1,0,0,0,1,0,0,1,1,1,1,1,1,1,0,1,1,1,1,1,1,1,1,0,1,1,1,1,1,1,1,1,1,0,0,1,1,1,1,1,0,1,1,1,1,0,0,1,1,1,0,1,1,1,1,1,1,1,1,0,1,1,0,1,1,0,1,1,0,1,1,1,0,1,1,1,1,1,1,1,0,1,1,0
43
38,38,38,38,38,38,10,10,7,41,28,28,28,28,28,28,28,2,2,2,66,33,33,24,18,14,14,31,31,31,31,31,16,16,16,16,16,15,15,15,15,15,15,15,15,11,11,11,11,11,5,5,5,5,5,36,36,88,4,44,34,95,20,39,96,96,6,6,6,6,6,6,6,6,6,6,6,94,29,29,29,29,29,29,3,3,9,9,9,9,23,55,55,79,1,1,1,1,1,1,1,1,1,1,1,1,1,1,1,1,1,1,1,1,1,1,1,1,1,1,1,1,1,1,1,1,1,1,1,80
0,0,0,0,0,1,0,1,0,1,0,0,0,0,0,0,0,1,0,1,1,1,1,0,1,1,1,1,1,1,1,1,1,1,1,1,0,1,1,0,0,0,0,0,1,1,0,1,0,1,0,0,1,1,1,1,0,1,1,0,1,1,1,1,0,1,1,0,1,1,1,0,1,1,1,1,0,0,1,1,1,1,1,1,1,0,1,1,1,1,1,0,0,1,1,1,1,0,0,0,0,1,1,1,0,0,0,1,1,1,0,1,1,0,0,0,1,0,1,0,0,0,1,1,1,0,1,0,1,0
44
38,42,10,10,10,10,7,7,7,41,41,28,2,2,2,2,11,11,11,47,19,24,24,24,31,31,31,16,16,16,16,16,15,15,15,15,15,15,15,67,5,27,27,26,48,48,3,3,3,3,3,3,3,3,3,34,33,18,8,8,8,8,6,6,6,6,6,6,6,6,6,29,29,29,29,14,14,14,9,23,23,50,50,1,1,1,1,1,1,1,1,1,1,1,1,1,1,1,1,1,1,1,1,1,1,1,1,1,1,1,1,1,1,1,1
0,1,0,1,0,1,1,1,1,1,1,0,1,1,1,1,0,1,1,0,1,1,1,1,1,1,1,1,1,1,1,1,1,0,0,1,0,0,1,1,0,1,1,1,1,1,1,1,1,1,1,1,1,1,1,0,0,1,1,1,1,1,1,1,0,1,0,1,0,0,1,1,0,1,1,1,1,1,1,0,1,0,1,1,0,1,1,0,0,1,1,0,1,1,1,0,1,1,1,1,1,1,1,1,1,1,0,1,1,1,1,1,0,0,1
45
38,38,38,38,16,15,15,11,11,28,17,17,17,1,1,1,1,1,1,1,1
0,1,0,0,1,1,1,0,1,0,1,1,1,0,0,1,1,0,0,0,0
46
19,27,41,41,41,28,28,30,30,2,2,37,10,10,10,10,65,16,16,16,16,16,15,15,15,15,15,15,15,15,15,15,15,11,11,11,11,11,5,5,5,5,5,5,5,35,35,35,6,6,6,6,6,6,6,6,87,45,4,4,31,31,31,31,36,33,33,33,33,33,79,20,39,39,39,18,18,8,78,29,29,29,29,3,3,3,3,86,23,23,97,25,50,1,1,1,1,1,1,1,1,1,1,1,1,1,1,1,1,1,1,1,1,1,1,1,1,1,1,1,1,1,1,1,1,1,1,80
1,1,1,1,1,0,0,1,0,0,1,1,0,1,0,1,0,0,1,1,1,1,1,1,1,1,1,1,1,1,1,1,1,1,1,1,0,1,0,1,1,1,1,1,1,1,1,1,1,0,1,0,1,1,1,1,1,1,1,1,1,1,1,1,1,0,0,1,1,1,1,1,0,0,0,0,0,1,0,1,1,1,1,0,1,1,1,1,1,1,1,1,1,1,0,1,0,1,0,1,1,1,1,1,1,0,1,1,1,1,1,1,1,1,1,1,1,1,1,1,1,0,0,1,0,1,1,0
47
6,6,10,10,10,7,7,7,41,41,28,28,28,33,33,45,8,78,29,3,3,3,3,3,3,3,3,3,9,11,11,11,81,17,1,1,1,1,1,1,1,1,1,1,1,1,1,1,1,1,1,1
0,1,0,1,1,1,1,1,0,1,0,0,0,1,1,0,1,1,0,1,1,1,1,1,1,1,1,1,1,1,1,0,1,1,0,1,0,0,0,1,0,1,1,0,0,0,1,0,0,0,0,0
48
38,10,10,10,10,10,7,7,41,28,28,28,28,28,28,30,30,2,2,40,19,19,24,24,31,31,31,31,31,16,16,16,16,16,14,14,14,43,11,11,11,11,11,11,5,35,35,27,27,36,45,98,4,4,15,15,15,15,15,33,33,33,33,20,39,39,18,8,8,6,6,6,6,29,29,29,29,29,3,3,3,3,3,3,3,3,3,3,9,22,22,22,23,23,23,25,17,17,17,17,1,1,1,1,1,1,1,1,1,1,1,1,1,1,1,1,1,1,1,1,1,1,1,1,1,1,1,1,1,1,1,1,1,1,80
0,0,1,1,1,1,1,1,1,0,0,0,0,0,1,1,1,1,1,1,1,1,1,0,1,1,1,1,1,0,1,1,1,1,1,1,1,1,0,1,1,0,0,1,0,1,1,0,0,1,1,1,1,1,1,1,0,0,1,1,1,1,1,1,0,0,0,0,1,1,1,0,1,1,1,1,1,1,1,1,1,1,1,1,1,1,1,1,1,1,0,1,1,1,1,1,1,1,1,1,1,1,0,1,0,1,1,1,1,1,0,0,0,1,0,1,1,1,1,0,1,0,1,1,0,0,0,1,1,0,0,0,0,1,1
49
38,38,38,38,38,38,38,38,38,38,38,38,38,38,38,38,38,38,38,38,38,38,38,38,38,38,10,10,10,10,41,41,28,30,30,2,2,66,66,66,37,35,14,31,31,16,16,16,16,16,16,15,15,15,99,11,5,5,36,36,27,27,26,100,3,3,3,3,3,3,3,3,92,33,33,33,33,39,39,6,6,6,6,6,70,51,29,29,29,29,23,23,12,1,1,1,1,1,1,1,1,1,1,1,1,1,1,1,1,1,1,1,1,1,1
0,0,1,0,0,0,0,0,0,1,0,1,1,0,1,0,0,1,0,1,0,0,1,0,0,0,1,1,0,1,1,1,1,0,1,0,1,1,1,1,1,1,1,1,1,0,1,1,1,1,0,1,1,1,0,0,1,1,1,1,1,1,0,1,0,1,1,1,1,1,1,1,0,1,1,1,1,0,1,0,0,1,0,1,1,1,1,1,1,1,0,1,1,0,0,0,1,1,1,0,0,0,1,1,0,1,0,0,1,1,1,1,1,0,1
50
10,3,3,3,3,3,3,3,41,101,7,7,44,2,2,11,1,1,1,1,1,1,1,1,1,1,1,6,6
0,1,1,1,1,1,1,1,0,1,1,1,0,1,1,1,0,0,0,0,1,1,0,0,1,0,0,1,1
51
38,38,38,38,38,38,38,38,38,38,10,10,10,7,4,31,28,28,22,39,39,39,6,34,16,16,16,16,16,3,3,3,3,3,3,29,29,29,29,29,29,23,5,5,43,17,1,1,1,1,1,1,1,1,1,1,1,1,1,1,1,1,1,1,1,1,1,1,15,15,15
1,0,0,1,0,0,1,1,1,1,1,0,1,1,0,1,0,0,1,0,0,0,0,1,0,0,1,1,1,1,0,1,1,1,1,1,1,1,1,1,1,0,1,0,1,1,1,1,1,1,1,0,1,1,0,1,0,0,1,0,0,0,0,1,1,0,1,0,1,1,1
52
3,3,3,3,3,3,3,3,3,3,4,44,39,2,47,18,8,6,6,14,11,5,5,1,1,1,1,1,1,1,1,1,1,1,1
1,1,1,1,1,1,1,1,0,1,0,1,1,0,1,1,0,0,1,1,1,0,1,1,1,1,1,1,0,1,1,0,0,1,0
53
38,102,10,10,7,7,4,2,39,8,8,6,6,6,3,3,3,3,3,3,3,3,3,3,11,1,1,1,1,1,1,1,1,1,1,1,1,1,1,1,1,1,1,1,1,1,1,1
1,0,1,1,0,1,0,1,0,1,1,0,0,1,1,1,1,1,1,1,1,1,1,1,1,0,1,1,1,0,0,0,1,0,1,1,1,0,0,0,0,0,0,0,0,0,0,0
54
42,10,10,10,10,10,7,41,28,28,28,28,28,30,30,2,2,2,2,2,2,2,66,37,24,24,24,21,21,31,31,31,16,16,16,16,16,14,11,5,5,103,35,35,27,27,26,36,48,3,32,4,34,34,69,69,33,33,45,20,39,39,39,8,8,6,6,6,6,6,6,6,6,6,6,6,6,29,29,29,29,29,15,15,15,15,15,15,15,15,15,9,40,43,12,25,17,1,1,1,1,1,1,1,1,1,1,1,1,1,1,1,1,1,1,1,1,1,1,1,1,1,1,1,1,1,1,1,1,1,1,1,1
1,1,0,1,1,1,0,1,0,0,0,0,0,1,1,1,1,1,1,1,1,1,1,1,0,1,0,1,0,1,1,1,0,1,1,1,0,1,0,0,1,1,1,1,1,1,0,1,0,0,1,1,1,1,1,1,1,0,1,1,1,1,0,1,1,1,1,1,1,1,0,1,1,1,0,1,1,1,0,1,1,1,1,1,1,1,1,1,1,0,1,0,1,1,0,1,1,1,1,0,0,1,0,1,0,1,1,1,1,1,1,1,0,1,0,1,1,1,1,1,1,1,1,1,1,1,1,1,1,1,1,0,1
55
38,38,38,38,38,38,38,38,38,38,38,38,38,10,10,10,41,41,28,28,2,2,2,31,16,16,16,16,16,16,14,104,11,11,11,11,11,5,5,5,45,52,4,20,39,39,39,6,6,6,6,17,17,15,15,15,15,15,15,15,15,29,29,43,55,50,50,1,1,1,1,1,1,1,1,1,1,1,1,1,1,1,1,1,1,1,1
1,1,0,1,0,0,1,1,1,1,1,1,1,1,1,1,1,1,0,0,0,1,1,1,1,1,1,1,1,0,1,0,1,1,1,1,1,0,1,1,0,1,1,1,0,0,1,1,1,1,1,1,1,1,1,1,1,0,1,0,1,0,1,1,1,1,1,1,0,1,1,1,1,1,1,1,0,1,1,0,0,0,0,0,1,1,0
56
10,10,92,41,69,69,69,8,6,6,6,28,28,28,16,3,29,15,55,1,1
1,1,1,1,0,1,0,0,1,1,1,0,0,0,0,1,1,1,0,0,1
57
38,38,38,38,38,38,38,38,38,38,38,38,10,10,10,27,27,7,41,41,41,41,41,41,28,28,28,28,28,28,24,18,18,34,16,16,16,16,16,16,16,14,11,11,11,11,5,35,35,6,6,6,6,6,6,6,6,6,36,36,45,3,3,3,52,31,15,15,15,15,15,15,33,33,33,33,20,39,39,39,96,105,29,29,29,51,43,23,23,97,50,50,1,1,1,1,1,1,1,1,1,1,1,1,1,1,1,1,1,1,1,1,1,1,1,80
0,0,0,0,0,0,1,1,0,0,0,0,0,0,1,0,1,0,1,1,1,1,1,1,0,0,0,0,0,0,1,0,1,1,0,1,1,1,1,0,0,1,0,1,0,1,0,0,1,0,0,1,1,0,1,1,1,1,1,1,1,1,1,1,0,1,1,1,1,0,0,1,1,1,1,1,1,0,0,0,0,0,1,1,1,0,1,1,1,0,0,1,1,1,1,0,0,0,1,1,1,1,0,0,0,1,1,1,1,1,0,0,0,1,0,0
58
19,19,37,41,28,28,28,28,30,2,2,2,2,2,23,10,10,10,10,10,21,65,16,16,16,16,16,14,14,11,11,5,5,35,35,106,36,45,17,17,4,4,31,31,31,31,15,15,15,15,15,15,33,33,33,33,33,33,79,20,39,39,18,8,8,6,6,6,6,6,3,3,3,3,3,3,3,3,3,3,3,3,29,29,29,29,34,40,43,50,1,1,1,1,1,1,1,1,1,1,1,1,1,1,1,1,1,1,1,1,1,1,1,1,1,1,1,1,1,1,1,1,1,1
1,1,1,1,0,0,0,0,1,1,1,0,1,1,1,0,1,1,1,0,1,0,0,0,1,1,1,1,1,0,1,1,1,0,1,0,1,1,1,1,1,1,1,1,1,1,1,1,1,1,1,1,0,0,1,1,1,1,1,0,0,1,0,1,1,0,1,1,0,1,1,1,1,1,1,1,1,1,1,1,1,0,1,1,1,1,1,1,1,1,1,1,1,1,1,1,1,1,0,0,0,1,1,1,1,0,1,1,0,0,0,0,0,0,1,1,1,1,1,1,1,1,0,1
59
38,38,38,42,10,10,10,10,10,10,10,10,10,10,10,41,41,28,28,28,28,28,28,28,30,30,23,23,23,19,24,24,107,21,21,34,16,16,16,16,16,14,14,11,11,11,11,5,5,5,5,36,27,26,35,35,35,48,91,4,4,108,31,31,31,69,69,33,33,33,33,20,39,39,18,37,6,6,6,6,6,6,6,6,6,6,6,6,6,29,29,29,29,29,3,3,3,9,1,1,1,1,1,1,1,1,1,1,1,1,1,1,1,1,1,1,1,1,1,1,1,1,1,1,1,1,1,1,1,1,1,80,55,94,15,15,15,15,15,15,15,15
1,0,0,0,1,1,1,1,1,1,0,0,1,1,0,1,1,0,0,0,0,0,0,0,1,1,1,1,1,1,0,1,1,0,0,1,0,1,1,1,0,1,1,0,1,0,1,0,1,1,1,1,1,1,1,1,1,0,1,0,1,0,1,1,1,0,1,1,1,1,1,0,1,0,0,1,1,0,1,1,1,1,1,1,0,1,1,1,1,1,1,1,1,0,1,1,1,1,1,1,1,1,0,0,0,1,0,1,0,0,1,0,0,0,0,0,1,0,1,0,1,1,0,0,1,0,0,1,0,0,1,1,1,1,0,1,1,1,0,1,1,0
60
38,38,38,38,38,38,38,38,10,10,10,52,4,41,41,28,28,39,39,6,6,6,21,70,3,3,3,3,3,3,3,3,11,5,5,17,1,1,1,1,1,1,1,1,1,1,1,1,1,1,1,1,1,1,1,1,1,1,1
0,0,1,1,0,0,0,1,0,0,1,1,0,1,1,0,0,1,1,1,1,1,0,1,1,1,1,1,1,1,1,1,1,0,0,0,1,1,1,1,0,1,0,0,1,0,0,1,1,1,0,1,0,0,1,1,0,1,1
61
41
0
62
38,38,38,38,38,38,109,10,10,30,7,41,41,41,33,33,29,18,8,8,110,34,34,16,3,3,3,3,3,3,31,32,5,43,43,1,1,1,1,1,1,1,1,1,1,1,1,1,1,1,1,1,1,1,1
1,1,0,1,1,0,0,0,1,1,1,1,1,1,1,1,1,0,1,1,0,1,1,1,0,1,1,1,1,1,1,1,1,1,1,1,1,1,0,1,1,0,0,1,0,1,1,1,0,1,1,0,1,1,1
63
38,38,38,38,38,10,10,10,10,7,7,7,28,28,28,30,30,2,2,2,2,2,2,2,31,31,16,16,16,16,16,15,11,11,11,5,35,26,111,4,33,33,33,39,39,18,8,8,6,6,6,6,6,3,3,3,3,3,3,3,3,3,29,29,29,29,37,43,1,1,1,1,1,1,1,1,1,1,1,1,1,1,1,1,1,1,1,1,1,1,1,1,1
0,1,1,1,0,0,1,0,1,1,1,1,0,0,0,1,1,1,1,1,1,1,1,1,1,1,1,1,1,0,0,1,1,1,1,0,1,0,1,0,1,1,0,0,0,0,1,1,0,1,0,1,0,1,1,1,1,0,1,1,1,0,1,1,1,1,1,1,0,1,1,1,1,1,0,1,0,0,0,0,0,0,0,0,0,0,0,0,1,1,0,1,0
64
38,38,38,38,38,38,38,38,38,38,7,7,7,7,28,28,2,37,30,8,8,16,15,29,22,5,36,1,1,1,1,1,1,1,1,1,1,1,1,1,1,1,1,1,1,1,1,1,1,1,1
0,1,1,0,1,1,1,1,0,0,0,0,0,0,0,0,1,1,1,0,0,1,1,1,1,0,1,1,0,1,1,1,1,1,1,1,1,0,0,0,1,1,0,1,0,0,0,1,1,1,0
65
38,10,10,10,41,41,28,28,28,28,28,2,2,23,23,19,31,31,31,16,16,16,16,3,3,3,3,3,3,3,3,3,3,3,3,3,3,11,11,11,5,35,45,32,34,15,15,15,15,15,33,33,33,20,39,18,8,6,29,29,29,51,1,1,1,1,1,1,1,1,1,1,1,1,1,1,1,1,1,1,1,1,1,1,1,1,1,1,37,22,43,86
0,0,1,1,0,1,0,0,0,0,0,1,1,0,1,1,1,1,1,1,1,1,0,0,1,1,1,1,1,1,1,1,1,1,1,1,1,1,1,1,0,1,1,1,1,1,0,1,0,1,0,1,1,0,1,1,1,1,1,1,1,0,1,0,1,1,0,1,0,0,0,0,0,1,0,0,0,1,0,0,1,0,0,0,1,0,1,1,1,1,1,0
66
31,10,3,3,3,3,7,7,28,28,33,1,1,1,1,1,1,1,1,1,1,1,1,1,1,1,1,1,1,1,1,1,1,1
1,1,1,1,1,0,0,0,0,0,1,1,1,0,1,1,0,0,1,0,0,0,1,1,0,0,0,0,0,0,1,1,1,1
67
38,38,38,38,38,38,38,38,38,38,38,38,38,38,38,10,10,7,7,7,7,41,41,41,28,28,2,2,2,2,2,35,35,21,31,31,16,16,16,16,14,11,11,11,5,5,36,26,61,45,49,49,52,4,4,4,34,15,15,15,15,15,63,39,39,39,8,6,6,6,6,6,70,70,3,3,3,29,29,33,33,25,43,43,17,17,1,1,1,1,1,1,1,1,1,1,1,1,1,1,1,1,1,1,1,1,1,1,1,1,1
0,0,1,1,1,1,0,1,1,1,1,1,1,1,1,1,1,1,1,1,1,1,1,1,0,0,1,1,1,1,1,0,1,0,1,1,1,1,1,1,1,1,0,1,0,0,1,1,1,1,1,1,0,0,1,1,1,1,1,1,1,1,1,1,1,1,1,0,1,1,1,1,1,1,1,1,1,1,1,1,1,1,1,1,1,1,0,1,0,1,0,1,1,1,1,1,1,0,0,1,1,1,1,1,0,1,1,0,0,1,1
68
38,38,38,38,38,38,38,38,38,38,38,38,10,10,10,10,10,10,10,10,10,10,27,7,41,30,2,2,2,34,34,34,34,34,34,16,15,15,15,113,11,11,11,11,11,103,103,103,35,35,6,6,6,6,6,6,6,6,6,36,62,4,114,69,69,33,33,33,33,33,33,59,18,8,8,100,28,28,28,28,3,22,22,77,43,1,1,1,1,1,1,1,1,1,1,1,1,1,1,1,1,1,1,1,1,1,1,1,1,1,1,1,1,1,80,29,29,29,29,29,29,19,61,61,68,47,37,24,24,14,116,115,5,5,5,5,5,5,5,5,88,49,21,117,31,31,31,31,31,20,20,39,39,112,78,46,46,54,91,91,9,9,82,55,55,17,64,71
0,0,1,0,1,0,0,0,1,1,1,1,0,0,1,1,1,1,1,0,1,1,1,1,1,1,1,1,1,1,1,1,1,1,1,0,0,1,1,0,1,1,1,1,1,1,0,0,1,1,1,1,1,1,0,1,1,1,1,1,1,1,1,1,1,1,1,1,1,1,1,1,1,1,1,1,0,0,0,0,1,1,1,1,1,1,0,1,0,0,1,1,1,1,1,1,1,1,1,1,1,1,1,1,1,0,0,0,1,0,1,0,0,1,1,1,1,1,1,1,1,1,1,0,0,1,1,0,1,1,1,0,1,1,1,1,1,1,1,1,1,1,1,1,1,1,1,1,1,1,1,0,0,0,1,1,0,0,1,1,1,1,0,1,1,0,0,1
69
38,38,38,38,38,38,38,38,29,29,10,10,10,7,7,28,39,8,8,6,70,16,16,16,3,3,3,3,3,45,11,5,43,1,1,1,1,1,1,1,1,1,1,1,1,1,1,1,1,1,1,1,1,1,1
1,1,0,0,1,1,1,1,0,1,0,1,1,0,1,0,0,1,1,1,0,1,1,1,1,1,1,1,1,1,1,0,1,1,0,1,1,1,0,1,0,0,0,0,0,0,1,0,0,0,0,0,1,0,1
70
38,38,38,42,10,7,28,49,20,6,3,3,37,11,5,5,1,1,1,1,1,1,1,1,1,1,1,1,1,1,1,1,1,1,1,1,1,1,1,1,1,1,1,1,1,1,1,1,1,1
0,0,0,1,1,1,0,1,0,1,1,0,1,1,0,0,0,1,1,1,1,1,1,1,1,1,1,1,0,0,1,1,0,0,0,0,0,0,1,0,1,0,0,0,0,1,0,0,1,1
71
38,49,52,4,15,15,2,2,2,39,39,6,6,14,69,3,1,1,28,103,17,62,62
0,0,1,1,1,1,1,1,1,1,1,1,1,1,1,1,1,1,0,1,1,1,1
72
38,38,10,10,10,10,37,7,7,7,41,41,41,41,28,28,28,30,2,2,2,2,32,19,65,16,16,14,14,11,5,35,27,26,45,31,44,69,33,33,33,39,18,18,8,8,8,8,6,6,6,29,29,29,29,3,3,3,3,3,3,3,3,3,9,34,34,34,23,23,97,17,1,1,1,1,1,1,1,1,1,1,1,1,1,1,1,1,1,1,1,1,1,1,15,15,15
1,1,0,0,0,1,1,1,1,0,0,1,1,1,0,0,0,1,1,1,1,1,1,1,0,0,1,1,1,1,1,1,1,1,1,1,0,0,1,1,1,0,0,0,0,1,1,1,1,0,1,1,0,1,1,0,0,1,1,1,1,0,1,1,0,0,1,0,0,0,1,1,1,1,1,0,1,0,1,1,0,1,0,1,0,1,0,0,0,0,0,1,0,1,1,0,1
73
38,38,38,38,38,38,38,38,38,38,38,38,10,10,28,28,28,79,66,31,31,16,16,16,16,16,15,15,15,11,11,5,5,5,5,35,35,26,36,3,3,3,3,17,17,17,17,33,33,33,20,6,6,6,6,6,6,6,6,6,51,23,23,12,2,1,1,1,1,1,1,1,1,1,1,1,1,1,1,1,1,1,1,1,1,1
1,1,1,0,1,1,1,0,0,0,1,0,1,0,0,0,0,1,1,1,1,1,1,1,0,1,1,1,1,1,1,0,1,0,1,1,1,1,0,1,1,1,0,1,1,1,1,1,1,1,0,1,1,1,1,0,0,1,0,1,1,1,0,1,1,0,1,1,0,0,0,0,1,0,0,0,1,1,0,1,1,0,0,0,1,1
74
38,38,38,38,38,29,29,29,29,29,10,10,10,10,10,33,33,33,7,7,41,41,41,28,28,28,2,2,2,2,2,2,37,19,51,16,16,16,16,14,118,11,11,11,11,5,5,35,35,26,26,36,62,50,50,50,50,50,50,50,50,49,102,15,15,15,63,45,20,39,39,39,39,39,39,18,18,18,18,6,6,6,6,6,6,21,3,3,3,3,3,1,1,1,1,1,1,1,1,1,1,1,1,1,1,1,1,1,1,1,1,1,1,1,1,1,22,43,43,55,55,17,94,94
0,0,1,1,0,1,1,1,1,1,1,1,1,1,0,1,1,0,1,1,0,0,1,0,0,0,1,1,1,1,1,1,1,1,1,0,1,1,1,1,1,1,1,1,0,1,1,1,1,0,1,1,0,0,1,1,1,1,1,1,1,1,1,0,1,1,1,1,0,0,0,0,1,1,1,0,0,1,1,1,1,1,1,1,1,0,1,1,1,1,1,0,0,1,1,1,1,1,1,0,0,0,0,0,1,1,1,1,0,0,0,0,0,0,0,1,1,1,1,1,1,1,1,1
75
38,38,38,38,38,38,38,38,38,38,38,38,38,38,38,38,38,10,7,41,41,41,41,41,2,2,2,16,16,16,15,15,15,15,15,15,11,11,11,5,5,26,49,3,3,3,3,3,3,52,4,79,20,39,39,39,18,6,6,6,51,55,55,17,17,1,1,1,1,1,1,1,1,1,1,1,1,1,1,1,1,1,1,1,1,1,1,1,1
0,1,1,1,1,1,1,0,1,0,0,1,0,1,1,1,1,1,1,1,1,1,1,1,1,1,1,1,1,1,1,1,1,1,1,1,1,1,0,1,0,1,1,1,1,1,1,1,1,0,1,1,1,1,1,1,1,0,1,1,0,1,1,1,1,1,1,1,1,1,1,1,0,0,0,1,1,1,1,1,1,1,1,0,0,0,0,1,1
76
38,38,38,38,38,38,38,28,10,3,3,3,3,8,8,5,2,2,2,39,1,1,1,1,1,1,1,1,1,1,1,1,1,1,1,1,1,1,1,1,1,1
1,1,0,0,1,1,0,0,1,0,0,1,1,1,1,0,0,1,1,0,1,1,0,1,0,1,1,0,0,0,1,1,1,0,1,0,0,0,0,0,0,1
77
38,10,10,7,41,41,28,28,28,28,28,22,31,31,16,16,16,16,16,14,11,11,11,11,15,15,36,27,35,4,101,34,69,33,33,33,33,33,39,39,39,18,18,8,8,6,6,6,6,6,6,6,6,6,6,6,29,29,29,3,3,3,3,3,3,3,3,9,23,17,17,1,1,1,1,1,1,1,1,1,1,1,1,1,1,1,1,1,1
1,1,0,0,1,1,0,0,0,0,0,1,1,1,0,1,1,1,1,1,1,1,1,1,1,1,1,0,0,0,0,1,1,0,1,1,1,1,0,0,0,0,0,0,1,1,0,1,0,1,1,1,1,1,1,0,1,1,1,0,1,0,1,1,1,1,0,1,1,1,1,1,0,0,0,0,0,1,0,1,1,0,0,1,0,0,0,1,0
78
42,10,10,10,10,10,7,41,28,2,22,33,33,31,31,16,16,16,16,16,16,15,15,15,15,15,15,15,15,15,11,11,11,5,5,5,35,62,17,17,4,69,63,18,6,6,6,6,6,6,6,3,3,3,3,3,3,3,29,29,40,43,55,23,1,1,1,1,1,1,1,1,1,1,1,1,1,1,1,1,1,1,1,1,1,1,1,1,1,1,1,1,1,1,1,1,1,1
1,1,0,1,0,1,0,1,0,1,1,1,0,1,1,1,1,1,1,0,1,1,1,0,1,0,1,1,0,0,0,1,1,0,0,1,1,1,1,1,0,0,0,0,1,1,1,1,0,1,1,1,1,1,1,1,1,0,1,1,1,1,1,1,1,1,1,1,0,1,1,1,0,0,1,1,1,1,0,1,1,0,1,1,1,0,1,1,1,1,1,1,0,1,1,1,1,1
79
38,38,38,70,10,10,3,3,4,4,11,18,1,1,1,1,1,1,1,1,1,1,1,1,1,1,1,1,1,1,1,1,1,6,6
0,1,0,0,1,0,0,1,0,1,0,0,1,1,1,1,0,0,0,0,0,1,0,1,0,1,1,0,0,0,0,1,0,1,1
80
38,38,38,38,38,38,38,38,38,38,38,38,38,10,10,7,41,41,41,28,28,28,2,2,47,35,31,31,16,16,16,16,16,16,15,15,15,15,15,15,15,11,11,11,5,5,36,88,50,3,3,3,3,3,3,3,3,52,63,20,39,18,18,8,6,6,6,6,6,29,29,29,29,51,9,9,33,33,43,43,55,55,17,17,1,1,1,1,1,1,1,1,1,1,1,1,1,1,1,1,1,1,1,1,1,1,1,1,1
1,0,0,1,1,0,1,0,1,1,0,1,1,1,1,1,1,1,1,0,0,0,0,0,1,1,0,1,0,1,1,1,1,1,1,1,0,1,0,1,1,1,1,1,0,0,1,1,1,0,1,1,1,1,1,1,1,0,1,0,0,0,0,1,1,1,1,1,0,1,1,1,1,0,1,1,1,1,1,0,1,0,1,1,1,1,1,0,1,1,0,0,0,0,0,1,1,1,1,1,1,0,0,0,1,0,0,1,1
81
38,38,38,38,38,38,38,38,38,10,10,10,10,20,119,28,28,28,28,28,66,23,23,23,47,37,18,51,34,34,16,16,16,16,16,16,16,14,11,11,5,5,5,5,5,103,35,35,26,30,30,4,31,31,15,15,15,15,15,33,33,33,33,33,41,41,39,39,39,96,6,6,6,6,29,29,29,29,29,3,3,3,3,3,3,3,3,1,1,1,1,1,1,1,1,1,1,1,1,1,1,1,1,1,1,1,1,1,1,1,1,22,55,17,17,94,80
0,0,0,0,0,1,0,1,1,0,0,0,1,0,1,0,0,0,0,0,1,1,0,1,0,1,0,1,1,1,1,1,1,1,1,0,0,1,1,0,1,0,1,1,1,1,1,1,1,1,1,1,1,1,1,1,1,1,1,1,1,1,1,1,0,1,1,0,1,1,1,1,1,1,1,1,1,1,1,1,1,1,1,1,0,1,0,1,1,1,1,0,1,1,0,1,1,1,0,1,1,1,0,1,0,1,1,1,1,0,1,0,1,1,1,1,1
82
38,38,38,38,38,38,38,38,38,10,10,7,7,41,41,28,28,28,28,28,28,30,30,37,19,31,31,16,16,16,15,15,15,11,5,5,35,27,27,27,26,45,33,33,33,33,39,8,8,6,6,3,3,3,3,3,3,3,3,29,29,29,23,43,43,1,1,1,1,1,1,1,1,1,1,1,1,1,1,1,1,1,1,1,1,1,1,1,1,1
0,0,0,0,0,0,0,1,1,0,1,0,1,0,1,0,0,0,0,0,0,0,1,1,1,1,1,0,1,0,0,1,1,1,0,1,0,0,1,1,1,1,1,1,1,1,0,1,1,1,1,1,1,1,1,0,1,0,0,1,1,1,1,1,1,1,1,1,1,0,0,0,0,1,0,0,0,0,0,1,1,0,1,0,0,0,1,0,1,0
83
38,10,10,7,7,61,2,8,8,6,6,6,46,16,16,16,16,16,16,14,11,15,3,3,1,1,1,1,1,1,1,1,1,1,1,1,1,1,1,1,1,1,1,1,1,1
0,0,1,0,1,1,1,1,1,1,1,1,1,0,1,1,1,0,0,1,1,1,1,1,1,1,0,0,0,0,1,0,0,0,0,1,0,0,0,0,0,1,0,0,0,0
84
38,38,10,10,7,28,28,2,32,65,16,16,16,15,15,11,11,5,26,31,31,31,3,3,3,3,3,3,3,3,3,3,3,3,3,3,3,4,114,33,33,33,39,18,8,6,6,6,6,6,6,6,6,6,14,29,29,29,23,23,55,79,1,1,1,1,1,1,1,1,1,1,1,1,1,1,1,1,1,1,1,1,1
0,0,1,0,1,0,0,1,1,1,1,1,0,1,1,0,1,0,1,1,1,1,1,1,1,1,1,1,1,1,1,1,1,1,0,1,1,0,0,1,1,1,0,1,1,0,0,0,1,0,1,1,1,1,1,1,1,1,0,0,0,0,1,1,1,1,0,0,1,0,1,1,0,1,1,0,0,1,0,0,0,1,0
85
38,38,38,38,38,16,3,3,3,3,3,7,4,5,39,1,1,1,1,1,1,1,1,1,1,1,1,1,1,1,1,1,1,1,1,1
0,1,0,0,0,1,0,1,1,1,1,0,0,1,1,1,1,1,0,0,0,1,1,1,1,0,0,0,1,1,0,1,1,0,0,0
86
38,38,7,7,7,15,2,2,2,2,2,8,8,6,6,28,28,73,3,3,3,3,3,68,27,17,17,17,1,1,1,1,1,1,1,1,1,1,1,1,1
1,1,1,1,1,1,1,1,1,1,1,1,1,1,1,1,1,1,1,1,1,1,1,1,0,1,1,1,0,0,1,0,0,1,1,1,1,0,1,1,0
87
38,38,38,38,38,38,38,38,38,86,10,10,7,7,41,28,28,30,2,19,21,34,34,16,16,16,15,11,11,11,35,27,36,45,3,3,3,3,3,3,3,31,33,33,33,33,33,33,20,20,39,39,18,8,8,6,6,29,29,29,51,1,1,1,1,1,1,1,1,1,1,1,1,1,1,1,1,1,1,1,1,1,1,1,23,43,17,17,17,17,94,80
0,0,1,0,0,1,0,1,1,1,0,0,1,0,1,0,0,1,1,1,0,0,1,1,1,1,1,1,0,1,1,1,1,1,1,1,1,1,1,1,1,0,1,1,1,1,1,1,0,0,0,1,0,0,1,1,0,0,1,1,1,1,0,0,1,0,0,0,1,1,0,1,1,1,1,1,0,1,0,0,0,0,1,0,1,1,1,1,1,1,1,1
88
29,29,29,29,29,29,29,29,10,10,10,7,41,41,41,28,30,30,2,2,2,2,2,66,66,51,21,5,16,16,16,16,14,14,11,11,11,15,15,15,15,15,15,15,15,15,15,35,35,27,88,45,98,79,31,31,31,69,33,33,33,33,33,33,20,39,39,18,8,6,6,6,6,6,6,6,6,6,6,6,6,70,3,3,3,3,9,23,43,43,12,55,55,55,17,17,1,1,1,1,1,1,1,1,1,1,1,1,1,1,1,1,1,1,1,1,1,1,1,1,80
1,1,1,1,1,1,1,1,1,1,1,1,1,1,1,0,1,1,1,1,1,1,1,1,1,1,1,1,0,1,1,1,1,1,0,0,1,0,1,1,1,1,1,1,1,1,1,1,1,1,1,1,0,1,1,1,1,1,1,1,1,1,1,1,0,1,0,0,1,1,1,0,1,1,1,1,1,1,1,1,1,1,1,1,1,1,1,0,1,1,0,1,1,1,1,1,1,1,0,1,0,1,1,0,0,0,0,1,0,1,1,1,0,1,1,1,0,1,1,1,1
89
7,41,28,28,66,66,66,2,2,22,24,34,34,16,16,16,16,16,16,15,15,15,15,15,15,15,15,15,15,11,11,11,5,5,36,36,26,45,45,4,31,31,31,33,33,33,33,33,20,39,39,39,39,18,6,6,6,6,6,14,29,29,29,23,55,55,17,17,17,1,1,1,1,1,1,1,1,1,1,1,1,1,1,1,1,1,1,1,1,1,1,1,1,1,1,1,1,1
1,1,0,0,1,1,1,1,1,1,1,1,1,1,1,1,1,1,1,1,1,0,1,1,1,1,1,1,1,1,1,1,1,1,1,1,1,1,1,0,1,1,1,1,1,1,1,1,1,1,1,1,1,0,1,1,1,1,1,1,1,1,1,1,1,1,1,1,1,1,1,1,1,1,1,1,0,1,1,0,1,0,0,1,1,0,0,0,0,0,1,1,1,0,0,1,1,1
90
38,38,38,38,38,38,10,10,7,41,41,28,28,28,2,2,37,31,16,16,16,16,16,16,16,16,15,15,15,15,11,11,11,35,27,45,50,3,3,3,3,3,52,4,33,33,33,33,33,33,79,20,39,39,39,18,18,8,6,6,6,6,6,29,29,29,29,29,14,86,22,43,43,55,17,17,17,17,17,17,1,1,1,1,1,1,1,1,1,1,1,1,1,1,1,1,1,1,1,1,1,1
0,0,1,0,1,1,1,0,0,0,0,0,0,0,1,1,1,1,1,1,1,1,1,1,0,1,1,1,1,1,1,0,1,0,1,1,0,0,1,0,1,1,0,0,0,1,1,1,1,1,1,0,0,0,1,0,0,0,1,1,1,1,1,1,1,0,1,1,0,1,0,1,1,1,0,1,1,0,1,1,1,0,1,0,0,1,0,0,1,0,1,0,0,0,0,0,0,0,0,1,0,1
91
38,38,38,38,38,38,38,38,3,3,3,3,3,9,7,5,8,39,1,1,1,1,1,1,1,1,1,1,1,1,1,1,1,1,1,1,1,1,1,1,1,1,1
0,1,0,0,0,1,1,1,0,1,1,1,1,0,1,0,1,0,1,0,1,1,0,0,0,0,0,0,0,0,0,0,1,1,0,0,0,0,0,0,0,0,1
92
38,38,38,38,38,38,38,38,38,38,38,10,28,28,28,31,31,15,30,37,39,33,33,8,8,29,29,29,29,3,45,23,5,35,36,1,1,1,1,1,1,1,1,1,1,1,1,1,1,1,1,1
0,0,1,1,0,0,0,1,1,0,0,1,0,0,0,0,1,1,0,1,0,1,1,1,1,1,1,1,1,1,1,1,1,1,1,1,1,1,0,1,0,0,0,0,0,0,0,1,1,0,0,0
93
38,38,38,38,10,10,41,41,41,41,28,30,30,47,21,65,16,16,16,16,16,16,15,15,15,15,11,11,11,11,5,5,5,36,36,36,27,26,45,49,98,3,3,3,3,3,3,3,3,3,3,3,3,3,3,3,3,4,31,31,34,33,33,33,33,33,20,39,39,18,18,6,6,6,6,6,70,51,29,29,29,29,29,29,29,23,23,43,17,1,1,1,1,1,1,1,1,1,1,1,1,1,1,1,1,1,1,1,1,1,1,1,1,80
1,1,1,0,1,1,1,1,1,1,0,1,0,1,0,0,0,1,1,1,1,0,1,1,0,1,1,1,0,1,1,1,1,1,1,1,0,1,1,0,1,1,1,1,1,1,1,1,1,1,1,1,1,1,1,1,1,1,1,1,1,1,1,1,1,1,1,0,1,1,0,1,1,1,0,1,0,1,1,1,0,1,0,1,1,1,1,1,1,1,1,1,1,0,1,1,1,0,1,1,0,0,1,1,1,1,0,1,1,1,1,0,1,0
94
38,38,38,38,38,38,38,38,38,38,38,38,38,38,38,38,38,10,10,10,7,7,7,7,7,41,28,28,28,28,28,30,30,2,2,2,19,24,21,34,34,16,16,16,16,16,16,16,15,15,15,15,15,11,11,5,5,36,36,27,27,26,35,45,98,3,3,3,4,31,31,33,33,33,33,33,39,96,8,8,6,6,6,6,6,6,14,14,14,29,29,29,29,29,23,23,23,17,17,17,17,17,1,1,1,1,1,1,1,1,1,1,1,1,1,1,1,1,1,1,1,1,1,1
0,1,1,0,0,0,1,1,0,0,0,1,1,1,1,0,0,0,0,0,1,1,1,1,1,1,0,0,0,0,0,1,1,1,1,1,1,0,1,0,1,0,1,1,1,0,1,0,0,1,0,1,1,1,1,1,0,1,1,0,1,1,1,1,0,0,1,1,1,1,1,1,1,1,1,1,0,0,1,1,0,1,1,0,0,1,0,1,1,1,1,1,1,1,0,1,1,1,1,1,0,1,1,1,1,0,1,1,0,0,0,1,1,0,1,1,1,1,1,0,0,1,1,1
95
38,38,38,38,38,3,3,9,9,4,4,5,47,39,1,1,1,1,1,1,1,1,1,1,1
1,1,1,0,0,1,1,0,0,1,0,0,0,0,1,1,1,1,0,0,0,0,0,1,1
96
38,38,38,38,38,38,38,38,10,10,10,7,119,28,28,28,28,28,28,28,28,28,28,30,30,2,2,37,47,19,51,31,31,31,16,16,16,16,16,16,16,16,16,16,14,14,118,11,11,11,5,5,35,27,45,49,21,4,15,15,15,15,15,15,33,33,33,33,33,79,41,39,39,39,18,18,8,8,6,6,6,29,29,29,3,3,3,3,3,3,3,3,3,9,23,23,43,17,1,1,1,1,1,1,1,1,1,1,1,1,1,1,1,1,1,1,1,1,1,1,1,1
0,1,0,0,0,0,0,0,1,0,1,0,0,0,0,0,0,0,0,0,0,0,0,1,0,0,1,1,0,1,1,1,1,1,0,1,1,1,0,0,1,1,1,0,1,1,0,0,0,0,0,0,0,0,1,1,0,1,1,1,1,1,1,1,1,1,1,0,0,1,1,0,0,0,0,1,1,1,1,1,1,1,1,1,1,1,1,1,1,1,1,1,1,0,1,0,1,1,1,1,1,1,1,0,0,0,0,0,0,0,0,0,1,0,1,1,0,0,1,1,1,0
