1
3,3,11,11,11,11,11,7,7,17,17,13,13,13,15,15,15,15,15,12,5,5,5,5,5,5,5,5,5,19,2,2,2,10,10,10,14,14,14,6,4,4,4,18,1,1,1,1,20,21,21,16,16,16,8,8,8,8,8,8,8,8,8,8,8,8,8,8,8,9
1,0,1,0,1,1,1,1,1,1,1,1,1,1,1,1,1,1,1,1,1,1,1,1,1,1,1,1,1,1,1,1,1,0,1,1,1,1,1,0,1,1,1,1,1,1,1,1,1,1,1,1,1,0,1,0,0,0,1,1,1,1,1,1,1,1,1,1,1,1
2
3,3,3,3,3,3,3,3,3,3,3,3,3,3,3,3,3,3,3,3,3,3,3,3,3,3,3,3,3,3,3,3,3,3,3,3,3,3,3,3,3,3,3,3,3,3,3,3,3,3,3,3,3,3,3,3,3,3,3,3,3,3,3,3,3,3,3,3,3,3,3,3,3,3,3,3,3,3,3,3,3,11,11,11,11,4,4,4,4,4,4,4,4,4,4,4,4,4,4,4,4,4,4,4,4,21,21,22,22,22,10,10,8,8,8,8,8,8,8,8,8,8,8,8,8,8,8,8,8,8
1,0,1,1,0,1,1,1,0,0,0,1,0,0,0,0,1,0,0,0,1,0,0,1,1,0,0,0,0,0,0,0,0,1,0,0,0,0,1,0,1,0,0,1,0,0,1,0,1,0,1,0,1,1,1,0,0,1,0,1,1,0,0,0,0,0,0,0,0,0,0,0,0,0,0,0,0,0,0,0,0,0,0,0,1,1,1,1,1,1,1,1,1,1,1,1,1,1,1,1,1,1,1,1,1,1,1,0,1,0,0,0,1,0,1,1,0,1,0,0,0,0,1,1,1,1,0,1,0,0
3
3,3,3,3,3,3,3,3,3,3,3,3,3,3,3,3,3,3,3,3,3,3,3,3,3,3,3,3,3,3,3,3,3,3,3,3,3,11,11,11,23,23,23,23,23,23,23,38,5,5,5,32,32,32,26,29,30,28,14,14,13,25,41,36,20,34,34,1,1,16,16,16,15,15,24,39,37,35,17,17,22,22,22,31,31,10,10,40,4,4,4,4,4,4,18,18,18,18,27,33,33,8,8,8,8,8,8,8,8,8,8,8,8,8,8,8,8,8,8
1,0,1,0,1,0,1,0,0,1,1,0,1,1,1,1,1,0,1,0,1,1,1,0,1,1,1,1,1,0,0,1,0,1,1,0,0,1,0,1,0,0,0,0,0,0,0,1,1,1,1,1,1,1,0,0,0,0,1,1,1,0,1,1,0,1,0,0,1,1,1,0,1,1,0,0,1,1,1,1,0,1,0,0,1,0,0,0,1,1,0,1,1,0,0,1,1,1,0,0,0,0,0,1,0,1,0,0,1,0,0,1,0,0,0,1,1,0,1
4
7,7,42,23,23,17,17,5,22,2,2,2,11,14,4,4,4,4,4,4,4,4,4,21,43,8,8,8,8,8,8,8,8,8,8,8,8,8,8,8,9,9
1,1,1,0,0,1,1,1,0,1,1,1,1,1,1,1,1,1,1,1,1,1,1,1,1,0,0,0,1,1,1,0,0,0,1,1,0,0,1,1,1,1
5
3,3,3,3,3,3,3,3,3,3,3,11,11,11,11,19,19,23,23,23,23,38,38,37,27,27,17,17,17,17,14,13,13,13,13,13,4,4,4,4,4,4,4,4,4,4,4,4,4,4,4,4,4,4,4,4,20,20,21,21,21,21,50,34,34,43,47,16,16,16,16,16,15,15,46,46,46,35,44,51,22,22,22,31,10,10,10,10,10,10,10,40,49,28,18,18,18,45,32,32,33,8,8,8,8,8,8,8,8,8,8,8,8,8,8,8,8,8,8,48
0,1,1,0,1,0,0,0,0,0,0,0,1,1,1,0,1,0,0,0,0,1,1,1,0,1,0,1,1,1,0,1,1,1,1,1,1,1,1,1,1,1,1,1,1,1,1,1,1,1,1,1,1,1,1,1,0,0,0,1,1,1,0,1,0,1,1,1,1,1,1,0,1,0,0,1,1,1,0,0,0,1,0,0,1,1,1,1,1,1,1,1,1,1,1,1,1,1,1,1,1,1,1,0,0,1,1,1,1,1,1,1,1,0,1,1,0,1,0,0
6
7,7,19,23,23,23,5,5,5,5,5,5,5,5,5,5,5,5,11,11,11,11,11,15,15,13,13,13,13,25,20,20,52,52,16,16,4,14,17,17,17,22,22,22,2,2,2,10,10,10,10,10,10,28,18,18,18,18,1,1,1,1,1,8,8,8,8,8,8,8,8,8,8,8,8,8,9,9
1,1,1,0,0,0,1,1,1,1,1,1,1,1,1,1,1,1,1,0,1,1,1,1,0,1,1,1,1,0,1,1,1,0,1,1,1,1,1,1,1,1,1,0,1,1,1,0,1,1,0,1,1,1,1,1,1,1,1,1,1,1,1,0,0,0,1,1,1,1,1,1,1,1,0,0,1,1
7
29,7,23,23,23,23,23,23,23,23,31,31,5,5,5,5,5,1,1,1,12,11,11,11,11,11,53,30,57,13,13,13,25,21,21,21,21,21,21,21,21,21,21,43,43,34,55,47,16,16,16,16,15,15,15,15,46,46,38,35,17,17,17,22,22,22,2,2,10,10,10,10,10,56,4,4,4,18,18,18,18,32,32,32,49,48,54,33,33,8,8,8,8,8,8,8,8,8,8,8,8,8,8,8,8,8,8,8,8,9,9
1,1,0,0,1,0,0,0,0,0,0,0,1,1,1,1,1,1,1,1,1,0,0,1,1,1,1,1,0,0,1,1,1,1,1,1,0,1,0,1,1,1,1,0,1,1,1,1,1,1,1,0,1,1,1,1,0,1,1,1,1,1,1,0,1,1,1,1,1,1,1,1,1,0,1,1,1,1,0,1,1,1,1,1,1,0,1,0,1,1,0,1,0,1,0,0,0,1,0,0,0,0,0,0,0,0,0,0,1,1,1
8
3,3,11,11,11,11,19,23,12,61,58,15,15,15,15,13,13,13,13,13,25,25,36,20,50,50,62,43,47,16,16,16,16,14,17,17,17,59,22,22,22,38,38,10,60,4,4,4,4,4,4,4,4,4,4,4,4,4,4,4,4,4,4,4,18,18,27,27,28,8,8,8,8,8,8,8,8,8,8,8,8,8,8,8,9,9
1,0,1,1,1,1,1,0,1,1,1,1,1,1,1,1,1,0,1,1,0,1,1,0,0,1,1,1,1,1,1,1,1,1,1,1,1,1,0,1,1,1,1,1,0,1,1,1,1,1,1,1,1,1,1,1,1,1,1,1,1,1,1,1,0,1,1,1,1,0,1,1,0,1,1,1,0,0,0,0,1,0,1,1,1,1
9
3,3,3,3,3,3,3,3,11,11,11,11,11,11,11,11,19,23,23,12,5,5,5,27,27,26,29,57,13,13,13,13,13,25,20,43,43,1,1,1,1,47,16,16,16,16,15,15,15,15,46,46,38,50,35,14,14,14,17,17,17,17,63,22,22,31,10,10,10,10,49,64,4,4,4,4,4,4,4,4,4,4,4,4,4,4,4,4,4,4,18,18,18,18,32,32,32,32,32,48,37,8,8,8,8,8,8,8,8,8,8,8,8,8,8,8,8,9,9
1,0,1,1,1,1,0,0,1,0,1,1,1,1,1,1,1,0,0,1,1,1,1,1,1,1,1,0,0,1,1,1,1,1,1,1,1,1,1,1,1,1,0,1,1,0,1,1,1,1,1,1,1,1,1,1,1,1,0,1,1,0,1,1,1,0,1,1,1,1,1,1,1,1,1,1,1,1,1,1,1,1,1,1,1,1,1,1,1,1,1,1,1,1,1,1,1,1,1,1,1,1,0,0,0,1,1,0,1,0,1,1,1,0,0,1,1,1,1
10
3,3,3,7,7,19,19,19,19,23,23,23,23,23,23,23,23,23,23,23,23,23,23,5,5,5,5,1,12,11,11,11,11,13,13,13,4,4,4,4,4,4,4,4,4,4,20,20,21,21,21,55,47,16,16,16,16,46,46,46,35,65,17,17,17,17,17,17,22,22,22,2,10,10,28,18,18,27,32,32,8,8,8,8,8,8,8,8,8,8,8,8,8,8,8,8,8,8,9
0,1,1,1,1,1,1,1,1,0,0,0,0,0,0,0,0,0,0,0,0,0,0,1,1,1,1,1,0,0,1,1,1,1,0,1,1,1,1,1,1,1,1,1,1,1,0,1,1,0,1,1,1,1,1,1,0,0,1,0,1,1,1,1,1,1,1,1,0,0,0,1,1,0,0,1,1,1,1,1,0,0,1,0,0,1,0,0,1,0,1,0,1,1,0,1,0,1,1
11
3,3,3,3,11,11,11,11,11,69,67,12,12,32,32,32,66,29,30,58,14,14,14,13,13,13,13,20,26,34,43,47,16,16,15,15,15,15,38,68,35,17,17,17,17,22,50,10,10,10,40,23,23,23,4,4,4,4,4,4,4,4,4,4,4,4,4,4,4,4,4,4,4,4,4,4,4,4,4,4,4,4,4,4,4,18,18,18,18,18,27,48,49,8,8,8,8,8,8,8,8,8,8,8,8,8,8,8,8,8,8,9
0,0,0,0,1,0,1,1,1,0,1,1,1,1,1,1,0,1,0,1,1,1,0,1,1,1,1,0,1,1,1,1,0,0,1,1,1,1,1,1,1,1,1,1,1,0,1,1,0,0,1,1,1,1,1,1,1,1,1,1,1,1,1,1,1,1,1,1,1,1,1,1,1,1,1,1,1,1,1,1,1,1,1,1,1,1,1,1,1,1,1,1,1,1,0,0,0,1,1,1,1,0,1,1,0,0,1,0,1,1,1,1
12
3,3,3,3,3,3,3,3,3,11,11,11,71,71,19,67,26,5,32,32,32,12,12,53,28,14,14,13,13,13,13,72,21,20,74,50,34,47,16,16,16,16,16,39,70,38,38,73,15,17,17,17,63,22,22,22,22,22,31,31,10,10,10,10,10,60,49,23,23,23,4,4,4,4,4,4,4,4,4,4,4,4,4,4,4,4,4,4,4,4,4,18,18,18,27,33,33,8,8,8,8,8,8,8,8,8,8,8,8,8,8,8,8,8,8,48
1,1,0,0,1,1,1,1,1,0,1,1,1,1,1,1,1,1,1,1,1,1,1,1,1,0,1,1,0,1,1,1,1,1,1,1,1,1,1,1,1,1,1,1,0,0,1,1,1,1,1,1,0,1,0,1,1,1,0,0,1,1,1,1,1,1,1,0,0,1,1,1,1,1,1,1,1,1,1,1,1,1,1,1,1,1,1,1,1,1,1,1,1,1,1,1,1,0,0,1,1,0,1,0,1,0,0,0,0,0,0,1,0,0,1,1
13
3,3,29,19,19,23,23,24,37,27,26,11,11,11,11,11,11,30,15,15,15,15,13,13,13,13,13,13,25,75,20,20,21,50,34,43,43,52,16,46,46,46,38,38,14,17,17,17,59,59,22,22,31,10,10,10,10,40,49,18,18,18,18,18,4,4,4,4,4,4,4,4,4,4,4,4,4,4,4,4,4,4,4,4,4,4,4,4,4,4,47,32,32,32,32,32,33,33,8,8,8,8,8,8,8,8,8,8,8,8,8,8,8,8,8,8,48
0,0,1,0,1,0,0,0,1,1,1,1,1,0,1,1,1,1,1,1,1,1,1,1,1,1,1,1,1,1,1,1,1,1,1,1,0,0,1,1,1,1,1,1,1,1,1,1,1,1,0,0,1,1,1,1,1,1,1,0,1,1,1,1,1,1,1,1,1,1,1,1,1,1,1,1,1,1,1,1,1,1,1,1,1,1,1,1,1,1,1,1,0,1,1,1,1,0,1,1,0,1,1,0,0,1,1,0,0,0,0,0,1,1,1,1,1
14
3,11,11,11,11,11,23,23,23,23,5,5,39,12,28,15,15,15,13,13,13,13,13,13,25,25,20,20,20,43,62,16,16,16,73,17,17,17,22,22,22,38,10,10,10,4,4,4,4,4,4,4,4,4,4,4,4,4,4,4,4,4,4,4,4,77,18,18,18,18,27,27,27,76,49,49,8,8,8,8,8,8,8,8,8,8,8,8,8,8
0,1,0,1,1,1,0,1,0,1,1,1,1,1,1,0,1,0,1,1,0,1,1,1,1,1,0,1,1,1,1,1,0,1,1,1,1,0,0,1,1,1,0,0,1,1,1,1,1,1,1,1,1,1,1,1,1,1,1,1,1,1,1,1,1,1,1,1,1,1,1,1,1,0,1,1,1,1,0,1,1,1,1,1,1,1,1,1,1,1
15
3,3,3,3,3,3,11,11,11,90,5,5,5,87,87,12,10,10,10,10,10,10,10,10,14,13,13,13,13,80,91,20,20,20,20,21,21,50,50,50,16,16,16,16,24,84,84,65,65,65,17,17,17,63,2,2,60,23,23,28,79,78,8,8,8,8,8,8,8,8,8,8,8,8,7,89,67,67,67,1,1,1,1,66,53,58,82,82,15,92,22,22,38,81,86,88,4,4,4,4,4,18,18,18,18,27,27,85,33,33,33,83,9
0,1,0,0,0,1,1,1,1,1,1,1,1,1,1,1,1,1,1,1,1,1,0,1,1,1,0,0,1,1,1,0,0,1,0,1,1,1,1,1,1,0,1,1,0,1,1,1,1,1,1,1,0,1,1,1,1,0,0,1,1,1,0,0,1,1,1,0,0,0,1,0,1,0,1,1,1,1,0,1,1,1,1,1,1,1,1,0,1,1,1,0,1,0,0,1,1,1,1,1,1,1,1,1,1,1,1,1,1,1,1,1,1
16
3,3,11,11,11,11,11,11,19,19,23,23,23,23,23,39,5,5,1,1,12,12,40,57,13,13,13,13,25,20,50,34,55,47,16,16,16,16,16,16,16,4,4,4,4,4,4,4,4,4,4,4,4,4,4,4,4,4,4,38,15,15,15,14,14,17,17,17,17,22,22,31,31,10,10,10,10,10,10,10,56,28,18,18,18,32,32,49,33,33,8,8,8,8,8,8,8,8,8,8,8,8,8,8,8,8,8,8,8,9,9
1,1,1,0,1,0,0,1,0,1,0,0,0,0,1,0,1,1,1,1,0,1,1,1,0,1,1,1,1,0,1,0,1,1,0,1,1,1,1,1,0,1,1,1,1,1,1,1,1,1,1,1,1,1,1,1,1,1,1,1,1,1,1,1,1,1,1,1,0,0,1,0,0,0,1,1,1,1,1,1,1,1,1,1,1,1,1,1,1,1,0,0,0,1,1,1,0,1,1,0,1,1,1,1,1,1,0,1,1,1,1
17
3,3,3,3,3,3,11,11,11,11,69,69,19,23,23,5,5,27,26,26,26,40,43,43,93,14,14,14,14,13,13,13,13,4,4,4,4,4,4,4,4,4,4,4,4,4,4,4,4,4,4,4,4,4,4,4,36,20,50,1,47,16,16,16,16,70,15,15,88,17,17,17,17,17,22,22,38,38,10,10,60,28,18,18,18,18,18,32,32,32,32,8,8,8,8,8,8,8,8,8,8,8,8,8,8,8,8,48
0,0,0,1,0,0,0,0,1,1,1,1,0,0,0,1,1,1,1,1,0,1,1,1,1,1,1,1,1,0,1,1,1,1,1,1,1,1,1,1,1,1,1,1,1,1,1,1,1,1,1,1,1,1,1,1,1,0,1,1,0,0,1,1,1,0,1,1,0,1,1,1,1,0,0,0,1,1,1,1,0,0,1,1,1,1,1,1,1,1,1,1,0,0,0,1,0,1,1,1,1,1,0,0,0,0,1,0
18
3,3,3,3,3,7,7,23,23,23,38,38,5,26,11,11,11,11,11,11,28,15,15,15,15,15,15,13,13,13,13,36,36,20,20,20,21,43,95,16,16,16,16,50,17,22,22,22,2,10,10,10,10,60,4,4,4,4,4,4,4,4,4,4,4,4,4,4,4,4,94,18,18,18,27,27,33,8,8,8,8,8,8,8,8,8,8,8,8,8
1,0,0,0,0,1,1,0,1,0,1,0,1,0,0,1,1,1,1,1,1,0,0,0,1,1,0,0,1,1,0,0,1,1,1,1,1,1,1,0,0,1,1,1,1,0,1,1,1,1,1,1,0,1,1,1,1,1,1,1,1,1,1,1,1,1,1,1,1,1,0,1,0,1,1,1,1,1,1,1,1,1,1,1,1,1,0,1,1,1
19
3,3,3,3,3,3,3,3,3,3,3,3,3,3,3,3,3,3,11,11,23,23,23,37,27,40,53,30,15,15,15,13,4,4,4,4,4,4,4,4,4,4,4,4,4,4,4,4,4,4,4,4,4,4,4,4,4,96,20,43,43,34,34,16,16,16,46,46,98,14,17,17,17,17,17,22,22,31,10,10,56,97,28,18,18,18,18,32,32,99,33,33,8,8,8,8,8,8,8,8,8,8,8,8,8,8,8,8,8,8,48
1,1,1,0,1,1,1,1,1,0,1,1,1,1,0,0,0,1,1,0,0,0,0,0,1,1,0,1,1,1,1,0,1,1,1,1,1,1,1,1,1,1,1,1,1,1,1,1,1,1,1,1,1,1,1,1,0,1,1,1,1,1,0,0,0,1,0,1,1,1,1,0,1,1,1,0,0,0,0,1,1,0,1,1,1,1,1,1,0,1,1,1,0,0,1,0,1,1,0,1,1,1,1,1,1,0,1,0,1,1,0
20
3,3,3,3,3,3,7,19,19,23,23,23,23,23,23,23,23,23,104,5,32,32,32,32,11,11,11,11,11,53,10,10,10,58,57,13,13,13,13,13,13,25,101,20,20,21,21,21,21,43,43,43,34,34,50,16,16,16,16,16,16,16,15,15,15,15,46,100,102,35,14,17,17,17,103,22,22,22,31,31,81,40,4,4,4,4,4,4,4,4,4,4,4,4,4,4,4,4,4,18,18,18,18,27,27,76,8,8,8,8,8,8,8,8,8,8,8,8,8,8,8,8,8,8
0,0,0,0,1,0,1,1,1,0,0,0,0,0,0,0,0,0,1,1,1,1,1,1,1,1,1,1,1,1,0,1,1,0,1,0,1,1,1,1,1,1,1,0,1,1,1,1,1,1,0,1,1,0,1,1,1,1,1,1,0,1,1,1,0,1,1,0,0,1,1,0,1,1,1,0,1,1,0,0,1,1,1,1,1,1,1,1,1,1,1,1,1,1,1,1,1,1,1,1,1,1,1,0,1,0,0,1,0,1,1,1,0,1,1,1,1,1,0,0,0,0,0,1
21
11,11,11,11,19,19,23,23,23,5,32,32,32,12,40,57,13,13,13,13,25,20,21,21,50,50,43,43,52,16,16,16,16,16,46,4,4,4,4,4,4,4,4,4,4,4,4,4,4,4,4,4,4,4,4,4,4,4,4,4,4,4,4,4,15,15,15,15,14,14,17,17,17,17,22,22,38,38,10,10,10,10,10,18,18,18,28,47,27,8,8,8,8,8,8,8,8,8,8,8,8,8,8,8,8,8,8,48
0,0,1,1,0,0,0,0,0,1,1,0,1,1,1,0,0,1,0,1,0,1,1,1,0,1,1,1,1,1,1,1,1,0,1,1,1,1,1,1,1,1,1,1,1,1,1,1,1,1,1,1,1,1,1,1,1,1,1,1,1,1,1,1,1,1,0,1,1,1,0,1,1,1,0,1,1,0,0,1,1,0,1,1,1,1,1,1,1,0,0,1,0,1,1,0,1,1,1,1,0,1,0,0,1,1,1,1
22
107,107,11,11,11,11,11,11,11,11,11,5,5,5,5,5,5,5,26,26,26,14,14,13,13,13,13,13,13,13,25,20,20,20,43,34,55,52,16,16,16,16,16,16,16,16,16,17,17,17,17,2,2,30,97,28,47,1,1,1,1,1,32,108,8,8,8,8,8,8,8,8,8,8,8,8,8,8,8,8,8,8,8,8,8,8,8,8,8,8,8,8,8,8,8,48,18,18,18,18,29,23,23,23,23,23,23,23,12,12,45,45,45,45,40,57,82,106,46,46,22,22,31,10,10,10,10,10,10,10,10,56,105,105,4,4,4,4,4,4,4,4,4,4,49,27,27,27,27,54,33,33,33,83,9
1,1,0,1,0,1,1,1,0,1,0,1,1,1,1,1,1,1,1,1,1,1,1,1,1,1,1,1,1,0,1,0,1,0,0,1,1,1,1,0,1,1,1,0,0,1,1,1,1,1,1,1,1,1,1,1,0,1,1,1,1,1,1,0,0,0,1,0,1,1,1,1,0,0,0,0,1,1,1,1,1,0,0,1,0,0,0,0,1,0,1,1,1,0,0,0,1,1,1,1,1,0,0,0,0,0,0,0,1,1,1,1,1,1,1,0,1,1,1,1,0,0,0,1,0,1,1,1,1,1,1,1,1,1,1,1,1,1,1,1,1,1,1,1,1,1,1,1,1,0,1,0,1,1,1
23
3,3,3,3,3,11,11,11,61,69,19,19,23,23,23,23,12,37,27,26,29,109,58,15,15,105,110,20,20,21,43,43,82,82,1,47,16,16,16,39,46,35,17,17,17,17,17,22,22,22,22,31,31,10,10,18,18,4,4,4,4,4,4,4,4,4,4,4,4,4,4,4,4,4,4,4,4,4,111,32,32,32,32,33,33,33,8,8,8,8,8,8,8,8,8,8,8,8,8,9
1,0,0,0,0,0,0,0,1,0,1,1,0,0,0,0,1,1,1,0,1,0,0,1,1,1,1,0,0,1,1,1,0,0,1,1,1,1,1,1,1,1,0,1,1,1,1,0,0,1,1,0,0,1,1,1,1,1,1,1,1,1,1,1,1,1,1,0,1,1,1,1,1,1,1,1,1,1,1,1,1,1,1,1,0,1,1,1,1,1,1,1,0,0,1,1,1,0,1,1
24
3,3,3,3,107,11,19,19,19,23,23,23,38,5,5,5,1,1,1,26,53,113,28,57,13,13,13,13,13,13,25,25,20,20,21,21,21,21,21,43,43,34,95,16,16,16,15,15,15,15,15,46,46,46,70,50,35,65,17,17,17,22,22,31,10,10,10,33,33,33,112,4,4,4,4,4,4,4,4,4,4,4,4,18,18,18,18,18,18,18,14,14,27,114,54,32,32,32,32,8,8,8,8,8,8,8,8,8,8,8,8,8,8,8,8,8,8
0,0,0,0,1,0,1,1,1,0,0,0,1,1,1,1,1,1,1,0,1,1,1,1,0,1,0,0,1,1,1,1,0,0,1,1,1,1,1,1,0,1,0,1,0,0,1,1,1,1,1,1,1,0,1,1,1,0,0,1,1,0,0,0,1,0,1,1,0,1,0,1,1,1,1,1,1,1,1,1,1,1,1,1,1,1,1,1,1,1,1,1,0,0,1,0,1,1,1,0,1,0,1,0,1,0,1,0,0,0,0,0,0,1,1,1,0
25
3,3,7,23,23,23,5,5,39,66,11,11,11,11,15,15,15,15,15,15,15,13,13,13,13,4,4,4,4,4,4,4,4,4,4,4,4,4,4,4,4,110,50,82,82,55,16,84,17,17,2,2,2,10,10,10,10,10,10,56,115,18,18,18,83,1,1,1,48,8,8,8,8,8,8,9,9
1,0,1,1,1,0,1,1,1,1,0,0,1,1,1,1,1,1,0,1,1,1,1,1,1,1,1,1,1,1,1,1,1,1,1,1,1,1,1,1,0,1,1,1,0,0,1,0,0,1,1,1,1,1,1,1,1,1,0,1,1,1,1,1,1,1,1,1,0,1,1,0,0,1,1,1,1
26
3,3,3,11,11,11,11,11,11,119,23,23,38,37,1,1,116,40,53,53,58,15,15,13,13,13,13,118,20,20,20,21,21,21,21,21,21,50,50,34,52,16,16,46,100,35,14,17,17,17,17,17,117,22,22,22,31,31,10,10,10,10,10,10,10,33,18,18,18,18,18,18,28,4,4,4,4,4,4,4,4,4,4,4,4,4,4,111,47,27,27,27,27,32,32,49,49,49,120,8,8,8,8,8,8,8,8,8,8,8,8,8,8,8,8,48
1,0,1,0,1,1,0,1,1,1,0,0,1,1,1,1,1,1,1,0,0,1,0,0,1,1,1,1,0,1,0,0,0,1,1,1,1,0,1,1,0,1,1,1,1,1,1,1,1,1,1,1,0,1,1,1,0,1,1,1,1,1,0,1,1,1,1,1,1,1,1,1,0,1,1,1,1,1,1,1,1,1,1,1,1,1,1,1,0,1,0,1,1,1,1,1,1,1,1,0,1,0,0,1,0,1,0,1,1,1,1,1,1,1,1,0
27
3,3,11,11,11,11,11,11,11,4,4,4,4,4,4,4,4,4,4,4,4,4,121,10,10,10
0,0,0,1,0,1,1,1,1,1,1,1,1,1,1,1,1,1,1,1,1,0,1,0,1,1
28
3,3,3,3,3,3,7,69,23,23,23,23,23,23,23,31,31,5,5,5,5,5,5,5,5,5,5,5,1,1,1,1,12,11,11,11,11,11,30,28,57,13,13,13,13,13,25,20,20,20,20,20,21,43,43,34,50,16,16,16,16,16,16,16,16,16,46,46,38,38,15,15,14,14,17,17,17,17,22,22,22,2,2,2,2,10,10,10,10,40,33,4,4,4,4,4,4,18,18,18,35,27,32,37,8,8,8,8,8,8,8,8,8,8,8,8,8,8,8,8,8,8,9
1,0,1,0,1,1,1,1,0,0,0,0,0,0,0,0,0,1,1,1,1,1,1,1,1,1,1,1,1,1,1,1,0,1,0,1,1,1,1,1,1,1,1,1,1,1,1,1,1,1,1,1,0,1,1,1,0,1,0,1,1,1,0,0,1,0,0,1,1,1,1,1,1,1,1,1,1,1,0,1,1,1,1,1,1,0,1,1,1,1,0,1,1,1,1,1,1,1,1,1,1,0,1,1,0,0,0,0,1,1,1,1,1,0,0,1,0,0,0,1,1,1,1
29
3,3,3,3,7,19,19,19,19,19,23,23,23,23,23,23,5,32,32,32,26,11,11,11,11,11,57,13,13,13,13,13,13,13,20,43,34,52,16,16,16,15,15,46,46,35,14,17,17,17,17,17,10,10,10,10,10,60,56,67,67,4,4,4,4,4,4,4,4,18,18,18,27,33,8,8,8,8,8,8,8,8,8,8,48
1,1,0,1,1,0,1,1,1,0,0,0,0,0,0,0,1,1,1,1,0,1,1,1,1,1,0,1,1,1,1,1,1,1,0,1,1,0,1,0,1,1,1,1,1,1,1,0,1,1,1,1,1,1,1,0,0,0,1,1,1,1,1,1,1,1,1,1,1,1,1,1,0,1,0,0,1,0,0,0,1,1,0,1,0
30
3,3,3,3,3,11,11,11,11,11,11,19,19,5,5,5,5,5,5,5,5,5,5,26,15,15,15,15,15,15,13,13,13,13,13,13,25,96,20,20,21,21,50,34,34,55,43,52,16,16,16,16,16,16,68,35,65,65,65,17,17,17,2,2,2,28,97,64,18,18,18,47,47,1,1,1,37,8,8,8,8,8,8,8,8,8,8,8,8,8,8,8,8,48,7,7,67,67,32,32,32,58,58,58,57,95,46,122,14,22,22,38,10,10,10,4,4,4,40,27,27,27,27,23,23,23,23,23,54,33,9,9
0,0,0,0,0,0,1,1,1,1,1,1,1,1,1,1,1,1,1,1,1,1,1,0,1,1,1,1,1,1,0,1,1,1,1,0,1,0,1,1,1,1,1,1,1,1,1,0,1,1,1,1,1,1,1,1,1,1,1,0,1,1,1,1,1,1,0,1,1,1,1,1,1,1,1,1,1,0,0,1,1,0,1,1,1,1,1,1,1,0,1,0,0,0,1,1,1,1,1,0,0,1,1,1,0,0,0,0,1,0,1,1,0,0,1,1,1,1,1,0,1,1,1,0,0,0,0,0,1,0,1,1
31
3,3,3,3,3,3,3,3,3,3,3,3,3,18,18,18,11,11,11,11,19,23,12,12,5,5,1,1,1,26,26,17,17,30,14,13,13,13,13,4,4,4,4,4,4,4,4,4,4,20,20,20,20,21,21,21,21,21,21,21,21,21,21,21,21,21,43,52,16,16,16,16,92,63,22,22,22,31,10,10,97,28,47,27,27,32,8,8,8,8,8,8,8,8,8,8,8,8,8,8,8,8,8,48
1,1,1,1,1,1,0,1,0,0,0,1,1,0,0,1,1,1,1,1,1,1,1,1,1,0,1,1,1,1,0,0,0,0,0,1,1,1,1,1,1,1,1,1,1,1,1,1,0,0,1,1,1,1,1,1,1,1,1,1,1,1,1,0,1,0,0,1,0,0,1,0,1,0,0,1,1,0,1,1,1,1,1,1,1,0,1,1,0,0,0,1,1,0,1,1,1,1,1,1,1,1,0,0
32
3,3,7,42,19,19,19,23,23,5,5,5,5,5,2,11,11,11,11,10,10,10,13,13,13,13,4,4,4,4,4,4,4,4,4,1,1,78,16,16,16,33,8,8,9,9
1,1,1,0,1,1,1,0,0,1,1,1,1,1,1,0,1,0,1,0,1,0,0,1,1,1,1,1,1,1,1,1,1,1,1,1,1,0,1,1,1,1,0,0,1,1
33
3,3,7,7,7,7,19,19,23,23,23,23,38,38,5,5,5,5,5,5,5,5,5,5,5,5,5,27,12,12,11,11,11,11,14,13,13,13,13,13,13,25,20,20,21,47,16,16,15,15,15,65,17,17,22,22,22,2,2,2,2,2,10,10,10,10,88,4,4,4,18,18,18,1,1,1,1,1,1,1,1,8,8,8,8,8,8,8,8,8,8,8,8,8,9
1,0,1,1,1,1,1,1,1,0,0,0,1,1,1,1,1,1,1,1,1,1,1,1,1,1,1,0,0,1,0,1,1,1,1,0,1,1,1,1,1,0,1,1,1,1,1,1,1,1,1,1,1,1,0,0,1,1,1,1,1,1,1,1,1,1,1,1,1,1,1,1,1,1,1,1,1,1,1,1,1,0,1,0,1,1,1,1,1,0,1,0,0,1,1
34
29,56,19,19,19,19,23,38,38,5,1,26,26,11,11,11,11,11,123,58,15,15,13,13,13,13,25,25,27,20,20,20,43,43,34,34,55,50,50,50,47,47,16,16,16,16,16,24,14,14,17,17,17,17,17,17,22,22,22,31,31,10,10,10,10,10,33,33,4,4,4,4,4,4,4,4,4,4,4,4,4,4,4,4,4,4,4,4,4,4,4,4,4,4,18,18,18,18,18,18,18,45,46,32,32,8,8,8,8,8,8,8,8,8,8,8,8,8,8,8,8,9
1,1,1,1,1,1,0,1,0,1,1,0,1,0,1,1,1,1,1,1,1,0,0,1,1,0,0,1,1,1,1,1,1,1,1,1,0,1,1,1,1,1,1,1,1,1,1,0,1,1,0,1,0,1,1,1,0,1,0,0,1,1,1,1,1,1,1,1,1,1,1,1,1,1,1,1,1,1,1,1,1,1,1,1,1,1,1,1,1,1,1,1,1,0,1,1,1,1,1,1,1,1,0,1,1,0,0,1,0,1,1,0,1,1,1,0,0,0,0,1,0,1
35
11,11,11,19,19,23,23,23,23,23,31,31,27,27,12,12,40,28,57,13,13,13,13,13,25,72,20,20,21,50,55,1,1,1,1,47,16,16,16,16,16,16,16,15,15,15,15,15,46,46,38,35,14,17,17,17,17,22,22,22,2,10,10,10,10,10,56,115,4,4,4,4,4,4,4,4,4,4,4,4,4,4,4,4,18,18,18,18,18,18,18,32,32,32,32,32,33,33,8,8,8,8,8,8,8,8,8,8,8,8,8,8,8,8,8,48
0,1,1,1,1,0,0,0,0,0,0,1,0,1,1,0,1,1,0,0,1,1,1,1,1,1,0,0,1,0,1,1,1,1,1,1,0,0,1,1,1,1,1,1,1,1,1,1,1,1,1,1,1,0,1,1,1,0,1,0,1,1,1,1,1,1,1,1,1,1,1,1,1,1,1,1,1,1,1,1,1,1,1,1,1,1,1,1,1,1,1,1,1,1,1,1,0,1,1,0,0,1,1,1,0,1,1,1,1,1,1,0,1,1,1,0
36
3,3,3,3,3,3,3,3,3,3,3,3,3,3,3,3,3,3,3,3,3,3,3,3,3,3,21,21,4,4,4,4,4,4,8,8,82
1,0,1,1,1,1,0,0,1,1,1,1,1,1,1,0,1,1,1,1,1,0,0,1,0,1,1,1,1,1,1,1,1,1,1,1,0
37
11,11,11,11,79,69,19,19,23,23,23,23,38,5,32,32,32,32,26,26,40,53,15,15,15,15,13,13,13,13,25,25,20,21,21,21,21,21,21,21,43,34,34,67,47,16,16,16,16,16,46,4,4,4,4,4,4,4,4,4,4,4,4,4,4,4,4,4,4,4,4,4,4,97,14,14,17,17,17,22,22,22,31,10,10,10,10,10,126,56,125,28,18,18,18,18,27,27,27,99,124,49,49,33,8,8,8,8,8,8,8,8,8,8,8,8,8,8,8,8,8,35
1,0,1,1,1,0,1,1,0,0,1,0,1,1,1,1,1,1,1,0,0,1,1,1,1,1,1,0,1,1,1,1,1,1,1,1,1,1,1,1,1,1,0,1,1,1,1,1,1,0,1,1,1,1,1,1,1,1,1,1,1,1,1,1,1,1,1,1,1,1,1,1,1,0,1,0,1,1,1,0,1,0,0,0,1,1,1,1,1,1,1,0,1,1,1,0,0,1,1,1,1,1,1,1,0,1,0,1,1,1,1,0,0,1,1,1,0,0,1,1,1,1
38
19,23,26,5,5,5,5,5,39,12,41,28,13,13,13,13,21,74,50,47,16,16,16,16,38,38,65,17,17,17,63,22,22,22,2,2,10,60,49,4,4,4,18,1,1,1,1,1,1,127,33,8,8,8,9
1,0,1,1,1,1,1,1,1,1,0,1,1,1,1,1,1,1,1,1,1,1,1,1,1,1,0,1,1,1,1,0,1,0,1,1,1,1,1,1,1,1,1,1,1,1,1,1,1,0,1,1,0,1,1
39
3,3,3,11,11,11,11,11,19,19,19,23,23,41,15,15,13,13,13,4,4,4,4,4,4,4,4,4,4,4,4,4,4,4,4,4,4,4,4,4,4,20,20,21,43,50,50,47,16,16,16,16,14,17,17,17,17,22,22,22,10,10,10,10,10,10,28,18,18,128,1,33,8,8,8,8,8,8,8,8,8,8,8,8,8,8
1,0,0,1,0,1,1,1,1,1,1,0,0,1,1,1,1,1,1,1,1,1,1,1,1,1,1,1,1,1,1,1,1,1,1,1,1,1,1,1,1,0,1,1,1,1,1,1,0,0,1,1,1,0,1,1,1,1,1,1,0,1,1,0,1,1,1,1,1,1,1,1,0,0,0,1,1,1,1,1,1,1,1,1,1,1
40
131,4,4,4,4,4,38,38,42,31,47,22,130,30,40,18,18,58,97,105,129,17,20,20,52,50,99,8,8,8,8,8
1,1,1,1,1,1,1,1,1,1,1,0,0,1,1,1,1,0,1,1,1,1,1,0,1,1,1,1,1,1,1,0
41
3,3,3,3,11,11,11,11,11,23,23,23,23,23,5,1,1,12,118,15,13,13,13,13,13,13,13,132,20,20,20,21,43,67,16,16,16,16,16,84,14,17,22,22,38,38,10,10,115,101,4,4,4,4,4,4,4,4,4,4,4,4,4,4,4,4,4,4,4,18,18,18,27,27,27,133,133,49,49,49,8,8,8,8,8,8,8,8,8,8,8,8,8,8,8,9,9
0,0,1,0,1,0,1,1,1,0,0,0,0,0,1,1,1,0,1,1,1,1,1,1,1,0,0,1,0,1,1,1,0,1,1,1,1,1,1,1,1,1,1,0,1,1,1,1,0,1,1,1,1,1,1,1,1,1,1,1,1,1,1,1,1,1,1,1,1,1,1,1,1,1,0,1,1,0,1,1,0,0,1,1,1,1,1,1,1,1,1,1,1,0,0,1,1
42
3,7,7,19,19,23,23,23,26,5,32,32,32,12,12,12,11,11,11,15,15,15,15,13,13,13,13,13,25,25,20,20,21,21,21,21,50,50,50,34,55,43,43,47,16,16,46,134,134,38,38,14,17,17,17,17,17,17,2,2,10,10,10,10,57,4,4,4,4,4,4,4,4,4,4,4,18,18,18,18,27,27,48,33,8,8,8,8,8,8,8,8,8,8,8,8,8,8,8,8,8,8,9,9
1,1,1,1,1,0,0,0,1,1,1,1,1,1,1,1,0,1,0,1,1,1,1,0,1,0,0,0,1,1,0,1,1,1,1,1,1,1,1,1,0,1,1,1,1,1,1,0,1,1,1,1,0,1,1,1,1,1,1,1,1,0,0,1,1,1,1,1,1,1,1,1,1,1,1,1,1,1,1,1,1,1,1,1,1,1,1,0,0,0,1,1,1,0,1,1,1,0,0,1,1,0,1,1
43
11,11,11,11,135,19,19,19,23,23,23,23,23,23,5,32,32,53,14,14,13,13,13,13,13,25,20,20,21,21,21,21,21,21,21,43,34,34,55,50,52,16,16,16,16,16,16,15,46,46,46,4,4,4,4,4,4,4,4,4,4,4,4,4,4,4,4,4,4,4,4,4,4,4,35,17,17,17,17,22,22,31,31,10,10,10,10,10,10,56,56,18,18,28,40,40,1,49,33,33,33,33,8,8,8,8,8,8,8,8,8,8,8,8,8,8,8,8,8,8,8
1,1,0,1,1,1,1,1,0,0,0,0,0,0,1,1,1,1,0,1,0,1,1,1,0,1,0,0,1,1,1,1,1,1,1,1,1,0,1,1,1,0,0,1,1,1,1,1,1,1,1,1,1,1,1,1,1,1,1,1,1,1,1,1,1,1,1,1,1,1,1,1,1,1,1,1,1,1,1,0,1,0,1,0,0,1,0,1,0,0,1,1,1,0,1,1,1,1,1,1,1,0,0,1,0,1,1,0,1,0,1,1,0,0,1,0,0,1,0,1,1
44
3,3,3,3,7,23,31,5,5,5,5,5,5,5,5,5,5,32,12,11,11,11,11,11,11,10,10,10,10,10,10,10,15,15,15,13,13,13,13,25,27,20,21,21,21,43,43,34,55,50,16,16,46,46,4,4,4,4,38,38,37,35,14,14,17,17,17,17,17,117,22,22,2,2,2,113,40,49,49,28,18,18,18,18,18,18,1,1,1,33,33,33,8,8,8,8,8,8,8,8,8,8,8,8,8,8,8,8,9,9
1,0,1,0,1,0,0,1,1,1,1,1,1,1,1,1,1,1,1,1,0,0,1,1,1,1,1,1,1,0,1,1,1,1,1,0,1,0,1,1,1,0,1,1,1,1,0,1,1,1,1,0,1,1,1,1,1,1,1,1,1,1,1,1,1,1,1,1,1,0,1,1,1,1,1,0,1,1,1,0,1,1,1,1,1,1,1,1,1,1,1,1,1,1,0,1,0,1,1,0,1,1,1,1,0,0,0,0,1,1
45
3,3,3,11,11,11,11,11,11,19,19,23,23,23,23,45,26,57,13,13,13,13,13,25,20,20,20,20,21,21,21,21,21,21,21,21,21,21,43,43,34,55,47,16,16,15,15,15,15,46,4,4,4,4,4,4,4,4,4,4,4,4,4,4,35,14,14,14,17,17,17,22,22,22,31,10,10,10,10,10,28,77,77,18,32,54,33,33,8,8,8,8,8,8,8,8,8,8,8,8,8,8,8,8
0,0,0,1,0,1,1,1,1,1,1,0,0,0,0,0,1,0,0,1,1,1,1,1,0,0,0,0,1,1,1,1,1,1,1,1,1,1,0,0,1,1,1,0,1,1,1,1,1,1,1,1,1,1,1,1,1,1,1,1,1,1,1,1,1,1,1,1,0,1,1,1,1,0,0,1,1,1,1,0,1,0,1,1,1,0,0,1,0,0,1,1,1,1,1,1,0,1,1,0,0,0,0,0
46
11,11,11,11,11,13,13,13,13,13,23,2,2,2,5,5,5,5,5,12,7,10,10,10,88,6,1,1,1,1,1,21,21,8,8,16
1,0,0,1,1,0,1,1,1,1,0,1,1,1,1,1,1,1,1,0,1,1,1,1,0,1,1,1,1,1,1,1,1,0,1,0
47
3,3,11,11,11,11,79,23,23,23,23,23,23,38,5,5,5,5,5,5,27,12,7,53,25,15,15,15,15,13,13,13,13,4,4,4,4,4,75,20,21,21,43,47,16,16,16,16,84,14,17,17,17,22,22,22,2,2,10,10,60,6,28,18,18,18,18,1,1,1,1,1,8,8,8,8,8,8,8,8,8,8,8,8,8,8,8,9,9
1,1,1,1,1,1,1,0,1,1,0,0,0,1,1,1,1,1,1,1,0,0,1,1,1,1,1,1,1,1,1,1,1,1,1,1,1,1,1,1,1,1,1,0,0,1,1,1,1,0,0,1,1,0,1,1,1,1,1,1,0,1,1,1,1,1,1,1,1,1,1,1,0,0,0,1,0,0,0,1,1,0,0,1,1,1,1,1,1
48
3,3,3,3,3,3,3,3,3,3,3,3,3,3,3,3,3,3,3,3,3,3,3,3,3,3,3,3,3,3,3,3,3,3,3,3,3,3,3,3,3,3,3,3,3,3,3,3,3,3,3,3,3,3,3,3,3,3,3,3,3,3,3,3,3,3,3,3,3,3,3,3,3,3,3,3,23,92,22,22,22,12,12,65,4,4,4,80,27,20,21,21,8,8,8,8,8,8,8,8,8,8,8,8,8,8,8,8,8,8
0,1,1,0,0,0,0,0,1,0,0,0,1,1,1,0,1,1,0,1,0,0,0,0,1,0,0,1,0,1,1,0,0,1,0,1,1,1,0,0,0,0,0,0,1,1,1,0,0,1,0,0,1,1,1,1,1,1,1,1,0,1,1,1,1,1,1,1,1,1,1,0,1,1,1,1,0,1,1,1,1,1,1,1,1,1,1,0,1,0,1,1,0,0,1,0,1,0,1,0,0,0,0,1,0,0,1,1,1,1
49
3,11,11,11,11,71,19,23,23,23,23,23,23,23,23,23,23,23,5,5,5,32,32,12,40,53,14,14,13,13,13,13,13,13,25,20,20,20,20,21,21,21,21,43,43,43,34,34,55,47,16,16,16,16,16,16,16,16,16,15,15,15,46,46,4,4,4,4,4,4,4,4,4,4,4,4,4,4,4,35,17,17,22,22,22,38,38,10,10,10,6,28,18,18,18,18,27,27,27,99,99,48,33,33,33,8,8,8,8,8,8,8,8,8,8,8,8,8,8,8,8,8,8,8,8,9
0,0,1,1,1,0,0,0,0,0,0,0,0,0,0,0,0,0,1,1,1,1,1,0,1,1,1,1,1,1,1,1,1,1,1,1,1,1,1,1,1,1,1,1,1,1,1,1,1,1,1,1,1,1,1,1,1,1,1,1,1,1,1,1,1,1,1,1,1,1,1,1,1,1,1,1,1,1,1,1,0,1,0,1,0,1,1,1,1,1,1,1,1,1,1,1,0,1,1,1,1,1,1,1,1,1,1,0,1,0,1,1,1,1,0,1,1,1,1,1,1,0,1,1,1,1
50
3,3,3,3,11,11,11,11,11,19,23,23,23,23,23,38,1,12,29,53,41,28,15,15,15,15,13,13,13,13,13,25,25,49,20,20,20,21,21,21,21,43,43,34,55,50,50,16,16,16,16,16,16,16,16,16,46,136,35,65,17,17,17,117,22,22,22,31,31,10,10,10,10,10,56,4,4,4,4,4,4,4,4,4,4,4,4,4,4,4,4,4,4,4,4,4,4,4,4,4,4,18,18,18,14,14,27,27,32,32,32,54,33,33,33,8,8,8,8,8,8,8,8,8,8,8,8,8,8,8,8,8,8,48
0,0,0,0,1,1,1,1,1,1,1,0,0,0,0,1,1,1,1,1,1,1,1,1,1,1,0,1,1,1,1,1,1,1,1,1,1,1,1,1,1,1,1,1,1,1,1,1,1,1,1,0,0,0,1,0,1,1,1,1,1,1,1,1,1,1,0,0,1,0,1,1,1,1,1,1,1,1,1,1,1,1,1,1,1,1,1,1,1,1,1,1,1,1,1,1,1,1,1,1,1,0,1,1,1,0,1,1,1,1,1,0,1,1,1,1,1,0,0,1,1,1,1,1,1,1,1,1,1,0,0,1,0,1
51
7,7,23,23,23,23,5,5,5,5,5,5,12,12,11,11,11,11,11,11,28,15,15,15,15,13,13,13,25,25,25,110,20,20,21,47,16,16,137,14,17,22,22,22,2,2,10,92,4,4,4,4,4,94,18,1,1,1,8,8,8,8,8,8,8,8,8,8,8,8,8,9
1,1,1,1,0,0,1,1,1,1,1,1,1,1,0,1,1,0,1,1,0,0,1,1,1,1,1,1,1,1,1,1,0,0,1,1,1,0,1,1,1,0,1,0,1,1,1,0,0,1,1,1,1,1,1,1,1,1,1,0,1,1,0,0,0,0,1,0,0,1,1,1
52
3,7,7,71,23,23,23,23,23,23,104,5,5,5,5,5,5,5,1,1,1,1,66,11,11,11,11,53,28,15,15,15,15,15,13,13,13,13,13,13,25,20,21,50,50,43,52,16,16,16,65,17,17,47,22,22,22,2,2,2,10,10,10,4,4,4,18,18,18,27,27,27,8,8,8,8,8,8,8,8,8,8,8,8,8,8,8,9,9
0,1,1,1,0,0,0,1,0,0,1,1,1,1,1,1,1,1,1,1,1,1,1,0,1,1,1,1,1,1,1,1,1,1,1,1,1,1,1,0,1,0,1,0,1,1,0,1,1,1,0,1,1,1,0,1,0,1,1,1,1,1,1,1,1,1,1,1,1,0,1,1,1,1,1,1,1,0,1,0,1,0,0,1,1,1,0,1,1
53
3,3,3,3,3,11,11,11,11,69,19,19,23,23,26,26,5,5,32,32,12,12,138,53,28,57,13,13,13,13,13,25,91,20,21,21,21,50,34,43,16,16,16,46,104,38,15,15,15,14,14,17,17,17,17,22,22,22,2,10,10,10,86,4,4,4,4,4,4,4,4,4,4,4,4,4,18,18,18,27,27,27,27,114,85,33,33,8,8,8,8,8,8,8,8,8,8,8,8,8,8,8,8,8,8,48
0,1,0,0,1,0,1,1,1,1,1,1,0,0,1,1,1,1,1,1,1,1,1,1,1,0,0,1,1,0,1,1,1,1,1,1,1,0,1,0,0,1,1,1,1,0,1,1,0,1,1,1,1,1,1,0,1,0,1,1,1,1,0,1,1,1,1,1,1,1,1,1,1,1,1,1,1,1,1,0,1,1,1,1,1,0,1,0,1,0,0,1,0,0,0,1,1,0,0,0,0,1,1,1,1,0
54
3,3,3,3,11,11,11,11,69,19,38,38,5,140,12,15,15,15,15,13,13,13,13,13,13,25,20,21,21,21,43,43,34,34,50,50,47,16,16,16,16,32,32,35,17,17,17,17,17,28,97,18,18,18,18,1,78,49,8,8,8,8,8,8,8,8,8,8,8,8,8,8,8,8,8,8,8,8,29,23,23,23,23,23,23,26,26,26,45,53,46,46,14,22,22,31,10,10,56,139,4,4,4,4,4,4,4,4,4,4,4,4,4,4,4,4,4,4,4,4,4,4,4,4,4,4,4,27,27,27,33,9
0,1,1,0,0,1,1,1,0,1,1,1,1,1,0,1,1,1,1,0,1,0,1,1,1,0,0,1,1,1,0,1,1,1,1,1,1,0,1,1,0,1,1,1,1,1,1,1,1,1,1,1,1,1,1,1,1,0,0,1,0,1,0,0,0,1,0,1,1,1,0,1,0,1,0,1,1,1,1,0,0,0,0,0,0,1,1,1,1,1,1,1,1,0,1,0,1,1,0,1,1,1,1,1,1,1,1,1,1,1,1,1,1,1,1,1,1,1,1,1,1,1,1,1,0,1,0,0,1,1,1,1
55
3,3,11,11,11,11,11,11,79,19,19,19,38,37,118,113,14,14,13,13,13,13,91,20,20,20,21,21,50,50,43,52,16,16,89,141,84,35,35,65,17,17,17,17,63,104,30,28,47,32,32,142,8,8,8,8,8,8,8,8,8,8,8,8,8,8,8,8,8,8,8,8,8,23,23,23,23,1,1,1,66,57,82,124,46,46,59,22,22,31,10,49,4,4,4,4,4,4,4,4,4,4,4,4,4,4,4,4,4,4,4,4,4,4,4,4,4,4,4,4,18,18,18,18,18,33
0,1,0,0,1,1,1,1,0,1,1,1,1,1,0,0,1,1,0,1,0,1,1,1,1,1,1,1,1,1,1,1,1,1,1,1,1,1,0,1,0,1,1,1,1,1,1,0,1,1,1,0,1,1,0,0,0,0,0,1,0,1,1,1,1,1,1,1,1,0,0,0,1,0,0,0,0,1,1,1,1,1,0,1,1,0,1,1,0,0,1,1,1,1,1,1,1,1,1,1,1,1,1,1,1,1,1,1,1,1,1,1,1,1,1,1,0,1,1,1,1,1,1,0,1,0
56
11,11,11,11,11,19,19,23,38,5,5,5,1,53,15,15,15,15,13,13,13,13,25,20,50,43,43,52,16,16,16,14,17,17,17,47,22,22,22,22,2,2,10,10,10,10,10,86,4,4,4,4,4,4,4,4,4,4,4,4,4,4,143,18,27,99,33,8,8,8,8,8,8,8,8,8,8,8,8,8
0,0,1,1,1,1,1,0,1,1,1,1,1,1,1,1,1,1,0,1,1,1,1,0,0,1,1,0,0,1,1,1,1,1,1,1,1,1,1,1,1,1,0,0,1,1,1,0,1,1,1,1,1,1,1,1,1,1,1,1,1,1,1,1,1,0,1,0,0,1,1,1,1,1,1,0,0,1,1,1
57
3,7,7,23,23,23,38,5,5,5,5,5,5,5,5,5,5,1,1,1,1,1,1,1,12,12,11,11,11,118,15,13,13,13,13,13,13,13,4,4,20,21,50,47,16,16,16,17,17,17,17,17,17,17,22,22,22,2,2,2,10,10,10,28,18,18,18,27,33,33,8,8,8,8,8,8,8,8,8,8,8,8,8,8,8,9,9
0,1,1,0,0,0,1,1,1,1,1,1,1,1,1,1,1,1,1,1,1,1,1,1,1,1,1,1,1,1,1,1,1,1,0,1,1,1,1,1,1,1,1,1,0,1,1,1,1,1,1,1,1,1,0,1,1,1,1,1,0,1,1,1,0,1,1,1,1,1,0,1,1,1,1,1,1,1,1,1,1,1,0,1,1,1,1
58
3,7,7,19,38,5,5,5,5,5,5,1,1,11,11,11,11,11,11,28,15,15,15,13,13,13,25,20,20,21,50,47,16,16,16,16,16,17,17,17,17,22,22,2,2,2,10,4,4,4,18,18,27,8,8,8,8,8,8,8,8,8,8,8,8,8,8,9,9
0,1,1,1,1,1,1,1,1,1,1,1,1,1,1,0,1,1,1,1,1,1,1,0,1,1,1,0,1,1,0,1,1,1,1,0,1,1,1,1,1,1,1,1,1,1,0,1,1,1,1,1,0,0,1,1,1,1,1,1,1,1,1,1,1,0,1,1,1
59
18,18,7,17,17,17,17,11,11,11,11,11,19,19,19,19,23,26,5,5,5,5,5,5,2,10,10,10,10,15,15,15,13,13,13,13,25,25,47,1,1,1,1,1,20,20,21,21,9,9,92,8,8,8,8,8,8,8,8,8,8,8,8,8,8,16
1,1,1,0,1,1,1,1,1,1,1,1,0,1,1,1,0,1,1,1,1,1,1,1,1,1,1,1,1,1,1,1,1,1,0,1,1,1,1,1,1,1,1,1,0,1,1,1,1,1,1,0,1,0,1,1,1,0,0,0,1,0,0,0,0,1
60
3,11,11,11,11,11,11,11,19,19,23,38,5,5,1,1,1,1,28,15,15,15,15,13,13,13,13,13,13,25,20,21,21,21,47,16,14,17,17,17,17,22,22,22,2,10,10,10,10,4,4,4,4,4,4,4,4,4,4,4,4,4,4,4,4,4,4,4,4,94,18,18,27,33,8,8,8,8,8,8,8,8,8,8,8,8,8
0,1,1,0,0,1,1,0,0,1,0,1,1,1,1,1,1,1,1,1,1,1,1,0,1,0,1,1,1,1,0,1,1,0,1,1,1,1,1,1,1,0,1,0,1,1,1,1,1,1,1,1,1,1,1,1,1,1,1,1,1,1,1,1,1,1,1,1,1,1,1,1,1,0,1,0,1,0,0,1,1,0,0,1,0,0,0
61
7,7,19,19,19,19,23,23,31,31,5,5,5,5,5,5,5,5,5,5,1,1,1,1,1,1,12,12,12,11,11,11,11,11,28,57,13,13,13,13,25,25,96,27,27,20,20,20,26,34,43,16,16,16,16,16,15,15,46,38,38,50,35,14,17,17,17,17,17,17,17,22,22,22,2,2,2,10,10,10,10,40,56,105,4,4,4,4,18,18,18,18,18,45,45,32,33,33,8,8,8,8,8,8,8,8,8,8,8,8,8,8,8,8,8,8,9,9
1,1,1,1,1,1,0,0,1,1,1,1,1,1,1,1,1,1,1,1,1,1,1,1,1,1,1,1,1,1,1,1,1,1,1,0,0,1,1,1,1,1,1,0,0,1,1,0,1,1,1,1,1,1,1,1,1,1,1,1,1,1,1,1,1,1,1,1,1,1,1,1,1,1,1,1,0,1,1,1,1,1,1,1,1,1,1,1,1,1,1,1,1,1,1,1,1,1,1,0,0,0,0,1,0,1,1,0,0,1,1,1,0,0,1,1,1,1
62
3,3,3,3,3,3,3,3,11,23,23,23,23,23,23,23,38,5,5,5,5,1,1,12,118,61,28,15,15,15,15,15,13,13,13,25,20,20,20,21,21,50,82,82,43,16,100,14,65,17,22,22,2,2,10,144,4,4,4,4,4,4,4,4,18,18,27,27,124,8,8,8,8,8,8,8,8,8,8,8,8,8,9
0,0,1,0,0,0,1,1,1,1,1,1,1,1,1,0,1,1,1,1,1,1,1,0,0,0,1,1,1,1,1,1,1,1,1,0,0,0,0,1,1,0,0,0,1,1,1,1,0,1,1,1,1,1,1,0,1,1,1,1,1,1,1,1,1,1,1,1,0,0,1,1,1,0,1,1,1,0,0,0,1,0,1
63
29,3,11,11,11,50,19,23,23,23,2,63,22,22,12,10,10,88,15,15,4,4,4,4,4,4,4,4,4,4,4,4,4,4,4,4,4,4,4,4,31,17,17,17,17,17,17,17,20,20,26,49,8,8,8,8,8,8,8,8,8,8,8,8,8,48
1,0,1,1,1,0,1,0,0,0,1,1,0,1,1,0,1,0,1,1,1,1,1,1,1,1,1,1,1,1,1,1,1,1,1,1,1,1,1,1,1,0,1,1,1,1,1,1,0,0,1,0,0,1,1,1,1,1,1,1,1,0,0,1,1,1
64
3,11,11,11,11,11,11,56,56,19,38,38,5,5,5,5,5,5,5,5,5,5,12,12,12,118,118,15,15,13,13,13,13,13,13,25,96,74,20,20,20,21,21,21,50,50,50,34,55,43,43,52,16,16,16,17,17,17,17,17,17,2,2,2,30,23,23,18,18,18,18,18,18,18,47,47,32,32,32,49,8,8,8,8,8,8,8,8,8,8,8,8,8,8,8,8,8,8,8,48,7,7,67,1,1,53,58,4,4,4,4,145,46,46,46,14,14,22,22,22,31,31,10,10,10,10,10,10,86,28,27,27,127,85,54,33,33,33,33,33,83
0,0,1,1,1,1,0,1,1,0,1,1,1,1,1,1,1,1,1,1,1,1,1,1,1,1,1,1,1,0,1,1,1,1,1,1,1,1,0,1,1,1,1,1,0,1,1,1,0,1,1,1,1,1,0,0,1,1,1,1,1,1,1,1,1,0,0,1,1,1,1,1,1,1,0,1,1,1,1,1,0,1,1,1,0,1,0,1,1,1,1,0,1,1,1,1,1,1,1,1,1,1,1,1,1,1,0,1,1,1,1,1,1,1,1,1,1,0,1,1,0,1,1,1,0,1,1,1,1,0,1,1,0,1,1,1,0,1,1,1,1
65
3,3,3,3,3,3,3,7,7,79,69,19,23,23,23,31,31,5,5,5,5,32,32,32,11,11,11,15,15,15,15,15,13,13,13,13,13,13,25,25,146,27,20,21,21,21,21,21,50,34,55,47,16,16,16,16,16,16,4,4,4,4,4,4,4,4,38,37,35,14,14,17,17,17,17,63,22,22,22,2,10,10,10,28,18,18,18,18,1,1,1,48,33,33,8,8,8,8,8,8,8,8,8,8,8,8,8,8,8,8,8,9
0,1,0,1,1,1,0,1,1,1,0,1,0,0,0,0,0,1,1,1,1,1,1,1,1,0,1,1,1,1,1,1,0,1,1,1,1,1,1,1,0,1,0,1,1,1,1,1,0,0,0,1,1,1,1,1,0,1,0,1,1,1,1,1,1,1,0,0,0,1,1,0,1,1,1,1,1,0,0,1,0,1,1,0,1,1,1,0,1,1,1,0,1,1,0,0,0,0,0,0,1,1,1,1,1,0,1,1,0,1,1,1
66
3,3,3,3,3,3,11,11,11,11,42,19,67,67,66,66,5,5,27,12,58,14,14,14,13,13,13,13,13,25,25,110,101,20,21,43,47,16,16,16,16,16,16,114,136,69,15,65,17,17,17,17,22,10,10,10,60,23,23,23,23,23,23,23,147,147,4,4,4,4,4,4,4,4,4,4,4,4,4,4,4,4,4,4,4,143,18,18,1,1,1,1,48,8,8,8,8,8,8,8,8,8,8,8,8,8,8,8,8,8,9
0,0,0,0,0,1,1,0,1,0,1,0,1,0,1,0,1,1,1,0,1,0,1,1,1,1,1,1,1,1,1,1,1,0,1,0,0,1,1,1,1,1,0,1,1,1,1,1,1,1,1,1,0,1,1,0,1,0,0,1,0,0,0,0,0,1,1,1,1,1,1,1,1,1,1,1,1,1,0,1,1,1,1,1,1,0,1,1,0,1,1,1,1,0,0,0,1,0,0,0,0,0,0,1,0,0,1,1,1,0,1
67
3,4,130,26,12,8,8,8
1,1,0,1,1,1,1,1
68
3,111,11,19,19,19,23,23,23,23,23,23,23,23,23,38,5,5,1,1,1,29,41,15,15,15,13,13,13,13,4,4,4,4,4,4,4,4,4,4,4,4,4,4,4,4,20,20,21,43,43,34,35,16,16,16,16,46,45,50,14,17,17,17,17,22,22,31,10,10,10,57,33,97,28,18,18,18,18,18,18,27,32,32,114,49,8,8,8,8,8,8,8,8,8,8,8,8,8,8,8,8,8,48
0,1,1,1,1,1,0,0,1,1,1,0,0,0,0,1,1,1,1,1,1,1,0,1,1,1,1,1,1,1,1,1,1,1,1,1,1,1,1,1,1,1,1,1,1,1,0,1,1,1,1,1,1,1,0,1,0,1,1,1,1,0,1,1,1,0,1,0,1,1,1,1,1,1,1,0,1,0,1,1,1,1,1,1,0,1,1,1,0,0,1,0,1,1,1,0,1,1,1,1,1,0,1,1
69
7,7,19,19,23,23,38,5,5,5,5,5,5,5,5,5,5,1,1,1,1,1,11,11,11,11,11,15,15,15,15,13,13,13,13,13,13,13,20,21,21,148,43,47,16,16,16,16,14,17,22,22,2,2,10,10,10,10,10,10,4,4,4,18,18,18,18,18,27,8,8,8,8,8,8,8,8,8,8,8,8,8,8
1,1,0,1,0,0,0,1,1,1,1,1,1,1,1,1,1,1,1,1,1,1,0,0,1,0,1,0,1,1,1,1,1,1,0,1,1,1,1,1,1,1,1,1,0,0,1,0,1,1,1,1,1,1,0,1,1,1,0,0,1,1,1,1,1,1,1,1,0,0,0,1,1,1,1,1,1,1,0,0,1,0,1
70
3,3,11,11,11,11,11,22,22,22,19,19,19,23,5,66,66,66,66,53,81,58,15,15,15,13,13,13,13,13,21,21,20,20,20,20,74,50,50,82,82,43,52,52,16,16,16,16,16,89,136,100,137,14,17,17,79,38,38,10,10,10,10,147,4,4,4,4,4,4,4,4,4,18,18,27,27,28,8,8,8,8,8,8,8,8,8,8,8,8,8,9,9
1,0,0,1,1,1,0,0,1,1,0,0,1,0,1,0,1,1,1,1,0,1,1,1,0,0,1,1,1,0,1,0,0,1,1,0,0,1,1,0,0,0,1,0,1,1,1,1,1,0,0,0,0,1,1,1,0,0,1,1,1,1,1,1,1,1,1,1,1,1,1,1,1,1,1,0,0,0,0,1,1,1,1,1,1,1,0,0,0,1,0,1,1
71
3,15,15,8,8,8,8,8,8,8,8,8,27,23,23,74,1,17,52,16,16,16
0,1,1,0,0,0,0,0,0,0,1,1,1,0,0,1,1,1,1,0,1,1
72
3,3,3,11,11,11,11,19,19,23,23,23,12,37,32,116,109,28,15,15,15,15,15,13,13,13,13,13,13,25,20,20,21,21,21,21,50,50,34,43,47,16,16,16,16,16,16,16,46,14,88,17,17,17,22,22,38,10,10,10,10,57,4,4,4,4,4,4,4,4,4,4,4,4,4,4,4,4,4,4,4,4,4,4,18,18,18,27,27,33,8,8,8,8,8,8,8,8,8,8,8,8,8,8,8,8,8,8,48
0,0,1,1,1,1,1,1,0,0,0,0,1,1,1,1,0,1,1,1,1,0,1,0,1,1,0,0,0,0,0,0,1,1,1,1,1,1,1,1,1,1,0,1,1,0,0,1,0,1,0,1,1,1,1,1,1,1,1,1,1,0,1,1,1,1,1,1,1,1,1,1,1,1,1,1,1,1,1,1,1,1,1,1,1,1,1,0,0,1,0,1,0,0,1,0,0,1,1,1,0,0,1,0,1,1,0,1,0
