1
3,3,3,3,3,3,3,3,3,3,3,3,3,3,3,3,3,4,4,4,4,4,4,4,4,4,4,4,4,4,4,4,4,4,4,4,4,4,4,4,4,4,4,4,4,4,4,4,4,4,4,4,4,4,4,4,4,4,4,4,4,4,4,4,4,4,4,4,4,4,4,4,4,4,4,4,4,4,4,4,4,4,4,4,4,4,156,153,153,153,80,2,154,7,152,152,151,8,8,8,8,8,8,8,8,150,155,155,47,47,47,47,23,92,83,149,55,55,45
1,1,1,0,1,0,1,1,0,1,1,1,1,1,1,1,1,1,0,1,1,1,1,1,1,1,1,1,1,1,1,1,1,1,1,1,1,1,1,1,0,1,1,1,1,1,1,1,1,0,1,1,1,1,1,0,1,1,1,1,1,1,1,1,1,1,1,1,1,1,1,1,1,1,1,0,0,0,1,1,1,1,1,1,1,1,1,1,1,1,0,1,0,1,1,1,0,0,0,1,0,1,0,1,1,0,1,0,1,1,1,0,0,1,1,0,0,1,1
2
3,127,50,50,157,4,4,4,4,4,4,4,4,4,4,4,4,4,4,4,4,4,4,4,4,4,4,4,4,4,4,4,4,4,4,4,4,4,4,4,4,4,4,4,4,4,4,4,4,4,4,4,4,4,4,4,4,4,4,4,4,4,4,4,4,4,4,4,4,4,4,4,4,4,4,4,4,4,4,4,4,4,4,4,4,4,4,4,4,4,4,4,4,4,4,4,4,4,55,153,153,19,8,8,8,8,8,8,37,7,159,83,83,5,155,92,158,158,69,160,47,47,47,47,47,47,45
0,1,1,0,1,1,1,1,1,1,1,1,1,1,1,1,1,1,1,1,1,1,1,1,1,1,1,1,1,1,1,1,1,1,1,1,1,1,1,1,1,1,1,1,1,0,1,1,1,0,1,1,1,1,1,1,1,1,1,1,1,1,1,1,1,1,1,1,1,1,1,1,1,1,1,1,1,1,1,1,1,1,1,1,0,1,1,1,1,1,1,1,1,1,1,1,1,1,1,1,0,1,1,1,1,1,1,0,1,1,1,1,1,1,0,1,1,1,1,1,1,1,1,1,0,1,1
3
3,3,3,3,3,3,3,3,3,3,3,3,3,3,3,3,3,3,3,161,4,4,4,4,4,4,4,4,4,4,4,4,4,4,4,4,4,4,4,4,4,4,4,4,4,4,4,4,4,4,4,4,4,4,4,4,4,4,4,4,4,4,4,4,4,4,4,4,4,4,4,4,4,4,4,4,4,4,4,4,4,4,4,4,4,4,4,4,4,4,4,4,4,4,4,4,4,4,4,4,153,153,153,48,19,163,154,162,162,8,8,8,8,8,8,8,8,8,155,23,83,83,164,164
1,0,1,1,1,1,0,1,1,1,1,0,0,0,0,0,0,1,1,1,1,1,0,1,1,1,1,1,1,1,1,1,1,1,1,1,1,1,1,1,0,1,1,1,1,0,0,1,0,0,1,1,1,1,1,1,1,0,1,1,1,1,1,1,1,1,1,1,1,1,1,1,1,1,1,1,1,1,1,1,1,1,1,1,1,1,1,1,1,1,1,1,1,1,1,1,1,1,1,1,1,1,1,1,1,1,0,0,1,1,0,0,1,0,1,0,0,1,1,0,1,1,1,1
4
3,165,165,55,5,5,155,23,23,23,23,2,2,167,158,160,160,45,4,4,4,4,4,4,4,4,4,4,4,4,4,4,4,4,4,4,4,4,4,4,4,4,4,4,4,4,4,4,4,4,4,4,4,4,4,4,4,4,4,4,4,4,4,4,4,4,4,4,4,4,4,4,4,4,4,4,4,4,4,4,4,4,4,4,4,4,4,4,4,4,4,4,4,4,4,4,4,4,4,4,4,4,153,153,153,153,153,8,8,8,8,8,8,8,8,8,154,168,168,166,37,37,83,107,92,92,92,47,47,47
1,0,1,1,1,1,0,1,0,0,0,1,1,1,1,1,1,0,1,1,0,0,1,1,1,1,1,1,1,1,1,1,1,1,1,1,1,1,1,1,1,1,1,1,1,1,1,1,1,1,1,1,1,0,1,0,1,1,1,1,1,1,1,1,1,1,1,1,1,1,1,1,1,1,1,1,1,1,1,1,1,1,1,1,1,1,1,1,1,1,1,1,0,1,1,0,1,1,1,1,1,1,1,1,1,1,1,1,0,1,1,1,0,1,1,1,1,0,1,1,1,1,1,1,0,1,0,1,1,0
5
3,3,127,176,176,173,153,153,153,153,153,153,153,153,80,80,80,170,75,162,162,7,7,7,7,7,7,7,175,70,172,5,5,5,5,5,5,5,5,5,5,5,5,5,5,5,5,2,2,2,2,2,2,2,2,2,2,2,2,2,2,2,2,2,2,2,2,2,2,2,2,2,2,2,2,112,9,9,9,9,9,9,9,9,23,23,165,160,158,158,174,149,45,19,19,50,50,4,4,4,4,4,4,4,4,4,4,4,4,4,4,4,4,4,4,55,55,83,8,8,8,8,8,8,8,154,65,137,124,124,124,124,124,171,171,171,6,169,169,169,69,69,69,69,69,69,69,47,47,47,47
1,0,1,1,1,1,1,1,1,1,0,1,1,1,1,1,1,1,1,1,1,1,1,1,1,1,1,1,1,1,1,1,1,1,1,1,1,1,1,1,1,1,1,1,1,1,1,1,1,1,1,1,1,1,1,1,1,0,1,1,1,1,1,1,1,1,1,1,1,1,1,1,1,1,1,0,1,1,1,1,1,0,1,1,0,0,1,0,1,1,1,1,1,1,1,1,1,1,1,1,1,1,1,1,1,1,1,1,1,1,1,1,1,0,0,1,1,1,1,1,1,1,1,1,1,1,1,0,1,1,1,0,1,1,1,1,1,0,0,1,1,1,1,1,1,1,0,1,0,1,1
6
3,3,3,3,3,3,3,3,3,3,3,3,3,3,4,4,4,4,4,4,4,4,4,4,4,4,4,4,4,4,4,4,4,4,4,4,4,4,4,4,4,4,4,4,4,4,4,4,4,4,8,8,8,140,162,70
0,1,1,0,1,0,1,0,0,0,0,0,0,0,1,1,1,1,1,1,1,1,1,1,1,1,1,1,0,1,1,1,1,1,1,1,1,0,0,1,1,1,1,1,1,0,1,1,1,0,1,0,1,1,0,1
7
3,3,153,153,153,153,153,153,153,153,153,80,58,162,7,7,7,7,7,7,7,177,5,5,5,5,5,5,5,5,5,5,23,23,23,9,9,9,158,45,19,19,4,4,4,4,4,4,4,4,4,4,4,4,4,4,4,4,55,156,83,8,8,8,8,8,8,8,154,168,168,168,166,125,2,2,2,2,2,2,2,2,2,2,2,2,2,2,2,2,2,2,2,2,2,2,2,2,2,2,2,2,2,69,69,69,69,69,69,92,92,92,164,101,47,47,47,47,47,47
0,0,1,1,1,1,1,1,1,1,1,1,0,1,1,1,1,1,1,1,1,0,1,1,1,1,1,1,1,1,1,1,0,0,0,1,1,1,1,0,1,1,1,1,1,1,1,1,1,1,1,1,1,1,1,1,1,0,1,1,0,1,0,1,1,1,1,0,1,0,0,1,1,1,1,1,1,1,1,1,1,1,1,1,1,1,1,1,1,1,1,1,1,1,1,1,1,1,1,1,1,1,1,0,1,1,1,1,1,0,1,1,1,0,1,1,1,1,1,1
8
3,3,3,3,161,157,55,178,7,7,152,5,5,5,5,179,155,173,9,9,9,9,160,158,180,140,19,19,19,50,50,4,4,4,4,4,4,4,4,4,4,4,4,4,4,4,4,4,4,4,4,4,4,4,4,4,4,4,4,4,4,4,4,4,4,4,4,4,4,4,4,4,4,4,4,4,4,4,4,4,4,4,4,4,4,153,153,153,156,83,83,8,8,8,8,8,166,166,166,125,2,2,2,56,92,164,164,69,69,69,69,69,69,47,47,47,47,47
0,0,0,0,0,1,1,1,1,1,1,1,1,1,1,0,0,1,1,1,1,1,1,0,0,1,1,1,1,1,1,1,1,1,1,1,1,1,1,1,1,1,1,1,1,1,1,1,1,1,1,1,1,1,1,1,1,1,1,1,1,1,1,1,1,1,1,1,1,1,1,0,1,1,1,1,1,1,1,1,1,1,1,1,1,1,1,1,1,1,1,0,0,1,0,0,1,0,1,1,1,1,1,0,0,1,1,1,1,1,1,1,1,1,1,1,1,1
9
3,3,3,3,161,185,56,153,153,153,153,153,178,7,7,7,7,7,7,7,187,50,50,61,126,5,5,5,5,5,5,5,5,5,5,5,5,5,47,47,47,47,47,155,85,85,23,165,184,184,184,158,188,160,55,55,140,140,19,19,186,4,4,4,4,4,4,4,4,4,4,4,4,4,4,4,4,4,4,4,4,4,4,4,4,4,4,4,4,4,4,4,4,4,4,4,4,4,4,4,4,4,4,4,4,4,4,4,4,4,4,4,4,4,4,4,4,4,4,4,4,4,4,4,181,48,83,83,2,2,2,2,2,2,2,2,2,2,2,2,154,168,166,166,37,80,8,8,8,8,8,183,45,182,69,69,69,69,189
0,0,1,0,0,1,0,1,1,1,0,1,1,1,1,1,1,1,1,1,0,0,1,0,1,1,1,1,1,1,1,1,1,1,1,1,1,1,1,1,1,1,1,0,1,0,0,1,1,1,1,0,1,1,1,1,1,1,1,1,1,1,1,1,1,1,1,1,1,1,1,0,1,1,1,1,1,1,1,1,1,1,1,1,1,1,1,1,1,1,1,1,1,1,1,1,1,1,1,1,1,1,1,1,1,1,1,1,1,1,1,1,1,1,1,1,1,1,1,1,1,1,0,1,0,1,1,1,1,1,1,1,1,1,1,1,1,1,1,1,0,1,1,1,1,0,1,0,0,1,1,0,1,1,1,1,1,1,0
10
3,3,3,157,153,153,153,80,80,58,160,160,162,162,162,162,162,7,7,7,50,50,195,195,194,191,190,5,176,155,112,23,23,23,2,2,192,158,149,149,45,45,159,4,4,4,4,4,4,4,4,4,4,4,4,4,4,4,4,4,4,4,4,4,4,4,4,4,4,4,4,4,4,4,4,4,4,4,4,4,4,4,4,4,4,4,4,4,4,4,4,4,4,4,4,4,4,4,4,4,4,4,4,4,4,4,4,4,4,4,4,4,4,4,4,4,4,4,4,4,4,4,4,4,4,4,4,4,4,4,4,4,4,4,4,4,4,55,193,8,8,8,8,8,8,154,154,154,65,65,65,150,150,124,83,83,83,83,83,83,83,83,183,92,92,92,177,47,47,47,47,47,47
0,1,0,1,1,0,0,1,1,1,1,0,1,1,1,1,1,0,1,1,1,0,1,1,1,1,0,1,1,0,0,0,0,0,1,1,1,1,0,1,1,1,0,1,1,1,1,1,1,1,1,1,1,1,1,1,1,1,1,1,0,0,1,1,1,1,0,0,1,1,1,1,1,1,1,1,1,1,1,1,1,1,0,0,1,1,1,1,1,1,1,1,1,1,1,1,1,1,1,1,1,1,1,1,1,1,1,1,1,1,1,1,1,1,1,1,1,1,1,1,1,0,1,1,0,1,1,1,1,1,1,1,1,1,1,1,1,0,1,1,1,0,0,0,0,1,1,1,1,1,1,1,1,1,1,1,1,1,1,1,1,1,1,1,1,1,1,1,1,1,1,1,1
11
3,3,3,3,3,3,3,3,19,19,50,162,4,4,4,4,4,4,4,4,4,4,4,4,4,4,4,4,4,4,4,4,4,4,4,4,4,4,4,4,4,4,4,4,4,4,4,4,4,4,4,4,4,4,4,4,4,4,4,4,4,4,4,4,4,4,4,4,4,4,4,4,4,4,4,156,153,8,8,8,8,8,8,8,8,154,166,125,197,2,2,2,5,5,5,5,198,196,23,92,47,47
1,0,1,0,0,0,0,1,1,1,0,1,1,1,1,1,1,1,1,1,1,1,1,0,0,1,1,1,0,1,0,1,1,1,1,1,0,1,1,0,1,1,1,1,1,1,1,1,1,1,1,1,1,1,1,1,1,1,1,1,1,1,1,1,1,1,1,1,1,1,1,1,1,1,1,0,1,1,1,1,1,1,1,1,0,1,1,1,0,1,1,1,1,1,1,1,0,0,0,0,0,0
12
5,5,4,4,4,4,4,4,4,4,4,4,4,4,4,4,4,4,4,4,4,4,4,4,4,4,4,4,4,4,4,4,4,4,4,4,4,4,4,4,4,4,4,4,4,4,4,4,4,4,4,4,4,4,4,4,4,4,4,4,4,4,55,153,153,153,153,153,8,8,8,8,8,8,8,45,92,158,7,7,7,7,47,47,47,47,81
1,1,1,1,1,0,1,1,1,1,1,1,1,1,1,1,1,1,1,1,1,1,1,1,1,1,1,0,0,1,1,1,1,1,1,1,1,1,0,1,1,1,1,0,1,1,1,1,1,1,1,1,1,1,1,1,1,1,1,1,1,1,1,1,1,1,1,0,1,0,1,1,0,0,1,0,1,0,0,1,1,0,1,1,1,1,1
13
199,157,4,4,4,4,4,4,4,4,4,4,4,4,4,4,4,4,4,4,4,4,4,4,4,4,4,4,4,4,4,4,4,4,4,4,4,4,4,4,4,4,4,4,4,4,4,153,153,153,8,8,8,8,8,8,8,154,162,7,7,7,107,172,172,124,83,83,58,2,200,47
1,1,1,1,0,1,1,1,1,1,1,1,1,1,1,1,0,0,0,1,1,1,1,1,0,1,1,1,1,1,0,1,1,1,1,1,1,1,1,1,1,1,1,1,1,0,1,1,1,1,1,0,1,1,0,0,0,1,1,0,1,1,1,0,0,0,0,1,0,1,1,0
14
3,3,3,3,157,209,162,162,162,208,176,23,23,23,23,9,167,158,202,19,19,50,4,4,4,4,4,4,4,4,4,4,4,4,4,4,4,4,4,4,4,4,4,4,4,4,4,4,4,4,4,4,4,4,4,4,4,4,4,45,48,83,83,83,207,168,168,166,166,166,124,92,69,69,47,47,47,47,81,56,153,153,153,80,80,80,171,171,7,7,7,7,5,5,5,5,5,5,5,5,5,5,5,5,5,206,200,199,205,2,2,2,2,2,154,37,125,73,8,8,8,8,8,8,8,8,107,201,204,203,189
1,1,0,0,1,1,0,1,1,0,1,1,1,1,0,0,1,0,1,1,0,0,1,1,0,0,1,1,1,1,1,1,1,1,0,1,0,0,0,1,1,1,1,1,1,1,1,1,1,1,1,1,1,1,1,1,1,1,1,1,1,1,0,1,1,1,0,1,1,1,0,1,0,1,1,1,0,1,1,1,1,1,0,1,0,1,1,1,1,1,1,1,0,0,1,1,1,1,1,1,1,1,1,1,1,1,1,0,1,1,1,1,0,1,1,1,1,1,1,1,1,1,1,1,1,1,1,1,1,1,1
15
3,3,153,153,153,153,153,153,153,153,153,80,58,58,210,156,7,195,190,5,155,155,85,103,23,23,23,23,140,211,149,149,149,149,149,55,4,4,4,4,4,4,4,4,4,4,4,4,4,4,4,4,4,4,4,4,4,4,4,4,4,4,4,4,4,4,4,4,4,4,4,4,4,4,4,4,4,4,4,4,4,4,4,4,4,4,4,4,4,4,4,4,4,4,4,4,4,4,4,4,4,4,4,4,4,4,4,4,45,45,212,193,8,8,8,8,8,154,135,65,151,167,83,83,83,124,107,171,6,164,164,164,168,47,47,47,47,47,47,47,47
0,0,1,1,1,1,1,1,1,1,1,0,1,0,1,1,0,1,1,1,1,0,0,1,1,0,1,0,1,0,0,1,0,1,1,1,1,0,0,1,1,1,1,1,1,1,1,1,1,1,1,1,1,1,1,1,1,1,0,1,1,1,1,1,1,1,1,1,1,1,1,1,1,1,1,1,1,1,1,1,1,1,1,1,1,1,1,1,1,1,1,1,1,1,1,1,1,1,1,1,1,1,1,1,1,1,1,1,1,1,0,1,1,0,1,1,0,1,0,1,1,1,1,0,1,1,1,1,1,1,1,1,1,1,1,1,1,0,1,1,1
16
3,3,3,3,3,3,3,3,3,3,3,176,55,163,150,150,162,162,152,23,23,23,23,85,208,208,160,149,215,177,4,4,4,4,4,4,4,4,4,4,4,4,4,4,4,4,4,4,4,4,4,4,4,4,4,4,4,4,4,4,4,4,4,4,4,4,4,4,4,4,4,4,4,4,4,4,4,4,4,4,4,4,4,4,4,4,4,4,4,4,4,4,4,4,4,4,4,4,4,4,4,4,4,4,4,4,4,156,156,8,8,8,8,8,8,8,166,166,214,213,183,92,92,124,47,47,47,47,47,153,153,153,153,153,153,80,80,80,80,80,80,7,175,195,194,6,5,172,216,192,192,200,178,178,48,202,154,154,154,65,65,65,65,37,137,125,125,83,83,83,83,171,70
1,1,0,1,0,1,1,1,1,1,1,1,1,1,0,1,1,1,1,0,0,1,0,0,1,1,1,1,1,0,1,1,1,1,1,1,1,1,1,1,0,1,1,1,1,1,1,1,1,1,1,1,1,0,1,1,1,1,0,1,1,1,1,1,1,1,1,1,1,1,1,1,1,1,1,1,1,1,1,1,1,1,0,0,0,1,1,1,1,1,1,1,1,1,1,1,1,1,0,1,1,0,1,1,1,1,1,1,1,1,0,1,0,0,1,1,1,1,1,0,1,1,0,1,1,1,1,1,1,1,1,1,1,0,1,1,1,1,1,1,1,1,0,1,1,1,1,1,1,0,1,1,0,0,1,1,1,1,1,1,1,1,1,1,1,0,1,1,0,1,1,1,1
17
3,3,3,3,3,218,157,153,153,153,153,153,153,153,153,153,83,83,83,162,7,172,23,23,5,5,179,155,115,191,167,149,149,55,19,50,4,4,4,4,4,4,4,4,4,4,4,4,4,4,4,4,4,4,4,4,4,4,4,4,4,4,4,4,4,4,4,4,4,4,4,4,4,4,4,4,4,4,4,4,4,4,4,4,4,4,4,4,4,4,4,4,4,4,4,4,4,4,4,4,4,4,4,4,4,4,4,4,4,156,181,217,8,8,8,8,8,8,8,8,135,125,2,2,219,171,6,69,69,47,47,47,81,81,81
1,0,0,0,0,0,1,1,1,1,1,1,0,1,1,1,1,1,1,1,1,0,0,0,1,1,0,1,1,1,1,0,1,1,1,1,1,1,1,1,1,1,1,1,1,1,1,1,1,1,1,1,1,1,1,1,1,1,1,1,1,1,1,1,1,1,1,1,0,0,1,1,1,1,1,1,1,1,1,1,1,1,1,1,1,1,1,1,1,1,1,1,1,1,1,1,1,1,1,1,1,1,1,1,1,1,1,1,1,0,1,1,1,0,0,0,0,1,1,1,1,1,1,1,1,1,1,1,1,1,1,1,0,1,1
18
115,3,3,3,3,3,220,153,153,153,153,153,153,153,80,70,197,177,179,23,23,23,23,165,192,158,19,19,50,4,4,4,4,4,4,4,4,4,4,4,4,4,4,4,4,4,4,4,4,4,4,4,4,4,4,4,4,4,4,4,4,4,4,4,4,4,4,4,4,4,4,4,4,4,4,4,4,4,4,4,4,4,4,4,4,4,4,4,4,4,4,4,4,4,4,4,4,4,4,4,4,4,4,4,4,4,4,4,4,4,4,45,156,217,8,8,8,8,8,8,8,8,224,223,83,83,83,219,69,222,47,47,47,47,47,47,47,221
0,1,1,0,0,1,0,1,1,1,1,1,1,1,1,1,1,1,1,0,0,0,0,1,0,1,0,1,1,1,1,1,1,0,1,1,1,1,1,1,1,1,1,1,1,1,1,1,1,1,1,1,1,0,0,1,1,1,0,1,1,1,1,1,0,1,0,1,1,1,1,1,1,1,1,1,1,1,1,1,1,1,1,1,1,1,1,1,1,1,1,1,1,1,0,1,1,1,1,1,1,1,1,1,1,1,1,1,1,1,1,1,1,1,1,1,1,1,1,1,1,1,1,1,0,1,1,1,1,1,1,1,1,1,1,1,0,1
19
19,19,19,50,4,4,4,4,4,4,4,4,4,4,4,4,4,4,4,4,4,4,4,4,4,4,4,4,4,4,4,4,4,4,4,4,4,4,4,4,4,4,4,4,4,4,4,4,4,4,4,4,4,4,4,4,4,4,4,4,4,4,4,4,4,4,4,156,153,80,8,8,8,8,8,168,168,162,152,2,2,2,2,2,5,5,5,179,107,23,83,29,69,47,47,47,47
1,1,1,1,1,1,1,1,1,1,1,1,1,1,1,1,1,0,1,1,1,1,1,1,1,1,1,1,1,1,1,1,1,1,1,1,1,1,1,1,1,1,1,1,1,1,1,1,1,1,1,1,1,0,1,1,1,1,1,1,1,1,1,1,1,1,1,1,1,1,1,1,1,1,0,1,0,1,1,1,1,1,1,1,1,1,1,1,1,0,0,1,1,1,1,1,1
20
3,3,3,3,58,162,152,23,23,179,196,208,208,160,160,188,149,228,19,159,225,225,4,4,4,4,4,4,4,4,4,4,4,4,4,4,4,4,4,4,4,4,4,4,4,4,4,4,4,4,4,4,4,4,4,4,4,4,4,4,4,4,4,4,4,4,4,4,4,4,4,4,4,4,4,4,4,4,4,4,4,4,4,4,4,4,4,4,4,4,4,4,4,4,4,4,4,45,156,8,8,8,8,8,8,8,8,8,8,168,226,145,47,47,47,47,81,127,153,153,178,7,50,50,50,61,229,5,5,5,5,155,140,227,199,165,65,65,150,137,83,83,83,83,56,6,6,189
0,1,0,1,1,0,1,0,0,1,1,1,1,0,0,1,0,1,1,1,0,1,1,1,0,1,1,1,1,1,1,1,1,1,1,1,1,1,1,1,0,1,1,1,1,1,1,1,1,1,1,1,1,1,1,1,1,1,1,1,0,1,1,1,1,1,1,1,1,1,1,1,1,1,1,1,1,1,1,1,1,1,1,0,1,1,1,1,0,1,1,1,1,1,1,1,1,1,1,1,0,0,0,0,0,0,1,1,1,1,1,1,0,1,1,1,1,1,1,1,0,1,0,1,1,0,1,1,1,1,1,0,1,0,1,0,1,1,1,0,1,1,0,1,0,1,1,1
21
8,4,4
0,1,0
22
3,3,178,4,4,4,4,4,4,4,4,4,4,4,4,4,4,4,4,4,4,4
1,1,1,1,1,1,1,1,1,1,1,1,1,1,1,0,1,1,1,1,1,1
23
3,3,161,153,153,153,153,19,101,101,5,5,5,5,5,5,5,5,8,8,8,8,8,8,8,8,8,8,8,23,23,23,9,9,9,9,9,211,158,167,178,50,50,169,4,4,4,4,4,4,4,4,4,4,4,4,4,4,4,4,4,4,4,4,4,4,4,4,4,4,4,4,4,4,4,4,4,4,4,4,4,4,4,4,4,4,4,4,2,2,2,2,2,2,2,2,2,2,2,2,2,2,2,2,2,2,2,2,2,154,65,83,83,83,107,230,164,69,69,69,69,69,69,69,69,47
1,0,0,1,1,1,0,0,1,1,1,1,1,1,1,1,1,1,1,0,0,1,0,0,0,1,1,1,1,1,1,1,1,1,1,1,1,0,1,0,1,1,1,0,1,0,1,1,1,1,1,1,1,1,1,1,1,1,1,1,1,1,0,1,1,1,1,1,1,1,1,1,1,1,1,1,1,1,1,1,1,1,0,0,1,1,1,1,1,1,1,1,1,1,1,1,1,1,1,1,1,1,1,1,1,1,1,1,1,1,1,1,1,1,0,1,1,1,1,1,1,1,1,1,1,1
24
37,205,4,4,4,4,4,4,4,4,4,4,4,4,4,4,4,4,4,4,4,4,4,4,4,4,4,4,4,4,4,4,4,4,4,4,4,4,4,4,4,4,4,4,4,4,4,4,4,4,4,4,4,4,4,4,4,4,4,4,4,4,4,4,4,4,4,4,4,4,4,4,4,4,4,4,4,4,4,4,4,4,4,4,156,156,153,153,83,58,154,154,166,7,7,7,7,7,7,7,7,50,50,2,2,2,2,2,2,2,5,5,5,5,56,56,155,155,155,8,8,8,8,8,8,8,8,8,8,177,160,158,47,47,47,47,47,47,47,45
1,1,1,1,1,0,1,1,1,1,1,1,1,1,1,1,1,1,1,1,1,1,1,0,1,1,1,1,1,1,1,0,1,1,1,1,1,1,1,1,1,1,1,1,1,1,1,1,0,1,1,1,1,1,1,1,1,1,1,1,1,1,1,1,1,1,1,1,1,1,0,1,1,1,1,1,1,1,1,1,1,1,1,1,1,1,1,0,0,1,0,0,0,1,1,1,1,1,1,1,1,0,1,1,1,1,1,1,1,1,1,1,1,1,0,0,0,1,0,1,0,1,1,0,0,1,1,1,1,1,1,1,0,1,1,1,1,1,1,0
25
153,153,153,153,153,153,153,153,153,153,153,153,153,153,153,153,153,153,37,7,7,7,7,7,5,5,56,56,155,155,155,173,23,23,23,23,23,2,160,158,19,50,50,4,4,4,4,4,4,4,4,4,4,4,4,4,4,4,4,4,4,4,4,4,4,4,4,4,4,4,4,4,4,4,4,4,4,4,4,4,4,4,4,4,4,4,4,4,4,4,4,4,4,4,4,4,4,4,4,4,4,4,4,4,4,4,4,4,4,4,4,4,4,4,4,4,4,4,4,55,156,83,83,83,8,8,8,8,8,8,8,8,154,168,150,124,107,92,92,164,164,164,47,47,47,81
1,1,0,1,1,1,1,1,1,1,1,1,1,1,1,1,1,1,1,1,0,0,1,1,1,1,1,1,0,0,1,1,0,0,0,0,0,1,1,1,0,0,0,1,1,0,0,1,1,1,1,1,1,1,1,1,1,1,1,1,1,1,1,1,1,1,1,0,1,1,1,0,1,1,1,1,1,1,0,1,1,1,1,1,1,1,1,1,1,1,1,1,1,1,1,1,1,1,1,1,1,1,1,1,1,1,1,1,1,1,1,1,1,1,1,1,1,1,1,0,1,1,1,1,1,0,0,0,0,0,1,1,1,1,1,1,1,0,1,1,1,1,1,1,1,1
26
215,215,5,5,157,165,153,153,153,153,153,153,153,153,153,153,153,153,8,8,8,8,8,8,8,7,7,7,7,7,151,167,2,57,174,23,23,4,4,4,4,4,4,4,4,4,4,4,4,4,4,4,4,4,4,4,4,4,4,4,4,4,4,4,4,4,4,4,4,4,4,4,4,4,4,4,4,4,4,4,4,4,4,4,4,4,4,4,4,4,4,4,4,4,4,231,213
1,1,1,1,1,0,1,1,1,1,1,1,1,1,1,1,1,1,0,1,1,1,1,0,1,1,1,1,1,1,0,1,1,1,1,0,0,1,1,0,1,1,1,1,1,1,1,1,1,1,1,1,1,1,1,1,1,1,1,1,1,1,1,1,1,0,1,0,0,1,1,1,1,1,1,1,1,1,1,1,1,1,1,0,1,1,1,1,1,1,1,1,0,1,1,1,1
27
3,3,3,153,153,153,80,163,233,195,61,190,190,155,196,232,232,192,19,50,4,4,4,4,4,4,4,4,4,4,4,4,4,4,4,4,4,4,4,4,4,4,4,4,4,4,4,4,4,4,4,4,4,4,4,4,4,4,4,4,4,4,4,4,4,4,4,4,4,4,4,4,4,4,4,4,4,4,4,4,4,4,83,8,8,8,8,8,8,8,8,8,154,166,125,124,6,2,2,47,47
1,0,0,1,1,1,0,1,0,0,1,1,0,1,1,1,1,1,1,0,1,1,1,0,1,1,1,1,1,1,1,1,1,1,1,1,0,1,1,1,1,1,1,1,1,1,1,1,1,1,1,1,0,1,1,1,1,0,1,0,1,1,1,1,1,1,1,1,1,1,1,1,1,1,1,1,1,1,1,1,1,1,1,1,1,1,1,0,0,0,0,1,0,1,0,0,0,1,1,0,1
28
115,115,234,153,153,199,58,58,187,162,7,7,7,194,155,196,165,158,149,19,19,50,4,4,4,4,4,4,4,4,4,4,4,4,4,4,4,4,4,4,4,4,4,4,4,4,4,4,4,4,4,4,4,4,4,4,4,4,4,4,4,4,4,4,4,4,4,4,4,4,4,4,4,4,4,4,4,4,4,4,4,4,4,4,4,4,4,4,4,4,4,4,4,4,4,4,4,4,4,4,4,4,4,4,4,4,45,181,8,8,8,8,8,8,8,154,154,154,154,154,65,37,83,83,83,83,83,83,83,107,107,6,92,2,2,2,69,47,47,47
1,1,1,1,1,0,1,1,1,1,0,1,1,1,1,0,1,1,1,0,1,0,1,1,1,1,1,1,1,1,1,1,1,1,1,1,1,1,1,1,1,1,0,1,1,1,1,1,1,1,1,1,0,1,1,1,1,1,1,1,1,1,1,1,1,1,1,1,1,1,1,1,1,1,1,1,1,1,1,1,1,1,1,1,1,0,1,1,1,1,1,1,1,1,1,1,1,1,1,0,1,1,1,1,1,1,1,1,1,0,1,1,1,1,1,1,1,1,1,1,1,1,1,1,1,1,1,1,1,1,1,0,1,1,1,1,1,1,1,1
29
3,3,3,3,3,132,65,65,65,153,153,153,153,153,153,153,153,153,101,101,45,152,172,207,207,207,5,5,5,56,155,196,75,23,23,23,165,192,192,140,19,19,50,4,4,4,4,4,4,4,4,4,4,4,4,4,4,4,4,4,4,4,4,4,4,4,4,4,4,4,4,4,4,4,4,4,4,4,4,4,4,4,4,4,4,4,4,4,4,4,4,4,4,4,4,4,4,4,4,4,4,4,4,4,4,4,4,4,4,4,4,4,4,4,4,4,4,4,4,4,4,4,4,4,4,4,55,156,8,8,8,8,8,8,8,135,166,166,151,83,83,219,219,47,47,47,47,47,6,92,92,223,57
0,0,0,1,0,0,1,0,1,1,1,1,1,1,1,1,0,1,1,1,0,1,1,0,1,1,1,1,1,1,0,0,1,0,1,0,1,0,0,1,1,1,1,1,1,0,1,0,0,1,1,1,1,1,1,1,1,1,0,1,1,1,1,1,1,1,1,1,1,1,1,1,0,1,1,1,1,1,1,1,1,1,1,1,1,1,1,1,1,1,1,1,1,1,1,1,1,1,1,1,1,1,1,1,1,1,1,1,1,1,1,1,1,1,1,1,1,1,1,1,1,1,1,1,1,1,1,1,1,1,1,0,1,0,1,1,0,1,1,1,0,0,1,0,1,1,1,0,1,0,1,0,1
30
3,3,3,3,3,3,3,3,3,3,3,3,3,3,83,5,5,7,4,4,4,4,4,4,4,4,4,4,4,4,4,4,4,4,4,4,4,4,4,4,4,4,4,4,4,4,4,4,4,4,4,4,4,4,4,4,4,4,4,4,4,4,4,4,4,4,4,4,4,4,4,4,4,4,4,8,8,8,8,8,8,8,8,140,184,169,69,69,235
1,1,1,1,1,1,1,1,1,1,1,1,1,1,1,1,1,1,1,1,0,1,1,1,1,1,0,1,1,1,1,1,1,1,1,1,1,1,1,1,1,1,1,1,1,0,1,1,0,0,1,1,1,1,1,1,1,1,1,1,1,1,1,1,1,1,1,1,1,1,1,1,1,1,1,1,1,1,1,1,0,1,1,1,1,1,1,1,1
31
115,3,3,3,3,3,3,3,3,3,3,3,3,3,3,176,4,4,4,4,4,4,4,4,4,4,4,4,4,4,4,4,4,4,4,4,4,4,4,4,4,4,4,4,4,4,4,4,4,4,4,4,4,4,4,4,4,4,4,4,4,4,4,4,4,4,4,4,4,4,4,4,4,4,4,4,4,4,4,4,4,4,4,4,4,4,4,4,4,4,4,4,4,4,4,4,4,4,4,4,4,4,4,4,4,4,4,4,4,4,4,4,4,4,4,4,4,4,8,8,8,8,8,8,8,8,8,8,154,166,236,83,83,83,5,155,155,23,23,2,69,47,47,47
0,1,1,0,1,0,1,1,1,1,1,1,0,0,1,1,1,1,1,0,1,1,1,1,1,1,1,1,1,1,1,1,1,1,1,1,1,1,1,1,1,1,1,1,1,0,1,1,1,1,1,1,1,1,1,1,1,0,1,0,1,1,0,1,1,1,1,1,1,1,1,1,1,1,1,1,1,1,1,1,1,1,1,1,1,1,1,1,1,0,1,1,1,1,1,1,1,1,1,1,1,1,1,1,1,1,1,1,1,1,1,1,1,1,1,1,1,1,1,0,1,0,0,0,1,0,0,1,1,1,1,1,1,0,1,0,0,0,0,0,0,0,0,0
32
3,3,3,50,50,158,4,4,4,4,4,4,4,4,4,4,4,4,4,4,4,4,4,4,4,4,4,4,4,4,4,4,4,4,4,4,4,4,4,4,4,4,4,4,4,4,4,4,4,4,4,4,4,4,4,4,4,4,4,4,4,4,4,4,4,4,4,4,4,4,4,4,4,4,4,4,4,4,4,4,4,4,4,4,4,4,4,4,4,4,4,4,4,4,4,4,4,4,4,45,153,153,153,153,153,153,153,153,80,80,8,8,8,8,8,8,8,107,172,83,83,83,57,155,23,23,167,164,164,206,192,47,47,47,47,221
0,0,1,0,0,1,1,1,1,1,0,0,1,1,1,1,1,1,1,1,1,1,1,1,1,1,1,1,1,1,0,1,1,1,1,1,1,1,1,1,1,1,1,1,1,1,1,1,0,1,1,1,1,1,1,1,1,1,1,1,1,1,1,1,1,1,1,1,1,1,1,0,0,1,0,1,0,1,1,1,1,1,1,1,1,1,1,0,1,0,1,0,1,1,1,1,1,1,1,1,1,1,1,1,1,1,1,1,1,1,1,1,1,0,1,0,0,1,1,1,1,1,1,1,0,0,1,1,1,1,0,1,1,1,1,1
33
153,153,153,153,153,80,58,58,162,7,7,7,7,7,7,7,7,7,70,5,5,5,5,5,5,5,5,5,5,5,5,5,5,5,5,5,5,5,5,5,155,2,2,2,2,2,2,2,2,2,2,2,2,2,2,2,2,2,2,2,2,2,2,2,2,2,2,2,2,2,2,2,2,2,2,9,9,9,9,9,9,23,4,4,158,45,50,50,165,165,55,83,83,83,8,8,8,8,8,8,8,135,166,150,151,124,171,164,69,69,69,69,69,69,69,69,47,47,47,47,47
1,1,1,1,1,0,0,0,0,1,1,1,1,1,1,1,1,1,0,1,1,1,1,1,1,1,1,1,1,1,1,1,1,1,1,1,1,1,1,1,0,1,1,1,1,1,1,1,1,1,1,1,1,1,1,1,1,1,1,1,1,1,1,1,1,1,1,1,1,1,1,1,1,1,1,1,0,1,1,1,0,1,1,1,1,1,1,0,1,0,0,1,1,0,0,1,1,1,0,0,0,0,0,0,0,1,1,1,1,1,1,0,1,1,1,1,1,1,0,1,1
34
199,50,4,4,4,4,4,4,4,4,4,4,4,4,4,4,4,4,4,4,4,4,4,4,4,4,4,4,4,4,4,4,4,4,4,4,4,4,4,4,4,4,4,4,4,4,4,4,4,4,4,4,4,4,4,4,4,4,4,4,4,4,4,4,4,4,4,4,4,4,4,4,4,4,4,4,4,4,4,4,4,4,4,4,4,4,156,153,153,153,153,153,19,8,8,8,8,8,8,70,200,130,92,155,155,47,171,83,158,237,237,149,55,45
0,0,1,0,1,1,1,1,1,1,1,1,1,1,1,1,1,1,1,1,1,1,1,1,1,1,1,1,1,1,1,1,1,1,1,1,1,1,1,1,1,1,0,1,1,1,1,1,1,1,1,1,1,1,1,1,1,1,1,1,1,1,0,1,1,1,1,1,1,1,1,1,1,1,1,1,1,1,1,1,1,0,1,1,1,1,0,1,1,1,1,1,0,0,0,0,0,0,0,1,1,0,0,0,0,1,1,0,0,1,1,0,1,0
35
3,55,80,101,7,7,7,7,5,5,5,5,5,5,5,5,5,5,5,5,5,5,5,5,5,5,155,23,23,23,9,9,9,9,9,9,9,9,9,160,45,215,50,50,4,4,4,4,4,4,4,4,4,4,4,4,4,4,4,4,153,153,153,153,153,153,83,2,2,2,2,2,2,2,2,2,2,2,2,2,2,2,2,2,2,2,2,2,2,2,2,2,2,2,2,2,2,2,2,2,2,2,2,2,2,154,168,37,8,8,8,8,8,8,8,6,92,92,164,69,69,69,69,69,69,69,69,69,47,47
0,1,1,1,1,1,1,1,1,1,1,1,1,1,1,1,1,1,1,1,1,1,1,1,1,1,1,1,0,0,1,1,1,1,1,1,1,0,1,1,1,1,0,1,1,1,1,1,1,1,1,1,1,1,0,1,0,1,1,0,0,1,1,0,1,1,1,1,1,1,1,1,1,1,1,1,1,1,1,1,1,1,1,1,1,1,1,1,1,1,1,1,1,1,1,1,1,1,1,1,1,1,1,1,1,1,0,1,1,0,1,1,1,1,1,1,1,1,1,1,1,1,1,1,1,1,1,1,1,1
36
3,157,127,58,207,162,190,190,190,56,238,23,23,23,23,23,23,23,23,23,23,9,9,9,9,167,158,160,50,225,4,4,4,4,4,4,4,4,4,4,4,4,4,4,4,4,4,4,4,156,156,8,8,8,8,8,8,8,166,151,241,177,69,69,69,69,69,69,69,69,69,69,69,47,47,47,47,47,81,239,153,153,153,153,153,7,7,7,7,240,172,194,61,5,5,5,5,5,5,5,5,5,5,5,5,155,2,2,2,2,2,2,2,2,2,2,2,2,2,2,2,2,2,2,2,2,2,2,2,2,2,2,2,2,2,2,2,2,140,140,165,242,202,154,37,125,83,83,83,219,243,6,237
0,1,1,0,1,0,0,1,1,1,1,0,0,0,0,0,1,0,0,1,1,1,1,1,1,1,0,1,1,1,1,1,0,1,1,1,1,1,1,1,1,1,1,1,1,1,1,1,1,1,1,1,0,1,1,1,1,1,1,0,1,1,1,1,1,1,1,1,1,1,1,1,1,1,0,1,1,1,0,0,1,1,1,0,1,1,1,1,1,0,0,1,1,1,1,1,1,1,1,1,1,1,1,1,1,0,1,1,1,1,1,1,1,1,1,1,1,1,1,1,1,1,1,1,1,1,1,1,1,1,1,1,1,1,1,1,1,1,1,1,0,0,1,0,1,0,0,0,1,1,0,0,0
37
164,164,4,4,4,4,4,4,4,4,4,4,4,4,244,55,55,83,8,8,8,8,8,8,7,7,7,7,7,7,7,152,124,58,58,5,5,5,5,5,5,5,5,5,5,5,5,5,5,5,5,5,157,9,9,9,9,9,9,9,9,9,9,174,155,2,2,2,2,2,2,2,2,2,2,2,2,2,2,2,2,2,2,2,2,2,2,2,2,2,2,2,2,2,2,2,2,2,2,2,29,69,69,69,69,69,69,69
1,1,1,1,0,1,1,1,1,0,1,1,1,1,1,0,1,0,1,1,1,1,1,0,1,1,1,1,1,1,1,1,1,0,1,1,1,1,1,1,1,1,1,1,1,1,1,1,1,1,1,1,1,1,1,1,1,1,1,1,1,1,1,1,0,1,1,1,1,1,1,1,1,1,1,1,1,1,1,1,1,1,1,1,1,1,1,1,1,1,1,1,1,1,1,1,1,1,1,1,1,1,1,1,1,1,1,1
38
153,153,153,153,153,153,153,153,153,199,37,162,7,177,5,5,56,155,23,160,158,149,45,19,19,50,50,4,4,4,4,4,4,4,4,4,4,4,4,4,4,4,4,4,4,4,4,4,4,4,4,4,4,4,4,4,4,4,4,4,4,4,4,4,4,4,4,4,4,4,4,4,4,4,4,4,4,4,4,4,4,4,4,4,4,4,4,4,4,4,4,4,4,4,4,4,4,4,4,4,4,4,4,4,4,4,4,4,4,4,4,4,4,4,4,4,4,4,4,4,55,156,83,2,154,154,154,168,168,150,8,8,8,8,8,8,6,164,237,47,47,47,47,47,47,47,47
1,1,1,1,1,1,1,1,1,0,1,0,1,1,1,1,0,0,0,1,0,1,0,1,1,1,1,1,1,1,1,1,0,1,1,1,1,1,1,1,1,1,1,1,1,1,1,1,1,1,1,1,1,1,1,1,1,1,1,1,1,1,1,1,1,1,1,1,1,1,0,1,1,1,1,1,1,1,1,1,1,1,1,1,1,1,1,1,1,1,1,1,1,1,1,1,1,1,1,1,1,0,1,1,1,1,1,1,1,1,1,1,1,1,1,1,1,1,1,1,0,1,1,1,1,0,0,0,1,1,1,1,1,1,1,0,1,1,1,0,1,1,1,0,1,1,1
39
115,3,3,176,150,153,153,153,153,80,80,7,7,170,162,162,162,236,240,172,172,194,229,229,57,179,245,163,23,4,4,4,4,4,4,4,4,4,4,4,4,4,4,4,4,4,4,4,4,4,4,4,4,4,4,4,4,4,4,4,4,4,4,4,4,4,4,4,4,4,4,4,4,4,4,4,4,4,4,4,4,4,4,4,4,4,4,4,4,4,4,4,4,4,4,4,4,4,4,4,4,4,4,4,4,4,4,4,4,4,4,4,4,4,4,4,4,4,4,4,4,158,200,200,200,130,50,165,165,165,165,165,165,165,45,212,83,83,83,8,8,8,8,8,154,37,37,5,124,124,58,56,145,92,169,237,47,81
1,1,0,1,0,1,1,1,1,1,1,0,1,1,1,1,1,1,1,1,1,1,1,1,1,0,1,0,0,1,1,0,0,1,1,0,1,1,1,1,1,1,1,1,1,1,1,1,1,1,1,1,1,1,1,0,1,1,1,1,1,1,1,1,0,1,1,1,1,1,1,1,1,1,1,1,1,1,1,1,1,1,1,1,1,1,1,1,1,1,1,1,1,1,1,1,1,1,1,1,1,1,1,1,1,1,1,1,1,1,1,1,0,1,1,1,1,1,1,1,1,0,1,1,1,1,0,1,1,1,1,1,1,1,0,1,1,1,0,1,0,1,0,0,0,1,1,1,1,1,1,0,1,1,0,1,1,1
40
3,3,3,132,157,153,153,153,153,153,153,153,153,127,101,7,152,235,155,196,112,23,23,23,23,23,140,140,184,158,188,45,19,19,50,50,247,4,4,4,4,4,4,4,4,4,4,4,4,4,4,4,4,4,4,4,4,4,4,4,4,4,4,4,4,4,4,4,4,4,4,4,4,4,4,4,4,4,4,4,4,4,4,4,4,4,4,4,4,4,4,4,4,4,4,4,4,4,4,4,4,4,4,4,4,4,4,4,4,4,4,212,156,83,83,8,8,8,8,8,8,8,246,135,135,73,107,107,6,92,164,47,47,47,47,47,47
0,0,0,1,1,1,1,1,1,1,0,1,1,1,0,1,1,1,1,1,1,1,0,0,0,0,0,1,1,1,1,1,0,1,1,1,1,1,1,1,0,0,1,1,1,1,1,1,1,1,1,1,1,1,1,1,1,1,0,1,0,1,1,1,1,1,1,1,1,1,0,1,1,1,1,1,1,1,1,1,1,1,1,1,1,1,1,1,1,1,1,1,1,1,1,1,1,1,1,1,1,1,0,0,1,1,1,1,1,1,1,1,0,1,0,1,1,1,1,0,1,1,1,1,1,0,1,1,0,1,1,0,1,0,1,0,1
41
132,3,153,153,153,153,153,153,187,7,7,7,190,5,5,5,5,179,155,155,8,8,8,8,8,8,8,8,8,23,9,9,158,45,50,50,4,4,4,4,4,4,4,4,4,4,4,4,4,4,4,4,4,4,4,4,4,4,4,4,4,4,4,4,4,4,4,4,4,4,4,4,4,4,4,4,4,4,4,4,4,4,4,4,4,4,4,4,4,4,4,4,4,4,4,4,4,4,4,4,4,4,4,4,4,4,4,4,4,4,4,4,4,55,156,2,2,2,2,2,2,83,83,107,164,69,69,69,69,47,47,47
0,0,1,1,1,1,1,1,0,1,1,1,1,1,1,1,1,1,0,1,1,0,1,1,0,1,0,0,1,0,1,1,1,0,1,1,1,1,0,0,1,1,1,1,1,1,1,1,1,1,1,1,1,1,1,1,0,1,1,1,1,1,1,1,1,0,1,1,1,1,1,1,1,1,0,1,1,1,1,0,1,1,1,1,1,1,0,1,1,1,1,1,1,1,1,1,1,1,1,1,1,1,1,1,1,1,1,0,1,1,1,1,1,1,1,1,1,1,1,1,1,0,1,1,1,1,1,0,1,1,1,1
42
8,8,8,8,8,8,8,4,4,4,4,4,4,4,4,4,4,4,4,4,4,4,4,4,4,4,4,4,4,4,4,4,4,4,4,4,4,4,4,4,4,4,4,4,4,4,4,4,4,4,4,4,4,4,4,4,4,4,4,4,4,4,4,4,4,4,4,4,4,4,4,4,4,4,4,4,4,4,171
1,0,1,0,0,0,0,1,1,1,1,1,1,1,1,1,1,1,1,1,1,1,1,1,1,1,0,1,1,1,1,1,1,0,1,0,1,1,1,1,1,1,1,1,1,1,1,1,1,1,1,1,1,1,1,1,1,1,1,1,1,1,1,1,1,1,1,1,1,1,1,1,1,1,1,1,1,1,1
43
3,3,157,153,153,153,153,153,153,58,58,58,236,162,162,7,7,7,70,5,5,5,5,5,5,5,5,5,5,5,5,5,163,208,232,192,192,192,192,200,200,4,4,4,4,4,4,4,4,4,4,4,4,4,4,4,4,4,4,4,4,4,83,83,83,2,2,2,2,2,2,2,2,2,2,2,2,2,2,2,2,2,2,2,154,107,167,8,8,8,8,8,8,8,8,219,219,9,9,9,9,92,164,164,69,69,69,69,69,69,69,69,47,47,47,47,47,81
0,0,1,1,1,1,1,1,1,0,1,1,1,0,1,1,1,1,1,0,1,1,1,1,1,1,1,1,1,1,1,1,1,1,0,0,1,1,1,1,1,1,1,1,1,1,1,1,1,1,1,1,1,1,0,1,1,1,1,0,1,1,1,1,1,1,1,1,1,1,1,1,1,1,1,1,1,1,1,1,1,1,1,1,0,1,1,1,1,1,1,0,0,0,0,0,1,1,1,1,1,1,1,1,1,1,1,1,1,1,1,1,1,1,1,0,1,1
44
3,3,153,153,153,153,153,153,153,153,153,153,153,153,80,58,162,7,152,23,177,56,155,112,191,160,160,158,45,19,19,19,50,50,4,4,4,4,4,4,4,4,4,4,4,4,4,4,4,4,4,4,4,4,4,4,4,4,4,4,4,4,4,4,4,4,4,4,4,4,4,4,4,4,4,4,4,4,4,4,4,4,4,4,4,4,4,4,4,4,4,4,4,4,4,4,4,4,4,4,4,4,4,4,4,4,4,4,4,4,4,4,4,4,4,4,4,4,4,4,4,4,4,4,4,4,4,4,4,4,4,4,4,4,4,4,4,4,4,4,4,4,4,4,4,4,4,4,4,4,4,4,4,4,4,4,4,4,4,4,55,156,8,8,8,8,8,8,8,8,8,8,8,8,154,37,83,107,6,92,92,47,47,47,47
0,0,1,1,1,1,1,0,1,1,1,1,1,1,1,1,1,1,1,0,1,0,1,1,0,0,1,0,0,1,1,1,1,1,1,1,1,1,1,1,1,1,1,1,1,1,1,1,1,1,1,1,1,1,1,1,1,1,1,1,1,1,1,1,1,1,1,1,1,1,1,1,1,1,1,1,1,0,0,1,1,1,1,1,1,1,1,1,1,1,1,1,1,1,1,1,1,1,1,1,0,1,1,1,1,1,1,1,1,1,1,1,1,1,1,1,1,1,1,1,1,1,1,1,1,1,1,1,1,1,1,1,1,1,1,1,1,1,1,1,1,1,1,1,1,1,1,1,1,1,1,1,1,1,1,1,1,1,1,1,1,1,1,0,1,1,1,1,1,1,0,0,0,0,1,1,0,0,1,1,1,0,1,1,1
45
3,3,176,153,153,153,153,153,153,101,7,7,7,7,7,152,194,190,5,5,5,5,56,155,155,196,8,8,8,8,8,2,2,2,192,158,158,158,140,215,50,50,4,4,4,4,4,4,4,4,4,4,4,4,4,4,4,4,4,4,4,4,4,4,4,4,4,4,4,4,4,4,4,4,4,4,4,4,4,4,4,4,4,4,4,4,4,4,4,4,4,4,4,4,4,4,4,4,4,4,4,4,4,4,4,4,4,4,55,156,202,154,135,135,37,83,83,92,69,69,168,47,47,47,47
0,0,1,1,1,1,1,1,1,1,1,1,1,1,1,1,1,0,1,1,1,1,1,0,1,0,1,1,1,1,1,1,1,1,0,1,1,1,0,1,1,1,1,1,1,1,0,1,1,1,1,1,1,1,0,1,1,1,1,1,1,1,1,1,0,1,1,1,1,1,1,1,1,1,1,1,1,1,1,1,1,1,1,1,1,1,0,1,1,1,1,1,1,1,1,1,1,1,1,1,1,1,1,1,1,1,1,1,1,1,1,1,1,1,1,0,1,1,1,1,0,1,1,1,1
46
3,3,3,3,3,19,19,19,19,19,19,19,19,19,50,4,4,4,4,4,4,4,4,4,4,4,4,4,4,4,4,4,4,4,4,4,4,4,4,4,4,4,4,4,4,4,4,4,4,4,4,4,4,4,4,4,4,4,4,4,4,4,4,4,4,4,4,4,4,4,4,4,4,4,4,4,4,4,55,153,153,153,153,153,153,153,153,153,153,83,83,83,2,2,2,2,2,7,7,7,7,7,7,125,8,8,8,8,8,8,8,8,8,8,5,5,5,5,155,171,171,158,69,149,47,47,47,47,45
0,0,1,1,1,0,1,1,1,1,1,1,1,1,1,1,1,1,0,1,1,1,1,1,1,1,1,1,1,1,1,1,1,1,1,1,1,1,0,1,1,1,1,1,1,1,1,1,1,1,1,1,1,1,1,1,1,1,1,1,1,1,1,1,1,1,1,1,1,1,1,1,1,1,1,1,1,0,1,1,1,1,1,1,1,1,1,1,1,1,1,1,0,1,1,1,1,1,1,1,1,1,1,1,1,1,1,1,1,1,1,1,1,1,1,1,1,1,1,0,0,1,1,1,1,1,1,1,1
47
3,3,3,3,3,55,83,7,152,195,5,5,5,5,5,5,5,5,4,4,4,4,4,4,4,4,4,4,4,4,4,4,4,4,4,4,4,4,4,4,4,4,4,4,4,4,4,4,4,4,4,4,4,4,9,23,140,167,50,50,165,48,217,217,2,2,2,2,2,2,2,2,2,2,168,150,125,125,125,8,8,8,8,8,8,8,8,8,171,6,164,69,69,47
0,1,0,1,0,1,0,1,1,1,1,1,1,1,1,1,1,1,1,1,1,0,1,1,1,1,0,1,1,1,1,1,1,1,1,1,1,1,1,1,1,1,1,1,1,1,1,1,1,1,1,1,1,1,1,1,1,1,1,1,0,1,1,1,1,1,1,1,1,1,1,1,1,1,0,1,1,1,0,1,1,0,1,1,1,0,1,1,0,0,1,1,1,1
48
19,19,19,4,4,4,4,4,4,4,4,4,4,4,4,4,4,4,4,4,4,4,4,4,4,4,4,4,4,4,4,4,4,4,4,4,4,4,4,4,4,4,4,4,4,4,4,4,4,4,4,4,55,153,153,153,153,153,153,153,153,153,153,153,8,8,8,8,8,8,8,8,8,8,125,2,2,2,2,5,5,5,5,5,5,5,5,5,56,155,173,23,23,23,23,160,101,47,47,47,47,47,81,81
0,1,1,1,1,1,1,1,1,1,1,1,1,1,1,1,1,1,1,1,1,1,1,1,1,0,1,1,1,1,1,1,1,1,1,1,1,1,1,1,1,1,1,1,1,1,1,1,1,1,0,1,1,1,1,1,1,1,1,1,1,1,1,1,0,1,0,0,0,0,0,1,0,0,1,0,1,1,1,1,1,1,1,1,1,1,1,1,0,1,1,0,0,0,0,1,1,1,1,0,1,1,1,0
49
3,3,3,3,3,3,3,153,153,153,153,153,101,7,152,152,5,56,155,177,140,167,167,158,50,50,4,4,4,4,4,4,4,4,4,4,4,4,4,4,4,4,4,4,4,4,4,4,4,4,4,4,4,4,4,4,4,4,4,4,4,4,4,4,4,4,4,4,4,4,4,4,4,4,4,4,4,4,4,4,4,4,4,4,4,4,4,4,4,4,4,4,4,4,4,4,4,4,4,4,4,4,4,4,45,156,8,8,8,8,8,8,154,154,135,135,135,37,214,83,83,107,248,164,164,164,47,47,47,47,47,47,47,47
0,1,1,1,1,1,0,1,1,1,1,1,1,1,0,1,1,1,1,1,1,1,1,1,0,1,1,1,0,1,1,1,1,1,1,1,1,1,1,1,1,1,1,1,1,1,1,1,1,1,1,1,1,1,1,1,1,1,1,1,1,0,1,1,1,1,1,1,1,1,1,1,1,1,1,1,1,1,1,1,1,1,1,1,1,1,1,1,1,1,1,1,1,1,1,1,1,1,1,1,1,1,1,1,1,1,1,1,1,0,0,0,0,0,1,0,1,1,0,0,1,1,0,1,1,1,1,1,0,1,1,1,1,1
50
115,127,153,153,153,153,45,7,7,7,7,7,7,152,195,195,195,61,177,5,5,5,5,5,5,5,5,5,5,5,5,201,201,155,155,155,172,9,9,9,23,2,2,2,2,2,2,2,2,2,2,2,2,2,2,2,2,2,2,2,2,2,2,2,2,158,149,149,3,50,164,164,4,4,4,4,4,4,4,4,4,4,4,4,4,4,4,4,4,4,4,4,4,4,4,4,4,4,4,4,4,4,4,4,4,4,4,4,55,83,83,8,8,8,8,8,8,8,8,8,150,151,124,92,81,69,69,47,47,47,47,47,47,196
1,1,1,1,1,1,1,1,1,1,1,1,1,1,1,1,1,1,1,1,1,1,1,1,1,1,1,1,1,1,1,1,1,1,1,0,1,1,1,0,0,1,1,1,1,1,1,1,1,1,1,1,1,1,1,1,1,1,1,1,1,1,1,1,1,0,0,1,0,1,1,1,1,1,1,1,1,1,1,1,1,1,1,1,1,0,1,1,1,1,1,1,1,1,1,1,1,1,1,1,1,1,1,1,1,1,1,1,1,1,1,1,1,0,1,1,0,0,1,0,0,1,1,0,1,1,1,0,1,1,0,1,1,1
51
3,3,165,165,55,55,80,236,162,7,7,7,7,7,7,70,5,5,5,5,5,179,23,2,2,2,2,2,160,213,45,45,199,50,4,4,4,4,4,4,4,4,4,4,4,4,4,4,4,4,4,4,4,4,4,4,4,4,4,4,4,4,4,4,4,4,4,4,4,4,4,4,4,4,4,4,4,4,4,4,4,4,4,4,4,4,4,4,4,4,4,4,4,4,4,4,4,4,4,4,4,4,4,4,4,4,153,8,8,8,8,8,8,8,65,65,150,149,149,83,83,83,83,83,83,92,69,47,47,47,47
1,1,0,1,1,1,1,1,0,1,1,1,1,1,1,1,1,1,1,1,1,1,0,1,1,1,1,1,1,0,1,1,1,0,1,1,1,1,1,1,1,1,1,1,1,1,1,1,1,1,1,1,1,1,1,1,1,1,1,1,0,1,1,1,1,1,1,1,1,1,1,1,1,1,1,1,1,1,1,1,1,1,1,1,1,1,1,1,1,0,1,1,1,1,1,1,1,1,1,1,1,1,1,1,1,1,1,1,0,1,1,0,1,1,0,1,0,1,1,1,1,1,1,1,1,1,1,0,1,1,1
52
3,3,3,3,153,153,153,153,153,153,101,45,162,162,7,50,50,177,5,5,5,5,155,9,23,23,2,2,2,2,2,2,2,2,2,2,2,167,158,140,19,19,205,4,4,4,4,4,4,4,4,4,4,4,4,4,4,4,4,4,4,4,4,4,4,4,4,4,4,4,4,4,4,4,4,4,4,4,4,4,4,4,4,4,4,4,4,4,4,4,4,4,4,4,4,4,4,4,4,4,4,4,4,4,4,4,156,212,83,83,83,8,8,8,8,8,8,8,154,154,154,154,154,154,37,130,6,164,69,69,69,69,47,47,47,47
0,0,0,0,1,0,1,1,1,1,1,1,1,0,1,1,1,1,1,1,1,1,0,1,0,0,1,1,1,1,1,1,1,1,1,1,1,1,1,0,1,1,1,1,1,1,1,1,1,1,1,1,1,1,1,1,1,1,1,1,1,1,1,1,1,1,1,1,1,1,1,1,1,1,1,1,1,1,1,1,1,1,1,1,1,1,1,1,1,1,1,1,1,1,1,1,1,1,1,1,1,1,1,1,1,1,1,1,0,1,1,1,1,1,1,0,0,0,1,0,1,1,0,1,1,0,0,1,1,1,1,0,1,0,1,1
53
3,3,3,237,153,153,153,80,162,162,7,70,70,5,5,5,5,5,5,5,155,172,172,167,29,200,45,19,50,158,4,4,4,4,4,4,4,4,4,4,4,4,4,4,4,4,4,4,4,4,4,4,4,4,4,4,4,4,4,4,4,4,4,4,4,4,4,4,4,4,4,4,4,4,4,4,4,4,4,4,4,4,4,4,4,4,4,4,4,4,55,55,156,83,8,8,8,8,8,8,8,154,154,154,168,151,151,2,2,2,2,202,92,92,92,92,69,69,47,47,47,81
0,0,0,0,0,1,1,1,1,0,1,1,0,1,1,1,1,1,1,1,1,1,1,0,1,1,0,1,1,1,1,1,1,1,0,1,0,1,1,1,1,1,1,1,1,1,1,1,1,1,1,1,1,1,1,1,1,1,1,0,1,1,1,1,1,1,1,1,1,1,1,1,1,1,1,1,1,1,1,1,1,1,1,1,0,1,1,1,1,1,1,1,0,1,1,1,1,1,1,0,1,0,0,0,1,0,0,1,1,0,0,1,0,1,1,1,1,1,1,1,1,1
54
3,127,55,7,249,190,5,5,5,56,250,112,8,8,8,8,8,8,23,23,23,23,165,158,200,45,4,4,4,4,4,4,4,4,4,4,4,4,4,4,4,4,4,4,4,4,4,4,4,4,4,4,4,4,4,4,4,4,4,4,4,4,4,4,4,4,4,4,4,4,4,4,4,4,4,4,4,4,4,4,4,4,4,4,4,4,4,4,4,4,4,4,4,4,4,4,4,4,4,4,4,4,4,4,4,4,4,4,4,4,4,4,4,4,4,4,4,4,4,4,4,4,4,4,4,4,4,4,4,4,4,4,4,4,153,153,153,153,153,153,2,2,166,37,83,83,107,107,9,6,47,47,47,47
0,1,1,1,1,1,1,1,1,1,1,1,1,1,0,1,1,0,0,0,0,0,0,0,1,1,1,1,1,0,0,0,1,1,1,1,1,1,1,1,1,1,1,1,1,1,1,1,1,1,1,1,1,1,1,1,1,1,1,1,0,1,1,1,1,0,1,1,1,1,0,1,1,0,1,1,1,1,1,1,1,1,1,1,1,1,1,1,1,1,1,1,1,1,1,1,1,1,1,1,1,1,1,1,1,1,1,1,1,1,1,1,1,1,1,1,1,1,1,1,1,1,1,1,1,1,1,1,1,1,1,1,1,1,1,1,1,1,1,1,1,1,1,1,1,1,1,1,1,0,1,1,1,0
55
3,3,3,3,3,3,19,231,4,4,4,4,4,4,4,4,4,4,4,4,4,4,4,4,4,4,4,4,4,4,4,4,4,4,4,4,4,4,4,4,4,4,4,4,4,4,4,4,4,4,4,4,4,4,4,4,4,4,4,4,4,4,4,4,4,4,4,4,4,4,4,4,4,4,4,4,4,4,153,153,153,153,153,153,80,80,80,8,8,8,8,8,8,8,8,7,7,23,150,151,167,101,5,5,5,5,190,205,115,191,184,149,149,47,47
1,0,0,1,1,1,1,1,1,1,1,1,1,1,1,1,1,1,1,1,1,1,1,1,1,1,1,1,1,1,1,1,0,1,1,1,0,1,1,0,1,1,1,1,1,1,1,1,1,1,1,1,1,1,1,1,1,1,1,1,1,1,1,1,1,1,1,0,1,1,1,1,1,1,1,1,1,1,1,1,1,1,1,1,0,0,1,1,1,1,1,0,0,0,1,0,1,0,1,0,1,1,1,1,1,1,1,1,1,1,1,0,1,1,0
56
157,153,153,80,101,162,7,7,7,5,5,5,155,23,9,9,252,251,45,19,19,19,158,4,4,4,4,4,4,4,4,4,4,4,4,4,4,4,4,4,4,4,4,4,4,4,4,4,4,4,4,4,4,4,4,4,4,4,4,4,55,83,83,2,2,2,2,2,2,2,2,2,2,2,2,2,2,124,8,8,8,8,8,8,8,8,171,69,69,47,47,47,47,47,47
0,1,1,1,1,0,1,1,1,1,1,1,1,0,1,1,1,1,1,1,1,1,1,1,1,1,1,1,1,1,1,1,1,1,1,1,1,1,1,1,1,1,1,1,1,1,1,1,1,1,1,1,1,1,1,1,1,1,1,1,1,0,0,1,1,1,1,1,1,1,1,1,1,1,1,1,1,1,1,1,1,1,1,0,0,1,1,1,1,1,0,1,1,0,1
57
3,3,3,19,19,165,165,55,80,80,2,183,162,172,8,8,8,8,8,219,4,4,4,4,4,4,4,4,4,4,4,4,4,4,4,4,4,4,4,4,4,4,4,4,4,4,4,4,4,4,4,4,4,4,4,4,4,4,4,4,4,4,4,4,4,4,4,4,4,4,4,4,4,4,4,4,4,4,4,4,4,4,4,4,4,4,4,4,4,155,6,6,6,140
1,0,0,1,1,1,0,1,1,1,1,1,1,1,1,0,0,1,1,1,1,1,0,1,1,1,1,1,1,1,1,1,1,1,1,1,1,1,1,1,1,1,1,1,1,0,1,1,0,1,1,1,1,1,1,1,1,1,1,1,1,1,0,1,1,1,1,1,1,1,1,1,1,1,1,1,1,1,1,1,1,1,1,1,1,1,1,1,1,0,1,0,1,1
58
3,3,3,3,3,3,3,3,115,153,153,153,153,80,80,58,58,7,7,7,7,7,187,152,172,229,5,5,5,5,5,5,5,5,5,5,5,5,5,5,5,5,5,5,201,155,23,23,23,23,23,9,9,9,9,83,83,158,213,140,215,19,50,50,4,4,4,4,4,4,4,4,4,4,4,4,4,4,4,4,4,4,4,45,126,2,2,2,2,2,2,2,2,2,2,2,2,2,2,2,2,2,2,2,2,2,2,2,2,2,2,2,2,2,2,2,2,2,2,2,2,2,154,37,125,125,125,125,125,8,8,8,8,8,8,8,8,8,8,8,190,6,92,92,92,92,69,69,69,69,69,69,69,69,69,69,69,69,69,47,47
1,1,0,0,0,1,1,1,0,1,1,1,1,1,1,1,0,1,1,1,1,1,0,1,1,1,1,1,1,1,1,1,1,1,1,1,1,1,1,1,1,1,1,1,1,0,0,1,1,1,0,1,1,1,1,1,0,1,1,0,1,1,1,1,1,1,0,1,0,0,1,1,1,1,1,1,1,1,1,1,1,1,1,1,1,1,1,1,1,1,1,1,1,1,1,1,1,1,1,1,1,1,1,1,1,1,1,1,1,1,1,1,0,1,1,1,1,1,1,1,1,1,1,0,1,1,1,1,1,1,1,1,1,1,1,1,1,1,1,1,1,0,1,1,1,1,1,1,1,1,1,1,1,1,1,1,1,1,1,1,1
59
2,2,170,5,5,5,162
0,1,1,0,1,1,0
60
3,3,157,153,153,153,153,153,80,80,7,61,177,179,23,2,2,158,199,50,4,4,4,4,4,4,4,4,4,4,4,4,4,4,4,4,4,4,4,4,4,4,4,4,4,4,4,4,4,4,4,4,4,4,4,4,4,4,4,4,4,4,4,4,4,4,4,4,4,4,4,4,4,4,4,4,4,4,4,4,4,4,4,4,4,4,4,4,4,4,4,4,4,4,83,8,8,8,8,8,8,8,168,166,151,73,124,107
0,0,1,1,1,1,1,1,0,1,1,1,1,1,0,1,1,0,0,1,1,1,1,0,1,1,1,1,1,1,1,1,1,1,1,1,1,1,1,1,1,1,1,1,1,1,1,1,1,1,1,1,1,1,1,1,1,1,1,1,1,1,1,1,1,1,1,1,1,1,1,1,1,1,1,1,1,1,1,1,1,1,1,1,1,1,1,1,0,1,1,1,1,1,0,0,1,0,0,1,1,1,0,1,0,1,1,1
61
3,115,153,153,153,153,153,153,153,153,153,80,101,7,7,7,7,7,207,207,61,229,229,229,5,5,5,5,5,5,5,5,5,5,5,5,5,5,5,5,5,155,196,196,173,8,8,8,8,23,165,165,83,83,161,45,19,50,164,4,4,4,4,4,4,4,4,4,4,4,4,4,4,4,4,4,4,156,212,217,2,2,2,2,2,2,2,2,2,2,2,2,2,2,2,2,2,2,2,2,2,2,2,2,2,2,2,2,2,168,65,150,150,124,219,219,230,9,9,9,9,9,9,9,9,9,169,69,69,69,69,69,69,69,69,69,47,47,47,47,47
1,1,1,1,1,1,1,1,1,1,1,0,1,1,0,1,1,1,1,1,0,1,1,1,1,1,1,1,1,1,1,1,1,1,1,1,1,1,1,1,1,1,0,0,1,0,1,0,0,0,1,0,1,1,0,0,1,1,1,1,1,0,1,1,1,1,1,1,1,1,1,1,1,1,0,1,1,1,0,1,1,1,1,1,1,1,1,1,1,1,1,1,1,1,1,1,0,1,1,1,1,1,1,1,1,1,1,1,1,0,0,1,1,1,1,1,1,1,1,1,1,1,1,1,1,1,0,1,1,0,1,1,1,1,1,1,1,1,1,0,1
62
3,3,153,153,153,153,37,7,152,152,177,201,112,8,8,8,8,8,8,8,8,23,140,160,160,160,158,45,19,50,50,50,4,4,4,4,4,4,4,4,4,4,4,4,4,4,4,4,4,4,4,4,4,4,4,4,4,4,4,4,4,4,4,4,4,4,4,4,4,4,4,4,4,4,4,4,4,4,4,4,4,4,4,4,4,4,4,4,4,4,4,4,4,4,4,4,4,4,4,4,4,4,4,4,4,4,4,4,4,4,4,4,4,4,4,4,4,4,4,4,4,4,4,4,4,4,4,4,4,4,4,4,55,156,2,2,154,135,150,83,204,92,168,47,47,47,47,47
0,0,1,0,1,1,1,1,0,1,1,0,1,1,1,1,1,1,0,0,1,1,1,1,0,1,0,1,1,1,1,1,1,1,1,1,1,1,1,1,1,1,1,1,1,1,1,1,1,1,1,1,1,1,1,1,1,1,1,1,1,1,1,1,0,1,1,1,1,1,1,1,1,1,1,1,1,1,1,1,1,1,1,1,1,1,1,1,1,1,1,1,1,1,1,1,1,1,1,1,1,1,1,1,1,1,1,1,1,1,1,1,1,1,1,1,1,1,0,1,1,1,1,1,1,1,1,1,1,1,1,1,1,1,1,1,1,0,0,1,1,1,0,0,1,1,1,1
63
3,50,50,50,4,4,4,4,4,4,4,4,4,4,4,4,4,4,4,4,4,4,4,4,4,4,4,4,4,4,4,4,4,4,4,4,4,4,4,4,4,4,4,4,4,4,4,4,4,4,4,4,4,4,4,4,4,4,4,4,4,4,4,4,4,4,4,4,4,4,4,4,4,4,4,4,4,4,4,4,4,4,4,4,4,4,4,4,4,4,4,4,4,4,4,4,4,4,4,4,4,4,45,45,153,153,153,153,153,153,83,83,8,8,8,8,8,8,8,8,37,7,7,152,190,107,56,155,23,2,2,92,164,160,47,47,47,47,47
1,1,1,1,1,1,0,1,1,1,1,1,1,1,1,1,1,1,1,1,1,1,1,1,1,1,1,1,1,1,1,1,1,1,1,1,1,1,1,1,1,1,0,1,1,1,1,1,1,1,1,1,1,1,1,1,1,1,1,1,1,1,1,1,1,1,1,1,1,1,1,1,1,1,1,1,1,1,1,1,1,1,1,1,1,1,1,1,1,0,1,1,1,1,1,1,1,1,1,1,1,1,0,0,1,1,1,0,1,1,1,0,1,0,1,1,0,1,1,1,1,0,0,0,1,1,0,1,0,1,1,1,1,1,1,0,1,1,1
64
3,3,3,3,3,3,3,3,3,3,3,3,3,3,3,3,3,3,3,3,3,3,3,3,3,3,3,3,3,3,3,3,3,3,3,3,3,3,3,3,3,3,3,3,3,3,3,3,3,3,3,3,3,3,3,3,3,3,3,199,4,4,4,4,4,4,4,153,153,153,80,80,8,8,8,8,8,8,8,8,8,8,162,124,83,83,83,83,5,5,5,5,5,5,5,5,5,5,5,5,5,5,5,5,5,5,5,5,5,5,23,23,2,2,2,2,2,2,2,2,2,2,2,2,2,2,192,69,69,69,69,69,81
1,1,1,0,1,1,1,1,0,1,1,1,1,0,1,0,0,0,0,0,1,1,1,0,1,0,1,1,0,0,1,0,1,1,0,1,1,0,1,1,1,0,0,0,1,1,1,0,1,1,0,0,0,1,0,0,1,0,1,0,1,1,1,1,1,1,1,1,1,1,0,1,1,1,1,0,1,0,1,1,1,1,1,1,1,1,0,0,1,1,1,1,1,1,1,1,1,1,1,1,1,1,1,1,1,1,1,0,1,1,0,1,1,1,1,1,1,1,1,1,1,1,1,1,1,0,1,1,1,0,1,0,0
65
157,153,153,153,153,153,7,7,7,50,5,5,5,5,5,5,5,5,5,5,5,5,5,5,4,4,4,4,4,4,4,4,4,4,4,4,4,4,4,4,4,4,4,4,4,4,4,4,4,4,4,4,4,4,4,4,4,4,4,4,4,4,4,4,4,4,4,4,4,4,4,4,4,4,4,155,8,8,8,8,8,8,8,23,9,158,158,205,165,156,2,2,2,2,2,2,2,2,2,2,2,2,168,168,151,83,83,179,92,92,164,47,47,47,47,47,47,81
1,1,0,1,1,1,1,1,1,1,1,1,1,1,1,1,1,1,1,1,1,1,1,1,1,1,1,1,1,0,1,1,1,1,1,1,1,1,1,1,1,1,1,1,1,1,1,1,1,1,1,1,1,1,1,1,1,1,1,1,1,1,1,1,1,1,1,1,1,1,1,1,1,1,1,0,1,1,1,1,1,0,1,0,1,1,1,1,0,1,1,1,1,1,1,1,1,1,1,1,1,1,0,0,0,1,1,1,1,1,1,1,1,1,1,1,1,0
66
3,3,3,165,244,153,83,7,7,7,7,7,7,70,190,5,5,5,5,5,5,5,5,5,5,5,5,5,23,9,9,9,9,9,9,9,9,9,9,149,149,199,19,19,4,4,4,4,4,242,181,217,217,217,2,2,2,2,2,2,2,2,2,2,2,2,2,2,2,2,2,2,2,2,2,2,2,2,2,2,2,2,2,80,124,8,8,8,8,8,8,8,171,171,171,69,69,69,69,69,69,81
0,0,0,0,1,1,1,1,1,1,1,1,1,1,1,1,1,1,1,1,1,1,0,1,1,1,1,1,1,1,1,1,1,1,1,1,1,1,1,0,1,1,0,0,1,1,1,1,1,0,0,1,1,0,1,1,1,1,1,1,1,1,1,1,1,1,1,1,1,1,1,1,1,1,1,1,1,1,1,1,1,1,1,1,1,0,0,1,1,0,1,1,1,1,1,0,1,1,1,1,1,0
67
115,19,157,4,4,4,4,4,4,4,4,4,4,4,4,4,4,4,4,4,4,4,4,4,4,4,4,4,4,4,4,4,4,4,4,4,4,4,4,4,4,4,4,4,4,4,4,4,4,4,4,4,4,4,4,4,4,4,4,4,4,4,4,4,4,4,4,4,4,4,4,4,4,4,153,130,8,8,8,8,8,8,166,7,7,125,83,5,5,5,155,196,196,23,2,2,2,2,2,2,101,213
1,1,0,1,1,1,1,1,1,1,1,1,1,1,1,1,1,1,1,1,1,1,1,1,1,1,1,0,1,0,0,1,1,1,1,1,1,1,0,1,1,1,1,1,1,1,1,1,1,1,1,1,1,1,1,1,1,1,1,1,1,1,1,1,1,1,1,1,1,1,1,1,1,1,1,0,1,1,1,1,1,1,1,1,1,1,0,1,1,1,0,1,0,1,1,1,1,1,1,1,1,1
68
3,19,157,4,4,4,4,4,4,4,4,4,4,4,4,4,4,4,4,4,4,4,4,4,4,4,4,4,4,4,130,153,153,153,153,153,80,8,8,8,8,8,162,7,219,219,197,2,2,2,2,2,2,2,2,2,2,2,2,2,2,5,5,5,5,5,5,5,5,5,171,9,69,69,149,57,81
0,1,1,1,1,1,1,0,1,1,1,1,1,1,1,1,1,1,1,1,0,1,1,1,1,1,1,1,1,1,0,1,1,1,1,1,1,1,1,0,0,1,1,1,1,1,1,1,1,1,1,1,1,1,1,1,1,1,1,1,1,0,1,1,1,1,1,1,0,1,0,1,1,1,0,1,1
69
3,153,153,153,58,7,7,7,7,240,5,5,5,5,5,5,5,5,5,5,5,5,5,5,5,5,155,9,9,9,9,9,9,2,2,2,2,2,2,2,2,2,2,2,2,2,2,2,2,2,2,2,2,2,2,2,2,2,2,2,2,2,2,2,2,2,2,2,2,2,2,2,2,2,160,160,160,29,19,50,4,4,4,4,4,4,4,4,4,4,4,4,4,4,4,4,4,4,4,4,4,45,45,212,8,8,8,8,8,8,8,8,154,166,253,83,83,83,183,202,92,69,69,69,69,69,69,69,69,69,69,69,69,223,223,47,47,47,47,47,47,47
1,1,1,1,0,1,1,1,1,0,1,1,1,1,1,1,1,1,1,1,1,1,1,1,1,1,0,1,1,0,1,1,1,1,1,1,1,1,1,1,1,1,1,1,1,1,1,1,1,1,1,1,0,1,1,1,1,1,1,1,1,1,1,1,1,1,1,1,1,1,1,1,1,1,1,1,1,1,1,1,1,1,0,1,1,1,1,1,1,1,1,1,1,1,1,1,1,1,1,1,1,1,0,1,1,1,1,1,1,1,1,1,0,1,1,0,1,0,0,1,1,1,1,1,1,1,1,1,1,1,1,1,1,1,1,1,1,1,1,1,0,1
70
3,127,153,153,153,153,153,163,7,7,7,190,5,5,5,56,155,155,8,8,8,8,8,8,23,24,160,45,19,50,50,4,4,4,4,4,4,4,4,4,4,4,4,4,4,4,4,4,4,4,4,4,4,4,4,4,4,4,4,4,4,4,4,4,4,4,4,4,4,4,4,4,4,4,4,4,4,4,4,4,4,4,4,4,4,4,4,4,4,4,4,4,4,4,4,4,4,4,4,4,4,4,4,4,4,4,4,4,4,4,4,4,4,4,4,4,4,4,4,55,156,2,2,37,177,83,83,83,83,6,164,164,69,47,47,47,47,47,47,47
1,0,1,1,1,1,1,1,0,1,1,1,1,1,1,0,0,0,0,0,1,0,0,1,0,0,1,0,1,0,1,1,1,1,1,1,1,1,1,1,1,1,1,1,1,1,1,1,1,1,1,1,1,1,1,1,1,1,1,1,0,1,1,1,1,1,1,1,1,0,1,1,1,1,0,1,1,1,1,1,1,1,1,1,1,1,1,1,1,1,1,1,1,1,1,1,1,1,1,1,1,1,1,1,1,1,1,1,1,1,1,1,1,1,1,1,1,1,1,1,1,1,1,1,1,0,0,1,1,0,1,1,0,1,1,1,0,1,1,1
71
3,8,8,5,5,5,5,5,4,2,2,2,2,69,69,69,69,69
0,1,1,1,1,1,1,1,1,1,1,1,1,1,0,1,0,1
72
8,8,8,8,5,5,5,5,5,5,5,5,5,5,5,5,5,5,5,5,5,5,4,4,4,4,4,4,4,4,4,4,4,4,4,4,4,4,4,2,2,2,2,2,2,2,2,2,2,2,2,2,2,2,2,2,2,2,2,2,2,2,2,2,2,2,2,9,9,9,9,9,166,69,69,69,69,69,69,69,69,149
1,1,0,1,1,1,1,1,1,1,1,1,1,1,1,1,1,1,1,1,1,1,1,1,1,1,1,1,1,1,1,1,1,1,1,1,1,1,1,1,1,1,1,1,1,1,1,1,1,1,1,1,1,1,1,1,1,1,1,1,1,1,1,1,1,1,1,1,1,1,1,1,1,1,1,1,1,1,1,1,1,1
73
3,3,3,161,161,153,153,153,153,153,80,101,156,7,7,190,5,155,155,23,23,23,2,2,2,45,19,4,4,4,4,4,4,4,4,4,4,4,4,4,4,4,4,4,4,4,4,4,4,4,4,4,4,4,4,4,4,4,4,4,4,4,4,4,4,4,4,4,4,4,4,4,4,4,4,4,4,4,4,4,4,4,4,4,4,4,4,4,4,4,4,4,4,4,55,48,8,8,8,8,8,8,154,151,125,125,83,83,83,164,47,47,47,47,47
1,1,0,0,1,1,1,1,0,1,1,0,1,0,1,1,0,1,0,0,1,0,1,1,1,1,1,1,1,1,1,1,1,1,1,1,1,1,1,1,1,1,1,0,1,1,1,1,1,1,1,1,1,1,1,1,1,1,1,1,0,0,1,1,1,1,1,1,1,1,1,1,1,1,1,1,1,1,1,1,1,1,1,1,1,1,1,1,1,1,1,1,1,1,0,1,0,0,0,0,0,0,0,0,1,1,1,1,1,1,1,1,1,1,0
74
3,3,3,3,218,218,157,153,153,153,153,80,80,163,163,163,163,254,254,162,152,195,190,58,198,172,173,23,23,23,23,23,158,213,213,213,45,19,4,4,4,4,4,4,4,4,4,4,4,4,4,4,4,4,4,4,4,4,4,4,4,4,4,4,4,4,4,4,4,4,4,4,4,4,4,4,4,4,4,4,4,4,4,4,4,4,4,4,4,4,4,4,4,4,4,4,4,4,4,4,4,4,4,4,4,4,4,4,4,4,4,4,4,4,4,4,4,4,4,55,156,83,8,8,8,8,8,154,154,135,132,107,124,124,219,219,6,6,6,6,168,47,47,47,47,47,196
0,0,0,0,0,1,1,0,1,1,1,1,1,0,1,1,1,0,0,1,0,0,1,0,0,1,1,0,0,0,0,0,1,0,0,1,1,0,1,1,1,1,1,1,1,1,1,1,1,1,1,1,1,1,1,1,1,1,0,1,1,1,1,1,0,1,1,0,1,0,1,1,1,1,1,1,1,1,1,1,1,1,1,1,1,1,1,1,1,1,1,1,1,1,0,1,1,1,1,1,1,1,1,1,1,0,1,1,1,1,1,1,1,1,1,1,1,1,0,1,1,1,0,1,0,0,1,1,1,0,0,0,1,1,0,1,1,0,0,0,1,1,1,1,1,1,0
75
5,4,4,4,4,4,4,4,4,156,2,69,69,152
1,0,1,1,1,1,1,1,1,1,1,1,1,1
76
157,153,153,230,7,7,7,7,7,7,7,201,5,5,5,5,5,5,5,5,5,5,5,5,5,5,5,5,5,56,112,9,9,9,9,9,9,9,9,2,2,2,2,2,2,2,2,2,2,2,2,2,2,2,2,2,2,2,2,2,2,2,2,2,2,2,2,2,2,2,2,2,2,2,2,2,2,160,158,19,19,50,50,4,4,4,4,4,4,4,4,4,4,4,4,4,4,4,4,4,4,4,45,8,8,8,8,8,8,8,37,83,83,83,179,69,69,69,69,47,47,47,47,47,47,47
0,1,1,1,1,1,1,1,1,1,1,0,1,1,1,1,1,1,1,1,1,1,1,1,1,1,1,1,1,0,1,1,1,1,1,1,1,1,1,1,1,1,1,1,1,1,1,1,1,1,1,1,1,1,1,1,1,1,1,1,1,1,1,1,1,1,1,1,1,1,1,1,1,1,1,1,1,1,1,1,1,1,0,1,1,1,1,1,1,1,1,1,1,1,1,1,1,1,1,0,1,0,1,1,1,1,1,1,0,1,1,1,1,1,1,1,1,1,1,0,1,1,1,1,1,1
77
