1
2,2,2,2,2,2,2,2,2,2,2,2,2,2,2,2,2,2,2,2,2,2,2,2,2,2,2,2,2,2,2,2,2,2,2,2,2,2,7,9,4,1,1,1,1,1,1,1,1,1,1,1,1,1,1,1,1,1,1,1,1,1,1,1,5,10,6,3,8,8
0,0,1,0,0,1,0,0,1,0,0,1,0,0,1,0,1,0,0,1,1,1,1,0,1,1,0,1,0,1,1,0,1,1,0,0,0,0,1,1,0,1,1,0,1,0,1,0,0,0,0,0,0,1,0,1,0,0,0,0,1,1,1,1,0,0,1,1,1,1
2
2,2,2,2,2,2,2,2,2,2,2,2,2,2,2,2,2,2,2,2,2,2,1,1,1,1,1,1,1,1,1,1,1,1,1,1,1,1,1
0,0,0,0,0,0,0,0,0,1,1,0,1,1,1,1,1,1,0,1,1,1,1,1,1,1,0,0,0,0,0,1,1,0,1,0,0,0,0
3
2,2,2,2,2,2,2,2,2,2,2,2,2,2,2,2,2,2,2,2,2,2,2,2,2,2,2,2,2,2,2,2,2,2,2,2,2,2,2,2,13,13,10,12,12,12,6,3,11,11,9,4,14,16,15,8,8,1,1,1,1,1,1,1,1,1,1,1,1,1,1,1,1,1,1,1,1,1,1,1,1
1,1,1,0,1,0,0,1,0,1,1,0,0,1,0,0,1,0,1,1,1,1,1,1,0,0,0,1,0,0,0,1,1,1,0,0,0,0,1,0,1,1,1,0,0,0,0,1,0,0,1,0,0,0,0,1,1,1,1,1,1,1,1,0,1,1,1,1,1,1,0,0,0,1,1,1,0,0,0,0,0
4
2,2,2,2,2,2,2,2,2,2,2,2,2,2,2,2,2,2,2,2,2,2,2,2,2,2,2,2,2,2,2,2,2,2,2,2,2,2,2,17,6,1,1,1,1,1,1,1,1,1,1,1,1,1,1,1,1,1,1,1,1,1,1
0,0,0,0,0,0,0,1,0,1,1,1,1,1,1,1,1,1,1,1,1,0,1,1,1,0,1,0,0,1,1,0,1,1,0,0,0,1,1,0,1,1,1,1,1,1,1,1,1,1,1,1,1,1,0,0,0,0,0,0,1,1,1
5
2,2,19,19,19,19,26,22,22,22,22,22,22,22,22,13,13,23,12,3,18,17,17,17,21,21,21,21,4,4,4,4,4,4,14,20,16,25,25,11,11,11,11,24,24,24,1,1,1,1,1,1,1,1,1,1,1,1,1,1,1,1,1,1,1,1,1
1,1,0,1,0,1,1,1,1,1,1,1,0,1,1,0,1,1,0,0,0,0,0,0,1,1,0,0,1,1,1,1,1,1,1,1,0,0,0,1,1,1,1,1,0,1,1,1,1,1,0,0,0,0,0,1,0,0,0,1,1,0,1,0,0,1,1
6
2,2,2,2,2,19,19,19,19,17,5,5,22,22,22,12,12,13,13,24,24,28,28,6,3,11,11,11,11,11,11,30,27,21,21,21,21,21,21,4,4,4,4,20,20,20,16,31,1,1,1,1,1,1,1,1,1,1,1,1,1,1,1,1,1,1,1,1,29
0,0,0,1,1,0,1,0,0,0,0,1,1,1,1,0,1,0,1,1,0,0,0,0,1,1,1,1,1,1,0,1,0,0,1,1,1,0,0,1,1,1,1,0,1,0,0,0,1,1,1,0,0,1,1,0,1,0,0,1,1,1,1,0,0,1,0,0,0
7
2,19,19,17,17,13,13,13,20,20,35,21,21,21,21,21,22,22,34,34,16,4,4,4,4,32,36,10,12,12,3,11,11,11,27,9,1,1,1,1,1,1,1,1,1,1,1,1,1,1,1,1,1,1,1,1,1,1,1,24,31,31,33
1,1,1,0,0,0,1,1,1,0,1,1,1,1,1,1,1,1,1,1,0,1,1,1,1,1,1,0,0,0,1,1,1,1,0,0,0,1,0,1,0,0,0,0,0,0,1,0,1,0,0,0,0,0,0,1,1,1,1,1,1,0,1
8
2,2,33,21,21,21,4,4,1,1,1,1,1,1,1,1,1,1,1,1,1,1,1,1,1,1,1,1,1,1,5,5,37,13,13,3,3,3
0,0,1,0,1,1,1,1,1,1,1,1,0,0,1,0,0,1,0,0,0,0,0,0,0,0,0,1,0,1,1,1,0,1,1,1,1,1
9
2,2,2,2,2,2,2,2,2,2,2,2,2,2,2,2,2,2,2,2,2,2,2,2,2,2,2,2,2,2,2,2,2,2,1,1,1,1,1,1,1,1,1,1
0,0,1,0,0,0,1,1,1,1,1,1,1,1,0,1,1,0,0,0,0,1,0,0,0,1,0,0,0,1,0,1,1,1,1,0,0,0,1,0,0,1,1,0
10
2,2,2,2,2,16,13,1,1,1,1,1,1,1,11
1,0,0,0,0,0,1,1,1,1,0,1,0,0,1
11
2,2,2,2,2,19,19,19,19,19,19,19,19,19,19,19,5,5,22,13,6,3,3,3,11,11,11,21,21,21,21,21,21,21,21,21,21,4,4,4,4,4,4,4,4,4,20,1,1,1,1,1,1,1,1,1,1,1,1,1,1,1,1,1,1,1
1,1,0,1,1,1,1,1,1,1,1,1,1,1,1,1,0,1,0,1,0,0,1,1,1,1,1,0,1,1,1,1,1,1,1,1,1,1,1,1,1,0,1,1,1,1,1,1,1,0,0,1,1,0,1,0,1,1,1,0,0,0,0,1,1,1
12
2,2,2,2,2,2,2,2,2,2,2,2,2,2,2,2,2,2,2,2,2,2,2,2,2,2,2,2,2,2,2,2,2,2,2,2,2,2,2,2,2,2,2,2,2,2,2,2,2,2,2,2,2,2,2,2,2,2,2,2,2,2,7,5,37,10,12,6,6,6,3,38,4,4,40,16,39,8,1,1,1,1,1,1,1,1,1,1,1,1,1,1,1,1,1,1,1,1,1,1,1
1,0,0,0,1,1,0,0,1,1,1,1,0,1,1,1,0,1,1,1,1,1,0,1,0,1,0,1,1,0,1,1,1,1,0,0,0,1,1,0,1,1,1,0,0,0,0,1,1,1,0,0,0,0,1,1,0,0,1,0,0,0,1,1,1,1,0,0,1,1,1,1,1,0,0,1,0,1,1,1,1,1,1,1,1,1,1,0,1,1,1,1,0,0,1,1,0,0,1,1,0
13
2,2,2,2,21,4,4,17,17,13,12,1,1,1,1,1,1,1,1,1,1,1,1
1,1,0,1,1,1,1,0,0,1,0,0,1,0,0,1,0,1,1,1,0,0,0
14
2,2,2,2,2,2,2,2,2,2,2,2,2,2,2,19,19,5,5,43,17,17,44,13,41,35,22,22,20,16,8,4,4,4,4,31,31,10,12,9,3,11,11,11,11,40,40,40,24,24,42,42,1,1,1,1,1,1,1,1,1,1,1,1,1,1,1,1,1,1,1,1,1,1,1
0,0,0,1,0,0,0,0,1,0,1,1,0,0,0,0,0,0,0,0,0,0,1,1,1,1,1,1,1,0,0,1,1,1,0,1,0,0,0,1,0,0,0,0,0,1,1,1,0,1,0,0,0,0,0,0,1,0,0,1,1,0,0,0,0,1,1,1,0,0,0,0,1,1,0
15
2,2,2,2,2,2,2,2,2,2,2,2,2,19,5,5,22,13,12,11,11,11,21,21,4,4,4,4,4,20,16,1,1,1,1,1,1,1,1,1,1,1,1,1,1,1,1,1,1,1,1,1,1,1,29
0,0,0,0,0,0,1,1,0,0,0,1,1,1,0,1,0,1,0,1,0,0,0,0,1,1,1,0,1,0,0,1,1,1,1,1,1,0,1,0,0,0,0,0,1,0,0,0,0,0,1,0,0,1,1
16
2,2,2,2,2,2,19,5,22,13,8,21,21,21,4,20,11,11,31,1,1,1,1,1,1,1,1,1,1,1,1,1,1,1,1,1,1,1,1,1,45
1,1,1,1,1,0,0,1,1,0,0,1,0,1,0,0,1,1,0,1,0,0,0,0,1,0,1,1,0,1,0,0,0,1,0,0,1,1,0,1,0
17
2,2,2,2,2,2,2,2,2,2,2,2,2,2,2,2,2,2,2,2,2,2,2,2,2,2,2,2,2,2,2,2,2,2,2,2,2,2,2,2,2,2,2,2,2,2,2,2,2,2,2,2,2,2,2,2,2,2,2,2,2,2,2,2,2,2,2,2,2,7,9,38,16,10,12,6,6,1,1,1,1,1,1,1,1,1,1,1,1,1,1,1,1,1,1,1,1,1,8
1,0,1,0,1,1,0,0,0,0,1,1,0,1,0,0,1,0,1,1,0,0,0,0,0,0,1,0,1,0,1,0,1,0,0,1,1,1,1,0,0,0,0,0,0,1,1,0,1,0,1,0,0,1,1,1,0,1,0,1,1,1,1,0,1,0,0,0,0,1,1,1,1,0,0,1,0,1,1,1,1,0,0,1,1,1,0,1,0,0,1,1,0,0,0,1,0,0,1
18
2,46,19,19,23,32,17,20,20,12,6,3,3,11,11,11,11,11,11,11,11,11,9,47,21,21,21,21,30,30,30,14,4,4,22,22,22,22,1,1,1,1,1,1,1,1,1,1,1,1,1,1,1
1,0,0,0,1,0,0,1,1,0,1,1,1,0,1,1,1,1,1,1,1,0,1,1,0,1,1,0,0,1,1,1,1,1,1,0,1,1,1,1,0,0,1,0,0,0,0,0,0,0,1,0,0
19
4,4,4,4,4,4,4,4,32,5,5,1,1,1,1,1,1,1,1,1,1,22,13,13,13,48,3,3,3
0,1,1,1,1,1,0,1,0,1,1,1,0,0,0,0,0,0,0,0,1,1,1,1,1,0,1,1,1
20
2,2,2,16,13,1,1,1,1,1,1,1,1,1,1,1
0,0,1,0,0,1,0,1,0,1,0,0,0,0,0,0
21
19,4,4,1,1,1,1,20
1,1,1,1,0,1,0,0
22
2,2,2,2,2,2,2,19,19,19,19,5,5,13,13,13,13,13,24,24,25,51,35,35,35,35,21,21,21,21,22,22,22,22,20,20,20,16,49,49,49,52,52,7,34,36,36,53,3,3,11,11,40,40,4,4,4,4,4,4,1,1,1,1,1,1,1,1,1,1,23,50
0,0,0,0,1,1,1,0,0,0,1,0,1,1,1,1,1,1,1,1,0,0,0,1,0,1,0,1,1,1,0,0,1,0,0,0,0,1,1,0,1,0,1,1,1,0,0,1,1,1,0,1,0,0,1,1,1,1,1,0,1,0,0,1,0,1,1,0,0,1,1,0
23
21,4,4,4,4,4,1,1,1,1,1,1,1,1,1,5,5,6,3,3
0,1,1,1,1,1,0,1,0,0,0,0,1,1,1,1,1,1,1,1
24
2,2,2,2,2,40,21,21,4,4,4,4,3,5,20,20,13,1,1,1,1,1,1,1,1,1,1,1,1,1,1,1,1,1,1,1,11,11
1,0,1,1,0,0,0,0,1,1,1,1,1,1,1,1,1,1,0,1,0,1,1,0,0,0,0,0,0,1,0,1,0,1,0,1,1,1
25
19,19,19,17,17,44,44,13,13,13,13,47,35,35,21,21,21,21,21,21,4,4,4,4,4,4,4,4,4,20,20,20,16,16,55,55,26,31,32,54,53,53,12,3,11,11,11,11,27,40,40,40,40,40,40,14,23,42,8,1,1,1,1,1,1,1,1,1,1,1,1,1,1,1,1,1,1,1,1,1,1,1,22
1,0,1,0,0,1,1,0,1,1,1,1,1,1,0,1,1,1,1,0,0,1,1,1,1,1,1,1,1,0,1,1,0,0,1,1,0,0,1,0,1,1,0,1,1,1,0,1,0,0,1,1,1,1,1,0,1,1,1,0,1,1,1,1,1,1,0,0,0,1,0,0,1,0,0,0,0,0,0,0,0,1,1
26
47,5,5,5,5,43,43,43,17,17,17,13,13,13,25,51,56,56,21,21,21,21,21,21,30,30,20,20,20,20,55,55,57,59,59,52,35,35,4,4,36,36,53,58,44,44,6,3,3,3,11,40,40,40,40,40,22,22,22,22,22,22,22,42,42,24,31,31,1,1,1,1,1,1,1,1,1,1,1,1,1,1,1,1,1,1,1,1,1,1
0,1,1,1,1,1,1,1,0,0,0,1,1,1,0,0,0,1,1,0,1,0,1,0,1,1,0,1,1,1,1,1,1,0,1,1,1,1,1,0,1,1,1,1,1,1,0,0,0,1,1,1,1,1,1,1,0,1,0,1,1,1,1,1,1,1,1,1,1,1,0,1,1,1,0,0,0,0,1,0,0,0,0,0,0,1,0,1,0,0
27
2,2,2,2,2,19,19,5,5,5,17,44,44,13,60,36,21,22,22,22,22,20,20,20,16,59,59,26,55,55,58,1,1,1,1,1,1,1,1,1,1,1,1,1,1,1,1,1,1,1,1,4,4,4,4,4,4,4,4,32,35,53,53,53,53,12,3,3,3,3,11,11,30,30,40,40,40,40,40,40,24,24,24,33
0,1,1,1,1,1,0,0,1,0,0,1,0,0,1,0,0,1,1,1,1,1,1,1,0,1,1,0,1,1,1,0,1,0,0,0,1,0,1,0,1,0,0,0,0,0,0,1,0,0,1,0,0,0,1,1,0,0,1,0,1,0,0,0,1,0,0,1,1,1,0,1,1,1,1,1,1,1,1,1,0,1,1,0
28
2,2,2,2,2,2,4,32,16,13,1,1,1,1,1,1,1
0,0,0,0,1,0,0,1,0,0,1,0,1,0,0,0,0
29
47,19,19,19,5,5,32,17,13,20,20,20,12,23,11,11,11,11,11,11,21,21,30,14,4,4,4,4,4,4,16,16,1,1,1,1,1,1,1,1,1,1,1,1,1,1,1,1,1,1,1,1,1,1
1,1,0,0,1,1,0,0,1,1,1,1,0,1,1,1,1,1,1,1,0,1,1,1,1,1,1,1,1,0,0,1,1,1,1,1,0,1,0,0,0,0,0,0,0,0,1,0,0,0,0,1,1,1
30
2,2,2,2,2,2,2,2,2,2,2,2,2,2,2,2,2,2,2,2,2,2,2,2,2,2,2,2,2,2,2,2,2,2,2,2,2,2,19,32,43,22,22,24,28,9,11,11,17,4,4,4,40,36,20,20,20,20,35,59,59,8,1,1,1,1,1,1,1,1,1,1,1,1,1,1,1,1,1,1,1,1,1,1,1
0,0,1,1,0,1,1,1,1,0,1,1,1,0,1,0,1,1,1,1,1,1,0,1,0,0,1,0,1,0,1,0,0,0,1,1,1,1,0,1,1,0,0,0,0,1,0,0,0,0,0,0,0,0,0,0,0,1,1,0,0,0,1,1,1,1,0,0,1,0,0,0,1,1,0,1,1,1,1,1,1,0,1,0,0
31
2,19,19,19,19,32,5,5,5,5,5,22,22,22,22,13,13,13,20,20,12,12,47,3,3,3,11,11,56,21,21,30,61,4,4,4,4,4,4,4,31,31,1,1,1,1,1,1,1,1,1,1,1,1,1,1,1,1,1,1,1,1,1,1
0,0,1,0,0,0,1,0,1,1,1,0,0,0,1,1,1,1,0,0,0,0,1,1,1,1,1,1,0,0,1,0,1,1,1,1,1,1,1,1,1,1,1,1,0,0,1,1,1,0,0,0,1,0,0,1,0,0,0,0,1,1,0,1
32
46,19,19,5,5,5,5,5,5,5,17,17,13,13,13,13,13,62,35,35,35,21,21,21,21,22,22,20,20,16,55,55,26,39,58,4,4,4,4,4,53,12,3,3,11,11,11,27,40,40,40,40,40,24,24,1,1,1,1,1,1,1,1,1,1,1,1,1,1,1,1,1,1,1,1,1,1,1,1,1
0,0,1,1,1,1,1,1,0,1,0,0,1,1,1,1,1,1,1,0,1,1,1,0,1,0,1,1,0,0,1,1,0,1,1,1,1,1,1,1,1,0,1,1,1,1,1,0,1,1,1,1,1,1,0,0,1,1,1,0,1,1,0,0,1,1,0,0,0,1,1,0,1,0,0,0,1,0,1,0
33
19,19,5,5,5,5,43,43,17,13,24,47,35,21,21,21,21,21,22,22,20,20,20,16,39,58,36,54,53,3,3,3,11,11,4,4,4,4,4,4,4,40,40,40,40,23,61,1,1,1,1,1,1,1,1,1,1,1,1,1,1,1,1,1,45
0,1,0,1,1,1,1,1,0,1,0,0,1,0,1,1,0,0,0,0,1,1,1,1,1,1,0,1,0,0,1,1,1,0,1,1,1,1,1,1,0,1,1,1,1,1,1,1,1,0,1,0,0,0,1,1,0,1,0,1,0,0,0,0,0
34
2,2,2,2,2,2,2,2,2,2,2,2,2,2,2,2,2,2,2,2,2,2,2,2,2,2,2,2,2,2,2,2,2,2,2,2,7,7,30,32,16,8,8,10,12,9,1,1,1,1,1,1,1,1,1,1,1,11
1,1,0,0,0,0,0,0,1,1,0,0,0,1,0,0,0,0,0,0,0,1,1,0,0,1,1,1,1,1,1,1,1,1,0,1,0,1,1,1,0,1,1,0,0,1,1,0,1,1,0,0,0,0,0,0,0,1
35
19,19,19,19,5,5,43,43,43,17,17,13,13,13,13,25,36,21,21,21,21,30,20,20,20,20,16,16,16,63,39,49,4,4,4,4,4,4,4,4,4,4,4,4,4,61,35,54,53,53,58,12,12,3,3,3,11,11,11,11,40,40,40,9,14,24,64,31,31,31,1,1,1,1,1,1,1,1,1,1,1,1,1,1,1,1,1,1,1,1,1,1,1,1,1,22,22,22,22,22,22,22
1,1,0,1,1,0,1,1,1,0,0,1,1,1,1,1,1,0,1,1,0,1,1,1,1,1,0,1,1,1,0,1,1,1,1,1,1,1,1,1,1,1,0,1,1,1,1,1,0,1,1,1,1,1,1,1,1,1,1,1,1,1,1,1,0,1,1,1,1,0,1,1,1,1,1,1,0,0,1,1,0,1,1,0,0,1,1,1,0,1,0,1,1,0,1,1,0,0,0,1,0,1
36
2,2,2,2,2,2,2,2,2,2,2,2,2,2,2,2,2,2,2,2,2,2,2,2,2,2,2,2,2,2,2,2,2,2,2,2,2,2,2,2,2,2,2,2,2,2,2,2,2,2,2,2,2,2,2,2,2,2,2,2,2,2,2,65,9,32,16,7,10,12,12,6,1,1,1,1,1,1,1,1,1,1,1,1,1,1,1,1,1,1,1,1,1,1,1,1
1,1,1,1,1,0,1,1,0,0,0,0,0,1,1,0,1,1,0,1,0,0,1,0,1,0,1,1,0,0,1,0,1,1,0,1,0,1,1,1,0,1,0,1,0,0,1,1,0,0,0,0,0,1,1,1,0,0,0,0,0,1,0,0,1,1,1,0,0,1,0,0,1,1,0,1,1,0,0,1,1,0,1,1,0,1,0,1,0,0,0,0,0,0,0,1
37
19,19,19,5,5,17,13,23,51,35,21,21,22,22,20,20,16,16,26,39,58,4,4,4,4,4,4,4,4,4,4,4,4,4,4,32,38,53,10,12,3,11,11,11,11,11,11,11,11,27,9,40,40,40,40,40,24,24,1,1,1,1,1,1,1,1,1,1,1,1,1,1,1,1,1,1,1,1,1
1,0,0,1,0,0,1,1,1,1,1,1,1,1,0,1,0,0,0,0,1,1,1,1,1,1,1,1,1,1,1,0,1,1,0,1,1,0,1,1,1,1,1,0,1,1,1,1,1,1,0,1,1,1,1,1,1,1,1,0,1,0,0,1,1,1,1,1,0,1,1,1,1,1,0,0,1,0,0
38
2,2,19,5,17,13,13,13,20,20,20,36,21,21,4,4,4,4,4,4,4,4,34,16,26,53,12,6,3,11,11,11,11,9,40,40,24,1,1,1,1,1,1,1,1,1,1,1,1,1,1,1,1,1,1,1,1,1,1,1,14
1,0,0,0,0,1,1,1,1,1,1,0,0,1,1,1,1,1,1,1,1,1,1,1,1,1,1,0,0,1,1,0,1,0,1,1,1,1,0,0,0,0,1,0,1,0,1,1,0,1,1,1,1,1,0,0,1,0,1,1,0
39
19,19,19,19,30,30,5,43,43,17,17,44,44,13,60,51,51,36,36,36,21,21,21,21,21,21,22,22,22,22,22,20,20,16,16,16,16,55,55,55,26,39,59,58,8,4,4,4,4,4,4,4,4,4,4,4,4,4,35,35,53,53,10,12,12,12,6,3,11,11,11,11,11,9,40,40,40,40,40,40,40,40,23,31,31,1,1,1,1,1,1,1,1,1,1,1,1,1,1,1,1,1,1,1,1,1,1,1,1,1
0,1,0,1,1,1,0,1,1,0,0,1,1,0,1,1,0,1,0,1,1,1,1,1,0,1,1,1,1,1,1,0,1,0,1,0,0,0,0,0,1,0,0,1,1,1,1,1,1,1,1,1,1,1,1,1,1,1,1,1,1,1,0,1,0,1,0,0,0,1,0,1,1,0,0,1,1,1,1,1,1,1,1,1,1,1,0,0,1,0,1,1,0,0,0,0,1,0,0,1,0,0,0,0,0,1,0,0,1,1
40
2,2,2,2,2,2,2,2,2,2,2,2,2,2,2,2,2,2,2,2,2,2,2,2,2,2,2,2,2,2,2,2,46,19,19,5,5,5,5,17,44,44,13,13,62,35,21,21,22,22,33,20,20,16,59,59,4,4,4,4,4,4,4,36,12,12,6,6,3,3,11,11,40,40,40,40,14,60,60,8,8,1,1,1,1,1,1,1,1,1,1,1,1,1,1,1,1,1,1,1,1,1,45
0,0,0,0,1,0,1,1,1,0,1,0,1,1,1,1,0,1,1,0,1,0,1,0,1,0,1,1,1,0,0,1,1,1,0,1,1,1,0,0,1,0,1,1,0,1,1,1,0,0,1,0,0,1,1,1,1,1,1,0,0,1,0,1,0,1,1,1,1,1,1,1,0,1,1,1,0,0,1,1,1,1,0,0,0,0,0,0,1,1,0,1,1,0,1,1,0,1,1,0,1,0,0
41
2,2,2,2,2,2,2,2,2,2,2,2,2,14,65,13,1,1,1,1,1,1,1,1,1,1,1,1,1,1,1,1,1,1,1,1,11
0,0,0,0,0,0,0,0,0,0,0,0,0,0,0,1,0,1,1,1,0,1,0,0,0,1,1,1,1,0,1,0,0,0,0,1,0
42
2,2,2,2,2,2,2,2,2,2,2,2,2,2,2,2,2,2,2,2,2,2,2,2,2,2,2,2,2,2,2,2,2,2,2,2,2,2,2,2,2,2,2,2,2,2,2,2,2,2,2,2,2,2,38,4,32,16,7,13,12,12,6,6,6,1,1,1,1,1,1,1,1,1,1,1,1,1,1,1,1,1,1,1,1,8,8
0,1,1,0,1,0,0,0,1,1,1,0,0,1,0,1,0,0,0,1,1,0,1,0,1,1,1,1,1,1,1,1,0,0,0,0,0,0,0,0,0,1,0,1,0,0,0,1,0,1,0,0,0,0,1,0,1,0,1,1,1,0,1,1,1,1,1,1,1,1,1,1,0,0,0,0,0,0,0,0,0,0,0,0,1,1,1
43
19,19,5,43,17,17,17,17,17,44,44,13,23,47,55,56,21,21,21,21,21,21,21,30,20,20,20,20,20,16,59,59,26,26,66,58,32,35,35,35,22,22,22,22,22,22,22,22,22,53,53,53,12,3,3,11,11,11,67,40,4,4,4,4,4,4,4,4,4,4,4,4,4,4,4,4,4,4,4,4,4,4,14,60,24,31,1,1,1,1,1,1,1,1,1,1,1,1,1,1,1,1,1,1,1,1,1,1,45
0,1,1,0,0,0,0,0,0,1,0,1,0,0,0,1,0,0,1,1,1,1,0,1,0,1,0,1,1,0,0,1,0,1,0,1,0,1,1,1,0,1,1,0,1,0,0,1,1,0,1,1,1,0,1,1,1,0,1,1,1,1,1,1,1,1,1,1,1,1,1,1,1,1,1,1,1,1,1,1,1,1,0,1,1,0,1,1,1,1,0,0,1,1,0,1,0,1,1,1,0,1,0,0,1,1,1,0,0
44
19,19,19,5,5,5,17,17,17,17,17,13,13,13,36,21,21,21,21,21,21,22,22,22,22,22,20,16,16,55,55,55,39,66,58,32,35,35,53,53,53,12,12,3,3,11,11,11,11,11,40,40,4,4,4,4,4,4,4,4,4,4,52,24,61,1,1,1,1,1,1,1,1,1,1,1,1,1,1,1,1,1,1,1,1,1,1,1,1,45
1,0,1,0,0,1,0,0,0,0,0,1,1,1,0,0,1,1,1,0,1,1,1,1,0,1,1,0,1,1,1,0,0,0,1,0,1,1,0,1,1,1,1,1,1,1,0,0,1,1,1,1,1,1,1,1,1,1,1,1,1,1,1,1,1,1,1,0,1,1,0,1,0,1,0,0,1,0,1,0,0,0,0,0,1,0,0,0,1,1
