1
6,6,6,6,6,6,6,6,6,6,6,6,6,6,27,27,15,15,15,15,15,15,15,31,31,31,31,25,25,25,25,23,23,23,23,30,30,30,30,37,39,17,18,18,18,18,18,18,18,11,11,32,32,38,38,16,16,16,16,16,16,16,10,10,10,10,10,10,34,34,34,34,35,35,28,28,22,22,22,21,21,33,33,36,7,7,7,4,12,26,9,9,9,9,20,20,20,13,1,1,1,1,1,1,1,1,1,1,1,1,1,1,1,1,8,2,2,2,2,2,2,2,2,2,2,2,2,2,2,2,2,2,2,14,14,14,3,3,3,24,40,29,29,29,29,29,5,5,5,5,5,5,5,5,5,5,5,5,5,5,5,5,5,5,5,5,5,5,5,5,5,5,5,5,5,5,5,5,5,5,5,5,5,19,19,19,19,19,19,19,19,19,19,19,19,19,19,19,19
0,0,0,0,0,0,1,1,0,0,0,0,0,0,1,1,1,0,1,1,1,1,0,1,0,1,1,1,0,1,0,1,1,1,1,1,1,1,0,0,0,1,1,1,1,1,1,0,0,0,1,1,1,0,1,1,1,0,0,0,1,1,0,1,1,1,1,1,0,1,0,1,0,1,1,1,1,1,1,0,1,1,0,1,0,1,1,1,1,1,0,1,1,0,0,1,1,1,1,0,0,1,1,1,0,0,1,1,1,1,1,1,1,1,1,1,0,1,1,1,1,1,1,1,0,1,1,1,1,1,1,1,1,1,1,1,1,1,1,1,1,0,1,1,1,1,0,1,0,0,0,1,0,0,1,0,0,1,0,1,1,1,1,1,1,1,1,0,1,1,1,1,0,1,1,1,0,0,0,1,0,0,1,1,1,1,0,1,1,1,1,1,1,1,1,0,0,1,0
2
6,6,50,15,15,15,15,15,15,15,15,15,15,15,15,25,25,25,25,25,23,23,23,23,23,30,30,42,42,17,45,45,45,45,18,18,18,18,18,18,18,18,18,18,18,18,18,19,19,19,41,16,16,16,10,10,10,10,10,10,47,48,34,34,7,46,46,44,44,44,44,44,49,9,9,1,1,1,8,8,2,2,2,2,2,2,2,2,2,2,2,2,2,2,2,2,2,32,3,43,5,5,5,5,5,5,5,5,5,5,5,5,5,5,5,5,5,5,5,5
0,0,1,0,1,1,1,0,1,1,1,0,0,0,1,1,0,0,0,0,1,1,1,1,1,1,1,1,1,1,0,1,1,1,0,1,1,0,1,1,1,1,1,1,1,1,0,1,1,1,1,1,1,1,0,1,1,1,1,1,1,1,1,0,1,1,1,1,1,1,0,0,1,1,0,0,1,1,1,1,1,1,1,1,1,1,1,1,1,1,1,1,1,1,1,1,1,1,1,1,1,1,1,1,1,1,1,1,0,1,1,0,0,1,0,1,1,1,1,1
3
6,6,6,15,15,53,53,31,31,25,25,25,25,25,23,23,23,23,23,23,23,23,30,30,39,20,20,54,45,18,18,18,18,18,11,16,16,16,10,10,10,10,10,47,51,28,22,7,7,46,19,19,19,19,19,44,44,49,9,9,9,52,1,1,1,1,1,1,50,50,2,2,2,2,2,2,2,2,2,14,3,3,3,3,3,3,3,40,29,29,29,29,5,5,5,5,5,5,5,5,5,5,5,5,5,5,5,5,5,5,5,5,5,5,5,5,5,5,5,5,5,5,5,5,5,5,5,5,5
1,1,1,0,0,1,1,1,0,0,0,0,0,0,1,1,1,1,1,1,1,1,1,1,1,1,0,1,1,1,1,1,0,0,1,1,1,1,1,1,1,1,1,0,1,1,0,0,1,0,1,0,0,1,0,1,1,0,0,0,0,0,1,1,1,1,1,0,1,1,1,1,1,1,1,1,1,1,1,0,1,1,1,1,1,1,1,1,1,1,1,1,1,1,0,1,1,0,1,1,0,0,0,0,0,1,1,0,0,1,0,1,1,0,0,0,1,0,0,0,0,0,1,0,0,1,1,1,1
4
42,58,53,53,53,53,25,25,25,25,61,23,23,23,23,23,23,23,23,23,23,23,23,23,23,23,3,3,3,3,3,3,3,3,3,15,15,15,15,15,15,15,15,15,15,15,15,15,39,39,39,39,17,17,45,45,45,45,18,18,18,18,18,18,18,18,18,18,18,18,18,19,19,19,19,19,19,19,16,16,16,10,10,10,10,10,55,28,29,29,60,7,46,12,44,44,44,44,57,9,9,9,20,1,1,1,1,1,1,1,50,50,50,50,50,50,2,2,2,2,2,2,2,2,2,2,2,2,2,2,2,2,2,14,49,56,59,43,43,43,30,5,5,5,5,5,5,5,5,5,5,5,5,5,5,5,5,5,5,5,5,5,5,5,5,5,5,5,5,5,5,5,5,5,5,5,5,5,5,5,5
1,1,1,1,1,1,0,0,0,0,1,1,1,1,1,1,1,1,1,1,1,1,1,1,1,1,1,1,1,1,1,1,1,1,1,0,1,1,1,1,1,1,1,1,1,1,1,0,1,1,1,1,0,0,1,1,1,0,0,0,1,1,1,1,1,1,1,1,1,1,1,1,1,1,1,1,1,1,0,1,1,1,1,1,0,0,0,1,0,1,1,1,1,1,0,1,1,1,1,1,1,0,0,1,0,0,1,1,0,1,1,1,1,1,1,1,1,1,1,1,1,1,1,1,1,1,1,1,1,1,1,1,1,0,0,1,1,1,0,1,1,1,1,1,1,0,1,1,0,1,0,1,1,0,1,1,1,1,0,0,1,1,1,1,1,1,1,1,1,1,1,1,1,1,0,0,1,0,1,1,0
5
6,6,6,27,15,15,15,15,15,15,15,53,53,53,31,61,23,23,23,23,23,23,23,23,23,23,46,46,18,18,18,18,18,18,54,54,16,16,16,16,16,19,19,19,19,19,19,19,19,19,19,19,47,1,1,1,1,1,1,1,34,65,12,12,44,44,44,20,20,13,67,8,2,2,2,2,2,2,2,2,49,30,30,59,5,5,5,5,5,5,5,5,5,5,5,5,5,5,5,5,5,5,5,5,5,5,5,5,5,5,5,5,5,5,5,5,5,5,5,50,50,42,42,25,25,25,25,25,25,25,25,25,25,3,3,3,3,39,17,17,17,71,69,10,10,10,10,10,10,28,70,22,7,7,68,45,45,45,45,45,66,9,9,9,11,14,14,62,63,64,43,43,43,43,29,29
0,0,0,0,0,0,0,1,1,1,1,1,1,1,0,1,1,1,1,1,1,1,1,1,1,1,1,1,1,1,0,0,0,0,0,1,1,1,1,0,1,1,0,1,1,1,1,0,1,1,1,0,1,1,0,1,1,1,1,1,1,1,0,1,0,1,1,0,1,1,1,0,1,1,1,1,1,1,1,1,1,1,1,1,0,1,1,1,1,0,1,0,0,1,0,0,1,0,0,1,1,1,0,0,0,1,1,1,1,1,1,1,1,1,1,1,1,1,1,1,1,1,1,0,0,0,0,0,0,0,0,1,1,1,1,1,0,1,1,1,1,1,1,0,1,1,1,1,1,1,1,1,0,1,0,1,1,1,1,1,1,0,0,1,1,1,1,1,0,0,1,1,1,1,0,1
6
6,6,74,74,15,15,15,15,76,44,44,44,44,44,44,53,77,77,73,23,23,23,23,23,23,23,72,50,50,50,42,42,39,39,39,39,39,54,54,54,54,45,45,45,18,18,18,18,19,19,19,19,19,19,19,19,19,19,19,16,16,16,16,16,16,16,16,10,10,10,10,10,10,47,47,47,78,51,28,22,22,17,75,7,7,46,40,9,9,9,9,20,30,1,1,1,1,1,1,1,1,1,1,1,1,1,8,2,2,2,2,2,2,2,2,2,2,2,2,2,2,2,2,5,5,5,5,5,5,5,5,5,5,5,5,5,5,5,5,5,5,5,5,5,5,5,5,5,5,5,5,5,5,5,5,5,5,5,5,5,5,5,3,25,25,25,79,43,43,29,29,29,32,32,14
0,1,1,1,1,1,1,1,1,1,1,1,1,1,1,1,1,1,0,1,1,1,1,1,1,1,1,1,1,1,1,1,1,1,1,1,1,1,0,1,1,1,1,1,1,1,1,1,1,1,1,1,1,1,1,1,1,1,1,1,0,1,1,1,1,1,1,1,1,1,1,1,1,1,1,1,1,1,1,1,1,1,1,1,1,1,1,0,1,1,1,1,1,0,1,1,1,1,1,1,1,1,1,1,1,1,1,1,1,1,1,1,1,1,1,1,1,1,1,1,1,1,1,1,1,0,1,1,1,1,1,1,1,1,1,1,1,1,1,1,1,1,1,1,1,1,1,1,1,1,1,1,1,1,1,1,1,1,1,1,1,1,1,0,0,0,1,0,1,1,1,1,1,1,0
7
6,6,6,6,6,6,15,15,15,15,15,15,15,85,25,25,25,25,25,25,25,23,23,23,86,44,44,44,44,44,39,39,39,54,46,46,18,18,18,18,19,19,16,16,16,16,16,16,10,10,10,83,28,22,75,7,81,40,9,20,20,84,1,1,82,2,2,2,2,2,2,2,2,2,2,2,2,2,2,2,2,2,80,43,29,5,5,5,5,5,5,5,5,5,5,5,5,5,5,5,5,5,5,5,5,5,5,5,5,5,5,5,5,5,5,5,5,5,5,5,5,5
0,0,0,1,1,0,0,1,1,0,1,1,1,1,1,1,1,0,0,0,0,1,1,1,1,1,1,1,1,1,1,1,0,1,1,1,0,0,1,0,1,1,1,1,1,1,0,1,1,1,1,1,1,0,0,1,0,1,0,1,1,1,1,1,0,1,1,1,1,1,1,1,1,1,1,1,1,1,1,1,1,1,1,1,1,1,1,1,0,1,0,1,1,0,0,1,0,1,0,1,1,1,1,0,0,1,1,0,1,1,1,1,1,0,1,0,0,1,0,0,1,0
8
15,15,15,31,31,25,25,25,25,25,25,25,9,9,23,23,86,39,46,46,46,46,46,46,46,18,18,18,18,18,18,18,11,11,87,34,34,48,48,49,7,45,45,45,19,19,19,44,44,44,61,13,1,1,1,2,2,2,2,14,3,3,69,29,5,5,5,5,5,5,5,5,5,5,5,5,5,5,5,5,5,5,5,5,5,5,5,5,5,5,5,5,5
1,1,1,1,1,0,1,0,0,0,0,0,0,1,1,1,1,1,1,1,1,1,1,1,1,1,1,1,1,1,0,1,0,0,0,1,1,1,1,1,1,1,1,1,0,1,1,1,1,1,1,1,1,0,0,1,1,1,1,1,1,1,1,1,1,1,1,0,1,0,1,1,0,0,0,1,1,0,1,0,0,0,1,1,0,0,1,0,1,0,0,0,1
9
6,15,15,15,15,15,15,15,44,44,44,53,53,31,31,25,25,25,25,23,23,23,23,23,23,23,56,42,39,39,39,17,17,17,45,45,45,45,45,18,18,18,18,18,18,18,54,88,16,16,16,16,16,10,10,10,10,10,47,58,78,48,28,90,2,2,2,2,2,2,2,2,2,2,2,2,2,2,2,2,2,2,2,2,29,29,29,29,29,29,7,7,46,40,9,9,9,20,20,86,1,1,1,1,1,1,1,1,1,50,50,50,50,50,50,89,19,19,19,19,19,19,19,19,19,19,19,14,3,43,30,30,30,5,5,5,5,5,5,5,5,5,5,5,5,5,5,5,5,5,5,5,5,5,5,5,5,5,5,5,5,5,5,5,5,5,5,5,5,5,5,5
0,1,1,0,1,1,1,1,1,1,0,1,1,0,1,0,0,0,0,1,1,1,1,1,1,1,1,1,1,1,1,0,0,1,1,1,0,1,1,1,1,1,1,0,1,1,1,1,1,1,1,0,1,1,0,1,1,1,0,0,1,1,0,1,1,1,1,1,1,1,1,1,1,1,1,1,1,1,1,1,1,1,1,1,1,1,1,1,1,0,0,1,1,1,1,0,0,1,1,1,1,1,1,1,1,1,1,1,1,1,1,1,1,1,1,0,1,1,1,1,1,1,1,1,1,1,1,0,1,0,1,1,1,1,1,1,1,1,1,0,1,1,1,1,1,0,1,1,0,1,1,0,0,1,1,1,1,1,1,1,1,1,1,1,0,0,1,0,1,1,1,0
10
6,6,6,6,15,15,15,15,15,15,15,15,53,31,25,25,25,54,46,18,18,18,18,18,19,19,19,19,19,19,19,16,16,16,10,10,10,10,10,10,10,1,1,1,1,1,1,1,7,7,45,44,44,44,44,44,9,9,20,20,91,11,8,2,2,2,2,2,2,2,2,2,2,2,2,2,14,30,43,43,43,5,5,5,5,5,5,5,5,5,5,5,5,5,5,5,5,5,5,5,5,5,5,5,5,5,5,5,5,5,5,5,5,5,5,5,5,5,5
0,1,0,1,1,1,0,0,0,1,1,1,1,1,0,0,0,1,1,0,1,1,1,1,1,1,1,0,1,1,1,1,1,1,1,1,1,1,1,1,1,1,1,1,1,1,1,1,1,1,1,1,1,1,1,1,1,1,0,1,0,0,1,1,1,1,1,1,1,1,1,1,1,1,1,1,1,1,0,1,1,1,0,1,1,1,1,1,0,0,1,0,0,0,1,1,1,1,1,0,1,1,1,1,1,1,1,1,1,1,1,1,1,1,1,1,1,1,1
11
6,6,6,6,6,6,6,6,6,6,6,6,6,6,6,46,15,15,15,15,15,15,15,15,15,15,15,2,2,2,2,2,2,2,2,44,23,5,5,5,5,5,5,5,5,5,5,5,5,5,5,5,5,5,5,5,5,5,1
1,1,1,0,1,0,0,0,1,0,0,1,1,0,0,0,0,1,1,1,1,1,1,1,1,1,1,1,1,1,1,1,1,1,1,1,1,1,1,1,1,1,1,1,1,0,1,0,1,0,0,1,0,0,0,1,1,1,1
12
32,7,7,53,92,16,9,13,1,2,14,3,3,10,23,23,23,23,23,23,5,5,5,5,5,5,5,5,5,5,5,5,5,5,5,5,5,5,5,5,5,5,5,5,5,5
1,0,0,1,1,0,0,1,1,1,0,1,1,0,0,0,1,1,1,1,0,0,0,0,0,1,0,1,1,1,1,0,0,0,1,1,1,1,0,0,0,1,1,1,1,1
13
2,5
1,0
14
6,6,6,6,6,6,6,6,6,6,6,6,6,6,6,6,6,6,50,50,50,15,15,15,15,15,76,53,31,31,25,25,25,25,25,25,25,93,23,23,23,23,23,3,3,44,44,39,45,18,19,19,19,19,19,19,19,19,19,19,16,16,16,16,16,10,10,10,10,47,58,48,28,37,75,61,36,40,57,9,20,20,86,1,1,1,1,81,2,2,2,2,2,2,2,14,30,30,30,30,30,43,29,29,29,5,5,5,5,5,5,5,5,5,5,5,5,5,5,5,5,5,5,5,5,5,5,5,5,5,5,5,5,5,5,5,5,5,5,5,5,5,5
0,0,1,1,0,1,1,1,1,0,1,1,1,1,0,1,1,1,0,1,1,0,0,1,1,1,1,0,0,1,0,0,0,0,0,0,0,1,1,1,1,1,1,1,1,1,0,1,1,1,1,1,1,1,1,1,1,1,0,0,1,1,1,0,0,0,1,1,0,1,0,1,1,0,0,0,1,0,1,0,0,0,1,1,1,1,0,0,1,1,0,1,1,1,0,0,0,1,1,1,1,1,1,1,0,1,1,0,1,0,1,0,0,0,0,0,0,1,0,0,1,0,1,1,1,1,1,1,1,1,0,0,0,0,0,0,0,1,1,1,1,1,1
15
6,6,6,6,6,6,6,6,6,15,15,15,15,15,31,25,25,25,25,25,61,23,23,23,23,30,30,30,30,46,18,18,18,18,18,54,16,16,16,16,16,10,7,45,45,45,19,19,19,19,19,19,19,44,44,44,44,44,9,9,9,9,20,20,20,1,1,1,1,1,1,1,1,2,2,2,2,2,2,2,2,2,2,2,2,2,2,2,50,50,50,50,50,50,3,3,3,29,5,5,5,5,5,5,5,5,5,5,5,5,5,5,5,5,5,5,5,5,5,5,5,5,5,5,5,5,5,5,5,5,5,5,5,5,5,5,5,5,5,14
0,1,1,1,1,0,1,1,1,1,0,0,1,1,1,0,0,0,0,0,1,1,1,1,1,1,0,1,1,1,1,1,1,1,1,1,1,1,1,1,0,1,0,1,1,1,1,0,1,1,1,1,0,1,1,1,0,1,1,1,1,0,0,1,1,0,1,1,1,1,0,1,1,1,1,1,1,1,1,1,1,1,1,1,1,1,1,1,1,1,1,1,1,1,1,1,1,1,0,1,1,1,1,1,0,0,1,0,1,1,0,0,1,0,0,0,0,0,0,1,0,1,1,0,0,1,1,1,0,1,1,0,1,0,1,1,0,1,0,1
16
6,15,15,15,15,15,15,15,15,44,44,44,44,44,44,44,53,31,31,25,25,25,25,61,61,23,23,23,23,23,23,23,56,42,42,39,39,39,39,45,45,45,45,18,18,18,18,18,19,19,19,19,19,19,19,19,19,19,19,16,16,10,10,10,10,47,47,58,78,48,48,34,34,34,22,2,2,2,2,2,2,2,2,2,2,2,2,2,2,2,2,2,2,2,29,29,7,7,28,9,9,9,9,20,20,1,1,1,1,1,1,1,1,1,1,50,50,50,50,50,50,50,94,11,32,3,3,30,30,30,30,5,5,5,5,5,5,5,5,5,5,5,5,5,5,5,5,5,5,5,5,5,5,5,5,5,5,5,5,5,5,5,5,5,5,5,5,5,5,5,5,5,5
1,1,1,1,1,1,1,1,1,0,1,1,1,1,1,0,1,1,1,1,0,0,0,0,1,1,1,1,1,1,1,1,1,1,1,1,1,1,1,1,1,1,1,0,1,1,1,1,1,1,1,1,1,1,1,1,1,1,1,1,1,1,1,1,0,0,1,1,0,1,1,1,1,1,1,1,1,1,1,1,1,1,1,1,1,1,1,1,1,1,1,1,0,0,0,0,1,1,1,1,1,1,0,0,1,0,1,0,1,1,1,1,0,1,1,1,1,1,1,1,1,1,0,1,1,1,1,1,1,1,1,1,1,1,1,1,1,1,0,0,0,1,1,1,0,1,1,0,0,1,0,1,1,1,1,1,0,1,1,1,1,1,1,1,0,0,0,0,1,1,1,1,0
17
45,15,15,15,95,7,53,46,46,25,25,25,25,25,44,44,44,44,44,44,44,44,23,23,23,23,23,23,23,16,16,16,16,9,9,9,13,1,8,18,2,2,2,2,2,2,2,2,2,3,3,3,3,3,10,10,48,5,5,5,5,5,5,5,5,5,5,5,5,5,5,5,5,5,5,5,5,5,5,5,5,5,5,5,5,5,5,5,5,5,5,5,70
0,0,0,1,1,1,1,1,1,0,0,0,0,0,1,1,1,1,1,0,1,1,1,1,1,1,1,1,1,1,1,1,1,0,0,0,1,0,0,1,1,1,1,1,1,1,0,1,1,1,1,1,1,1,0,1,1,1,1,0,0,0,0,0,1,1,0,0,1,0,0,1,1,1,0,1,0,0,1,1,1,0,0,1,1,1,1,0,1,0,1,0,1
18
50,50,50,50,50,50,15,15,15,15,76,53,53,31,25,25,25,25,25,25,46,23,23,23,23,23,23,23,23,23,23,23,30,30,30,30,30,42,42,17,71,18,18,18,18,18,18,18,54,16,16,16,16,10,10,10,47,47,58,58,78,48,28,7,7,45,45,45,45,19,19,19,19,19,19,19,19,19,19,19,44,44,44,44,9,9,9,20,86,1,1,1,1,1,1,1,1,1,8,2,2,2,2,2,2,2,2,14,96,3,3,3,3,3,3,3,59,43,29,29,29,29,5,5,5,5,5,5,5,5,5,5,5,5,5,5,5,5,5,5,5,5,5,5,5,5,5,5,5,5,5,5,5,5,5,5,5,5,5
1,1,1,1,1,1,1,1,1,1,1,1,1,1,0,0,0,0,0,0,0,1,1,1,1,1,1,1,1,1,1,1,1,1,1,1,1,1,1,0,0,0,1,1,1,1,0,1,1,1,1,1,1,1,1,1,1,1,0,1,1,1,1,1,0,1,1,1,1,1,1,1,1,1,1,1,1,1,1,1,1,1,1,1,0,0,0,0,1,1,1,1,1,1,1,1,1,1,0,1,1,1,1,1,0,1,0,0,1,1,1,1,1,1,1,1,1,0,1,1,1,1,1,1,1,0,0,1,1,0,0,0,0,1,1,0,1,0,0,0,1,1,0,1,1,1,1,1,1,0,0,1,1,0,0,1,1,1,1
19
15,15,15,15,15,53,31,61,61,23,23,23,23,23,23,23,45,18,18,18,18,18,54,16,97,97,47,47,78,48,49,49,98,7,7,44,44,44,44,44,44,44,44,44,20,1,1,1,1,1,1,1,1,1,1,1,1,1,8,50,50,50,50,50,50,80,30,30,30,30,40,59,59,5,5,5,5,5,5,5,5,5,5,5,5,5,5,5,5,5,5,5,5,5,5,5,5,5,5,5,5,5,5,5,5,5,5,5,99,42,25,25,3,39,39,71,2,2,2,2,2,2,2,2,2,2,2,2,2,2,2,2,2,2,2,2,10,10,10,10,10,10,10,10,51,28,28,75,46,46,9,9,9,11,11,19,19,19,19,19,19,19,19,19,19,19,19,19,19,19,19,86,63,63,29,29,35
1,1,1,1,1,1,1,1,1,1,1,1,1,1,1,1,0,1,1,1,0,1,1,1,1,1,1,1,1,1,1,1,1,1,1,0,1,0,1,1,1,1,1,1,1,1,0,1,1,1,1,1,1,1,1,1,1,1,1,0,1,1,1,1,1,1,1,1,1,1,1,1,1,1,1,1,1,0,1,1,1,1,1,1,0,1,1,0,0,1,1,1,1,1,1,1,1,1,1,1,1,1,1,1,1,1,1,1,1,1,0,0,1,1,1,1,1,1,1,1,1,1,1,1,1,1,1,1,1,1,1,1,1,1,1,1,0,1,1,1,1,1,0,1,1,1,1,1,1,1,1,1,1,1,1,1,0,1,1,1,1,1,1,1,1,1,0,1,1,1,1,1,1,1,1,1,1
20
6,101,15,15,15,15,15,15,54,53,31,25,25,25,25,25,25,25,23,23,30,30,30,30,30,42,39,17,17,17,17,46,18,18,18,18,18,11,100,16,16,16,16,10,10,10,10,10,97,47,58,34,98,7,45,45,19,19,19,19,19,19,19,19,28,49,9,9,9,9,20,13,1,1,1,1,1,1,1,1,1,1,50,50,50,50,2,2,2,2,2,2,2,2,2,2,2,2,2,2,2,14,86,3,44,44,44,44,44,44,43,29,29,29,29,29,5,5,5,5,5,5,5,5,5,5,5,5,5,5,5,5,5,5,5,5,5,5,5,5,5,5,5,5,5,5,5,5,5,5,5,5,5,5,5
1,1,0,1,0,1,1,1,1,1,0,0,0,0,0,0,1,0,0,0,1,1,0,1,1,1,1,0,1,0,1,0,0,1,1,1,1,1,0,1,1,1,0,0,0,0,1,1,0,1,0,0,1,1,1,1,1,1,1,1,1,1,1,1,1,1,0,1,1,0,1,1,1,0,0,1,1,1,1,1,1,0,0,1,1,1,1,1,1,1,1,1,1,1,1,1,1,1,1,1,1,1,1,1,1,1,1,1,1,1,1,1,1,0,1,1,1,1,0,0,0,1,1,1,0,1,1,1,0,1,0,1,1,0,1,1,1,1,0,1,1,1,1,1,1,0,0,0,1,1,0,0,1,1,1
21
15,15,15,15,53,53,31,31,25,25,25,25,23,23,23,23,23,30,30,42,39,45,45,45,18,18,18,18,18,18,54,41,16,16,10,10,10,10,10,48,28,98,7,8,19,19,19,19,19,19,19,19,19,19,44,44,9,9,9,9,1,1,1,1,1,1,1,1,73,2,2,2,2,2,2,2,2,2,2,2,2,5,5,5,5,5,5,5,5,5,5,5,5,5,5,5,5,5,5,5,5,5,5,5,5,5,5,5,5,5,5,5,5,5,5,5,5,5,5,5,46,3,3,43,29,29,29,32,32,14
1,0,1,1,1,1,1,1,0,0,0,0,1,1,1,1,1,1,1,1,1,1,0,1,0,0,1,1,1,0,1,1,1,1,0,1,1,1,1,1,1,1,0,0,1,1,1,1,1,0,1,1,1,1,1,0,0,0,0,0,1,0,0,0,1,1,1,1,1,1,1,1,1,1,1,1,1,1,1,1,1,0,0,1,1,0,1,1,0,1,0,0,0,1,1,0,0,0,1,1,1,1,0,1,0,1,1,0,1,0,0,1,0,0,0,0,1,0,1,1,0,1,1,1,1,1,1,1,1,0
22
15,15,15,15,15,15,7,45,25,44,23,23,23,16,16,16,16,9,9,9,1,1,1,1,1,46,18,18,18,18,2,2,2,2,2,2,2,2,2,2,2,2,2,2,2,2,2,2,41,49,3,10,10,10,5,5,5,5,5,5,5,5,5,5,5,5,5,5,5,5,5,5,5,5,5,5,5,5,5,5,5,5,5,5,5,5,5,5,5,5,5
1,0,0,1,1,1,1,1,0,1,1,1,1,0,1,1,0,0,1,0,1,1,1,1,0,1,1,1,0,1,1,1,1,1,1,1,1,1,1,1,1,1,1,1,1,0,1,1,1,1,1,1,1,1,1,1,1,0,1,1,0,0,1,0,0,0,1,0,0,0,1,0,1,1,1,1,0,0,0,0,1,1,0,0,1,0,1,1,0,0,1
23
6,6,6,6,15,15,15,15,15,58,58,76,31,25,25,61,23,23,80,42,42,104,71,18,18,18,18,54,39,39,39,102,16,16,16,10,10,10,10,48,48,55,3,28,45,45,45,29,29,103,46,12,44,44,44,44,44,44,9,9,9,13,1,1,1,1,1,1,1,1,1,1,11,50,50,50,50,50,50,2,2,2,2,2,2,2,2,2,2,2,2,2,2,14,86,56,47,40,30,30,30,30,5,5,5,5,5,5,5,5,5,5,5,5,5,5,5,5,5,5,5,5,5,5,5,5,5,5,5,5,5,5,5,5,19,19,19,19,19,19,19,19
0,1,0,0,0,0,1,1,1,1,1,1,1,0,0,1,1,1,1,1,1,1,0,1,1,1,1,1,0,1,1,1,1,1,1,0,1,1,1,1,1,0,1,1,1,1,1,0,1,1,1,1,0,0,1,1,1,1,1,0,1,0,1,0,1,1,1,1,1,1,1,1,1,0,1,1,1,1,1,1,1,1,1,1,1,1,1,1,1,1,1,1,1,0,1,1,1,1,1,1,1,1,1,0,0,0,0,0,0,1,1,1,0,1,0,1,1,1,1,1,1,1,1,1,1,1,0,0,1,1,1,1,0,1,1,1,1,1,1,1,1,0
24
6,6,22,15,15,15,15,15,15,53,53,31,31,31,31,25,23,23,23,23,23,23,23,23,23,23,23,23,23,16,16,16,16,16,9,9,13,1,1,18,18,18,2,2,2,2,2,2,2,2,2,2,3,3,3,3,3,10,10,10,10,10,10,10,10,30,5,5,5,5,5,5,5,5,5,5,5,5,5,5,5,5,5,5,5,5,5,5,5,5,5,5,5,5,5,5,5,5,5,5,5,5,5,5,5,5,5,5,5,5,5,19,19,19,19,19,19,19,19,19,19
1,0,1,1,1,1,1,1,1,1,1,1,1,1,1,0,1,1,1,1,1,1,1,1,1,1,1,1,1,1,1,1,1,0,1,1,1,1,0,0,1,1,1,1,1,1,1,1,1,0,1,1,0,1,1,1,1,0,1,1,1,1,1,1,1,1,1,1,0,0,0,0,0,1,0,0,0,0,1,1,1,1,1,1,1,1,1,1,1,1,1,1,1,1,1,1,1,1,1,1,1,1,1,1,1,1,1,1,1,1,1,1,1,1,1,1,1,1,1,1,1
25
6,15,15,15,15,106,53,53,31,31,31,25,25,25,93,93,93,93,23,23,23,23,23,23,23,23,3,3,44,44,44,44,44,44,44,39,39,45,18,18,18,18,18,18,18,19,19,19,19,19,19,19,19,19,19,16,16,16,16,16,16,16,10,10,10,10,10,10,48,47,28,28,29,60,61,7,40,40,9,20,20,20,20,105,1,1,1,1,1,1,8,2,2,2,2,2,2,2,2,2,2,2,2,2,50,50,50,50,50,50,86,56,59,59,43,30,30,30,30,30,5,5,5,5,5,5,5,5,5,5,5,5,5,5,5,5,5,5,5,5,5,5,5,5,5,5,5,5,5,5,5,5,5,5,5,5,5,5,5,5,24
0,1,1,1,1,0,1,1,1,1,1,0,0,0,1,1,1,1,1,1,1,1,1,1,1,1,1,1,1,1,1,1,1,1,1,1,1,1,0,1,1,1,1,1,0,1,1,1,1,1,1,1,0,0,1,1,1,1,1,1,1,1,0,1,1,1,1,0,1,1,1,0,1,1,1,0,1,1,1,1,1,1,1,0,1,0,1,1,1,1,0,1,1,1,1,1,1,1,1,1,1,1,1,1,1,1,1,1,1,1,1,0,1,1,0,1,1,1,1,1,1,1,1,1,1,1,1,1,1,1,1,0,1,0,1,1,1,1,1,1,1,1,1,1,1,1,0,1,1,1,1,1,1,0,1,0,0,1,1,1,0
26
6,6,6,15,15,15,15,15,15,15,15,15,15,15,15,15,15,31,25,25,23,23,23,23,23,30,30,30,30,30,42,39,39,39,39,39,17,17,18,18,18,18,18,18,54,54,16,16,16,16,16,10,10,10,10,10,10,97,28,28,28,7,7,19,19,19,19,19,19,19,19,9,9,9,20,20,20,13,1,1,1,1,1,8,2,2,2,2,2,2,2,2,2,2,2,2,2,2,2,2,2,2,14,3,40,5,5,5,5,5,5,5,5,5,5,5,5,5,5,5,5,5,5,5,5,5,5,5,5,5,5,5,5,5,5,5,5,5,5
1,0,0,1,1,1,1,1,1,1,1,1,1,0,0,0,0,1,0,0,1,1,1,1,1,0,1,0,1,1,1,1,1,1,0,1,0,0,0,1,1,1,0,1,1,1,1,1,1,1,1,1,1,1,0,1,0,1,1,1,1,1,1,1,1,1,0,0,0,1,0,0,1,0,0,1,1,1,1,1,0,1,1,1,1,1,1,1,1,1,1,1,1,1,1,1,1,1,1,1,1,1,1,1,1,0,1,1,0,1,1,1,0,0,1,1,1,1,1,0,0,1,1,1,1,1,1,0,1,1,0,1,1,1,1,0,1,1,1
27
6,6,15,15,15,15,76,31,31,23,23,23,23,23,3,42,17,18,18,18,18,19,16,16,16,16,16,10,10,10,2,2,2,2,2,2,2,2,2,2,2,2,2,2,2,2,2,2,2,2,2,2,7,7,9,9,9,13,1,1,1,1,1,1,8,54,54,56,30,5,5,5,5,5,5,5,5,5,5,5,5,5,5,5,5,5,5,5,5,5,5,5,5,5,5,5,5,5,5,5,5,5,5,5,5,5
1,0,0,1,1,0,1,0,1,1,1,1,1,1,1,1,1,1,1,1,1,1,1,1,1,1,1,1,1,0,1,1,0,1,1,1,1,1,1,1,1,1,1,1,1,1,1,1,1,1,1,1,0,1,0,0,0,1,1,1,1,1,1,1,1,1,1,1,1,1,1,0,0,1,1,1,0,0,0,1,0,0,0,1,1,0,1,1,0,1,0,0,0,0,1,0,1,1,1,1,1,0,0,0,0,1
28
77,42,53,31,31,31,31,31,31,31,23,23,23,23,23,23,23,23,23,23,23,80,50,50,15,15,15,15,15,15,39,39,39,39,18,18,18,18,18,19,19,19,19,19,19,19,19,19,19,8,16,16,16,16,16,10,10,10,10,10,10,58,58,58,51,49,29,29,7,7,4,9,9,9,20,20,1,1,1,1,1,1,1,1,1,1,1,81,2,2,2,2,2,2,2,2,2,14,14,3,3,3,3,3,3,3,3,59,43,30,30,30,5,5,5,5,5,5,5,5,5,5,5,5,5,5,5,5,5,5,5,5,5,5,5,5,5,5,5,5,5,5,5,5,5,5,5,5,99
0,1,1,1,1,1,1,1,0,1,1,1,1,1,1,1,1,1,1,1,1,1,0,1,1,0,1,0,1,1,0,1,1,0,1,1,1,1,0,1,1,0,1,1,1,1,1,1,1,1,1,1,1,0,1,1,1,1,1,1,1,1,0,1,0,1,0,1,1,1,1,1,1,0,1,1,1,1,1,1,0,1,1,1,0,0,1,1,1,1,1,1,1,1,1,1,1,1,0,1,1,1,1,1,1,1,1,1,1,1,1,1,0,1,0,0,1,0,0,1,0,0,1,0,1,0,0,1,1,1,1,1,1,1,1,1,1,1,1,1,1,0,1,0,0,1,1,0,1
29
74,74,15,15,15,15,15,53,53,53,45,45,19,19,19,23,23,23,23,23,23,23,23,16,16,9,9,20,30,1,1,1,1,1,1,1,8,18,18,18,18,2,2,2,2,2,2,2,2,3,10,10,10,10,63,63,29,29,5,5,5,5,5,5,5,5,5,5,5,5,5,5,5,5,5,5,5,5,5,5,5,5,5,5,5,5,5,5,5,5,5,5
0,1,0,0,1,1,1,1,1,1,1,1,1,1,1,1,1,1,1,1,1,1,1,0,1,0,1,0,1,1,1,0,0,1,1,1,0,1,1,1,0,1,1,1,1,1,1,1,1,1,0,1,1,1,0,1,0,1,1,0,0,0,1,1,1,0,1,0,1,1,1,1,1,0,0,1,1,1,1,1,1,1,1,1,1,1,1,0,1,1,1,1
30
6,6,6,15,15,15,58,58,53,25,25,61,61,23,23,23,23,23,23,23,23,23,30,108,17,46,18,18,18,18,18,19,19,19,19,19,16,16,16,10,10,10,47,47,55,78,48,75,75,7,7,12,12,44,44,44,44,44,107,9,9,9,20,20,20,1,1,1,1,1,1,1,1,81,2,2,2,2,2,2,2,2,50,50,50,93,43,43,5,5,5,5,5,5,5,5,5,5,5,5,5,5,5,5,5,5,5,5,5,5,5,5,5,5,5,5,5,5,5,5,5,5,5,5,5,99
1,1,0,0,1,1,0,0,1,0,1,1,1,1,1,1,1,1,1,1,1,1,1,1,0,0,1,1,1,0,1,1,1,1,0,0,1,1,1,1,1,1,1,1,0,1,0,0,1,1,1,0,0,1,1,1,1,1,0,1,1,1,1,1,0,1,1,1,0,1,1,0,1,1,1,1,1,1,1,1,1,1,1,1,1,1,1,1,1,0,0,0,1,1,1,1,1,1,0,0,1,0,0,0,1,1,1,1,1,1,1,1,0,1,1,1,1,1,1,0,1,1,1,1,1,1
31
6,6,6,6,15,15,15,15,15,92,31,31,31,31,31,31,31,61,61,23,23,23,23,23,23,45,45,18,18,18,18,18,18,54,16,16,16,16,16,16,16,48,48,78,47,47,3,4,44,44,44,44,44,44,20,20,20,20,1,1,1,1,1,1,1,1,1,1,73,50,50,50,50,50,30,30,30,30,30,30,30,30,109,40,59,5,5,5,5,5,5,5,5,5,5,5,5,5,5,5,5,5,5,5,5,5,5,5,5,5,5,5,5,5,5,5,5,5,5,5,5,5,5,5,5,5,5,5,42,25,25,25,25,25,25,25,25,86,39,39,17,17,2,2,2,2,2,2,87,10,10,10,10,28,28,28,22,75,75,46,46,9,9,9,58,58,19,19,19,19,19,19,19,19,19,19,19,19,14,14,14,43,29,32
0,0,0,0,1,0,1,1,1,0,0,1,1,1,0,1,1,1,1,1,1,1,1,1,1,1,0,0,0,1,1,1,0,1,1,1,1,1,1,1,1,0,1,1,0,1,1,1,1,1,0,1,1,1,0,1,1,1,1,1,1,0,0,1,0,1,0,1,0,0,1,1,1,1,1,1,1,1,1,1,1,1,1,0,1,1,1,1,0,1,0,1,1,0,1,1,0,0,0,1,0,0,0,0,1,0,0,0,1,0,0,1,1,1,0,0,1,0,0,1,1,0,1,1,1,0,1,1,0,0,0,0,0,0,1,0,0,1,0,1,0,1,1,1,1,1,1,1,1,1,0,1,1,1,1,1,1,1,1,0,1,0,0,0,1,1,1,1,1,1,1,0,1,0,0,1,0,1,0,1,1,0,1,1
32
6,6,6,27,15,15,15,15,15,15,53,53,53,31,31,31,31,61,23,23,23,23,23,23,23,23,82,113,45,45,45,18,18,18,18,18,54,54,54,13,16,16,16,111,78,83,83,7,7,4,44,44,44,44,44,44,57,114,20,20,20,105,1,1,1,1,1,1,1,1,50,50,50,2,2,2,3,3,3,3,110,40,30,30,30,30,5,5,5,5,5,5,5,5,5,5,5,5,5,5,5,5,5,5,5,5,5,5,5,5,5,5,5,5,5,5,5,5,5,5,5,5,5,5,99,112,25,25,25,25,25,25,25,25,93,80,117,39,39,39,39,10,10,10,10,10,10,115,48,48,28,46,46,9,9,9,52,59,81,19,19,19,19,19,19,19,19,19,19,19,19,64,63,63,63,29,29,29,116
1,1,1,1,0,0,0,1,1,0,1,1,0,0,1,1,0,1,1,1,1,1,1,1,1,1,1,0,1,1,1,0,1,1,1,0,0,1,1,1,1,1,1,0,1,1,1,0,1,1,0,1,1,1,1,0,1,1,0,0,1,0,1,0,0,1,0,0,1,1,1,1,1,1,1,1,1,1,1,1,1,0,1,1,1,1,1,1,1,1,1,1,0,1,0,1,1,1,0,0,0,0,0,0,0,1,1,1,1,1,1,0,0,1,0,0,1,0,1,1,0,0,1,1,1,1,1,0,0,0,0,0,0,0,1,1,1,1,1,1,1,1,1,1,1,0,1,1,1,1,1,1,1,0,0,0,0,1,1,1,1,1,1,1,1,1,1,1,1,0,1,1,1,1,1,0,1,1,0
33
6,6,32,15,15,15,86,44,44,44,44,44,44,53,73,73,61,23,23,23,23,23,23,30,81,42,50,50,50,50,50,17,45,45,45,45,18,18,18,18,18,18,11,11,11,11,11,11,16,19,19,27,47,47,47,47,47,47,48,49,22,75,119,7,7,7,4,12,26,9,9,9,9,9,9,9,9,20,20,20,13,1,82,118,2,2,2,2,2,2,2,2,2,14,46,46,3,3,3,3,3,3,25,25,5,5,5,5,5,5,5,5,5,5,5,5,5,5,5,5,5,5,5,5,5,5,5,5,5,5,5,5,5,5,5,5,5
0,0,1,0,1,1,1,0,1,1,1,1,1,1,1,1,1,1,1,1,1,0,1,1,1,1,1,1,1,1,1,1,1,1,1,0,0,1,0,1,1,1,0,1,1,1,1,1,1,1,1,0,1,0,1,1,1,1,1,1,0,1,0,1,1,1,1,1,1,1,1,1,1,0,1,1,1,1,0,1,1,1,0,1,1,1,1,1,1,1,1,1,1,0,1,1,1,1,1,1,1,1,0,0,1,1,1,1,0,0,0,1,1,1,0,1,0,0,1,1,0,1,1,1,1,1,1,1,1,1,0,1,1,1,1,1,0
34
50,50,50,50,50,15,15,15,15,31,31,31,31,25,25,25,25,25,23,23,23,23,30,30,30,30,42,42,39,39,39,17,17,45,18,18,18,18,19,19,19,16,16,16,16,10,10,10,10,10,10,47,58,78,48,28,7,46,44,44,44,44,49,9,9,9,13,1,1,1,1,8,2,2,2,2,2,2,2,2,2,2,2,2,2,2,5,5,5,5,5,5,5,5,5,5,5,5,5,5,5,5,5,5,5,5,5,5,5,5,5,5,5,5,5,5,5,5,5,5,5,5,5,5,3,110,110,40,29,32
1,1,1,1,1,1,0,1,1,1,1,1,1,0,0,0,0,0,1,1,1,1,1,1,1,1,1,1,0,0,1,1,0,1,1,1,1,0,1,0,1,1,1,1,1,1,0,0,1,1,1,1,1,1,1,1,1,1,0,1,1,1,0,1,1,0,1,1,1,0,1,1,1,1,1,1,1,1,1,1,1,1,1,1,0,1,1,1,1,0,0,1,1,1,0,0,0,0,0,0,0,0,1,0,1,1,1,1,1,1,1,1,0,1,1,1,1,1,1,1,0,1,0,1,1,1,1,1,1,1
35
6,6,6,6,6,6,6,6,6,6,6,6,6,6,6,6,6,6,6,6,6,6,6,6,6,6,6,6,6,6,6,6,6,50,15,15,107,107,7,31,25,25,25,25,23,23,23,23,23,23,16,16,9,1,1,1,8,18,18,2,2,2,2,2,2,2,2,2,45,3,3,10,10,10,40,30,5,5,5,5,5,5,5,5,5,5,5,5,5,5,5,5,5,5,5,5,5,5,5,5,5,5,5,5,5,5,5,5,5,5,5,5,5
0,1,0,1,1,1,0,1,0,1,0,1,1,1,1,0,0,1,1,1,1,1,1,1,1,1,1,1,0,1,0,1,1,1,1,1,0,0,0,0,0,0,0,0,1,1,1,1,1,1,0,0,1,1,1,0,1,1,1,1,1,1,1,1,1,1,1,1,1,1,1,0,0,1,1,1,1,1,0,0,0,0,1,0,0,1,0,1,0,0,0,1,0,0,1,0,1,0,1,1,1,0,0,1,0,0,0,1,0,0,1,0,1
36
6,6,6,6,6,6,6,74,15,15,15,15,15,15,15,53,53,53,31,31,31,31,31,31,31,31,9,9,9,9,23,23,23,23,23,23,23,23,23,23,23,23,23,60,46,46,46,46,18,18,18,18,18,18,54,54,54,16,16,16,16,16,48,1,1,1,1,1,1,34,98,7,7,44,44,44,44,20,20,20,13,67,50,2,2,86,40,40,57,5,5,5,5,5,5,5,5,5,5,5,5,5,5,5,5,5,5,5,5,5,5,5,5,5,5,5,5,5,5,5,5,5,5,5,5,5,5,5,5,42,112,25,25,3,3,3,3,3,3,39,39,17,10,10,10,10,10,10,75,43,107,61,58,11,19,19,19,19,14,59,59,59,29
0,1,0,0,0,0,0,1,1,0,0,1,1,1,0,1,1,1,1,1,0,0,1,1,1,1,1,0,1,1,1,1,1,1,1,1,1,1,1,1,1,1,1,1,1,1,1,1,0,1,1,0,0,0,0,1,1,1,1,1,1,1,1,1,1,0,1,1,0,0,1,0,0,1,1,1,1,0,0,0,1,0,1,1,1,1,1,1,1,1,0,0,0,1,0,1,1,0,1,0,1,1,1,0,1,0,1,0,0,1,1,0,0,0,1,1,0,1,1,0,0,1,0,0,1,0,1,1,1,1,0,0,0,1,1,1,0,1,1,1,1,1,0,0,1,1,1,1,1,0,1,1,1,0,1,0,1,1,0,1,1,1,1
37
6,6,6,6,50,50,15,15,15,15,15,15,15,15,15,15,15,15,58,53,116,25,25,25,23,23,23,23,23,23,23,60,60,39,39,39,39,39,17,46,18,18,18,18,18,18,19,19,19,19,19,19,19,19,16,16,16,16,16,16,16,16,16,16,16,16,10,55,51,28,28,22,22,75,7,7,120,12,12,44,44,44,49,31,31,9,9,9,9,9,20,20,20,13,1,1,1,1,1,1,1,1,11,8,2,2,5,5,5,5,5,5,5,5,5,5,5,5,5,5,5,5,5,5,5,5,5,5,5,5,5,5,5,5,5,5,5,5,5,5,5,5,5,5,5,30,59,45,45,40,40,40,40,40,29,29,29,29,64,99
0,0,1,0,1,1,1,0,1,1,1,1,1,1,1,1,1,1,0,1,1,0,0,0,1,1,1,1,1,1,1,1,1,1,1,1,1,1,1,1,0,1,1,1,1,1,1,1,1,1,1,1,1,1,1,1,1,1,1,1,1,1,1,1,1,1,1,1,0,1,1,1,1,1,1,1,0,1,1,1,1,1,1,1,1,0,0,1,1,1,0,1,1,1,1,1,1,0,1,1,1,1,1,1,1,1,0,1,0,0,0,1,0,0,1,0,1,1,1,1,0,1,1,0,0,0,0,0,0,1,0,0,0,0,1,1,0,1,1,1,0,1,1,1,0,1,1,1,1,1,1,1,1,1,1,1,1,1,1,0
38
6,50,50,50,50,50,15,15,15,15,15,15,106,53,53,53,31,25,25,25,61,61,23,23,23,23,23,23,56,42,39,39,46,46,46,46,46,46,18,18,18,18,18,18,18,18,18,11,16,16,16,16,10,10,10,10,10,10,47,47,58,78,48,28,28,22,121,98,7,7,45,45,45,45,19,19,19,19,19,19,19,44,44,44,44,44,44,57,57,107,9,9,13,1,1,1,1,8,89,2,2,2,2,2,2,2,2,2,2,49,49,86,86,86,3,40,40,40,40,40,30,30,30,30,30,5,5,5,5,5,5,5,5,5,5,5,5,5,5,5,5,5,5,5,5,5,5,5,5,5,5,5,5,5,5,5,5,5,5,5,5
1,1,1,1,1,1,1,0,1,0,1,1,1,1,1,0,1,0,0,0,1,1,1,1,1,1,1,1,1,1,1,1,0,1,0,1,1,1,0,0,1,1,0,0,1,1,1,1,1,1,1,0,0,0,1,1,1,1,1,1,1,1,1,1,1,0,1,1,0,0,1,1,1,1,1,0,0,1,1,1,1,1,1,0,1,1,1,1,1,1,0,0,1,1,1,0,1,0,1,1,1,1,1,1,1,1,1,1,1,1,1,1,1,1,1,1,1,1,1,1,1,1,1,1,1,0,0,1,0,0,1,1,1,1,1,1,0,0,1,1,1,1,1,1,0,1,1,1,1,1,0,0,0,1,1,0,0,0,0,1,1
39
42,42,53,53,31,31,31,25,25,61,61,23,23,23,23,23,23,23,23,23,23,23,80,15,15,15,15,15,39,46,46,18,18,18,18,18,18,18,19,19,19,19,19,19,19,19,19,19,16,16,16,16,16,16,10,10,10,10,10,48,48,58,78,47,47,47,49,2,2,2,2,2,2,2,2,2,2,2,2,2,2,2,29,29,56,7,45,45,45,44,44,44,44,44,57,9,9,9,9,20,13,1,1,1,1,1,1,1,50,50,50,50,50,50,54,54,14,86,3,3,59,40,30,30,30,30,5,5,5,5,5,5,5,5,5,5,5,5,5,5,5,5,5,5,5,5,5,5,5,5,5,5,5,5,5,5,5,5,5,5,5,5,5,5,5
1,1,1,1,0,1,1,0,0,1,1,1,0,1,1,1,1,1,1,1,1,1,1,0,0,1,1,1,1,1,1,0,1,1,1,1,0,1,1,1,1,1,1,1,0,1,1,0,1,1,1,1,1,1,0,1,1,1,1,1,1,0,1,0,1,1,1,1,1,1,1,1,1,1,1,1,1,1,1,1,1,0,1,1,1,1,1,1,1,0,1,1,1,1,1,0,0,0,1,0,1,1,1,0,1,0,1,1,1,1,1,1,1,1,1,1,0,1,1,1,1,1,0,1,1,1,1,1,1,1,1,1,0,0,1,1,0,1,0,0,0,1,0,1,0,0,1,1,1,1,1,1,0,0,0,1,0,0,1,1,1,0,1,1,1
40
6,6,74,15,15,15,15,95,31,31,61,61,23,20,46,46,46,18,18,18,18,18,54,54,16,19,19,19,19,19,19,19,19,19,19,19,19,19,19,97,47,47,78,3,3,3,37,7,7,7,12,44,44,44,122,1,1,1,1,1,1,1,1,1,1,1,1,8,8,50,50,50,50,30,30,30,30,30,30,30,40,57,5,5,5,5,5,5,5,5,5,5,5,5,5,5,5,5,5,5,5,5,5,5,5,5,5,5,5,5,5,5,5,5,5,5,5,5,5,5,99,99,25,25,25,25,25,25,25,86,39,39,39,39,17,71,2,2,2,2,2,2,2,2,2,2,2,2,2,2,2,2,2,2,2,10,10,10,10,10,10,10,10,28,28,45,45,45,45,9,58,11,69,43,32,32
0,0,1,0,1,1,1,0,0,1,0,1,0,0,0,0,0,0,1,1,0,1,1,1,1,1,0,1,1,1,1,1,1,1,1,0,0,1,0,0,1,1,1,1,1,1,0,0,1,1,0,1,1,1,0,0,1,0,1,1,0,1,0,1,1,0,0,1,0,1,1,1,1,1,1,1,1,0,1,1,0,0,0,0,0,1,1,1,1,0,0,0,1,1,1,0,1,1,1,1,0,1,1,1,1,0,1,1,0,1,0,0,0,1,0,0,1,0,0,0,0,1,0,0,0,0,0,0,0,1,1,0,1,1,1,0,1,1,1,1,1,1,1,1,1,1,1,1,1,1,1,1,1,1,1,0,0,1,0,1,1,1,1,0,1,1,1,1,1,0,1,1,0,0,1,1
41
6,15,15,15,15,15,15,15,53,53,31,25,93,23,23,23,23,23,23,23,30,30,39,17,17,45,45,45,18,18,18,18,18,18,19,19,19,19,19,19,16,16,16,16,10,10,10,10,10,10,47,28,75,7,7,44,44,44,44,44,44,57,9,9,9,20,20,20,1,1,1,1,1,1,1,1,50,50,50,2,2,2,2,2,2,2,14,49,3,59,43,43,29,5,5,5,5,5,5,5,5,5,5,5,5,5,5,5,5,5,5,5,5,5,5,5,5,5,5,5,5,5,5,5,5,5,5,5,5,5,5,5
1,1,1,0,0,1,0,1,1,0,1,0,1,1,1,1,1,1,1,1,1,1,1,1,1,1,1,1,0,0,1,1,1,1,0,1,1,1,1,1,1,0,1,1,0,0,1,1,1,1,1,0,0,1,1,0,1,1,1,1,1,0,1,1,1,0,1,0,1,0,1,1,1,1,1,1,1,1,1,1,1,1,1,1,1,1,1,1,1,1,1,1,1,1,1,1,1,1,1,1,0,1,1,1,0,0,0,1,0,1,1,1,1,1,1,1,1,1,1,1,1,1,0,1,0,0,1,1,1,1,1,1
42
6,6,15,15,15,15,15,15,15,15,15,76,31,31,25,25,25,25,25,61,61,23,23,3,42,39,17,71,18,18,18,18,18,18,18,54,54,16,16,16,10,10,10,10,10,48,58,47,47,34,34,29,29,7,45,45,45,45,19,19,19,19,19,19,19,19,19,19,44,44,44,44,44,57,9,9,9,9,46,46,1,1,1,1,50,50,50,50,50,123,2,2,2,2,2,2,2,2,2,2,2,2,2,2,2,2,2,2,2,2,2,2,2,2,28,49,56,59,40,30,30,30,30,30,5,5,5,5,5,5,5,5,5,5,5,5,5,5,5,5,5,5,5,5,5,5,5,5,5,5,5,5,5,5,5,5,5,5,5,5,5,5,5,5,5
0,1,1,0,0,0,1,1,1,1,1,1,1,1,0,1,0,0,0,1,1,1,0,1,1,1,0,0,0,1,1,1,1,1,1,1,1,1,1,1,0,1,1,1,1,1,1,1,1,1,1,1,1,1,1,1,1,1,1,1,1,1,1,1,1,1,1,1,0,1,1,1,1,1,1,1,0,1,1,0,1,1,1,1,0,1,1,1,1,1,1,1,1,1,1,1,1,1,1,1,1,1,1,1,1,1,1,1,1,1,1,1,1,1,1,1,1,1,1,1,1,1,1,1,1,1,1,1,0,1,1,0,1,0,1,0,1,1,1,0,1,0,1,1,0,0,1,0,0,0,1,0,0,0,0,0,0,1,0,1,1,1,1,0,0
43
6,6,6,6,6,6,6,6,27,15,15,15,15,126,31,31,31,73,23,23,23,23,23,80,50,50,50,17,45,45,45,45,18,18,18,18,18,11,11,13,16,16,16,10,10,28,127,22,22,29,29,125,7,46,19,19,19,19,19,19,44,44,44,44,44,44,44,9,9,105,105,1,1,1,1,1,1,1,25,25,25,2,2,2,2,2,2,2,5,5,5,5,5,5,5,5,5,5,5,5,5,5,5,5,5,5,5,5,5,5,5,5,5,5,5,5,5,3,3,40,30,30,124,35
0,0,0,0,0,0,0,1,1,0,1,1,0,1,1,1,1,1,1,1,1,1,1,0,0,1,0,0,1,1,1,1,0,1,1,1,1,0,0,0,0,0,0,0,0,1,0,1,0,1,0,0,1,1,0,1,1,1,0,1,0,1,1,1,1,1,1,1,1,0,0,1,1,1,0,1,1,0,0,0,0,1,1,1,1,1,1,1,1,1,1,0,1,1,1,0,1,1,1,1,1,1,1,1,1,1,1,1,1,1,0,1,1,1,1,1,0,1,1,1,0,1,1,0
44
6,32,15,15,15,15,15,15,15,15,76,53,53,31,31,31,25,25,25,25,61,61,23,23,23,23,23,23,23,3,44,44,44,44,44,39,39,17,45,45,45,45,18,18,18,18,18,18,18,19,19,19,19,19,19,19,19,19,19,19,19,19,19,16,16,16,16,16,16,16,16,10,10,10,48,48,128,78,47,47,28,79,2,2,2,2,2,2,2,2,2,2,2,75,7,7,46,40,57,9,9,9,9,20,20,13,1,1,1,1,1,1,1,1,1,1,1,50,50,50,50,50,50,54,54,49,30,30,43,43,29,29,29,29,29,29,5,5,5,5,5,5,5,5,5,5,5,5,5,5,5,5,5,5,5,5,5,5,5,5,5,5,5,5,5,5,5,5,5,5,5,5,5,5,5,5,5
1,1,1,1,0,0,1,1,1,1,1,1,1,1,1,1,0,0,0,0,1,0,1,1,1,1,1,1,1,1,0,1,1,1,1,1,1,1,1,1,1,1,0,1,1,1,1,1,1,1,1,1,1,1,1,1,1,0,1,1,0,1,1,1,1,1,1,0,1,1,1,1,0,1,0,0,1,1,1,1,1,1,1,1,1,1,1,1,1,1,1,1,1,1,1,1,1,1,1,1,1,0,1,0,1,1,0,1,1,1,1,1,1,1,1,0,1,0,1,1,1,1,1,0,1,1,1,1,1,1,1,1,0,1,1,1,1,1,1,0,1,1,0,0,0,1,1,0,1,0,0,0,1,1,1,0,1,1,1,1,0,1,1,0,1,0,1,1,0,1,1,1,0,1,0,1,0
45
25,25,15,15,15,15,15,15,54,54,7,7,31,19,19,19,19,19,23,23,16,16,16,9,9,20,13,1,1,1,1,1,1,17,17,8,18,18,18,18,18,2,2,2,2,2,2,2,34,34,3,10,10,10,43,43,5,5,5,5,5,5,5,5,5,5,5,5,5,5,5,5,5,5,5,5,5,5,5,5,5,5,5,5,5,5,5,5,5,5,5,5
0,0,1,1,1,1,1,1,1,1,1,1,1,1,1,1,1,1,1,1,1,1,1,1,0,1,1,1,0,1,1,0,1,1,0,0,1,1,1,1,1,1,1,1,1,1,1,1,1,1,1,1,1,1,1,1,1,1,1,0,1,1,0,0,1,0,1,1,1,0,1,1,1,1,1,1,1,1,1,1,0,1,1,1,1,1,1,1,1,1,0,1
46
6,6,6,6,6,6,6,6,6,6,6,6,6,6,6,6,6,6,6,6,6,6,15,15,15,15,15,15,15,15,15,53,31,31,31,31,25,25,23,23,23,23,23,23,23,23,23,23,23,30,30,30,39,39,18,18,18,18,18,18,18,11,10,10,10,10,28,7,7,12,9,9,9,20,20,13,1,1,1,1,8,2,2,2,2,2,2,2,2,2,2,2,2,2,2,5,5,5,5,5,5,5,5,5,5,5,5,5,5,5,5,5,5,5,5,5,5,5,5,5,5,5,5,5,5,5,5,5,5,5,5,5,5,5,3,3,63,63,43,29,26,19,19,19,19,19,19,19,19
1,1,1,1,0,0,0,1,0,0,1,0,0,0,1,1,1,1,1,1,1,1,1,1,1,0,0,0,1,1,0,1,1,1,1,1,0,0,1,1,1,1,1,1,1,1,1,1,1,1,1,1,0,1,1,1,1,1,1,0,1,0,0,1,1,1,1,1,0,1,1,1,1,0,1,1,1,0,0,1,0,1,1,1,1,1,1,1,1,1,1,1,1,0,1,1,1,1,1,1,1,1,0,1,1,0,0,0,1,1,0,1,1,1,1,1,1,1,1,0,1,1,1,1,1,1,1,1,1,0,1,1,1,0,1,0,1,0,1,1,1,1,1,1,1,1,1,1,0
47
6,6,6,6,6,6,6,6,6,6,6,6,6,6,6,50,50,15,15,15,15,15,15,92,25,25,25,93,23,3,3,3,86,39,39,17,17,45,45,45,18,18,18,18,11,10,10,10,10,10,10,10,10,47,61,28,22,75,53,7,46,46,19,19,44,44,44,44,44,49,9,9,9,20,1,1,1,1,1,73,73,2,2,2,2,26,96,30,30,5,5,5,5,5,5,5,5,5,5,5,5,5,5,5,5,5,5,5,5,5,5,5,5,5,5,5,5,5,5,5,5,5,5,5,5
1,1,0,1,1,1,0,1,1,1,1,1,1,1,1,1,1,1,0,1,1,0,0,1,0,0,0,1,1,1,1,1,1,1,1,1,1,1,0,1,0,1,1,1,1,1,1,1,1,1,1,1,1,1,1,1,0,1,1,1,1,1,1,1,1,1,1,1,1,1,0,1,1,1,0,1,1,1,1,0,1,1,1,1,1,1,1,1,1,1,1,1,0,1,1,1,1,1,1,1,0,0,1,0,1,1,1,1,1,1,1,0,1,1,0,1,1,1,1,1,1,1,1,1,1
48
15,15,15,7,7,53,53,23,23,23,23,23,23,23,23,23,16,16,16,9,13,13,1,1,1,8,2,2,2,2,2,2,14,96,96,3,3,3,3,3,5,5,5,5,5,5,5,5,5,5,5,5,5,5,5,5,5,5,5,5,5,5,5,5,5,5,5,5,5
1,0,0,0,1,1,1,1,1,1,1,1,1,1,1,1,1,1,1,0,1,1,0,0,1,0,1,0,1,1,1,1,0,1,0,1,1,1,1,1,1,1,1,0,0,1,0,0,1,0,1,0,0,0,0,0,1,1,0,0,0,0,0,0,0,0,1,0,0
49
2,2,7,80,10,129,9,9,9,5,5,5,5,5,5,5,5,5,5,5,5,5,5,5,5,5,5,5,5,5,5,5,5,5,5,5,1
1,1,1,1,0,0,1,1,0,1,1,0,1,1,1,1,0,1,1,1,0,1,0,1,1,1,0,1,1,1,1,1,1,1,1,1,0
50
6,6,42,42,25,61,61,23,23,23,23,15,17,17,10,10,10,10,10,10,10,10,18,18,18,18,11,41,60,130,48,51,127,22,2,2,2,2,2,2,2,2,2,2,2,2,125,45,45,45,45,45,46,44,44,44,44,44,44,9,20,20,1,1,1,1,50,50,118,19,19,19,19,19,19,14,30,63,59,5,5,5,5,5,5,5,5,5,5,5,5,5,5,5,5,5,5,5,5,5,5,5,5,5,5,5,5,5,5,5,5,5,5,5,5,5,5,5,5,5
0,0,1,1,1,1,1,1,1,1,1,0,1,0,0,1,0,0,1,1,0,1,1,1,1,1,0,1,1,1,1,0,1,1,1,1,1,1,1,1,1,1,1,1,1,1,0,1,1,1,1,1,1,0,1,1,1,1,0,1,0,0,1,1,0,1,1,1,0,1,1,1,1,1,1,0,1,0,1,0,1,1,1,1,1,1,1,1,0,1,0,1,1,0,0,0,0,1,1,1,1,0,0,0,0,0,0,1,1,1,0,0,0,1,0,0,1,1,1,0
51
6,27,15,15,15,73,23,23,23,45,45,45,18,18,18,18,87,16,16,16,16,16,16,48,22,5,5,5,5,5,5,5,5,5,5,5,5,5,5,5,5,5,5,5,5,5,5,5,5,5,5,5,5,5,5,5,5,5,5,7,7,46,46,44,44,44,44,9,9,9,20,20,13,1,1,1,1,1,1,50,50,50,50,2,2,14,3,3,3,59,26
1,1,0,1,1,1,1,1,1,1,1,0,1,1,1,1,0,1,1,1,1,1,0,1,1,1,1,0,1,1,1,1,1,1,1,0,0,1,1,1,1,1,1,1,1,1,1,1,1,1,1,1,1,1,1,1,1,1,1,0,1,1,1,1,1,1,1,1,1,1,0,1,1,1,0,1,1,1,1,1,1,1,1,1,1,0,1,1,1,1,0
52
6,6,6,6,6,6,6,6,6,6,6,6,6,6,6,6,6,6,6,6,6,6,6,6,6,6,6,6,6,6,15,15,15,15,15,15,15,76,25,25,93,23,23,30,30,30,42,39,39,17,46,46,18,19,19,19,19,16,16,16,10,10,10,10,10,10,10,10,10,10,10,78,28,22,2,2,2,2,2,2,2,2,2,2,2,2,2,2,2,2,2,2,2,2,2,2,2,2,2,2,2,2,75,7,7,45,44,44,44,9,9,20,1,1,1,1,1,1,8,54,50,50,3,69,40,29,29,29,29,5,5,5,5,5,5,5,5,5,5,5,5,5,5,5,5,5,5,5,5,5,5,5,5,5,5,5,5,5,5,5,5,5,5,5,5
1,1,1,1,1,1,1,1,0,1,1,1,1,1,1,1,1,1,0,1,1,1,1,1,1,1,1,1,1,1,1,1,0,1,0,1,1,1,0,0,1,1,1,1,1,1,1,0,1,1,1,1,1,1,0,1,1,1,1,1,0,1,1,1,0,0,1,1,1,1,0,0,1,0,1,1,1,1,1,1,1,1,1,1,1,1,1,1,1,1,1,1,1,1,1,1,1,1,1,1,1,1,1,0,1,1,1,1,1,0,0,1,0,1,1,1,1,1,0,1,1,1,1,1,1,1,1,1,1,0,1,1,1,1,0,0,0,1,1,0,0,0,1,1,1,1,0,1,0,0,0,0,1,1,0,0,0,0,0,1,1,0,1,1,0
53
6,6,6,74,15,15,95,53,31,31,31,23,23,23,23,23,23,23,60,45,45,18,18,18,18,18,18,18,11,131,16,16,16,19,19,19,19,138,47,47,58,83,34,34,3,3,3,135,7,7,81,132,44,44,44,44,57,20,20,13,1,1,1,1,1,25,25,25,25,50,50,80,137,30,30,5,5,5,5,5,5,5,5,5,5,5,5,5,5,5,5,5,5,5,5,5,5,5,5,5,5,5,5,5,5,5,5,5,5,42,73,93,93,56,86,39,39,39,39,17,17,17,140,133,10,10,10,10,10,10,48,48,28,90,134,75,68,120,107,9,9,9,9,9,139,136,12,12,12,12,2,2,2,2,2,2,2,2,2,14,46,46,29,29
0,0,0,1,1,1,0,1,1,1,0,1,1,1,1,1,1,1,1,1,0,0,1,1,1,1,0,0,1,1,0,1,1,1,1,0,1,1,0,1,1,0,0,1,1,1,1,1,1,1,0,1,1,1,0,1,0,0,1,1,1,0,1,1,0,0,0,0,0,1,1,1,1,1,1,1,0,0,1,1,1,0,0,0,1,1,0,0,0,0,0,1,1,1,0,1,1,0,1,1,1,0,0,1,0,1,0,0,0,0,1,1,1,1,1,0,1,1,0,1,0,0,0,1,0,1,0,0,0,0,0,1,0,0,1,0,0,0,1,0,0,1,0,1,1,0,0,0,0,0,1,1,1,1,1,1,1,1,1,0,1,1,0,1
54
6,6,77,77,15,15,15,15,15,15,15,53,9,9,9,9,23,23,46,46,18,18,18,18,18,18,54,54,54,54,16,16,16,16,16,19,19,19,19,19,19,19,19,19,19,19,48,47,49,3,3,3,3,125,7,12,12,12,44,44,20,105,1,1,1,1,1,1,1,1,1,1,1,1,1,1,1,1,1,1,73,50,50,50,50,50,56,56,30,59,5,5,5,5,5,5,5,5,5,5,5,5,5,5,5,5,5,5,5,5,5,5,5,5,5,5,5,5,5,5,5,5,5,5,5,5,5,5,5,5,5,5,42,25,25,25,25,25,86,39,39,17,17,17,2,2,2,2,2,2,87,87,10,10,10,10,10,28,28,22,45,45,45,45,61,140,11,14,43,29,29
0,1,0,1,1,0,0,1,1,1,0,1,0,0,0,1,1,1,0,0,0,0,0,1,1,1,1,1,1,1,1,1,1,1,1,1,1,0,1,0,1,1,0,1,0,1,1,1,1,1,1,1,1,0,1,1,1,1,1,1,1,0,0,0,1,0,1,0,1,1,1,0,1,1,0,1,1,1,1,0,1,1,1,0,1,1,1,1,1,1,1,1,1,1,1,1,1,1,1,1,0,0,1,0,0,0,1,1,1,1,1,0,0,1,1,1,1,1,1,1,1,0,0,0,1,0,1,0,0,1,0,0,1,1,0,0,0,0,1,1,1,1,0,0,1,1,1,1,1,1,0,1,1,1,1,1,1,1,1,1,1,1,1,0,1,1,0,1,0,1,1
55
2,5
1,0
56
6,6,6,15,15,15,25,61,23,23,23,23,23,23,23,17,46,18,18,18,18,16,16,16,16,10,10,47,47,48,48,49,22,75,7,7,45,45,44,44,44,44,44,44,9,9,9,9,20,20,13,1,50,50,50,50,50,50,50,2,5,5,5,5,5,5,5,5,5,5,5,5,5,5,5,5,5,5,5,5,5,5,5,5,5,5,5,5,5,5,5,5,5,5,5,5,5,5,5,5,5,3,3,3,3,3,3,3,43,32,14
0,0,0,1,1,1,1,1,1,1,1,1,1,1,1,0,1,1,1,1,1,1,1,1,0,1,1,1,1,1,1,1,1,1,0,1,1,1,1,1,1,1,1,1,0,1,1,1,1,1,1,1,1,1,1,1,1,1,1,1,0,1,1,1,1,1,1,1,1,1,1,1,1,1,1,1,1,1,1,1,0,1,1,1,1,1,1,1,1,1,1,1,1,1,1,1,1,0,1,1,1,1,1,1,1,1,1,1,1,0,1
57
6,42,53,53,31,25,23,23,23,86,39,71,19,19,19,19,19,19,19,19,16,10,10,10,28,9,9,9,9,20,20,13,1,1,1,1,1,1,1,1,8,2,2,2,2,2,2,50,56,40,5,5,5,5,5,5,5,5,5,5,5,5,5,5,5,5,5,5,5,5,5,5,5,5,5,5,5,5,5,5
0,1,1,1,1,0,1,1,1,1,1,0,1,1,1,1,1,0,0,0,1,0,1,0,1,0,0,0,0,0,0,1,1,0,1,1,0,1,0,1,0,1,1,1,1,1,1,1,1,1,1,1,0,0,0,0,0,0,0,1,0,1,1,1,0,0,0,0,0,1,1,1,0,0,1,1,1,1,1,1
58
74,15,15,15,15,54,54,54,54,116,25,25,25,25,61,23,23,23,30,30,30,30,50,50,50,50,50,42,39,17,17,45,45,18,18,18,18,18,19,19,19,19,19,19,19,32,32,16,16,16,16,16,16,16,10,10,10,10,10,10,10,10,47,58,58,78,28,75,60,12,44,44,44,44,44,49,9,9,9,9,9,20,20,86,1,1,1,1,1,1,1,1,1,1,1,1,1,1,82,2,2,2,2,2,2,2,2,2,2,14,3,3,3,3,3,3,3,43,43,59,59,5,5,5,5,5,5,5,5,5,5,5,5,5,5,5,5,5,5,5,5,5,5,5,5,5,5,5,5,5,5,5,5,5,5,5,5,5,5,5,5,5,5,141
1,1,1,1,1,0,1,1,1,0,0,0,0,0,1,1,1,1,0,1,1,1,1,1,1,1,1,1,0,0,0,1,1,1,1,0,1,1,1,1,1,1,1,1,0,1,0,1,1,1,1,0,0,1,0,0,0,0,1,1,1,0,1,1,1,0,1,1,1,0,0,1,1,1,1,1,1,0,0,1,1,0,1,1,1,1,0,1,1,1,1,1,1,1,1,1,1,1,0,1,1,1,1,1,0,1,1,1,1,1,1,1,1,1,1,1,1,0,1,1,1,1,1,1,1,0,1,1,0,1,1,0,1,0,1,1,0,0,1,0,1,1,1,1,1,1,1,1,0,1,1,1,1,0,1,1,0,0,1,1,1,1,1,0
59
6,6,6,6,74,74,15,15,15,31,31,31,31,61,61,61,23,23,23,23,23,23,23,23,23,23,146,144,144,45,45,45,45,18,18,18,18,18,18,54,54,102,16,16,16,16,16,16,16,16,16,16,19,19,19,19,19,19,111,111,111,58,78,83,34,145,142,7,7,12,12,12,12,44,44,44,44,148,20,1,1,1,1,1,1,1,1,1,1,1,1,1,1,1,1,1,149,8,2,2,2,2,28,28,30,30,109,40,150,5,5,5,5,5,5,5,5,5,5,5,5,5,5,5,5,5,5,5,5,5,5,5,5,5,5,5,5,5,5,5,5,5,5,5,99,50,50,50,42,42,47,25,25,25,25,3,3,3,143,143,39,17,17,10,10,10,10,10,10,48,48,147,22,75,46,46,9,9,9,9,9,55,55,11,11,11,14,63,43,43,29,29,29,26
1,0,0,0,0,0,0,1,1,1,0,1,1,0,1,1,1,1,1,1,1,1,1,1,1,1,0,1,1,1,0,0,1,0,1,1,1,1,1,0,1,1,0,1,1,1,0,0,1,0,1,1,1,1,1,1,1,0,0,1,1,1,1,0,1,0,0,1,0,1,1,1,1,0,1,1,1,1,1,1,0,1,0,1,1,1,1,1,0,1,1,1,0,1,1,1,0,1,1,1,1,1,1,0,0,1,0,0,0,1,1,0,1,1,1,1,0,1,1,1,0,0,0,1,0,1,0,1,0,0,1,1,1,0,0,0,0,0,1,0,0,1,1,1,1,1,1,1,1,1,0,0,1,1,1,1,1,1,1,0,1,1,1,0,1,1,0,0,1,0,1,1,0,1,1,1,0,1,0,1,1,1,1,1,1,1,1,1,0,0,0,1,1,1
60
15,15,15,15,15,15,15,15,15,15,15,15,53,53,31,31,31,31,31,31,23,23,23,23,60,60,45,45,18,18,18,18,18,18,54,16,16,16,16,16,16,16,16,16,16,16,47,47,47,78,3,3,3,3,3,3,34,34,7,44,44,44,44,44,13,13,1,1,1,1,1,1,1,8,50,50,50,50,50,49,93,40,59,5,5,5,5,5,5,5,5,5,5,5,5,5,5,5,5,5,5,5,5,5,5,5,5,5,5,5,5,5,5,5,5,5,5,5,5,5,5,5,5,5,5,5,99,42,25,25,25,25,25,25,25,25,30,30,30,30,30,39,39,39,39,17,2,2,2,2,2,2,2,2,2,2,2,2,2,2,100,10,10,10,10,48,48,28,151,9,9,58,58,19,19,19,19,19,19,19,19,32,24,43,43,43,29,29,116
1,1,0,1,1,1,1,0,0,1,1,1,1,0,1,1,1,1,1,1,1,1,1,0,1,1,1,1,0,1,1,1,1,1,1,1,0,1,1,1,1,1,1,1,1,1,0,0,1,1,1,1,1,1,1,1,0,0,1,0,1,1,1,1,1,1,1,1,1,0,1,1,1,1,1,1,1,0,1,1,1,1,1,1,1,1,1,1,1,1,1,0,1,0,1,0,0,1,1,1,1,1,1,0,1,1,1,1,1,1,1,1,1,1,1,1,1,1,1,1,1,1,1,1,1,1,1,1,0,0,0,0,0,0,0,0,1,1,1,1,1,1,1,1,1,0,1,1,1,1,1,1,1,1,1,1,1,0,1,1,1,1,1,1,1,1,1,1,1,1,0,1,0,1,1,0,0,1,1,0,1,1,0,0,0,1,1,1,0
61
6,6,6,6,6,15,15,15,15,53,53,53,25,25,25,25,25,93,23,23,23,23,23,23,23,23,23,23,23,23,3,3,39,17,45,45,45,45,45,45,45,18,18,18,18,19,19,19,19,19,19,19,19,19,19,19,16,16,16,16,16,16,16,10,10,10,10,10,10,47,58,58,78,48,28,79,2,2,2,2,2,2,2,2,2,2,2,2,2,61,7,7,152,44,44,44,49,9,9,9,9,20,13,13,1,1,50,50,50,50,54,59,30,30,30,30,30,30,40,40,29,29,29,29,29,5,5,5,5,5,5,5,5,5,5,5,5,5,5,5,5,5,5,5,5,5,5,5,5,5,5,5,5,5,5,5,5,5,5,5,5,5
1,1,0,0,0,1,1,1,1,1,1,1,0,0,0,0,0,1,1,1,1,1,1,1,1,1,1,1,1,1,1,1,1,1,1,1,1,1,1,1,1,1,1,1,1,1,1,1,1,0,1,1,0,0,0,0,1,1,1,1,1,1,1,1,0,1,1,1,0,1,1,1,0,1,1,1,1,1,1,1,1,1,1,1,1,0,1,1,1,1,1,1,0,0,1,1,1,0,1,1,1,0,1,1,0,1,1,1,1,1,1,1,1,1,0,1,1,1,1,1,1,1,1,1,1,1,1,1,0,1,1,1,1,0,0,0,0,1,0,1,1,1,1,1,1,1,1,0,1,1,1,1,1,1,1,1,1,0,1,0,1,1
62
6,74,15,15,15,15,15,15,15,31,31,31,31,31,9,9,9,23,23,23,23,23,60,45,45,18,18,18,18,18,18,54,16,16,16,16,16,16,47,47,47,78,48,34,3,3,7,7,44,44,44,44,44,20,20,20,13,1,1,1,1,1,1,1,1,8,50,50,50,50,50,50,49,30,30,30,5,5,5,5,5,5,5,5,5,5,5,5,5,5,5,5,5,5,5,5,5,5,5,5,5,5,5,5,5,5,5,5,5,5,5,5,5,5,5,99,42,42,42,76,25,25,25,86,39,39,39,39,2,2,2,2,2,2,2,2,2,2,2,2,2,10,10,10,10,10,28,46,61,58,58,11,81,19,19,19,19,19,19,19,19,43,29,29,29,32
0,1,1,1,0,1,1,1,1,1,1,1,1,1,1,1,1,1,1,1,1,1,1,1,1,0,1,1,1,1,0,1,1,1,1,1,1,1,1,1,1,1,1,1,1,1,1,1,1,1,1,1,1,0,1,0,1,1,1,0,1,1,1,1,1,1,1,1,1,1,1,1,1,1,1,1,0,1,1,1,1,1,0,0,1,0,0,0,1,0,0,0,0,1,1,1,1,1,1,1,1,1,1,1,1,1,1,1,1,1,1,1,1,1,0,1,1,1,1,1,0,0,0,1,1,1,1,1,1,1,1,1,1,1,1,1,1,1,1,1,1,0,1,1,1,1,1,1,1,1,1,1,0,1,1,1,0,1,1,1,1,1,1,0,1,1
63
6,6,6,77,15,15,15,15,15,15,53,31,153,23,45,45,45,18,18,18,18,18,54,54,16,16,16,16,16,16,47,47,47,1,1,1,1,1,1,1,1,1,1,1,1,1,1,1,1,78,34,34,7,12,44,44,44,44,44,44,154,20,20,67,50,50,50,50,50,49,30,30,110,40,59,5,5,5,5,5,5,5,5,5,5,5,5,5,5,5,5,5,5,5,5,5,5,5,5,5,5,5,5,5,5,5,5,5,5,5,5,5,5,5,5,5,99,25,25,25,25,25,25,93,39,39,39,39,39,71,2,2,2,2,2,2,2,2,2,2,2,2,2,2,2,2,2,2,2,2,2,100,100,100,10,10,10,10,10,10,10,10,10,10,155,51,28,28,75,61,61,9,9,9,9,58,11,19,19,19,19,19,19,19,14,14,14,14,79,156,43,43,43,29
0,0,1,1,0,1,1,1,1,1,1,1,1,1,1,0,1,0,0,1,1,1,1,1,1,1,1,1,1,1,1,1,1,1,1,1,1,0,1,1,1,0,1,1,0,1,1,1,1,1,1,1,1,0,0,1,1,1,1,1,1,0,1,1,1,1,1,1,1,1,1,1,1,1,1,1,1,1,1,1,1,1,1,1,1,1,0,1,1,1,0,1,1,0,1,1,1,1,1,1,0,1,1,1,1,1,1,1,0,1,1,1,0,0,0,0,0,1,0,0,1,0,0,1,1,1,1,1,0,1,1,1,1,0,1,1,1,1,1,1,1,1,1,1,1,1,1,1,1,1,1,1,1,1,1,1,1,1,1,1,1,1,1,1,1,1,1,1,1,0,1,1,1,0,1,1,1,1,1,1,0,1,1,1,1,1,1,1,1,1,0,1,1,1
64
6,50,50,50,50,15,15,15,15,15,15,53,31,25,25,25,25,25,25,25,25,61,61,23,30,30,30,42,42,39,39,39,122,17,46,46,18,18,18,18,19,19,19,19,19,19,19,19,19,16,16,16,10,10,10,10,47,47,51,28,45,45,45,33,7,7,82,44,44,44,44,57,9,9,9,20,86,1,1,1,1,1,1,1,1,1,8,94,94,2,2,2,2,2,2,2,2,2,2,2,2,2,2,2,2,2,2,2,2,14,14,14,49,56,40,157,5,5,5,5,5,5,5,5,5,5,5,5,5,5,5,5,5,5,5,5,5,5,5,5,5,5,5,5,5,5,5,5,5,5,5,5,5,5,5,99
1,1,1,1,1,0,1,1,1,0,1,0,0,0,0,0,0,0,0,0,0,1,1,1,1,1,1,1,1,1,1,1,1,0,0,0,1,1,1,0,1,1,0,1,1,1,0,0,1,0,1,1,0,1,0,1,1,1,0,1,1,1,1,0,0,1,1,1,1,0,0,0,0,1,0,0,1,0,1,1,1,1,0,0,0,1,0,0,0,1,1,1,1,1,1,1,1,1,1,1,1,1,1,1,1,1,1,1,1,1,0,0,0,1,1,0,1,0,0,0,1,1,1,0,1,0,0,0,1,0,0,0,0,0,1,1,1,1,0,0,1,1,1,0,0,0,0,0,1,1,1,0,1,1,1,0
65
6,77,77,15,15,15,15,15,15,15,54,54,53,19,19,19,19,19,19,19,19,19,23,23,23,23,23,23,56,9,9,20,39,1,1,1,1,1,1,1,17,17,17,8,18,18,18,18,18,2,2,2,2,2,2,2,2,2,2,2,2,2,2,2,2,2,2,2,28,28,16,16,16,16,10,10,10,10,30,30,30,30,5,5,5,5,5,5,5,5,5,5,5,5,5,5,5,5,5,5,5,5,5,5,5,5,5,5,5,5,5,5,5,5,5,5,5,5,5,5,5
1,1,1,1,0,0,1,1,1,0,1,0,1,1,1,1,1,1,0,1,1,1,1,1,0,1,1,1,1,1,1,1,1,1,1,1,1,0,1,1,0,1,1,1,0,1,1,0,1,1,1,1,1,1,1,1,1,1,1,1,1,1,1,1,1,1,1,1,1,1,1,1,0,1,1,1,0,0,1,1,1,1,1,1,1,1,0,1,0,0,1,0,1,1,1,0,1,1,1,1,1,0,1,1,1,0,1,1,1,1,1,1,1,0,0,1,0,1,1,1,1
66
27,50,50,50,50,50,15,15,15,15,15,15,15,15,15,15,15,54,53,53,31,31,31,25,25,25,25,25,61,61,23,23,23,23,23,23,23,23,23,23,23,23,23,3,3,3,3,3,42,39,39,17,17,45,45,45,45,45,18,18,18,18,18,18,18,19,19,19,19,19,19,19,19,19,105,16,16,10,10,10,47,47,58,78,28,28,22,71,2,2,2,2,2,2,2,2,2,2,29,7,7,81,44,44,44,44,44,44,57,9,9,20,13,13,1,1,1,1,1,1,1,1,1,8,11,34,34,86,56,30,30,5,5,5,5,5,5,5,5,5,5,5,5,5,5,5,5,5,5,5,5,5,5,5,5,5,5,5,5,5,5,5,5,5,5,5,5,5,5,99
1,1,1,1,1,1,0,1,1,1,1,0,0,0,0,1,1,1,1,1,1,1,1,0,0,0,0,1,1,1,1,1,1,1,1,1,1,1,1,1,1,1,1,1,1,1,1,1,1,0,1,0,0,1,1,1,1,1,1,0,1,1,1,1,1,1,1,0,1,0,1,1,1,1,1,1,1,1,1,1,1,1,1,1,1,1,1,1,1,1,1,1,1,1,1,1,1,1,0,1,1,1,1,1,1,1,1,1,1,0,0,1,1,1,1,0,0,1,1,1,1,1,1,0,1,1,0,1,1,1,1,1,1,0,1,1,0,1,1,0,1,0,1,1,0,1,1,1,1,1,1,1,1,1,1,1,1,0,0,1,0,1,1,1,0,1,1,1,1,1
67
6,6,15,15,15,15,15,92,31,31,25,25,25,25,23,23,23,23,23,30,30,30,30,30,39,39,46,46,18,18,18,18,18,18,54,54,54,38,16,16,16,16,16,16,10,10,10,10,48,48,83,49,2,2,2,2,2,2,2,2,2,2,2,2,2,29,53,53,7,45,45,45,19,19,19,19,19,19,19,19,19,19,19,44,44,44,44,9,9,9,1,1,1,1,118,11,50,50,3,3,69,40,157,5,5,5,5,5,5,5,5,5,5,5,5,5,5,5,5,5,5,5,5,5,5,5,5,5,5,5,5,5,5,5,5,5,5
0,0,1,0,1,1,1,0,1,1,1,0,0,0,1,0,1,1,1,1,1,1,1,1,0,1,0,1,0,1,1,1,0,1,0,1,1,1,0,1,1,1,0,1,0,1,0,1,1,1,0,1,1,1,1,1,1,1,1,1,1,1,1,1,1,1,0,0,0,1,1,1,0,1,0,1,0,1,1,0,1,1,0,1,1,0,1,1,0,0,1,1,1,1,1,1,1,1,1,1,1,1,0,1,1,1,0,1,1,1,1,0,0,1,0,0,0,1,0,0,1,0,0,0,1,1,0,0,0,0,0,0,1,0,1,1,0
68
6,6,6,6,6,6,74,74,15,15,15,15,92,31,61,23,23,23,23,23,23,45,45,45,45,45,18,18,18,18,54,16,16,16,16,16,16,16,16,48,49,2,2,2,2,2,2,2,2,2,2,2,53,53,7,4,19,19,19,19,19,19,19,19,19,19,19,19,44,44,44,44,57,20,20,13,1,1,1,1,1,1,1,50,50,50,30,30,30,40,59,59,5,5,5,5,5,5,5,5,5,5,5,5,5,5,5,5,5,5,5,5,5,5,5,5,5,5,5,5,5,5,5,5,5,5,5,5,99,25,25,25,25,25,25,3,3,143,86,39,39,39,39,108,81,10,10,10,10,10,22,22,46,158,9,9,9,12,12,33,33,14,24,43,43,43,43,29,29,29,29,29,116
1,1,1,1,1,0,0,1,0,1,1,1,0,1,1,1,1,1,1,1,1,1,1,1,1,1,1,1,1,1,1,1,1,1,1,1,1,1,1,1,1,1,1,1,1,1,1,1,1,1,1,1,1,1,1,0,1,1,1,1,1,1,1,1,0,1,1,1,1,1,0,1,1,1,1,0,1,1,1,1,1,1,1,1,1,1,1,0,1,1,0,1,1,1,1,1,1,1,1,1,1,1,1,1,1,1,1,1,1,1,1,1,1,1,1,1,1,1,1,1,1,1,1,1,1,1,1,1,1,1,0,0,0,0,0,1,1,1,1,1,1,1,1,0,0,0,1,1,1,1,1,1,1,1,0,1,1,0,1,0,1,1,0,0,1,1,1,1,1,1,1,1,1
69
6,6,6,6,6,6,6,6,6,6,6,6,6,6,6,6,6,6,6,6,6,6,6,6,6,50,50,50,50,50,50,15,15,15,15,85,112,53,53,25,25,25,93,23,23,23,30,30,30,30,54,17,45,45,45,45,18,18,18,18,18,19,19,19,19,19,19,19,86,100,16,16,16,16,16,16,10,10,10,47,55,48,28,61,61,7,8,8,12,40,49,9,9,9,20,20,20,20,20,13,1,1,1,1,1,1,1,1,1,1,1,1,1,1,1,81,2,2,2,14,46,3,3,44,44,44,44,159,43,57,5,5,5,5,5,5,5,5,5,5,5,5,5,5,5,5,5,5,5,5,5,5,5,5,5,5,5,5,5,5,5,5,5,5,5,5,5,5,5,5,5,5,5,5,5,5,5,5,5,5,5,5,5,5,5
1,1,0,0,0,1,0,0,1,0,1,0,0,1,0,0,0,0,0,1,1,1,1,1,0,1,1,1,1,1,1,1,1,1,1,1,0,1,0,0,0,0,1,0,1,0,1,1,0,0,1,1,1,1,1,1,1,1,1,1,1,1,0,0,1,0,0,1,1,1,1,1,0,0,0,1,1,1,1,1,0,1,1,1,1,0,0,0,0,0,0,0,0,0,0,1,1,1,1,1,1,1,1,1,1,1,1,1,1,1,1,1,1,1,1,1,1,1,1,1,1,1,1,1,0,1,1,1,0,0,1,1,1,1,1,0,0,0,1,0,0,0,0,1,0,1,1,1,1,1,1,0,1,1,0,0,0,0,1,1,1,1,1,1,1,1,1,1,1,1,1,1,1,1,1,1,1,1,1,1,1,1,1,1,0
70
6,6,6,42,85,53,53,31,31,31,31,25,25,25,25,25,93,23,23,23,23,23,23,23,23,23,56,86,39,39,108,46,46,46,18,18,18,18,18,18,18,19,19,19,19,19,19,19,16,16,16,16,16,16,16,16,10,10,10,47,58,58,78,34,29,7,45,45,45,44,44,9,9,9,20,13,1,1,1,1,1,1,1,1,1,1,1,50,50,50,50,50,50,50,50,89,2,2,2,2,2,2,28,3,3,3,3,63,43,30,30,5,5,5,5,5,5,5,5,5,5,5,5,5,5,5,5,5,5,5,5,5,5,5,5,5,5,5,5,5,5,5,5,5,5,5,5,5,5,5,5
0,1,0,1,1,1,1,1,1,1,1,1,0,0,0,0,1,1,1,1,1,1,0,1,1,1,1,1,1,1,0,1,1,1,0,1,1,1,1,1,1,1,1,1,1,1,1,1,1,1,1,1,1,1,1,1,1,1,1,1,0,1,1,1,1,0,1,1,1,1,1,0,0,1,0,1,1,1,1,0,1,0,1,1,1,1,1,1,1,1,1,1,1,1,1,1,1,1,1,1,1,1,1,1,1,1,1,0,1,1,1,1,0,1,1,1,0,1,1,0,0,0,1,1,1,0,1,1,1,1,1,1,0,0,0,0,1,0,1,0,1,0,0,1,1,1,1,1,1,1,1
71
42,76,31,31,31,31,31,31,25,25,25,23,30,30,30,30,15,15,15,15,15,15,39,39,39,39,39,17,46,18,18,18,18,18,18,18,18,18,18,18,19,19,19,19,19,19,19,19,19,19,19,19,16,16,16,16,16,16,16,10,10,10,10,1,1,1,1,1,1,34,44,49,9,9,20,55,50,50,50,2,2,2,2,2,2,2,2,2,2,28,56,59,43,29,29,5,5,5,5,5,5,5,5,5,5,5,5,5,5,5,5,5,5,5,5,5,5,5,5,5,5,5,5,5,5,5,5,5,5,5,5,5
1,1,1,1,1,1,0,1,0,0,0,0,1,1,1,1,1,1,1,1,1,1,1,1,1,1,1,1,0,0,1,1,1,1,0,1,1,1,1,1,1,0,1,1,1,0,1,1,1,1,1,1,1,1,1,1,1,1,1,0,1,0,1,1,0,1,1,1,0,1,0,1,0,0,1,1,1,1,1,1,1,1,1,1,0,1,1,1,1,1,1,1,1,1,1,1,1,1,1,1,0,0,0,1,1,0,0,1,1,1,1,1,0,1,1,1,1,1,1,1,0,1,1,1,1,1,1,1,1,1,1,1
72
77,42,53,31,31,25,25,25,61,23,23,23,23,23,3,15,15,15,15,15,15,15,17,45,18,18,18,19,19,19,19,19,19,19,16,16,16,16,10,10,10,10,47,78,48,28,93,2,2,2,2,2,2,2,2,2,2,2,2,2,2,2,2,2,2,2,2,2,2,2,2,2,7,46,46,44,44,44,9,9,9,9,20,1,1,1,1,1,11,50,50,50,50,30,43,5,5,5,5,5,5,5,5,5,5,5,5,5,5,5,5,5,5,5,5,5,5,5,5,5,5,5,5,5,5,5,5,5,5,5,5,5,5,5,5
1,1,0,0,1,0,0,0,1,1,1,1,1,1,1,1,1,0,0,1,1,1,0,1,1,0,0,1,1,1,1,1,1,1,1,1,1,1,0,1,1,1,1,1,1,1,1,1,1,0,1,1,1,1,1,1,1,1,1,1,1,1,1,1,1,1,1,1,1,1,1,1,0,0,0,1,1,1,1,0,0,1,0,0,1,0,1,1,0,1,1,1,1,1,1,1,0,0,0,0,1,1,1,0,0,1,0,1,0,0,0,1,0,1,0,1,1,1,1,0,1,0,0,1,0,0,1,0,1,0,0,1,0,1,1
