1
4,19,17,17,15,21,24,24,11,11,11,9,9,9,9,13,13,13,13,13,14,14,14,14,14,14,10,10,10,7,7,22,3,3,3,3,3,3,3,5,6,16,16,2,2,2,2,2,2,2,2,2,2,2,2,2,23,23,12,12,8,18,18,18,20,1,1,1,1,1,1,1,1,1,1,1,1,1,1,1,1,1,1,1,1,1,1
0,1,1,1,1,0,0,1,1,1,0,1,1,0,1,0,1,1,1,1,0,1,1,1,1,0,0,1,1,1,0,1,1,1,1,1,1,1,1,0,1,0,0,1,1,1,1,0,1,1,1,1,0,1,1,1,1,1,1,1,1,1,0,1,1,0,0,1,1,0,1,0,0,0,1,1,0,1,1,1,0,0,0,0,0,1,1
2
9,9,17,15,21,21,21,24,24,31,38,41,29,29,32,13,13,13,13,13,13,13,12,10,10,10,7,7,7,7,7,39,39,40,22,3,3,3,3,3,3,3,3,3,3,3,3,3,3,20,20,20,20,5,35,35,35,35,14,14,14,14,14,14,14,14,14,36,36,36,26,6,6,2,2,2,2,2,2,2,2,2,2,2,2,28,27,23,23,23,23,23,37,18,18,18,18,34,34,30,25,1,1,1,1,1,1,1,1,1,1,1,1,1,1,1,1,1,1,1,1,1,1,1,33
1,1,1,1,0,0,0,1,1,1,1,1,0,1,1,0,0,1,1,1,1,1,1,1,1,1,0,1,1,1,1,0,1,1,1,1,1,1,1,1,1,1,1,1,1,1,1,1,1,1,1,1,1,1,1,1,0,1,1,1,1,1,1,1,1,1,1,1,1,1,1,1,1,1,1,1,1,0,1,1,0,1,1,1,1,1,1,1,1,1,1,1,1,0,1,1,1,1,1,1,1,1,1,1,1,0,1,1,1,0,0,1,0,1,1,1,0,1,1,1,1,1,1,1,1
3
9,9,9,17,17,17,15,15,15,15,21,21,21,21,24,24,11,11,11,11,46,35,35,35,13,13,13,13,13,13,12,10,10,10,7,7,40,40,40,2,2,2,2,2,2,2,47,39,22,22,3,3,3,3,3,3,3,3,3,3,3,3,3,3,3,3,45,5,43,36,36,36,36,36,6,16,16,42,42,42,44,28,27,23,23,23,23,23,23,23,23,41,20,1,1,1,1,1,1,1,1,1,1,1,1,1,1,1,1,1,1,1,1,1,1,1,14,14,14,14,14,14
1,0,1,1,1,1,1,1,1,1,0,0,0,0,1,1,1,1,1,1,1,1,1,1,1,0,1,1,1,1,0,0,1,1,1,0,1,0,0,1,1,0,1,1,1,1,1,1,0,1,1,1,1,1,1,1,1,1,1,1,1,1,1,1,1,1,1,1,1,1,1,1,1,0,1,1,0,1,1,1,1,1,1,1,1,1,1,1,1,1,1,1,1,0,1,1,1,1,1,0,1,0,0,1,0,0,0,1,1,1,1,1,1,1,1,1,1,1,0,1,1,1
4
48,48,48,48,4,19,5,21,18,2,2,2,13,12,12,12,23,23,23,10,7,49,1,1,1,1,1,1,1,1,1,1,1,14,14
0,0,0,1,1,1,0,0,1,1,1,1,1,1,1,1,1,1,1,1,0,1,1,1,1,1,1,0,1,1,1,1,1,1,1
5
3,3,3,16,1
1,1,1,0,1
6
13,13,3,3,3,3,3,3,8,5,7,11,6,1,1,1,1,1,1,1,1,1,1
1,1,1,1,1,1,1,1,0,0,0,1,0,1,1,1,0,0,0,1,1,0,0
7
48,48,48,48,48,48,48,48,53,9,9,15,15,15,21,21,21,24,11,38,23,23,23,23,23,23,23,23,36,36,36,36,36,29,37,37,13,13,13,13,13,13,3,3,3,3,3,3,3,3,3,3,3,3,3,3,3,3,3,10,10,10,10,7,7,7,7,50,40,54,47,52,52,56,5,35,35,35,43,49,22,6,6,16,16,16,2,2,2,2,2,2,2,2,2,2,2,2,2,2,55,27,1,1,1,1,1,1,1,1,1,1,1,1,1,1,1,1,1,1,1,1,1,1,1,1,1,18,18,30,20,20,51,14,14,14,14,14
1,1,1,1,1,0,1,1,0,0,1,1,1,1,0,0,0,0,0,0,1,1,1,1,1,1,1,1,1,1,1,0,1,0,1,1,1,1,1,1,1,0,1,0,0,1,1,0,1,1,1,1,1,1,1,1,1,1,1,0,1,1,1,0,0,1,1,1,0,1,1,1,1,1,1,1,1,1,0,1,1,1,1,1,0,1,0,1,0,1,1,1,0,1,0,1,1,1,1,0,0,1,1,1,1,1,0,0,1,1,1,1,1,1,0,1,1,1,1,1,1,1,0,1,1,0,1,1,1,0,1,1,0,1,1,1,1,1
8
48,48,18,19,15,21,21,21,21,26,27,2,2,2,2,2,2,12,12,12,23,13,3,3,3,3,52,10,7,7,7,49,49,25,1,1,1,1,1,1,1,1,1,1,1,1,1,1,1,1,1,1,14,14,14
0,0,1,1,1,0,0,0,0,0,0,1,1,1,1,1,1,1,1,1,1,1,1,0,1,1,1,1,0,0,1,1,1,1,1,1,0,1,0,1,1,1,1,1,0,0,0,0,0,1,1,1,1,1,1
9
9,9,9,17,17,17,15,15,21,21,21,21,21,24,11,11,11,46,60,29,29,16,37,13,13,13,13,13,13,12,12,12,10,10,7,40,40,39,52,5,35,35,14,14,14,14,14,14,36,36,36,36,6,58,42,42,42,2,2,2,2,2,2,2,23,23,23,23,23,57,3,3,3,3,3,3,3,3,3,22,41,18,34,34,34,59,49,49,20,20,20,20,1,1,1,1,1,1,1,1,1,1,1,1,1,1,1,1,1,1,1,1,1,1,1,1,33
0,1,1,1,1,1,1,1,0,0,0,0,0,1,1,1,1,1,0,1,1,0,1,0,1,1,1,1,0,0,1,1,1,1,1,1,1,1,1,0,1,1,0,0,0,0,1,0,1,1,1,1,0,1,1,1,1,1,0,0,1,1,0,1,1,1,1,1,1,0,1,1,1,1,1,1,1,1,1,1,1,1,1,1,1,1,1,1,1,1,0,1,0,0,1,1,0,1,0,0,0,0,1,0,0,1,0,0,1,0,0,0,0,0,1,1,0
10
12,9,9,3,3,3,3,1,1,1,1,1,1,1,1,1,1,1,1,1,1,1,1,1,1,1,1,1,17,17,10,11,13,13,42,42
0,1,0,1,1,1,1,1,1,1,0,0,0,0,1,1,1,0,1,1,0,0,0,0,0,0,1,1,0,1,1,1,1,1,1,1
11
48,48,48,48,48,48,48,48,48,48,48,21,5,37,37,43,43,36,6,2,2,2,2,2,2,2,61,13,13,3,35,10,7,20,1,1,1,1,1,1,1,1,1,1,1,1,1,1,1,1,1,1,1,1,1,14
1,0,0,1,0,0,1,0,1,1,0,0,0,1,1,1,0,1,1,0,1,0,1,1,1,1,1,0,0,1,1,0,0,1,1,1,1,1,0,1,1,0,1,0,1,0,0,0,0,0,1,0,0,0,1,0
12
48,48,48,48,48,9,9,45,5,17,21,26,6,16,42,2,27,35,13,13,13,13,3,3,3,3,3,3,3,3,3,3,3,3,3,3,3,3,3,3,3,10,14,20,1,1,1,1,1,1,1,1,1,1,1,1,1,1,1,1
0,0,1,1,0,1,0,0,0,0,0,1,1,1,1,1,1,1,0,1,1,1,0,0,1,0,1,1,1,1,1,1,1,1,1,1,1,1,1,1,0,1,1,1,1,1,0,0,1,0,1,1,1,1,1,1,0,0,0,0
13
48,48,48,48,48,48,48,48,48,48,48,48,48,48,48,48,48,48,48,48,48,48,48,48,48,48,48,48,48,48,48,48,48,48,48,48,48,48,48,48,48,48,48,48,48,48,48,48,48,48,48,48,48,48,48,48,48,48,7,7,26,1,1,1,1,1,1,1,1,1,1,1,1,1,1,1,1,1,1,1,1,1,1
0,0,1,0,0,0,0,1,0,0,0,0,1,0,0,0,0,0,0,0,1,0,1,0,0,1,1,0,0,0,0,0,0,0,0,1,1,1,1,0,1,1,1,0,1,1,1,1,1,1,0,1,1,1,1,1,1,1,0,0,0,1,0,0,1,0,1,0,0,0,0,0,1,1,1,0,0,0,0,0,0,1,0
14
48,48,48,48,48,48,48,48,48,48,48,48,48,48,48,48,48,48,48,48,48,48,48,48,48,48,48,48,48,48,48,48,48,48,48,48,48,48,48,48,48,48,48,48,48,48,48,48,48,48,48,48,9,9,1,1,1,1,1,1,1,1,1,1,10,10,43,13,13,13,42,42,2,2,2
1,0,1,1,0,1,0,0,1,1,1,0,1,1,1,0,0,1,1,1,1,1,1,1,1,1,1,1,1,1,1,1,1,1,1,1,1,1,1,1,1,1,1,1,1,1,1,1,1,1,1,1,1,0,1,0,1,0,0,1,1,0,1,1,0,1,0,0,1,1,1,1,1,0,0
15
19,17,17,21,11,11,11,62,9,9,12,12,13,13,13,13,13,13,14,14,14,14,14,14,10,10,7,7,7,52,3,3,3,3,22,26,42,2,2,2,2,2,2,2,2,2,2,2,2,27,8,18,18,20,20,20,20,20,20,20,20,20,1,1,1,1,1,1,1,1,1,1,1,1,1,1,1,1,1,1,1,1
1,1,1,0,1,1,0,1,0,1,1,1,0,1,1,1,0,1,1,1,1,1,1,0,1,1,1,1,1,0,1,1,1,1,0,1,1,1,0,1,1,1,0,1,0,1,1,1,1,1,0,0,1,1,1,1,1,1,1,1,1,1,0,1,1,1,0,1,1,0,1,1,0,0,1,1,0,1,0,0,0,1
16
19,36,36,36,36,36,17,17,17,17,15,21,11,11,11,11,11,11,63,9,9,9,12,37,37,13,13,13,13,13,13,14,14,14,14,10,10,10,7,39,39,39,39,3,3,3,3,3,3,3,3,3,65,64,16,42,42,42,42,2,2,2,2,2,2,2,2,2,27,23,23,23,18,49,20,20,20,20,20,1,1,1,1,1,1,1,1,1,1,1,1,1,1,1,1,1,1,1,1,1,1,1,1,1,1,1
1,1,1,1,1,1,1,1,1,1,1,1,0,1,1,1,1,1,1,0,0,0,1,0,1,1,1,1,1,1,1,1,1,1,0,1,0,1,0,1,1,1,1,1,1,1,1,1,1,1,1,0,1,1,0,1,1,1,1,1,1,1,1,1,1,1,1,1,0,0,1,1,1,1,1,1,1,1,1,0,1,1,1,1,1,1,1,0,0,0,0,1,1,0,1,1,0,0,0,0,1,1,1,0,1,1
17
9,9,9,5,15,15,14,14,14,14,14,14,11,11,11,26,6,6,6,16,42,42,42,2,2,2,2,2,2,2,2,12,13,13,13,3,3,3,3,8,10,10,10,18,18,18,27,1,1,1,1,1,1,1,1,1,1,1,1,1,1,1,1,1,1,1,1,1,1,33
1,0,1,0,1,1,1,1,1,1,1,1,1,1,1,0,0,0,0,0,1,0,1,1,1,0,1,1,1,0,1,1,1,0,0,1,1,1,1,1,1,1,1,1,1,1,0,0,1,1,1,1,1,0,0,0,1,1,0,1,1,0,0,0,0,0,0,0,1,1
18
48,48,48,48,48,48,48,48,48,48,48,48,48,48,48,48,48,48,48,48,48,48,48,48,48,48,48,48,48,48,48,48,48,48,48,48,48,48,48,48,48,48,48,48,48,48,48,48,48,13,13,13,13,1,1,1,1,1,1,1,2
0,0,1,1,0,1,1,1,1,1,1,1,1,1,1,1,1,0,1,1,1,1,1,1,1,1,1,1,1,1,1,1,1,1,1,1,1,1,1,1,1,1,1,1,1,1,1,1,1,1,1,1,1,0,0,1,0,0,1,0,0
19
48,48,7,8,1,1,1,1,1,1,1,1,1,1,1,1
0,0,0,0,1,1,1,1,1,1,1,0,0,1,0,0
20
48,48,48,48,48,48,48,48,48,48,48,48,48,48,48,48,48,48,48,48,48,48,48,48,48,48,48,48,48,48,48,48,48,48,48,48,48,48,48,48,48,48,48,48,48,48,48,48,48,48,48,48,23,17,15,21,31,20,1,1,1,1,1,1,1,1,1,1,1,1,1,1,1,1,1,1,1,1,1,1
0,0,0,0,1,0,1,0,0,1,1,0,1,0,1,0,0,0,1,0,0,1,1,0,0,0,1,1,1,0,1,0,1,1,1,1,1,1,0,1,1,0,1,1,1,1,1,1,1,1,1,1,1,0,1,0,0,0,1,0,1,0,0,1,0,0,0,1,0,1,1,0,1,0,0,0,1,1,1,1
21
48,48,48,48,48,48,48,48,48,48,48,3,3,3,3,3,23,23,23,10,21,11,11,38,38,24,1,1,1,1,1,1,1,1,1,1,1,1,1,1,1,1,1,1,1,1,1,1,1,1,1
0,0,1,1,0,1,0,1,1,1,1,1,1,1,0,1,1,1,1,0,0,1,1,1,1,1,1,1,0,1,0,0,1,0,0,1,0,1,1,0,1,0,0,0,0,0,0,1,0,1,0
22
48,48,48,48,48,48,48,48,48,48,48,48,48,48,48,48,48,48,48,48,48,48,48,48,48,48,48,48,48,48,48,48,48,48,48,48,48,48,48,48,48,48,48,48,48,48,48,48,67,17,17,14,6,11,26,66,27,42,54,28,13,3,3,3,3,3,23,23,10,10,10,7,7,49,1,1,1,1,1,1,1,1,1,1,1,1,1,1,1,1,1,1,1,1,33
1,1,0,1,1,1,1,1,0,0,0,0,1,1,1,1,0,1,0,1,0,1,1,1,0,1,0,1,1,0,1,1,0,1,1,1,0,0,1,1,0,0,1,1,1,1,1,1,0,0,1,0,0,1,1,1,0,1,0,1,0,1,1,1,0,1,0,0,0,0,1,0,1,1,0,1,1,0,0,0,0,1,1,1,0,1,1,1,0,0,0,0,0,1,0
23
48,48,48,48,48,48,48,48,48,48,48,48,48,48,48,48,48,48,48,48,48,48,48,48,48,48,48,48,48,48,48,48,48,48,48,48,48,48,48,48,48,48,48,48,48,48,48,48,48,48,48,48,48,48,48,48,48,48,48,48,48,48,48,48,48,48,67,27,5,7,6,6,25,25,1,1,1,1,1,1,1,1,1,1,1,1,1,1,1,1,1,1,1,1,1,1,1,16
1,1,1,0,0,1,0,1,0,1,1,1,1,1,1,1,1,1,1,1,1,1,1,1,1,1,0,0,0,0,0,1,1,1,1,0,1,0,1,1,1,1,1,1,1,1,1,0,1,1,1,1,1,1,1,1,1,1,0,1,1,1,0,1,1,1,0,0,0,0,0,1,0,1,1,1,0,1,1,1,0,0,1,1,1,1,1,0,0,0,0,0,0,1,1,0,0,1
24
48,48,48,48,48,48,48,48,53,9,9,15,15,15,21,21,21,24,11,38,23,23,23,23,23,23,23,23,36,36,36,36,36,29,37,37,13,13,13,13,13,13,3,3,3,3,3,3,3,3,3,3,3,3,3,3,3,3,3,10,10,10,10,7,7,7,7,50,40,54,47,52,52,56,5,35,35,35,43,49,22,6,6,16,16,16,2,2,2,2,2,2,2,2,2,2,2,2,2,2,55,27,1,1,1,1,1,1,1,1,1,1,1,1,1,1,1,1,1,1,1,1,1,1,1,1,1,18,18,30,20,20,51,14,14,14,14,14
1,1,1,1,1,0,1,1,0,0,1,1,1,1,0,0,0,0,0,0,1,1,1,1,1,1,1,1,1,1,1,0,1,0,1,1,1,1,1,1,1,0,1,0,0,1,1,0,1,1,1,1,1,1,1,1,1,1,1,0,1,1,1,0,0,1,1,1,0,1,1,1,1,1,1,1,1,1,0,1,1,1,1,1,0,1,0,1,0,1,1,1,0,1,0,1,1,1,1,0,0,1,1,1,1,1,0,0,1,1,1,1,1,1,0,1,1,1,1,1,1,1,0,1,1,0,1,1,1,0,1,1,0,1,1,1,1,1
25
48,48,48,48,48,48,48,48,48,48,48,48,48,48,48,48,48,48,48,48,48,48,48,48,48,48,48,48,48,48,48,48,48,48,48,48,48,48,48,48,48,48,48,48,48,48,48,48,48,48,48,48,48,48,48,48,48,48,48,48,48,48,48,48,48,67,67,9,9,9,9,9,9,9,9,9,69,17,17,43,14,14,14,14,14,11,11,11,11,15,15,15,15,6,6,42,44,21,21,13,13,13,13,3,3,3,3,3,3,3,3,3,3,3,1,1,1,1,1,1,1,1,1,1,1,1,1,1,1,1,1,1,1,1,1,1,1,10,10,10,10,7,7,2,2,2,2,2,2,2,2,2,68
1,0,1,0,0,1,1,0,1,1,1,1,1,0,1,1,1,1,1,1,1,0,0,1,1,0,1,1,1,1,1,1,1,1,1,1,1,1,1,1,1,1,1,0,0,1,1,1,1,0,0,1,1,1,0,1,1,1,0,1,1,1,1,1,1,0,1,1,1,0,1,1,1,1,1,1,1,1,1,1,0,1,1,0,1,1,1,1,1,1,1,1,1,1,1,1,1,0,0,1,1,1,1,1,1,1,1,1,1,1,1,1,1,1,0,0,0,1,1,0,1,0,0,1,0,0,0,0,0,0,0,0,0,1,1,0,0,0,1,1,0,1,0,1,1,1,1,1,1,1,1,1,1
26
9,9,9,9,35,21,36,36,36,11,38,2,2,2,2,7,13,13,3,3,3,3,3,3,3,23,10,14,14,1,1,1,1,1,1,1,1,1,1,1,1
1,0,0,1,1,0,1,1,1,1,1,1,1,1,1,0,0,1,1,1,1,1,1,1,1,1,0,1,1,1,1,1,1,0,0,0,0,0,0,0,0
27
48,48,48,48,48,48,48,48,48,48,48,48,48,48,48,48,48,48,48,48,48,48,48,48,48,48,48,48,48,48,48,48,48,48,48,48,48,48,48,48,48,48,48,48,48,48,48,48,3,6,1,1,1,1,1,1,1,1,1,1,1,1,1,1,1,1,1,1,1
0,0,0,1,1,1,0,1,1,0,1,1,1,1,1,1,0,1,1,0,0,1,1,1,1,1,1,1,1,1,1,1,0,1,1,1,1,1,1,1,1,1,0,1,1,0,1,0,1,1,1,0,0,0,0,0,1,0,0,1,1,0,0,0,0,0,1,1,1
28
48,48,48,48,48,48,48,48,48,48,48,48,48,48,48,48,48,48,48,48,48,48,48,48,48,48,48,48,48,48,48,48,48,48,48,48,48,48,48,48,48,48,48,48,48,48,48,48,48,48,48,48,48,48,21,5,1,1,1,1,1,1,1,1,1,1,1,1,1,1,1,1,1,1,1,1,1,1,1,2,2,2
0,0,0,1,0,0,0,0,1,1,1,1,1,1,1,1,1,1,1,0,1,1,0,0,0,0,0,1,1,1,1,1,1,1,1,1,0,1,1,1,1,1,1,1,1,1,1,1,1,1,1,1,1,1,0,0,1,1,0,0,0,1,1,1,1,1,1,1,1,1,1,1,1,1,1,1,1,1,1,1,1,1
29
48,48,48,48,48,48,48,48,48,48,48,48,48,48,48,48,48,48,48,67,3,3,3,7,7,21,21,11,26,6,6,1,1,1,1,1,1,1,1,1,1,1,1,1,1,1,1,1,1,1,1,2,2
1,1,1,0,0,1,0,0,1,1,0,0,1,1,1,0,1,0,0,0,1,1,1,0,0,0,0,0,0,0,0,1,1,1,1,0,1,1,1,1,0,1,0,1,1,0,1,0,0,0,1,0,0
30
3,3,3,16,1
1,1,1,0,1
31
48,48,7,8,1,1,1,1,1,1,1,1,1,1,1,1
0,0,0,0,1,1,1,1,1,1,1,0,0,1,0,0
32
48,48,48,48,48,48,48,48,48,48,48,48,48,48,48,48,48,48,48,48,48,48,48,48,48,48,48,48,48,48,48,48,48,48,48,48,48,48,48,48,48,48,48,48,48,48,48,48,48,48,48,48,48,48,48,48,48,48,48,48,48,48,48,48,11,1,1,1,1,1,1,1,1,1,1
0,1,0,1,0,1,0,1,1,1,1,1,1,0,1,1,1,1,1,1,1,1,0,1,1,1,1,0,1,0,1,1,1,1,1,1,1,1,1,1,1,1,1,1,1,1,1,0,1,1,1,1,0,1,1,1,0,1,1,1,1,1,1,1,0,1,1,1,1,1,1,0,0,0,1
33
1
1
34
48,48,48,48,48,48,48,48,48,48,48,48,48,48,48,48,48,48,48,48,48,48,48,48,48,48,48,67,67,15,15,15,11,10,6,16,42,2,2,2,7,13,13,14,14,14,62,70,25,25,1,1,1,1,1,1,1,1,1,1,1,1,1,1,1,1,1,1,1,1,1,1,1,1,1
0,1,1,1,1,1,1,1,1,1,1,0,1,1,1,1,1,1,1,1,1,1,1,1,1,1,1,1,1,1,1,1,1,1,1,1,0,1,1,1,1,1,1,1,1,1,0,1,1,1,0,1,1,0,0,0,0,1,1,0,1,1,1,1,0,0,0,1,1,1,0,0,0,0,1
35
4,19,17,17,15,21,24,24,11,11,11,9,9,9,9,13,13,13,13,13,14,14,14,14,14,14,10,10,10,7,7,22,3,3,3,3,3,3,3,5,6,16,16,2,2,2,2,2,2,2,2,2,2,2,2,2,23,23,12,12,8,18,18,18,20,1,1,1,1,1,1,1,1,1,1,1,1,1,1,1,1,1,1,1,1,1,1
0,1,1,1,1,0,0,1,1,1,0,1,1,0,1,0,1,1,1,1,0,1,1,1,1,0,0,1,1,1,0,1,1,1,1,1,1,1,1,0,1,0,0,1,1,1,1,0,1,1,1,1,0,1,1,1,1,1,1,1,1,1,0,1,1,0,0,1,1,0,1,0,0,0,1,1,0,1,1,1,0,0,0,0,0,1,1
36
48,48,48,48,48,48,48,48,48,48,48,48,48,48,48,48,9,17,5,21,11,11,11,11,6,6,2,13,13,3,10,10,7,20,20,1,1,1,1,1,1,1,1,1,1,1,1,1,1,1,1,1,1,1,1,14,14,14,14
1,0,1,1,1,1,0,1,0,1,1,1,1,0,1,0,0,1,1,0,1,0,1,0,1,0,0,0,0,1,0,1,0,1,1,1,1,1,1,1,1,1,1,1,1,0,1,0,0,0,0,0,1,1,1,1,1,1,1
37
48,48,48,48,48,53,9,15,21,21,11,11,29,29,16,16,16,27,13,13,13,13,13,13,12,10,10,10,10,7,7,7,7,7,72,73,45,43,26,6,6,71,2,2,2,2,2,2,2,2,2,28,3,3,3,3,3,3,3,3,3,3,3,3,3,52,18,18,20,20,20,1,1,1,1,1,1,1,1,1,1,1,1,1,1,1,1,1,1,1,1,1,1,14,14,14,14,14,14,14,14
1,0,0,1,1,1,1,1,0,0,1,1,0,0,1,1,1,1,0,1,1,1,1,1,1,0,0,1,0,1,0,1,1,1,1,1,1,0,1,1,0,0,0,0,1,1,0,1,1,1,0,1,0,1,1,0,0,1,1,1,1,1,1,1,1,0,1,1,1,1,0,1,1,0,1,1,0,0,1,1,0,1,1,1,1,1,1,1,0,0,1,1,1,0,1,1,1,1,1,1,1
38
48,48,48,48,48,48,48,48,48,48,48,48,48,48,48,48,48,48,48,48,48,48,48,48,48,48,48,48,48,48,48,48,48,48,48,48,48,48,48,48,48,48,48,48,9,5,33,21,21,21,21,21,21,21,21,21,21,21,21,21,11,62,6,6,6,16,16,2,2,12,74,31,3,3,3,3,3,3,3,3,3,3,3,3,3,3,3,3,3,22,10,10,7,7,7,13,27,1,1,1,1,1,1,1,1,1,1,1,1,1,1,1,1,1,1,1,1,1,1,1,1,1,1,14,14,14
1,1,1,0,0,1,1,1,1,0,1,1,0,0,1,0,0,0,1,1,0,0,0,1,1,0,0,0,0,1,1,1,0,0,0,1,1,0,1,0,1,1,0,0,0,1,0,1,1,0,1,1,1,1,1,0,0,0,1,0,0,0,0,1,0,1,0,1,0,1,0,1,0,1,1,1,1,1,1,1,1,1,1,1,1,1,1,0,0,0,0,1,0,0,0,1,0,0,0,0,0,0,0,0,1,0,0,0,1,0,1,0,1,1,0,0,0,0,1,1,0,0,1,1,0,0
39
48,48,48,48,48,48,48,48,48,48,48,48,48,48,67,17,17,15,15,15,15,14,14,14,14,26,6,6,27,27,2,2,2,13,13,13,13,13,3,3,3,3,10,7,7,49,49,25,25,1,1,1,1,1,1,1,1,1,1,1,1,1,1,1,1,1,1,1,1,1,1,1,1,1
1,1,0,1,1,0,1,1,1,1,0,0,1,1,1,0,1,1,1,1,1,1,1,1,1,1,1,1,0,1,1,1,1,1,1,1,1,1,1,1,1,1,1,1,0,1,1,1,1,1,1,1,1,1,0,0,0,0,0,0,1,0,0,0,0,0,1,1,1,1,0,0,1,1
40
48,48,48,48,23,23,23,9,9,9,9,54,54,17,17,15,21,21,21,21,11,11,11,11,37,37,13,13,13,13,13,13,13,12,7,7,7,7,7,50,2,2,2,2,2,2,2,2,2,47,72,45,5,35,35,14,14,14,14,14,14,30,26,6,16,44,28,3,3,3,3,3,3,3,3,3,3,3,22,36,36,36,36,36,49,49,20,20,20,1,1,1,1,1,1,1,1,1,1,1,1,1,1,1,1,1,1,1,1,1,1,1,1
0,1,0,0,1,1,1,0,1,1,1,1,1,0,1,1,0,0,0,0,0,1,1,1,1,1,0,1,1,1,1,1,0,0,1,1,1,0,1,1,0,1,1,1,1,1,1,1,1,1,1,1,1,1,1,1,0,1,1,1,1,1,1,0,0,1,1,1,1,1,1,1,1,1,1,1,1,0,1,0,1,1,0,0,1,1,1,0,0,1,0,1,1,1,1,1,0,0,1,0,0,1,0,0,1,1,1,1,0,0,1,1,1
41
9,9,9,9,15,21,11,11,11,11,11,27,73,13,13,13,13,13,13,12,12,10,10,10,10,7,7,7,75,14,14,14,14,26,6,6,16,16,2,2,2,2,2,2,28,3,3,3,3,3,3,3,3,3,3,3,3,3,3,3,76,18,20,20,1,1,1,1,1,1,1,1,1,1,1,1,1,1,1
0,1,1,1,1,0,1,1,1,1,1,1,0,1,1,1,1,1,0,1,1,1,1,1,1,0,0,1,1,1,1,1,1,1,1,1,1,1,1,0,1,1,0,1,1,1,1,1,1,1,1,1,1,1,1,1,1,1,1,1,1,1,1,1,1,1,1,1,0,1,1,1,1,1,0,1,1,1,0
42
48,48,48,48,48,48,48,48,48,9,9,9,5,15,14,14,11,11,6,2,2,2,2,2,2,2,2,12,21,13,13,3,3,3,3,23,23,10,10,7,1,1,1,1,1,1,1,1,1,1,1,1,1,1
0,1,0,0,1,0,0,1,0,1,0,0,0,1,0,1,1,1,0,1,0,1,1,1,1,1,1,1,0,0,1,0,1,1,1,1,1,0,1,0,0,1,0,1,0,1,1,1,1,0,1,1,1,1
43
48,48,48,48,48,48,48,9,9,9,9,17,21,21,31,18,29,16,73,35,13,13,13,14,14,14,14,10,10,10,7,7,22,25,36,36,36,36,36,36,26,6,71,2,2,2,2,2,2,23,23,3,3,3,3,3,8,62,34,20,20,20,20,1,1,1,1,1,1,1,1,1,1,1,1,1,1,1,1,1,1,1,1,1,1,1,1,33
0,0,1,0,1,0,0,0,1,0,1,1,0,0,1,0,0,0,0,1,1,1,1,1,0,1,1,0,1,0,0,0,1,1,1,1,1,1,1,1,0,0,1,1,1,1,1,1,1,0,1,1,0,1,1,0,0,0,0,1,1,1,0,0,0,0,1,1,1,0,1,0,0,0,0,1,1,1,0,1,1,1,1,1,1,0,1,0
44
3,3,3,16,1
1,1,1,0,1
45
23,23,23,23,23,9,9,9,9,9,17,15,21,21,21,24,24,11,11,62,36,36,36,29,29,12,12,32,13,13,13,13,13,13,14,14,14,14,14,14,14,14,14,14,14,14,10,10,10,10,7,7,7,7,40,40,54,54,47,39,73,3,3,3,3,3,3,3,3,3,3,3,3,3,3,3,3,3,3,5,35,35,35,35,35,35,35,37,30,26,6,41,2,2,2,2,2,2,2,28,27,8,63,18,18,49,20,20,20,20,1,1,1,1,1,1,1,1,1,1,1,1,1,1,1,1,1,1,1,1,1,1,1,1
0,1,1,1,1,1,1,0,0,1,1,1,0,0,0,1,0,1,1,1,0,1,1,0,1,1,1,0,0,1,1,1,1,1,0,1,1,1,0,1,1,1,1,1,0,1,1,1,1,0,0,1,1,1,0,1,1,0,1,1,0,1,1,1,1,1,1,1,1,1,1,1,1,1,1,1,1,1,0,1,1,1,1,1,1,1,1,1,1,0,1,1,1,1,1,1,1,1,1,0,1,1,1,1,1,0,1,0,1,1,1,1,1,1,0,0,0,1,1,0,1,0,0,1,0,1,1,1,0,0,0,0,0,1
46
48,48,48,48,48,48,48,48,48,48,48,48,48,48,48,48,48,48,48,48,48,48,48,48,48,48,9,9,12,10,1,1,1,1,1,1,1,1,1,1,1,1,1,1,2,2
0,1,0,0,1,0,1,0,0,0,0,0,0,0,0,1,0,0,1,0,0,0,0,0,1,1,0,1,0,1,1,1,1,0,0,0,0,0,1,0,1,0,0,1,1,1
47
48,48,48,48,48,48,48,48,48,48,48,48,48,48,48,48,48,48,48,48,48,48,48,48,48,48,48,48,48,48,48,48,48,48,48,48,48,48,48,48,48,48,48,48,48,48,48,48,48,48,48,48,48,48,48,48,48,48,48,48,48,48,48,48,48,48,48,48,48,48,48,48,48,48,48,48,48,48,48,48,48,28,9,9,9,9,3,3,3,3,8,10,21,42,6,1,1,1,1,1,1,1,1,1,1,1,1,1,1,1,1,1,1,1,1,1,1,1,1,1,2,2,2,2,2,2,2
1,1,0,1,1,1,1,1,1,1,1,1,1,1,1,1,1,1,1,1,1,1,1,1,0,0,1,1,1,1,1,1,1,1,1,1,0,1,1,1,0,1,1,1,1,1,1,1,1,1,1,1,1,1,1,1,1,1,1,1,1,1,1,1,1,1,1,1,1,0,1,1,1,1,1,1,1,1,1,0,1,0,1,1,1,1,1,1,1,1,0,1,0,0,0,0,1,0,1,1,1,0,0,0,1,1,1,0,1,1,0,0,1,0,0,0,1,0,1,1,1,1,1,1,1,1,1
48
48,48,48,48,48,48,48,48,3,3,3,42,17,10,6,1,1,1,1,1,1,1,1,1,1
0,0,0,1,0,1,0,0,1,1,1,1,1,0,0,0,0,0,0,0,0,1,1,1,0
49
48,48,48,48,48,48,48,48,48,48,48,48,48,48,48,48,48,48,48,48,48,48,48,48,48,48,48,48,48,48,48,48,48,48,48,48,48,48,48,48,48,48,48,48,48,48,48,48,48,48,48,48,48,48,48,48,48,48,23,23,23,17,35,14,11,11,11,11,26,6,27,42,42,2,21,3,22,10,7,7,18,1,1,1,1,1,1,1,1,1,1,1,1,1,1,1,1,1,1,1,1,1,1,1,1
1,1,1,0,0,1,1,0,0,1,1,1,0,1,1,0,0,1,0,0,0,0,1,1,1,1,0,1,1,1,0,1,1,1,0,0,0,1,1,0,0,1,0,1,1,0,0,1,1,1,1,0,1,0,1,1,1,0,0,0,0,0,0,0,0,1,0,0,0,1,0,0,1,1,0,0,0,0,0,0,0,1,1,1,0,1,0,0,0,0,1,1,1,0,1,1,1,1,1,1,0,0,0,1,1
50
48,48,48,48,48,48,48,48,48,48,48,48,48,48,48,4,17,17,15,15,21,21,21,21,21,21,21,18,12,35,13,13,13,13,13,14,14,14,14,14,14,10,10,10,54,47,3,3,3,3,3,3,36,36,36,36,6,27,42,42,2,2,2,2,2,2,2,23,23,23,23,23,77,34,34,62,20,20,1,1,1,1,1,1,1,1,1,1,1,1,1,1,1,1,1,1,1,1,33
0,0,0,1,0,0,0,1,0,1,1,0,0,0,0,0,1,1,1,1,0,0,0,0,0,0,0,0,0,1,0,1,1,0,0,0,1,0,1,1,1,0,0,0,1,1,1,1,1,1,1,1,1,1,1,1,0,0,1,1,0,0,0,1,0,0,1,1,0,0,1,1,0,0,1,1,1,1,1,1,1,1,1,1,0,0,1,0,0,0,1,0,0,1,0,1,1,0,0
51
48,48,48,48,48,48,48,48,48,48,48,48,48,48,48,9,9,12,17,17,17,15,15,24,24,11,11,11,11,10,10,35,13,13,13,13,13,14,14,14,14,14,14,14,14,14,65,40,22,5,5,43,56,16,42,2,2,2,2,2,2,2,2,2,23,23,38,34,34,68,8,21,21,21,21,29,29,73,82,7,7,7,7,7,79,78,67,67,45,6,6,81,54,57,3,3,3,3,3,3,3,3,3,3,3,1,1,1,1,1,1,1,1,1,1,1,1,1,1,1,1,1,1,1,1,1,1,36,36,36,36,36,36,59,20,20,20,80
0,0,0,0,1,0,0,1,1,1,1,0,1,1,1,1,1,0,1,1,1,0,1,1,1,1,1,1,1,0,0,1,1,1,1,1,1,1,1,1,1,1,1,1,1,0,1,1,1,0,1,0,1,0,1,1,1,1,1,0,1,1,1,1,1,1,1,1,1,1,1,0,1,0,0,1,0,0,1,0,1,0,0,1,1,1,0,1,0,1,1,1,1,1,1,1,1,1,1,1,1,1,1,1,1,1,0,1,0,0,1,0,1,0,0,1,1,0,0,1,0,0,0,1,1,1,1,1,1,1,1,1,1,1,0,1,1,0
52
48,48,48,48,48,48,48,48,48,48,48,48,48,48,48,48,48,48,48,48,48,48,48,48,48,48,48,48,48,48,48,48,48,67,67,45,5,15,15,15,83,26,6,6,27,2,2,2,16,14,1,1,1,1,1,1,1,1,1,1,1,1,1,1,1,1,1,1,1,1,1,18,7,7,76
0,0,0,0,1,0,0,1,0,0,1,0,1,1,1,0,0,1,0,0,0,0,1,0,0,0,0,1,1,1,1,1,1,0,0,1,1,1,1,1,0,1,1,1,1,1,1,1,1,1,1,0,1,0,1,0,0,0,0,0,0,1,1,1,1,1,1,1,1,1,1,0,0,1,1
53
48,48,9,9,9,9,15,15,21,21,21,21,21,21,25,11,46,66,29,27,7,7,7,13,13,13,12,12,10,14,14,14,39,39,86,78,84,38,85,24,24,5,35,35,35,35,35,35,35,43,43,43,43,43,43,36,36,26,6,6,6,16,16,16,2,2,2,23,23,23,3,3,3,8,18,18,34,20,1,1,1,1,1,1,1,1,1,1,1,1,1,1,1,1,1,1,1,1,1,1,1,1
1,1,1,0,0,0,1,1,0,0,1,0,0,0,1,1,0,0,0,1,1,1,0,1,1,1,1,1,1,1,1,1,1,0,1,1,1,1,0,0,1,0,1,1,1,1,1,1,1,0,1,1,1,1,1,0,1,1,0,1,1,1,1,1,1,1,1,1,1,1,1,1,1,1,1,1,1,1,1,0,1,0,0,0,0,0,1,0,0,0,0,1,1,1,1,1,1,1,1,1,1,0
54
9,9,21,21,11,37,13,13,13,13,13,13,13,14,14,14,14,10,7,40,54,47,5,35,35,36,36,6,42,2,2,2,2,2,3,3,3,3,3,3,3,3,3,23,23,23,23,23,23,49,34,1,1,1,1,1,1,1,1,1,1,1,1,1,1,1,1,1,1,1,1,1,1,1,1,33
0,1,0,0,1,1,0,1,1,1,1,0,0,1,0,1,1,1,0,1,0,1,1,1,0,1,1,0,1,0,0,1,1,1,1,1,1,1,1,1,1,1,1,1,1,1,1,1,1,0,1,1,0,0,1,0,1,0,1,1,0,1,1,0,1,0,0,1,1,0,1,1,1,1,1,1
55
9,9,17,17,17,17,15,15,21,21,21,11,11,29,12,37,37,37,13,13,13,13,13,13,13,14,14,14,14,14,10,10,7,7,7,54,47,22,3,3,3,3,3,3,3,5,35,36,36,36,36,36,26,6,6,6,42,42,2,2,2,2,2,2,2,2,23,27,8,18,18,18,34,20,20,20,20,20,1,1,1,1,1,1,1,1,1,1,1,1,1,1,1,1,1,1,1,1,1,1
1,1,1,0,1,1,1,1,0,0,0,1,1,1,1,0,1,1,1,1,1,1,0,0,0,1,0,1,1,1,1,1,0,1,0,1,1,1,1,1,1,1,1,1,1,0,1,1,1,1,1,1,0,0,0,0,0,1,1,0,1,1,1,1,1,1,1,0,0,1,1,1,1,1,1,1,1,1,0,0,1,0,1,0,0,1,0,0,0,0,0,1,0,0,0,0,0,0,0,0
56
48,48,48,48,48,48,48,48,48,48,48,48,48,48,48,48,48,48,48,48,48,48,48,48,48,48,3,3,5,10,7,7,7,11,26,6,16,1,1,1,1,1,1,1,1,1,1,1,1,1,1,1,1,1,1,1
0,0,0,1,0,0,0,0,0,0,0,0,0,0,1,0,0,0,0,1,0,0,0,0,1,1,1,1,0,0,0,0,0,1,0,0,0,0,1,1,1,0,0,0,1,0,0,0,0,1,0,1,1,1,1,0
57
48,48,48,48,48,48,48,48,48,4,4,17,17,15,21,21,21,21,12,13,13,13,13,14,14,14,10,7,2,2,2,2,3,3,3,3,3,3,3,5,36,36,36,36,36,6,6,16,16,42,44,23,8,34,1,1,1,1,1,1,1,1,1,1,1,1,1,1,1,1,1,1,1,1,1,1,1,33
0,1,0,0,0,0,0,1,1,0,0,0,0,1,0,0,0,0,0,1,1,1,1,1,0,0,1,0,1,1,1,0,0,1,1,1,1,1,1,0,1,1,1,0,1,0,0,0,0,0,0,0,0,1,1,1,1,1,0,0,1,0,0,1,1,0,1,1,1,0,1,0,0,0,0,1,1,0
58
48,48,48,48,1,1,1,1,1,1,1,1,1,1,1,1
0,0,0,0,0,0,0,1,0,1,0,0,0,0,1,1
59
48,48,48,48,48,48,48,48,48,48,48,48,48,9,9,9,9,9,17,17,15,15,15,15,21,24,11,11,11,11,41,19,29,29,12,12,35,35,35,35,35,13,13,13,13,13,13,13,14,14,14,10,10,10,7,7,7,40,54,39,3,3,3,3,3,3,3,3,3,3,36,36,36,36,26,6,2,2,2,27,23,23,18,1,1,1,1,1,1,1,1,1,1,1,1,1,1,1,1,1,1,1,1,1,1,1,1,33
0,0,1,0,1,0,0,1,0,0,1,1,1,1,0,0,1,1,0,0,1,1,1,1,0,1,1,1,1,1,1,1,1,1,1,1,1,1,1,1,1,0,1,1,1,1,0,1,1,1,1,0,1,1,0,0,1,1,1,1,1,1,1,1,1,1,1,1,1,1,1,1,1,1,1,0,1,1,1,1,1,1,0,1,1,1,1,1,0,0,0,1,0,1,1,0,1,1,1,0,1,0,1,1,1,0,0,1
60
48,48,48,48,48,48,48,48,48,48,48,48,48,48,48,48,48,53,9,9,9,9,9,46,21,21,21,38,38,38,11,11,11,11,18,18,23,23,16,16,27,35,35,35,13,13,13,13,12,10,10,10,7,7,7,7,39,54,54,40,20,20,20,20,20,20,20,20,20,20,20,20,20,37,14,14,14,14,14,36,36,36,36,26,6,6,58,2,2,2,2,2,28,3,3,3,3,3,3,3,3,3,3,3,1,1,1,1,1,1,1,1,1,1,1,1,1,1,1,1,1,1,1,1,1,1,1,1,62,34,59,49,25,76,76,33
1,0,0,0,0,0,0,0,0,0,1,1,0,0,0,1,0,1,1,0,0,1,1,0,0,0,0,1,1,1,1,1,1,1,1,1,1,1,1,1,1,1,1,1,1,1,1,1,1,1,0,0,1,0,1,1,1,1,1,1,1,1,1,1,1,1,1,1,1,1,1,1,1,1,1,1,1,1,1,0,1,1,0,0,1,1,1,0,0,1,1,1,1,0,1,0,1,1,1,1,1,1,1,1,1,1,1,1,1,1,1,0,0,0,1,0,1,1,1,1,1,1,0,1,1,1,1,1,1,1,1,1,1,1,1,0
61
3,17,17,15,15,15,14,14,14,36,36,36,11,11,11,11,11,11,38,6,42,42,42,2,2,2,2,2,2,2,35,13,12,12,8,10,40,40,1,1,1,1,1,1,1,1,1,1,1,1,1,87
1,1,1,0,1,1,1,1,1,1,1,1,1,1,1,1,1,1,1,0,1,0,1,1,1,1,1,0,1,1,1,1,1,1,1,1,1,1,1,1,1,1,1,1,0,0,1,1,1,0,1,0
62
48,48,48,48,48,48,48,48,48,48,48,9,9,9,9,17,17,17,21,21,21,21,21,21,11,11,11,18,18,19,29,12,12,32,13,13,13,13,13,13,14,14,14,14,14,14,14,14,14,10,10,10,10,7,7,7,7,50,40,40,54,22,3,3,3,3,3,3,3,3,3,3,3,3,3,35,35,35,37,37,36,36,36,36,36,26,6,2,2,2,2,2,28,27,23,23,23,23,23,62,20,20,20,20,20,20,20,1,1,1,1,1,1,1,1,1,1,1,1,1,1,1,1,1,1,1,1,1,1,1,1,1,33
1,0,1,1,1,1,0,1,0,1,1,1,0,1,1,1,0,1,0,0,0,0,0,0,1,1,1,0,1,1,1,1,1,0,0,1,1,1,1,1,1,0,1,1,1,1,1,1,1,1,1,0,0,0,0,0,1,1,1,1,1,0,1,1,1,1,1,1,1,1,1,1,1,1,1,1,1,1,1,1,1,1,1,1,1,1,1,1,1,0,1,1,1,1,0,1,1,1,1,1,1,1,1,1,1,1,1,1,1,0,0,1,1,0,1,0,0,0,0,1,0,1,1,1,1,1,1,0,0,0,1,1,0
63
23,23,23,23,23,23,9,9,17,21,21,21,21,21,24,24,11,41,32,13,13,13,13,13,13,14,14,14,14,14,14,14,10,10,10,10,7,7,39,39,39,40,52,3,3,3,3,3,3,3,3,3,3,3,3,88,35,35,36,36,36,36,36,36,26,6,42,2,2,2,2,2,2,2,2,2,2,2,2,2,28,27,8,8,18,18,18,30,20,20,20,20,20,20,20,20,20,1,1,1,1,1,1,1,1,1,1,1,1,1,1,1,1,1,1,1,1,1,33
1,1,1,1,1,1,0,1,1,0,0,0,0,0,1,0,1,1,0,0,1,1,1,0,0,1,0,1,0,1,1,1,1,1,1,1,0,1,1,1,1,1,1,1,1,1,1,1,1,1,1,1,1,1,1,1,1,1,0,1,1,1,0,1,0,0,1,1,1,1,1,1,1,0,0,1,0,1,1,1,1,1,0,1,0,1,1,1,1,1,1,1,1,1,1,1,1,1,1,1,0,1,0,0,1,1,0,1,1,1,1,0,1,0,0,1,1,1,1
64
48,48,48,48,48,48,48,48,89,3,3,3,1,1,1,1,1,1,1,1,17,10,7,20,42,2,2
0,1,0,0,1,1,1,0,0,1,1,1,0,0,0,1,0,1,0,0,1,1,0,1,0,1,1
65
18,18,9,45,5,21,21,11,11,11,26,6,6,6,16,16,2,2,2,2,13,13,13,13,3,3,3,3,3,3,3,3,3,3,90,22,10,10,10,7,7,7,20,20,20,20,20,20,20,20,1,1,1,1,1,1,1,1,1,1,1,1,1,1,1,1,1,1,1,1,1,14,14,14,14
0,1,0,0,0,0,0,1,1,1,0,0,0,0,1,0,1,1,1,0,0,1,1,1,1,1,1,1,1,1,1,1,1,1,1,1,0,1,1,0,0,0,0,1,1,1,1,1,1,1,1,0,0,1,1,0,0,0,0,1,1,0,0,0,1,0,0,0,1,0,1,1,0,1,1
66
48,80,9,9,9,15,83,38,38,38,38,11,11,18,36,36,36,29,27,35,35,35,35,13,13,13,13,13,13,12,12,92,10,10,10,10,10,10,10,7,7,7,40,47,39,72,73,20,20,24,24,91,14,14,14,14,14,14,14,14,52,26,6,6,16,16,41,2,2,2,2,2,2,2,2,2,2,2,93,23,23,23,23,23,23,23,3,3,3,3,3,3,3,3,3,3,76,37,62,21,30,25,1,1,1,1,1,1,1,1,1,1,1,1,1,1,1,1,1,1,1,1,1,1,8
1,1,1,0,1,1,0,1,0,1,1,1,1,1,0,1,1,1,0,1,0,1,1,0,1,1,1,1,1,1,1,0,1,1,1,1,0,1,1,1,1,1,1,1,1,1,0,1,1,0,0,0,1,1,1,1,1,1,0,1,0,0,0,0,0,1,1,1,1,1,0,1,1,1,1,1,1,1,1,0,1,1,1,1,1,1,1,1,1,1,1,1,1,1,1,0,1,1,0,0,0,1,1,1,1,1,1,1,0,1,1,1,1,0,1,1,1,1,1,0,0,0,0,0,1
67
48,48,48,48,48,48,48,48,48,48,9,9,9,9,17,15,15,15,95,24,24,11,11,65,35,35,35,13,13,13,13,13,12,12,10,10,39,47,40,40,5,43,36,36,36,36,36,16,16,42,2,2,2,2,2,2,2,28,23,23,23,23,23,23,38,34,34,1,1,1,1,1,1,1,1,1,1,1,1,1,1,1,1,1,1,1,1,1,1,1,21,21,21,21,21,96,46,29,73,3,3,3,3,3,3,3,3,3,3,3,3,3,3,7,7,7,7,78,84,45,94,26,6,14,14,14,14,14,14,14,14,14,8,56,82,49,49,20,20,20,76
1,0,1,0,0,1,0,0,1,1,0,1,1,1,1,0,1,0,1,1,1,0,0,1,1,1,1,0,1,1,1,1,1,1,1,1,0,0,1,1,1,1,1,1,1,1,1,0,1,1,1,1,1,1,1,1,1,1,0,1,1,1,1,1,1,1,1,1,1,0,1,1,1,1,1,1,1,1,1,0,1,1,1,1,0,0,0,1,1,1,1,0,0,0,0,1,1,0,0,1,1,1,1,1,1,1,1,1,1,1,1,1,1,1,1,1,0,1,0,0,0,0,1,1,1,1,1,1,0,0,0,1,1,1,0,1,0,1,1,1,1
68
3,3,14,42,5,21,11,11,11,6,1,1,1,2
1,1,0,1,0,0,1,1,1,1,1,1,1,1
69
48,48,48,48,48,48,48,48,48,48,48,48,48,48,48,48,48,48,48,48,48,48,48,48,48,48,48,48,48,48,48,48,48,48,48,48,48,48,48,48,48,48,67,67,9,9,31,14,14,11,26,26,26,6,6,19,2,2,2,16,16,13,13,13,13,13,3,76,10,10,7,7,47,27,1,1,1,1,1,1,1,1,1,1,1,1,1,1,1,1,1,1,1,1,1,1,1,1,1,1,1,1,1
0,1,1,1,0,1,0,0,1,0,1,1,1,0,0,1,0,1,1,0,1,0,0,0,1,0,0,0,1,0,1,1,0,0,0,0,0,0,1,1,0,0,0,1,1,0,0,0,0,0,0,1,1,0,1,0,1,1,0,0,1,1,1,1,1,0,0,1,0,0,1,0,0,1,1,1,1,0,1,1,1,1,1,1,0,0,0,1,1,1,1,0,1,0,0,1,1,0,1,1,1,1,1
70
48,48,9,9,9,17,17,21,21,21,21,11,11,11,11,32,13,13,13,13,12,12,12,12,10,10,10,10,7,7,39,97,47,78,72,20,20,35,35,36,36,26,16,42,2,2,23,23,23,23,3,3,3,3,34,31,1,1,1,1,1,1,1,1,1,1,1,1,1,1,1,1,1,1,1,1,1,1,33
0,1,0,0,1,1,1,0,0,0,0,1,1,1,1,0,0,1,1,0,1,1,1,1,1,1,1,1,0,1,0,0,1,0,1,1,1,1,1,1,1,1,0,1,1,1,1,1,1,1,1,1,1,1,1,1,1,1,1,1,1,0,1,0,0,0,0,0,0,0,0,0,1,0,0,0,0,0,0
71
7,3,3,5,1,1,1,1,1,1,1,1,1,1,1,1,1,1,1,1,1,1,1
0,1,1,0,0,1,0,0,1,0,0,1,0,1,0,0,1,1,0,0,0,0,0
72
3,3,14,42,5,21,11,11,11,6,1,1,1,2
1,1,0,1,0,0,1,1,1,1,1,1,1,1
73
48,48,48,48,48,53,9,9,17,17,17,17,15,15,15,83,24,24,11,11,11,18,18,18,41,29,29,16,73,32,13,13,13,13,13,13,12,12,10,10,10,10,10,7,7,7,40,40,47,39,22,65,35,35,35,14,14,14,14,14,14,14,14,36,36,36,36,6,58,58,42,2,2,2,2,2,21,21,21,21,3,3,3,3,3,3,23,23,23,23,23,23,23,23,63,30,34,1,1,1,1,1,1,1,1,1,1,1,1,1,1,1,1,1,1,1,1,1,1
0,1,0,0,1,1,0,1,1,1,1,1,1,1,1,0,1,1,1,1,1,0,1,1,1,1,0,0,0,0,0,1,1,1,1,0,0,1,1,1,1,1,1,0,1,1,1,0,1,1,1,1,1,1,1,1,1,1,0,1,1,1,1,1,1,0,1,1,1,1,1,1,1,1,1,1,0,0,0,0,0,1,1,1,1,0,1,1,1,1,1,1,1,1,1,1,1,1,1,0,1,1,0,0,0,1,0,0,1,0,1,1,1,0,0,0,0,1,0
74
48,48,48,48,48,48,48,48,48,48,48,48,48,48,48,48,48,48,9,8,5,10,16,16,42,6,13,1,1,1,1,1,1,1,1,1,1,1,1,1,1,1,1,1,1,1,1,1,1,1,2,2
1,0,0,0,0,1,0,0,0,1,1,0,1,0,0,1,0,1,1,1,0,0,0,0,0,1,0,1,1,0,1,0,0,0,1,1,0,1,0,1,1,1,1,1,0,0,0,1,0,1,1,0
75
48,9,9,9,9,9,9,36,36,36,36,36,36,17,15,21,21,21,21,11,11,11,11,19,40,40,40,73,37,13,13,13,13,13,13,12,10,10,14,14,14,14,14,14,14,14,39,39,98,3,3,3,3,3,3,3,3,3,3,3,3,3,35,35,43,30,26,6,6,16,42,2,2,2,2,2,2,2,23,23,23,57,27,8,8,18,18,34,20,20,20,20,20,20,1,1,1,1,1,1,1,1,1,1,1,1,1,1,1,1,1,1,1,1,1,1,1,1
0,0,1,1,0,1,0,1,1,1,1,0,1,1,0,0,0,0,0,1,1,0,1,1,0,0,1,0,0,1,1,1,0,0,0,1,1,0,1,1,1,1,0,1,1,1,1,0,1,1,1,1,1,1,1,1,1,0,1,1,1,0,1,0,1,0,0,0,0,0,1,1,1,1,1,0,0,1,1,1,1,1,1,0,1,1,0,1,1,1,1,1,1,0,0,1,1,1,1,0,0,1,1,0,0,1,0,0,1,0,0,0,1,0,0,0,1,0
76
48,48,48,48,48,48,48,48,48,48,48,48,48,48,48,48,48,48,48,48,48,48,48,48,48,48,48,48,48,48,48,48,48,48,48,48,48,48,48,48,48,48,48,48,48,48,48,48,48,48,48,48,48,48,48,48,48,48,48,9,9,17,17,5,15,15,15,83,11,11,6,16,42,42,42,2,2,2,2,21,13,13,13,13,13,3,3,3,3,3,3,3,3,3,3,10,7,1,1,1,1,1,1,1,1,1,1,1,1,1,1,1,1,1,1,1,1,1,1,1,1,1,14,14,14
1,1,1,1,0,1,1,0,1,1,1,1,1,1,0,1,1,1,1,0,1,0,0,0,1,1,1,1,1,1,1,0,1,1,1,1,1,1,1,1,1,1,1,1,1,1,1,1,0,1,1,1,1,1,1,1,1,1,1,0,0,1,1,1,1,1,1,1,1,1,0,0,1,1,1,1,1,1,1,0,1,1,1,1,1,0,1,1,1,0,1,1,1,1,1,1,0,1,1,0,0,0,1,0,0,1,1,1,0,0,0,0,0,0,1,0,0,1,0,0,1,1,1,1,1
