1
5,5,5,5,5,5,5,5,5,5,5,5,5,5,5,5,5,1,1,1,1,1,1,1,1,1,1,1,1,1,1,1,1,1,1,1,1,1,1,1,1,1,1,1,1,1,1,1,1,1,1,1,1,1,1,1,1,1,1,1,1,1,1,1,1,1,1,1,1,1,1,1,1,1,1,1,1,1,1,1,1,1,1,1,1,1,42,14,14,14,19,148,24,147,86,86,29,9,9,9,9,9,9,9,9,51,74,74,43,43,43,43,18,15,27,7,55,55,16
1,1,1,0,1,0,1,1,0,1,1,1,1,1,1,1,1,1,0,1,1,1,1,1,1,1,1,1,1,1,1,1,1,1,1,1,1,1,1,1,0,1,1,1,1,1,1,1,1,0,1,1,1,1,1,0,1,1,1,1,1,1,1,1,1,1,1,1,1,1,1,1,1,1,1,0,0,0,1,1,1,1,1,1,1,1,1,1,1,1,0,1,0,1,1,1,0,0,0,1,0,1,0,1,1,0,1,0,1,1,1,0,0,1,1,0,0,1,1
2
5,17,45,45,98,1,1,1,1,1,1,1,1,1,1,1,1,1,1,1,1,1,1,1,1,1,1,1,1,1,1,1,1,1,1,1,1,1,1,1,1,1,1,1,1,1,1,1,1,1,1,1,1,1,1,1,1,1,1,1,1,1,1,1,1,1,1,1,1,1,1,1,1,1,1,1,1,1,1,1,1,1,1,1,1,1,1,1,1,1,1,1,1,1,1,1,1,1,55,14,14,20,9,9,9,9,9,9,44,147,128,27,27,2,74,15,56,56,3,46,43,43,43,43,43,43,16
0,1,1,0,1,1,1,1,1,1,1,1,1,1,1,1,1,1,1,1,1,1,1,1,1,1,1,1,1,1,1,1,1,1,1,1,1,1,1,1,1,1,1,1,1,0,1,1,1,0,1,1,1,1,1,1,1,1,1,1,1,1,1,1,1,1,1,1,1,1,1,1,1,1,1,1,1,1,1,1,1,1,1,1,0,1,1,1,1,1,1,1,1,1,1,1,1,1,1,1,0,1,1,1,1,1,1,0,1,1,1,1,1,1,0,1,1,1,1,1,1,1,1,1,0,1,1
3
5,5,5,5,5,5,5,5,5,5,5,5,5,5,5,5,5,5,5,127,1,1,1,1,1,1,1,1,1,1,1,1,1,1,1,1,1,1,1,1,1,1,1,1,1,1,1,1,1,1,1,1,1,1,1,1,1,1,1,1,1,1,1,1,1,1,1,1,1,1,1,1,1,1,1,1,1,1,1,1,1,1,1,1,1,1,1,1,1,1,1,1,1,1,1,1,1,1,1,1,14,14,14,125,20,100,24,21,21,9,9,9,9,9,9,9,9,9,74,18,27,27,37,37
1,0,1,1,1,1,0,1,1,1,1,0,0,0,0,0,0,1,1,1,1,1,0,1,1,1,1,1,1,1,1,1,1,1,1,1,1,1,1,1,0,1,1,1,1,0,0,1,0,0,1,1,1,1,1,1,1,0,1,1,1,1,1,1,1,1,1,1,1,1,1,1,1,1,1,1,1,1,1,1,1,1,1,1,1,1,1,1,1,1,1,1,1,1,1,1,1,1,1,1,1,1,1,1,1,1,0,0,1,1,0,0,1,0,1,0,0,1,1,0,1,1,1,1
4
5,59,59,55,2,2,74,18,18,18,18,148,148,48,56,46,46,16,1,1,1,1,1,1,1,1,1,1,1,1,1,1,1,1,1,1,1,1,1,1,1,1,1,1,1,1,1,1,1,1,1,1,1,1,1,1,1,1,1,1,1,1,1,1,1,1,1,1,1,1,1,1,1,1,1,1,1,1,1,1,1,1,1,1,1,1,1,1,1,1,1,1,1,1,1,1,1,1,1,1,1,1,14,14,14,14,14,9,9,9,9,9,9,9,9,9,24,36,36,114,44,44,27,54,15,15,15,43,43,43
1,0,1,1,1,1,0,1,0,0,0,1,1,1,1,1,1,0,1,1,0,0,1,1,1,1,1,1,1,1,1,1,1,1,1,1,1,1,1,1,1,1,1,1,1,1,1,1,1,1,1,1,1,0,1,0,1,1,1,1,1,1,1,1,1,1,1,1,1,1,1,1,1,1,1,1,1,1,1,1,1,1,1,1,1,1,1,1,1,1,1,1,0,1,1,0,1,1,1,1,1,1,1,1,1,1,1,1,0,1,1,1,0,1,1,1,1,0,1,1,1,1,1,1,0,1,0,1,1,0
5
5,5,17,123,123,115,14,14,14,14,14,14,14,14,19,19,19,117,150,21,21,147,147,147,147,147,147,147,47,107,12,2,2,2,2,2,2,2,2,2,2,2,2,2,2,2,2,148,148,148,148,148,148,148,148,148,148,148,148,148,148,148,148,148,148,148,148,148,148,148,148,148,148,148,148,33,13,13,13,13,13,13,13,13,18,18,59,46,56,56,149,7,16,20,20,45,45,1,1,1,1,1,1,1,1,1,1,1,1,1,1,1,1,1,1,55,55,27,9,9,9,9,9,9,9,24,34,67,63,63,63,63,63,25,25,25,28,58,58,58,3,3,3,3,3,3,3,43,43,43,43
1,0,1,1,1,1,1,1,1,1,0,1,1,1,1,1,1,1,1,1,1,1,1,1,1,1,1,1,1,1,1,1,1,1,1,1,1,1,1,1,1,1,1,1,1,1,1,1,1,1,1,1,1,1,1,1,1,0,1,1,1,1,1,1,1,1,1,1,1,1,1,1,1,1,1,0,1,1,1,1,1,0,1,1,0,0,1,0,1,1,1,1,1,1,1,1,1,1,1,1,1,1,1,1,1,1,1,1,1,1,1,1,1,0,0,1,1,1,1,1,1,1,1,1,1,1,1,0,1,1,1,0,1,1,1,1,1,0,0,1,1,1,1,1,1,1,0,1,0,1,1
6
5,5,5,5,5,5,5,5,5,5,5,5,5,5,1,1,1,1,1,1,1,1,1,1,1,1,1,1,1,1,1,1,1,1,1,1,1,1,1,1,1,1,1,1,1,1,1,1,1,1,9,9,9,133,21,107
0,1,1,0,1,0,1,0,0,0,0,0,0,0,1,1,1,1,1,1,1,1,1,1,1,1,1,1,0,1,1,1,1,1,1,1,1,0,0,1,1,1,1,1,1,0,1,1,1,0,1,0,1,1,0,1
7
5,5,14,14,14,14,14,14,14,14,14,19,32,21,147,147,147,147,147,147,147,57,2,2,2,2,2,2,2,2,2,2,18,18,18,13,13,13,56,16,20,20,1,1,1,1,1,1,1,1,1,1,1,1,1,1,1,1,55,42,27,9,9,9,9,9,9,9,24,36,36,36,114,31,148,148,148,148,148,148,148,148,148,148,148,148,148,148,148,148,148,148,148,148,148,148,148,148,148,148,148,148,148,3,3,3,3,3,3,15,15,15,37,11,43,43,43,43,43,43
0,0,1,1,1,1,1,1,1,1,1,1,0,1,1,1,1,1,1,1,1,0,1,1,1,1,1,1,1,1,1,1,0,0,0,1,1,1,1,0,1,1,1,1,1,1,1,1,1,1,1,1,1,1,1,1,1,0,1,1,0,1,0,1,1,1,1,0,1,0,0,1,1,1,1,1,1,1,1,1,1,1,1,1,1,1,1,1,1,1,1,1,1,1,1,1,1,1,1,1,1,1,1,0,1,1,1,1,1,0,1,1,1,0,1,1,1,1,1,1
8
5,5,5,5,127,98,55,78,147,147,86,2,2,2,2,89,74,115,13,13,13,13,46,56,151,133,20,20,20,45,45,1,1,1,1,1,1,1,1,1,1,1,1,1,1,1,1,1,1,1,1,1,1,1,1,1,1,1,1,1,1,1,1,1,1,1,1,1,1,1,1,1,1,1,1,1,1,1,1,1,1,1,1,1,1,14,14,14,42,27,27,9,9,9,9,9,114,114,114,31,148,148,148,75,15,37,37,3,3,3,3,3,3,43,43,43,43,43
0,0,0,0,0,1,1,1,1,1,1,1,1,1,1,0,0,1,1,1,1,1,1,0,0,1,1,1,1,1,1,1,1,1,1,1,1,1,1,1,1,1,1,1,1,1,1,1,1,1,1,1,1,1,1,1,1,1,1,1,1,1,1,1,1,1,1,1,1,1,1,0,1,1,1,1,1,1,1,1,1,1,1,1,1,1,1,1,1,1,1,0,0,1,0,0,1,0,1,1,1,1,1,0,0,1,1,1,1,1,1,1,1,1,1,1,1,1
9
5,5,5,5,127,153,75,14,14,14,14,14,78,147,147,147,147,147,147,147,136,45,45,30,61,2,2,2,2,2,2,2,2,2,2,2,2,2,43,43,43,43,43,74,105,105,18,59,109,109,109,56,155,46,55,55,133,133,20,20,154,1,1,1,1,1,1,1,1,1,1,1,1,1,1,1,1,1,1,1,1,1,1,1,1,1,1,1,1,1,1,1,1,1,1,1,1,1,1,1,1,1,1,1,1,1,1,1,1,1,1,1,1,1,1,1,1,1,1,1,1,1,1,1,77,125,27,27,148,148,148,148,148,148,148,148,148,148,148,148,24,36,114,114,44,19,9,9,9,9,9,101,16,152,3,3,3,3,49
0,0,1,0,0,1,0,1,1,1,0,1,1,1,1,1,1,1,1,1,0,0,1,0,1,1,1,1,1,1,1,1,1,1,1,1,1,1,1,1,1,1,1,0,1,0,0,1,1,1,1,0,1,1,1,1,1,1,1,1,1,1,1,1,1,1,1,1,1,1,1,0,1,1,1,1,1,1,1,1,1,1,1,1,1,1,1,1,1,1,1,1,1,1,1,1,1,1,1,1,1,1,1,1,1,1,1,1,1,1,1,1,1,1,1,1,1,1,1,1,1,1,0,1,0,1,1,1,1,1,1,1,1,1,1,1,1,1,1,1,0,1,1,1,1,0,1,0,0,1,1,0,1,1,1,1,1,1,0
10
5,5,5,98,14,14,14,19,19,32,46,46,21,21,21,21,21,147,147,147,45,45,80,80,38,156,8,2,123,74,33,18,18,18,148,148,99,56,7,7,16,16,128,1,1,1,1,1,1,1,1,1,1,1,1,1,1,1,1,1,1,1,1,1,1,1,1,1,1,1,1,1,1,1,1,1,1,1,1,1,1,1,1,1,1,1,1,1,1,1,1,1,1,1,1,1,1,1,1,1,1,1,1,1,1,1,1,1,1,1,1,1,1,1,1,1,1,1,1,1,1,1,1,1,1,1,1,1,1,1,1,1,1,1,1,1,1,55,120,9,9,9,9,9,9,24,24,24,34,34,34,51,51,63,27,27,27,27,27,27,27,27,101,15,15,15,57,43,43,43,43,43,43
0,1,0,1,1,0,0,1,1,1,1,0,1,1,1,1,1,0,1,1,1,0,1,1,1,1,0,1,1,0,0,0,0,0,1,1,1,1,0,1,1,1,0,1,1,1,1,1,1,1,1,1,1,1,1,1,1,1,1,1,0,0,1,1,1,1,0,0,1,1,1,1,1,1,1,1,1,1,1,1,1,1,0,0,1,1,1,1,1,1,1,1,1,1,1,1,1,1,1,1,1,1,1,1,1,1,1,1,1,1,1,1,1,1,1,1,1,1,1,1,1,0,1,1,0,1,1,1,1,1,1,1,1,1,1,1,1,0,1,1,1,0,0,0,0,1,1,1,1,1,1,1,1,1,1,1,1,1,1,1,1,1,1,1,1,1,1,1,1,1,1,1,1
11
5,5,5,5,5,5,5,5,20,20,45,21,1,1,1,1,1,1,1,1,1,1,1,1,1,1,1,1,1,1,1,1,1,1,1,1,1,1,1,1,1,1,1,1,1,1,1,1,1,1,1,1,1,1,1,1,1,1,1,1,1,1,1,1,1,1,1,1,1,1,1,1,1,1,1,42,14,9,9,9,9,9,9,9,9,24,114,31,93,148,148,148,2,2,2,2,157,83,18,15,43,43
1,0,1,0,0,0,0,1,1,1,0,1,1,1,1,1,1,1,1,1,1,1,1,0,0,1,1,1,0,1,0,1,1,1,1,1,0,1,1,0,1,1,1,1,1,1,1,1,1,1,1,1,1,1,1,1,1,1,1,1,1,1,1,1,1,1,1,1,1,1,1,1,1,1,1,0,1,1,1,1,1,1,1,1,0,1,1,1,0,1,1,1,1,1,1,1,0,0,0,0,0,0
12
2,2,1,1,1,1,1,1,1,1,1,1,1,1,1,1,1,1,1,1,1,1,1,1,1,1,1,1,1,1,1,1,1,1,1,1,1,1,1,1,1,1,1,1,1,1,1,1,1,1,1,1,1,1,1,1,1,1,1,1,1,1,55,14,14,14,14,14,9,9,9,9,9,9,9,16,15,56,147,147,147,147,43,43,43,43,60
1,1,1,1,1,0,1,1,1,1,1,1,1,1,1,1,1,1,1,1,1,1,1,1,1,1,1,0,0,1,1,1,1,1,1,1,1,1,0,1,1,1,1,0,1,1,1,1,1,1,1,1,1,1,1,1,1,1,1,1,1,1,1,1,1,1,1,0,1,0,1,1,0,0,1,0,1,0,0,1,1,0,1,1,1,1,1
13
102,98,1,1,1,1,1,1,1,1,1,1,1,1,1,1,1,1,1,1,1,1,1,1,1,1,1,1,1,1,1,1,1,1,1,1,1,1,1,1,1,1,1,1,1,1,1,14,14,14,9,9,9,9,9,9,9,24,21,147,147,147,54,12,12,63,27,27,32,148,69,43
1,1,1,1,0,1,1,1,1,1,1,1,1,1,1,1,0,0,0,1,1,1,1,1,0,1,1,1,1,1,0,1,1,1,1,1,1,1,1,1,1,1,1,1,1,0,1,1,1,1,1,0,1,1,0,0,0,1,1,0,1,1,1,0,0,0,0,1,0,1,1,0
14
5,5,5,5,98,50,21,21,21,124,123,18,18,18,18,13,48,56,158,20,20,45,1,1,1,1,1,1,1,1,1,1,1,1,1,1,1,1,1,1,1,1,1,1,1,1,1,1,1,1,1,1,1,1,1,1,1,1,1,16,125,27,27,27,73,36,36,114,114,114,63,15,3,3,43,43,43,43,60,75,14,14,14,19,19,19,25,25,147,147,147,147,2,2,2,2,2,2,2,2,2,2,2,2,2,161,69,102,126,148,148,148,148,148,24,44,31,68,9,9,9,9,9,9,9,9,54,81,160,159,49
1,1,0,0,1,1,0,1,1,0,1,1,1,1,0,0,1,0,1,1,0,0,1,1,0,0,1,1,1,1,1,1,1,1,0,1,0,0,0,1,1,1,1,1,1,1,1,1,1,1,1,1,1,1,1,1,1,1,1,1,1,1,0,1,1,1,0,1,1,1,0,1,0,1,1,1,0,1,1,1,1,1,0,1,0,1,1,1,1,1,1,1,0,0,1,1,1,1,1,1,1,1,1,1,1,1,1,0,1,1,1,1,0,1,1,1,1,1,1,1,1,1,1,1,1,1,1,1,1,1,1
15
5,5,14,14,14,14,14,14,14,14,14,19,32,32,113,42,147,80,8,2,74,74,105,103,18,18,18,18,133,162,7,7,7,7,7,55,1,1,1,1,1,1,1,1,1,1,1,1,1,1,1,1,1,1,1,1,1,1,1,1,1,1,1,1,1,1,1,1,1,1,1,1,1,1,1,1,1,1,1,1,1,1,1,1,1,1,1,1,1,1,1,1,1,1,1,1,1,1,1,1,1,1,1,1,1,1,1,1,16,16,116,120,9,9,9,9,9,24,106,34,29,48,27,27,27,63,54,25,28,37,37,37,36,43,43,43,43,43,43,43,43
0,0,1,1,1,1,1,1,1,1,1,0,1,0,1,1,0,1,1,1,1,0,0,1,1,0,1,0,1,0,0,1,0,1,1,1,1,0,0,1,1,1,1,1,1,1,1,1,1,1,1,1,1,1,1,1,1,1,0,1,1,1,1,1,1,1,1,1,1,1,1,1,1,1,1,1,1,1,1,1,1,1,1,1,1,1,1,1,1,1,1,1,1,1,1,1,1,1,1,1,1,1,1,1,1,1,1,1,1,1,0,1,1,0,1,1,0,1,0,1,1,1,1,0,1,1,1,1,1,1,1,1,1,1,1,1,1,0,1,1,1
16
5,5,5,5,5,5,5,5,5,5,5,123,55,100,51,51,21,21,86,18,18,18,18,105,124,124,46,7,90,57,1,1,1,1,1,1,1,1,1,1,1,1,1,1,1,1,1,1,1,1,1,1,1,1,1,1,1,1,1,1,1,1,1,1,1,1,1,1,1,1,1,1,1,1,1,1,1,1,1,1,1,1,1,1,1,1,1,1,1,1,1,1,1,1,1,1,1,1,1,1,1,1,1,1,1,1,1,42,42,9,9,9,9,9,9,9,114,114,62,104,101,15,15,63,43,43,43,43,43,14,14,14,14,14,14,19,19,19,19,19,19,147,47,80,38,28,2,12,163,99,99,69,78,78,125,158,24,24,24,34,34,34,34,44,67,31,31,27,27,27,27,25,107
1,1,0,1,0,1,1,1,1,1,1,1,1,1,0,1,1,1,1,0,0,1,0,0,1,1,1,1,1,0,1,1,1,1,1,1,1,1,1,1,0,1,1,1,1,1,1,1,1,1,1,1,1,0,1,1,1,1,0,1,1,1,1,1,1,1,1,1,1,1,1,1,1,1,1,1,1,1,1,1,1,1,0,0,0,1,1,1,1,1,1,1,1,1,1,1,1,1,0,1,1,0,1,1,1,1,1,1,1,1,0,1,0,0,1,1,1,1,1,0,1,1,0,1,1,1,1,1,1,1,1,1,1,0,1,1,1,1,1,1,1,1,0,1,1,1,1,1,1,0,1,1,0,0,1,1,1,1,1,1,1,1,1,1,1,0,1,1,0,1,1,1,1
17
5,5,5,5,5,164,98,14,14,14,14,14,14,14,14,14,27,27,27,21,147,12,18,18,2,2,89,74,26,156,48,7,7,55,20,45,1,1,1,1,1,1,1,1,1,1,1,1,1,1,1,1,1,1,1,1,1,1,1,1,1,1,1,1,1,1,1,1,1,1,1,1,1,1,1,1,1,1,1,1,1,1,1,1,1,1,1,1,1,1,1,1,1,1,1,1,1,1,1,1,1,1,1,1,1,1,1,1,1,42,77,79,9,9,9,9,9,9,9,9,106,31,148,148,97,25,28,3,3,43,43,43,60,60,60
1,0,0,0,0,0,1,1,1,1,1,1,0,1,1,1,1,1,1,1,1,0,0,0,1,1,0,1,1,1,1,0,1,1,1,1,1,1,1,1,1,1,1,1,1,1,1,1,1,1,1,1,1,1,1,1,1,1,1,1,1,1,1,1,1,1,1,1,0,0,1,1,1,1,1,1,1,1,1,1,1,1,1,1,1,1,1,1,1,1,1,1,1,1,1,1,1,1,1,1,1,1,1,1,1,1,1,1,1,0,1,1,1,0,0,0,0,1,1,1,1,1,1,1,1,1,1,1,1,1,1,1,0,1,1
18
26,5,5,5,5,5,165,14,14,14,14,14,14,14,19,107,93,57,89,18,18,18,18,59,99,56,20,20,45,1,1,1,1,1,1,1,1,1,1,1,1,1,1,1,1,1,1,1,1,1,1,1,1,1,1,1,1,1,1,1,1,1,1,1,1,1,1,1,1,1,1,1,1,1,1,1,1,1,1,1,1,1,1,1,1,1,1,1,1,1,1,1,1,1,1,1,1,1,1,1,1,1,1,1,1,1,1,1,1,1,1,16,42,79,9,9,9,9,9,9,9,9,168,167,27,27,27,97,3,166,43,43,43,43,43,43,43,131
0,1,1,0,0,1,0,1,1,1,1,1,1,1,1,1,1,1,1,0,0,0,0,1,0,1,0,1,1,1,1,1,1,0,1,1,1,1,1,1,1,1,1,1,1,1,1,1,1,1,1,1,1,0,0,1,1,1,0,1,1,1,1,1,0,1,0,1,1,1,1,1,1,1,1,1,1,1,1,1,1,1,1,1,1,1,1,1,1,1,1,1,1,1,0,1,1,1,1,1,1,1,1,1,1,1,1,1,1,1,1,1,1,1,1,1,1,1,1,1,1,1,1,1,0,1,1,1,1,1,1,1,1,1,1,1,0,1
19
20,20,20,45,1,1,1,1,1,1,1,1,1,1,1,1,1,1,1,1,1,1,1,1,1,1,1,1,1,1,1,1,1,1,1,1,1,1,1,1,1,1,1,1,1,1,1,1,1,1,1,1,1,1,1,1,1,1,1,1,1,1,1,1,1,1,1,42,14,19,9,9,9,9,9,36,36,21,86,148,148,148,148,148,2,2,2,89,54,18,27,111,3,43,43,43,43
1,1,1,1,1,1,1,1,1,1,1,1,1,1,1,1,1,0,1,1,1,1,1,1,1,1,1,1,1,1,1,1,1,1,1,1,1,1,1,1,1,1,1,1,1,1,1,1,1,1,1,1,1,0,1,1,1,1,1,1,1,1,1,1,1,1,1,1,1,1,1,1,1,1,0,1,0,1,1,1,1,1,1,1,1,1,1,1,1,0,0,1,1,1,1,1,1
20
5,5,5,5,32,21,86,18,18,89,83,124,124,46,46,155,7,92,20,128,95,95,1,1,1,1,1,1,1,1,1,1,1,1,1,1,1,1,1,1,1,1,1,1,1,1,1,1,1,1,1,1,1,1,1,1,1,1,1,1,1,1,1,1,1,1,1,1,1,1,1,1,1,1,1,1,1,1,1,1,1,1,1,1,1,1,1,1,1,1,1,1,1,1,1,1,1,16,42,9,9,9,9,9,9,9,9,9,9,36,169,145,43,43,43,43,60,17,14,14,78,147,45,45,45,30,66,2,2,2,2,74,133,170,102,59,34,34,51,67,27,27,27,27,75,28,28,49
0,1,0,1,1,0,1,0,0,1,1,1,1,0,0,1,0,1,1,1,0,1,1,1,0,1,1,1,1,1,1,1,1,1,1,1,1,1,1,1,0,1,1,1,1,1,1,1,1,1,1,1,1,1,1,1,1,1,1,1,0,1,1,1,1,1,1,1,1,1,1,1,1,1,1,1,1,1,1,1,1,1,1,0,1,1,1,1,0,1,1,1,1,1,1,1,1,1,1,1,0,0,0,0,0,0,1,1,1,1,1,1,0,1,1,1,1,1,1,1,0,1,0,1,1,0,1,1,1,1,1,0,1,0,1,0,1,1,1,0,1,1,0,1,0,1,1,1
21
9,1,1
0,1,0
22
5,5,78,1,1,1,1,1,1,1,1,1,1,1,1,1,1,1,1,1,1,1
1,1,1,1,1,1,1,1,1,1,1,1,1,1,1,0,1,1,1,1,1,1
23
5,5,127,14,14,14,14,20,11,11,2,2,2,2,2,2,2,2,9,9,9,9,9,9,9,9,9,9,9,18,18,18,13,13,13,13,13,162,56,48,78,45,45,58,1,1,1,1,1,1,1,1,1,1,1,1,1,1,1,1,1,1,1,1,1,1,1,1,1,1,1,1,1,1,1,1,1,1,1,1,1,1,1,1,1,1,1,1,148,148,148,148,148,148,148,148,148,148,148,148,148,148,148,148,148,148,148,148,148,24,34,27,27,27,54,135,37,3,3,3,3,3,3,3,3,43
1,0,0,1,1,1,0,0,1,1,1,1,1,1,1,1,1,1,1,0,0,1,0,0,0,1,1,1,1,1,1,1,1,1,1,1,1,0,1,0,1,1,1,0,1,0,1,1,1,1,1,1,1,1,1,1,1,1,1,1,1,1,0,1,1,1,1,1,1,1,1,1,1,1,1,1,1,1,1,1,1,1,0,0,1,1,1,1,1,1,1,1,1,1,1,1,1,1,1,1,1,1,1,1,1,1,1,1,1,1,1,1,1,1,0,1,1,1,1,1,1,1,1,1,1,1
24
44,126,1,1,1,1,1,1,1,1,1,1,1,1,1,1,1,1,1,1,1,1,1,1,1,1,1,1,1,1,1,1,1,1,1,1,1,1,1,1,1,1,1,1,1,1,1,1,1,1,1,1,1,1,1,1,1,1,1,1,1,1,1,1,1,1,1,1,1,1,1,1,1,1,1,1,1,1,1,1,1,1,1,1,42,42,14,14,27,32,24,24,114,147,147,147,147,147,147,147,147,45,45,148,148,148,148,148,148,148,2,2,2,2,75,75,74,74,74,9,9,9,9,9,9,9,9,9,9,57,46,56,43,43,43,43,43,43,43,16
1,1,1,1,1,0,1,1,1,1,1,1,1,1,1,1,1,1,1,1,1,1,1,0,1,1,1,1,1,1,1,0,1,1,1,1,1,1,1,1,1,1,1,1,1,1,1,1,0,1,1,1,1,1,1,1,1,1,1,1,1,1,1,1,1,1,1,1,1,1,0,1,1,1,1,1,1,1,1,1,1,1,1,1,1,1,1,0,0,1,0,0,0,1,1,1,1,1,1,1,1,0,1,1,1,1,1,1,1,1,1,1,1,1,0,0,0,1,0,1,0,1,1,0,0,1,1,1,1,1,1,1,0,1,1,1,1,1,1,0
25
14,14,14,14,14,14,14,14,14,14,14,14,14,14,14,14,14,14,44,147,147,147,147,147,2,2,75,75,74,74,74,115,18,18,18,18,18,148,46,56,20,45,45,1,1,1,1,1,1,1,1,1,1,1,1,1,1,1,1,1,1,1,1,1,1,1,1,1,1,1,1,1,1,1,1,1,1,1,1,1,1,1,1,1,1,1,1,1,1,1,1,1,1,1,1,1,1,1,1,1,1,1,1,1,1,1,1,1,1,1,1,1,1,1,1,1,1,1,1,55,42,27,27,27,9,9,9,9,9,9,9,9,24,36,51,63,54,15,15,37,37,37,43,43,43,60
1,1,0,1,1,1,1,1,1,1,1,1,1,1,1,1,1,1,1,1,0,0,1,1,1,1,1,1,0,0,1,1,0,0,0,0,0,1,1,1,0,0,0,1,1,0,0,1,1,1,1,1,1,1,1,1,1,1,1,1,1,1,1,1,1,1,1,0,1,1,1,0,1,1,1,1,1,1,0,1,1,1,1,1,1,1,1,1,1,1,1,1,1,1,1,1,1,1,1,1,1,1,1,1,1,1,1,1,1,1,1,1,1,1,1,1,1,1,1,0,1,1,1,1,1,0,0,0,0,0,1,1,1,1,1,1,1,0,1,1,1,1,1,1,1,1
26
90,90,2,2,98,59,14,14,14,14,14,14,14,14,14,14,14,14,9,9,9,9,9,9,9,147,147,147,147,147,29,48,148,118,149,18,18,1,1,1,1,1,1,1,1,1,1,1,1,1,1,1,1,1,1,1,1,1,1,1,1,1,1,1,1,1,1,1,1,1,1,1,1,1,1,1,1,1,1,1,1,1,1,1,1,1,1,1,1,1,1,1,1,1,1,171,104
1,1,1,1,1,0,1,1,1,1,1,1,1,1,1,1,1,1,0,1,1,1,1,0,1,1,1,1,1,1,0,1,1,1,1,0,0,1,1,0,1,1,1,1,1,1,1,1,1,1,1,1,1,1,1,1,1,1,1,1,1,1,1,1,1,0,1,0,0,1,1,1,1,1,1,1,1,1,1,1,1,1,1,0,1,1,1,1,1,1,1,1,0,1,1,1,1
27
5,5,5,14,14,14,19,100,172,80,30,8,8,74,83,119,119,99,20,45,1,1,1,1,1,1,1,1,1,1,1,1,1,1,1,1,1,1,1,1,1,1,1,1,1,1,1,1,1,1,1,1,1,1,1,1,1,1,1,1,1,1,1,1,1,1,1,1,1,1,1,1,1,1,1,1,1,1,1,1,1,1,27,9,9,9,9,9,9,9,9,9,24,114,31,63,28,148,148,43,43
1,0,0,1,1,1,0,1,0,0,1,1,0,1,1,1,1,1,1,0,1,1,1,0,1,1,1,1,1,1,1,1,1,1,1,1,0,1,1,1,1,1,1,1,1,1,1,1,1,1,1,1,0,1,1,1,1,0,1,0,1,1,1,1,1,1,1,1,1,1,1,1,1,1,1,1,1,1,1,1,1,1,1,1,1,1,1,0,0,0,0,1,0,1,0,0,0,1,1,0,1
28
26,26,173,14,14,102,32,32,136,21,147,147,147,38,74,83,59,56,7,20,20,45,1,1,1,1,1,1,1,1,1,1,1,1,1,1,1,1,1,1,1,1,1,1,1,1,1,1,1,1,1,1,1,1,1,1,1,1,1,1,1,1,1,1,1,1,1,1,1,1,1,1,1,1,1,1,1,1,1,1,1,1,1,1,1,1,1,1,1,1,1,1,1,1,1,1,1,1,1,1,1,1,1,1,1,1,16,77,9,9,9,9,9,9,9,24,24,24,24,24,34,44,27,27,27,27,27,27,27,54,54,28,15,148,148,148,3,43,43,43
1,1,1,1,1,0,1,1,1,1,0,1,1,1,1,0,1,1,1,0,1,0,1,1,1,1,1,1,1,1,1,1,1,1,1,1,1,1,1,1,1,1,0,1,1,1,1,1,1,1,1,1,0,1,1,1,1,1,1,1,1,1,1,1,1,1,1,1,1,1,1,1,1,1,1,1,1,1,1,1,1,1,1,1,1,0,1,1,1,1,1,1,1,1,1,1,1,1,1,0,1,1,1,1,1,1,1,1,1,0,1,1,1,1,1,1,1,1,1,1,1,1,1,1,1,1,1,1,1,1,1,0,1,1,1,1,1,1,1,1
29
5,5,5,5,5,72,34,34,34,14,14,14,14,14,14,14,14,14,11,11,16,86,12,73,73,73,2,2,2,75,74,83,150,18,18,18,59,99,99,133,20,20,45,1,1,1,1,1,1,1,1,1,1,1,1,1,1,1,1,1,1,1,1,1,1,1,1,1,1,1,1,1,1,1,1,1,1,1,1,1,1,1,1,1,1,1,1,1,1,1,1,1,1,1,1,1,1,1,1,1,1,1,1,1,1,1,1,1,1,1,1,1,1,1,1,1,1,1,1,1,1,1,1,1,1,1,55,42,9,9,9,9,9,9,9,106,114,114,29,27,27,97,97,43,43,43,43,43,28,15,15,167,118
0,0,0,1,0,0,1,0,1,1,1,1,1,1,1,1,0,1,1,1,0,1,1,0,1,1,1,1,1,1,0,0,1,0,1,0,1,0,0,1,1,1,1,1,1,0,1,0,0,1,1,1,1,1,1,1,1,1,0,1,1,1,1,1,1,1,1,1,1,1,1,1,0,1,1,1,1,1,1,1,1,1,1,1,1,1,1,1,1,1,1,1,1,1,1,1,1,1,1,1,1,1,1,1,1,1,1,1,1,1,1,1,1,1,1,1,1,1,1,1,1,1,1,1,1,1,1,1,1,1,1,0,1,0,1,1,0,1,1,1,0,0,1,0,1,1,1,0,1,0,1,0,1
30
5,5,5,5,5,5,5,5,5,5,5,5,5,5,27,2,2,147,1,1,1,1,1,1,1,1,1,1,1,1,1,1,1,1,1,1,1,1,1,1,1,1,1,1,1,1,1,1,1,1,1,1,1,1,1,1,1,1,1,1,1,1,1,1,1,1,1,1,1,1,1,1,1,1,1,9,9,9,9,9,9,9,9,133,109,58,3,3,91
1,1,1,1,1,1,1,1,1,1,1,1,1,1,1,1,1,1,1,1,0,1,1,1,1,1,0,1,1,1,1,1,1,1,1,1,1,1,1,1,1,1,1,1,1,0,1,1,0,0,1,1,1,1,1,1,1,1,1,1,1,1,1,1,1,1,1,1,1,1,1,1,1,1,1,1,1,1,1,1,0,1,1,1,1,1,1,1,1
31
26,5,5,5,5,5,5,5,5,5,5,5,5,5,5,123,1,1,1,1,1,1,1,1,1,1,1,1,1,1,1,1,1,1,1,1,1,1,1,1,1,1,1,1,1,1,1,1,1,1,1,1,1,1,1,1,1,1,1,1,1,1,1,1,1,1,1,1,1,1,1,1,1,1,1,1,1,1,1,1,1,1,1,1,1,1,1,1,1,1,1,1,1,1,1,1,1,1,1,1,1,1,1,1,1,1,1,1,1,1,1,1,1,1,1,1,1,1,9,9,9,9,9,9,9,9,9,9,24,114,84,27,27,27,2,74,74,18,18,148,3,43,43,43
0,1,1,0,1,0,1,1,1,1,1,1,0,0,1,1,1,1,1,0,1,1,1,1,1,1,1,1,1,1,1,1,1,1,1,1,1,1,1,1,1,1,1,1,1,0,1,1,1,1,1,1,1,1,1,1,1,0,1,0,1,1,0,1,1,1,1,1,1,1,1,1,1,1,1,1,1,1,1,1,1,1,1,1,1,1,1,1,1,0,1,1,1,1,1,1,1,1,1,1,1,1,1,1,1,1,1,1,1,1,1,1,1,1,1,1,1,1,1,0,1,0,0,0,1,0,0,1,1,1,1,1,1,0,1,0,0,0,0,0,0,0,0,0
32
5,5,5,45,45,56,1,1,1,1,1,1,1,1,1,1,1,1,1,1,1,1,1,1,1,1,1,1,1,1,1,1,1,1,1,1,1,1,1,1,1,1,1,1,1,1,1,1,1,1,1,1,1,1,1,1,1,1,1,1,1,1,1,1,1,1,1,1,1,1,1,1,1,1,1,1,1,1,1,1,1,1,1,1,1,1,1,1,1,1,1,1,1,1,1,1,1,1,1,16,14,14,14,14,14,14,14,14,19,19,9,9,9,9,9,9,9,54,12,27,27,27,118,74,18,18,48,37,37,161,99,43,43,43,43,131
0,0,1,0,0,1,1,1,1,1,0,0,1,1,1,1,1,1,1,1,1,1,1,1,1,1,1,1,1,1,0,1,1,1,1,1,1,1,1,1,1,1,1,1,1,1,1,1,0,1,1,1,1,1,1,1,1,1,1,1,1,1,1,1,1,1,1,1,1,1,1,0,0,1,0,1,0,1,1,1,1,1,1,1,1,1,1,0,1,0,1,0,1,1,1,1,1,1,1,1,1,1,1,1,1,1,1,1,1,1,1,1,1,0,1,0,0,1,1,1,1,1,1,1,0,0,1,1,1,1,0,1,1,1,1,1
33
14,14,14,14,14,19,32,32,21,147,147,147,147,147,147,147,147,147,107,2,2,2,2,2,2,2,2,2,2,2,2,2,2,2,2,2,2,2,2,2,74,148,148,148,148,148,148,148,148,148,148,148,148,148,148,148,148,148,148,148,148,148,148,148,148,148,148,148,148,148,148,148,148,148,148,13,13,13,13,13,13,18,1,1,56,16,45,45,59,59,55,27,27,27,9,9,9,9,9,9,9,106,114,51,29,63,25,37,3,3,3,3,3,3,3,3,43,43,43,43,43
1,1,1,1,1,0,0,0,0,1,1,1,1,1,1,1,1,1,0,1,1,1,1,1,1,1,1,1,1,1,1,1,1,1,1,1,1,1,1,1,0,1,1,1,1,1,1,1,1,1,1,1,1,1,1,1,1,1,1,1,1,1,1,1,1,1,1,1,1,1,1,1,1,1,1,1,0,1,1,1,0,1,1,1,1,1,1,0,1,0,0,1,1,0,0,1,1,1,0,0,0,0,0,0,0,1,1,1,1,1,1,0,1,1,1,1,1,1,0,1,1
34
102,45,1,1,1,1,1,1,1,1,1,1,1,1,1,1,1,1,1,1,1,1,1,1,1,1,1,1,1,1,1,1,1,1,1,1,1,1,1,1,1,1,1,1,1,1,1,1,1,1,1,1,1,1,1,1,1,1,1,1,1,1,1,1,1,1,1,1,1,1,1,1,1,1,1,1,1,1,1,1,1,1,1,1,1,1,42,14,14,14,14,14,20,9,9,9,9,9,9,107,69,122,15,74,74,43,25,27,56,174,174,7,55,16
0,0,1,0,1,1,1,1,1,1,1,1,1,1,1,1,1,1,1,1,1,1,1,1,1,1,1,1,1,1,1,1,1,1,1,1,1,1,1,1,1,1,0,1,1,1,1,1,1,1,1,1,1,1,1,1,1,1,1,1,1,1,0,1,1,1,1,1,1,1,1,1,1,1,1,1,1,1,1,1,1,0,1,1,1,1,0,1,1,1,1,1,0,0,0,0,0,0,0,1,1,0,0,0,0,1,1,0,0,1,1,0,1,0
35
5,55,19,11,147,147,147,147,2,2,2,2,2,2,2,2,2,2,2,2,2,2,2,2,2,2,74,18,18,18,13,13,13,13,13,13,13,13,13,46,16,90,45,45,1,1,1,1,1,1,1,1,1,1,1,1,1,1,1,1,14,14,14,14,14,14,27,148,148,148,148,148,148,148,148,148,148,148,148,148,148,148,148,148,148,148,148,148,148,148,148,148,148,148,148,148,148,148,148,148,148,148,148,148,148,24,36,44,9,9,9,9,9,9,9,28,15,15,37,3,3,3,3,3,3,3,3,3,43,43
0,1,1,1,1,1,1,1,1,1,1,1,1,1,1,1,1,1,1,1,1,1,1,1,1,1,1,1,0,0,1,1,1,1,1,1,1,0,1,1,1,1,0,1,1,1,1,1,1,1,1,1,1,1,0,1,0,1,1,0,0,1,1,0,1,1,1,1,1,1,1,1,1,1,1,1,1,1,1,1,1,1,1,1,1,1,1,1,1,1,1,1,1,1,1,1,1,1,1,1,1,1,1,1,1,1,0,1,1,0,1,1,1,1,1,1,1,1,1,1,1,1,1,1,1,1,1,1,1,1
36
5,98,17,32,73,21,8,8,8,75,175,18,18,18,18,18,18,18,18,18,18,13,13,13,13,48,56,46,45,95,1,1,1,1,1,1,1,1,1,1,1,1,1,1,1,1,1,1,1,42,42,9,9,9,9,9,9,9,114,29,176,57,3,3,3,3,3,3,3,3,3,3,3,43,43,43,43,43,60,94,14,14,14,14,14,147,147,147,147,22,12,38,30,2,2,2,2,2,2,2,2,2,2,2,2,74,148,148,148,148,148,148,148,148,148,148,148,148,148,148,148,148,148,148,148,148,148,148,148,148,148,148,148,148,148,148,148,148,133,133,59,177,158,24,44,31,27,27,27,97,178,28,174
0,1,1,0,1,0,0,1,1,1,1,0,0,0,0,0,1,0,0,1,1,1,1,1,1,1,0,1,1,1,1,1,0,1,1,1,1,1,1,1,1,1,1,1,1,1,1,1,1,1,1,1,0,1,1,1,1,1,1,0,1,1,1,1,1,1,1,1,1,1,1,1,1,1,0,1,1,1,0,0,1,1,1,0,1,1,1,1,1,0,0,1,1,1,1,1,1,1,1,1,1,1,1,1,1,0,1,1,1,1,1,1,1,1,1,1,1,1,1,1,1,1,1,1,1,1,1,1,1,1,1,1,1,1,1,1,1,1,1,1,0,0,1,0,1,0,0,0,1,1,0,0,0
37
37,37,1,1,1,1,1,1,1,1,1,1,1,1,143,55,55,27,9,9,9,9,9,9,147,147,147,147,147,147,147,86,63,32,32,2,2,2,2,2,2,2,2,2,2,2,2,2,2,2,2,2,98,13,13,13,13,13,13,13,13,13,13,149,74,148,148,148,148,148,148,148,148,148,148,148,148,148,148,148,148,148,148,148,148,148,148,148,148,148,148,148,148,148,148,148,148,148,148,148,111,3,3,3,3,3,3,3
1,1,1,1,0,1,1,1,1,0,1,1,1,1,1,0,1,0,1,1,1,1,1,0,1,1,1,1,1,1,1,1,1,0,1,1,1,1,1,1,1,1,1,1,1,1,1,1,1,1,1,1,1,1,1,1,1,1,1,1,1,1,1,1,0,1,1,1,1,1,1,1,1,1,1,1,1,1,1,1,1,1,1,1,1,1,1,1,1,1,1,1,1,1,1,1,1,1,1,1,1,1,1,1,1,1,1,1
38
14,14,14,14,14,14,14,14,14,102,44,21,147,57,2,2,75,74,18,46,56,7,16,20,20,45,45,1,1,1,1,1,1,1,1,1,1,1,1,1,1,1,1,1,1,1,1,1,1,1,1,1,1,1,1,1,1,1,1,1,1,1,1,1,1,1,1,1,1,1,1,1,1,1,1,1,1,1,1,1,1,1,1,1,1,1,1,1,1,1,1,1,1,1,1,1,1,1,1,1,1,1,1,1,1,1,1,1,1,1,1,1,1,1,1,1,1,1,1,1,55,42,27,148,24,24,24,36,36,51,9,9,9,9,9,9,28,37,174,43,43,43,43,43,43,43,43
1,1,1,1,1,1,1,1,1,0,1,0,1,1,1,1,0,0,0,1,0,1,0,1,1,1,1,1,1,1,1,1,0,1,1,1,1,1,1,1,1,1,1,1,1,1,1,1,1,1,1,1,1,1,1,1,1,1,1,1,1,1,1,1,1,1,1,1,1,1,0,1,1,1,1,1,1,1,1,1,1,1,1,1,1,1,1,1,1,1,1,1,1,1,1,1,1,1,1,1,1,0,1,1,1,1,1,1,1,1,1,1,1,1,1,1,1,1,1,1,0,1,1,1,1,0,0,0,1,1,1,1,1,1,1,0,1,1,1,0,1,1,1,0,1,1,1
39
26,5,5,123,51,14,14,14,14,19,19,147,147,117,21,21,21,84,22,12,12,38,66,66,118,89,179,100,18,1,1,1,1,1,1,1,1,1,1,1,1,1,1,1,1,1,1,1,1,1,1,1,1,1,1,1,1,1,1,1,1,1,1,1,1,1,1,1,1,1,1,1,1,1,1,1,1,1,1,1,1,1,1,1,1,1,1,1,1,1,1,1,1,1,1,1,1,1,1,1,1,1,1,1,1,1,1,1,1,1,1,1,1,1,1,1,1,1,1,1,1,56,69,69,69,122,45,59,59,59,59,59,59,59,16,116,27,27,27,9,9,9,9,9,24,44,44,2,63,63,32,75,145,15,58,174,43,60
1,1,0,1,0,1,1,1,1,1,1,0,1,1,1,1,1,1,1,1,1,1,1,1,1,0,1,0,0,1,1,0,0,1,1,0,1,1,1,1,1,1,1,1,1,1,1,1,1,1,1,1,1,1,1,0,1,1,1,1,1,1,1,1,0,1,1,1,1,1,1,1,1,1,1,1,1,1,1,1,1,1,1,1,1,1,1,1,1,1,1,1,1,1,1,1,1,1,1,1,1,1,1,1,1,1,1,1,1,1,1,1,0,1,1,1,1,1,1,1,1,0,1,1,1,1,0,1,1,1,1,1,1,1,0,1,1,1,0,1,0,1,0,0,0,1,1,1,1,1,1,0,1,1,0,1,1,1
40
5,5,5,72,98,14,14,14,14,14,14,14,14,17,11,147,86,91,74,83,33,18,18,18,18,18,133,133,109,56,155,16,20,20,45,45,180,1,1,1,1,1,1,1,1,1,1,1,1,1,1,1,1,1,1,1,1,1,1,1,1,1,1,1,1,1,1,1,1,1,1,1,1,1,1,1,1,1,1,1,1,1,1,1,1,1,1,1,1,1,1,1,1,1,1,1,1,1,1,1,1,1,1,1,1,1,1,1,1,1,1,116,42,27,27,9,9,9,9,9,9,9,52,106,106,68,54,54,28,15,37,43,43,43,43,43,43
0,0,0,1,1,1,1,1,1,1,0,1,1,1,0,1,1,1,1,1,1,1,0,0,0,0,0,1,1,1,1,1,0,1,1,1,1,1,1,1,0,0,1,1,1,1,1,1,1,1,1,1,1,1,1,1,1,1,0,1,0,1,1,1,1,1,1,1,1,1,0,1,1,1,1,1,1,1,1,1,1,1,1,1,1,1,1,1,1,1,1,1,1,1,1,1,1,1,1,1,1,1,0,0,1,1,1,1,1,1,1,1,0,1,0,1,1,1,1,0,1,1,1,1,1,0,1,1,0,1,1,0,1,0,1,0,1
41
72,5,14,14,14,14,14,14,136,147,147,147,8,2,2,2,2,89,74,74,9,9,9,9,9,9,9,9,9,18,13,13,56,16,45,45,1,1,1,1,1,1,1,1,1,1,1,1,1,1,1,1,1,1,1,1,1,1,1,1,1,1,1,1,1,1,1,1,1,1,1,1,1,1,1,1,1,1,1,1,1,1,1,1,1,1,1,1,1,1,1,1,1,1,1,1,1,1,1,1,1,1,1,1,1,1,1,1,1,1,1,1,1,55,42,148,148,148,148,148,148,27,27,54,37,3,3,3,3,43,43,43
0,0,1,1,1,1,1,1,0,1,1,1,1,1,1,1,1,1,0,1,1,0,1,1,0,1,0,0,1,0,1,1,1,0,1,1,1,1,0,0,1,1,1,1,1,1,1,1,1,1,1,1,1,1,1,1,0,1,1,1,1,1,1,1,1,0,1,1,1,1,1,1,1,1,0,1,1,1,1,0,1,1,1,1,1,1,0,1,1,1,1,1,1,1,1,1,1,1,1,1,1,1,1,1,1,1,1,0,1,1,1,1,1,1,1,1,1,1,1,1,1,0,1,1,1,1,1,0,1,1,1,1
42
9,9,9,9,9,9,9,1,1,1,1,1,1,1,1,1,1,1,1,1,1,1,1,1,1,1,1,1,1,1,1,1,1,1,1,1,1,1,1,1,1,1,1,1,1,1,1,1,1,1,1,1,1,1,1,1,1,1,1,1,1,1,1,1,1,1,1,1,1,1,1,1,1,1,1,1,1,1,25
1,0,1,0,0,0,0,1,1,1,1,1,1,1,1,1,1,1,1,1,1,1,1,1,1,1,0,1,1,1,1,1,1,0,1,0,1,1,1,1,1,1,1,1,1,1,1,1,1,1,1,1,1,1,1,1,1,1,1,1,1,1,1,1,1,1,1,1,1,1,1,1,1,1,1,1,1,1,1
43
5,5,98,14,14,14,14,14,14,32,32,32,84,21,21,147,147,147,107,2,2,2,2,2,2,2,2,2,2,2,2,2,100,124,119,99,99,99,99,69,69,1,1,1,1,1,1,1,1,1,1,1,1,1,1,1,1,1,1,1,1,1,27,27,27,148,148,148,148,148,148,148,148,148,148,148,148,148,148,148,148,148,148,148,24,54,48,9,9,9,9,9,9,9,9,97,97,13,13,13,13,15,37,37,3,3,3,3,3,3,3,3,43,43,43,43,43,60
0,0,1,1,1,1,1,1,1,0,1,1,1,0,1,1,1,1,1,0,1,1,1,1,1,1,1,1,1,1,1,1,1,1,0,0,1,1,1,1,1,1,1,1,1,1,1,1,1,1,1,1,1,1,0,1,1,1,1,0,1,1,1,1,1,1,1,1,1,1,1,1,1,1,1,1,1,1,1,1,1,1,1,1,0,1,1,1,1,1,1,0,0,0,0,0,1,1,1,1,1,1,1,1,1,1,1,1,1,1,1,1,1,1,1,0,1,1
44
5,5,14,14,14,14,14,14,14,14,14,14,14,14,19,32,21,147,86,18,57,75,74,33,156,46,46,56,16,20,20,20,45,45,1,1,1,1,1,1,1,1,1,1,1,1,1,1,1,1,1,1,1,1,1,1,1,1,1,1,1,1,1,1,1,1,1,1,1,1,1,1,1,1,1,1,1,1,1,1,1,1,1,1,1,1,1,1,1,1,1,1,1,1,1,1,1,1,1,1,1,1,1,1,1,1,1,1,1,1,1,1,1,1,1,1,1,1,1,1,1,1,1,1,1,1,1,1,1,1,1,1,1,1,1,1,1,1,1,1,1,1,1,1,1,1,1,1,1,1,1,1,1,1,1,1,1,1,1,1,55,42,9,9,9,9,9,9,9,9,9,9,9,9,24,44,27,54,28,15,15,43,43,43,43
0,0,1,1,1,1,1,0,1,1,1,1,1,1,1,1,1,1,1,0,1,0,1,1,0,0,1,0,0,1,1,1,1,1,1,1,1,1,1,1,1,1,1,1,1,1,1,1,1,1,1,1,1,1,1,1,1,1,1,1,1,1,1,1,1,1,1,1,1,1,1,1,1,1,1,1,1,0,0,1,1,1,1,1,1,1,1,1,1,1,1,1,1,1,1,1,1,1,1,1,0,1,1,1,1,1,1,1,1,1,1,1,1,1,1,1,1,1,1,1,1,1,1,1,1,1,1,1,1,1,1,1,1,1,1,1,1,1,1,1,1,1,1,1,1,1,1,1,1,1,1,1,1,1,1,1,1,1,1,1,1,1,1,0,1,1,1,1,1,1,0,0,0,0,1,1,0,0,1,1,1,0,1,1,1
45
5,5,123,14,14,14,14,14,14,11,147,147,147,147,147,86,38,8,2,2,2,2,75,74,74,83,9,9,9,9,9,148,148,148,99,56,56,56,133,90,45,45,1,1,1,1,1,1,1,1,1,1,1,1,1,1,1,1,1,1,1,1,1,1,1,1,1,1,1,1,1,1,1,1,1,1,1,1,1,1,1,1,1,1,1,1,1,1,1,1,1,1,1,1,1,1,1,1,1,1,1,1,1,1,1,1,1,1,55,42,158,24,106,106,44,27,27,15,3,3,36,43,43,43,43
0,0,1,1,1,1,1,1,1,1,1,1,1,1,1,1,1,0,1,1,1,1,1,0,1,0,1,1,1,1,1,1,1,1,0,1,1,1,0,1,1,1,1,1,1,1,0,1,1,1,1,1,1,1,0,1,1,1,1,1,1,1,1,1,0,1,1,1,1,1,1,1,1,1,1,1,1,1,1,1,1,1,1,1,1,1,0,1,1,1,1,1,1,1,1,1,1,1,1,1,1,1,1,1,1,1,1,1,1,1,1,1,1,1,1,0,1,1,1,1,0,1,1,1,1
46
5,5,5,5,5,20,20,20,20,20,20,20,20,20,45,1,1,1,1,1,1,1,1,1,1,1,1,1,1,1,1,1,1,1,1,1,1,1,1,1,1,1,1,1,1,1,1,1,1,1,1,1,1,1,1,1,1,1,1,1,1,1,1,1,1,1,1,1,1,1,1,1,1,1,1,1,1,1,55,14,14,14,14,14,14,14,14,14,14,27,27,27,148,148,148,148,148,147,147,147,147,147,147,31,9,9,9,9,9,9,9,9,9,9,2,2,2,2,74,25,25,56,3,7,43,43,43,43,16
0,0,1,1,1,0,1,1,1,1,1,1,1,1,1,1,1,1,0,1,1,1,1,1,1,1,1,1,1,1,1,1,1,1,1,1,1,1,0,1,1,1,1,1,1,1,1,1,1,1,1,1,1,1,1,1,1,1,1,1,1,1,1,1,1,1,1,1,1,1,1,1,1,1,1,1,1,0,1,1,1,1,1,1,1,1,1,1,1,1,1,1,0,1,1,1,1,1,1,1,1,1,1,1,1,1,1,1,1,1,1,1,1,1,1,1,1,1,1,0,0,1,1,1,1,1,1,1,1
47
5,5,5,5,5,55,27,147,86,80,2,2,2,2,2,2,2,2,1,1,1,1,1,1,1,1,1,1,1,1,1,1,1,1,1,1,1,1,1,1,1,1,1,1,1,1,1,1,1,1,1,1,1,1,13,18,133,48,45,45,59,125,79,79,148,148,148,148,148,148,148,148,148,148,36,51,31,31,31,9,9,9,9,9,9,9,9,9,25,28,37,3,3,43
0,1,0,1,0,1,0,1,1,1,1,1,1,1,1,1,1,1,1,1,1,0,1,1,1,1,0,1,1,1,1,1,1,1,1,1,1,1,1,1,1,1,1,1,1,1,1,1,1,1,1,1,1,1,1,1,1,1,1,1,0,1,1,1,1,1,1,1,1,1,1,1,1,1,0,1,1,1,0,1,1,0,1,1,1,0,1,1,0,0,1,1,1,1
48
20,20,20,1,1,1,1,1,1,1,1,1,1,1,1,1,1,1,1,1,1,1,1,1,1,1,1,1,1,1,1,1,1,1,1,1,1,1,1,1,1,1,1,1,1,1,1,1,1,1,1,1,55,14,14,14,14,14,14,14,14,14,14,14,9,9,9,9,9,9,9,9,9,9,31,148,148,148,148,2,2,2,2,2,2,2,2,2,75,74,115,18,18,18,18,46,11,43,43,43,43,43,60,60
0,1,1,1,1,1,1,1,1,1,1,1,1,1,1,1,1,1,1,1,1,1,1,1,1,0,1,1,1,1,1,1,1,1,1,1,1,1,1,1,1,1,1,1,1,1,1,1,1,1,0,1,1,1,1,1,1,1,1,1,1,1,1,1,0,1,0,0,0,0,0,1,0,0,1,0,1,1,1,1,1,1,1,1,1,1,1,1,0,1,1,0,0,0,0,1,1,1,1,0,1,1,1,0
49
5,5,5,5,5,5,5,14,14,14,14,14,11,147,86,86,2,75,74,57,133,48,48,56,45,45,1,1,1,1,1,1,1,1,1,1,1,1,1,1,1,1,1,1,1,1,1,1,1,1,1,1,1,1,1,1,1,1,1,1,1,1,1,1,1,1,1,1,1,1,1,1,1,1,1,1,1,1,1,1,1,1,1,1,1,1,1,1,1,1,1,1,1,1,1,1,1,1,1,1,1,1,1,1,16,42,9,9,9,9,9,9,24,24,106,106,106,44,62,27,27,54,181,37,37,37,43,43,43,43,43,43,43,43
0,1,1,1,1,1,0,1,1,1,1,1,1,1,0,1,1,1,1,1,1,1,1,1,0,1,1,1,0,1,1,1,1,1,1,1,1,1,1,1,1,1,1,1,1,1,1,1,1,1,1,1,1,1,1,1,1,1,1,1,1,0,1,1,1,1,1,1,1,1,1,1,1,1,1,1,1,1,1,1,1,1,1,1,1,1,1,1,1,1,1,1,1,1,1,1,1,1,1,1,1,1,1,1,1,1,1,1,1,0,0,0,0,0,1,0,1,1,0,0,1,1,0,1,1,1,1,1,0,1,1,1,1,1
50
26,17,14,14,14,14,16,147,147,147,147,147,147,86,80,80,80,30,57,2,2,2,2,2,2,2,2,2,2,2,2,81,81,74,74,74,12,13,13,13,18,148,148,148,148,148,148,148,148,148,148,148,148,148,148,148,148,148,148,148,148,148,148,148,148,56,7,7,5,45,37,37,1,1,1,1,1,1,1,1,1,1,1,1,1,1,1,1,1,1,1,1,1,1,1,1,1,1,1,1,1,1,1,1,1,1,1,1,55,27,27,9,9,9,9,9,9,9,9,9,51,29,63,15,60,3,3,43,43,43,43,43,43,83
1,1,1,1,1,1,1,1,1,1,1,1,1,1,1,1,1,1,1,1,1,1,1,1,1,1,1,1,1,1,1,1,1,1,1,0,1,1,1,0,0,1,1,1,1,1,1,1,1,1,1,1,1,1,1,1,1,1,1,1,1,1,1,1,1,0,0,1,0,1,1,1,1,1,1,1,1,1,1,1,1,1,1,1,1,0,1,1,1,1,1,1,1,1,1,1,1,1,1,1,1,1,1,1,1,1,1,1,1,1,1,1,1,0,1,1,0,0,1,0,0,1,1,0,1,1,1,0,1,1,0,1,1,1
51
5,5,59,59,55,55,19,84,21,147,147,147,147,147,147,107,2,2,2,2,2,89,18,148,148,148,148,148,46,104,16,16,102,45,1,1,1,1,1,1,1,1,1,1,1,1,1,1,1,1,1,1,1,1,1,1,1,1,1,1,1,1,1,1,1,1,1,1,1,1,1,1,1,1,1,1,1,1,1,1,1,1,1,1,1,1,1,1,1,1,1,1,1,1,1,1,1,1,1,1,1,1,1,1,1,1,14,9,9,9,9,9,9,9,34,34,51,7,7,27,27,27,27,27,27,15,3,43,43,43,43
1,1,0,1,1,1,1,1,0,1,1,1,1,1,1,1,1,1,1,1,1,1,0,1,1,1,1,1,1,0,1,1,1,0,1,1,1,1,1,1,1,1,1,1,1,1,1,1,1,1,1,1,1,1,1,1,1,1,1,1,0,1,1,1,1,1,1,1,1,1,1,1,1,1,1,1,1,1,1,1,1,1,1,1,1,1,1,1,1,0,1,1,1,1,1,1,1,1,1,1,1,1,1,1,1,1,1,1,0,1,1,0,1,1,0,1,0,1,1,1,1,1,1,1,1,1,1,0,1,1,1
52
5,5,5,5,14,14,14,14,14,14,11,16,21,21,147,45,45,57,2,2,2,2,74,13,18,18,148,148,148,148,148,148,148,148,148,148,148,48,56,133,20,20,126,1,1,1,1,1,1,1,1,1,1,1,1,1,1,1,1,1,1,1,1,1,1,1,1,1,1,1,1,1,1,1,1,1,1,1,1,1,1,1,1,1,1,1,1,1,1,1,1,1,1,1,1,1,1,1,1,1,1,1,1,1,1,1,42,116,27,27,27,9,9,9,9,9,9,9,24,24,24,24,24,24,44,122,28,37,3,3,3,3,43,43,43,43
0,0,0,0,1,0,1,1,1,1,1,1,1,0,1,1,1,1,1,1,1,1,0,1,0,0,1,1,1,1,1,1,1,1,1,1,1,1,1,0,1,1,1,1,1,1,1,1,1,1,1,1,1,1,1,1,1,1,1,1,1,1,1,1,1,1,1,1,1,1,1,1,1,1,1,1,1,1,1,1,1,1,1,1,1,1,1,1,1,1,1,1,1,1,1,1,1,1,1,1,1,1,1,1,1,1,1,1,0,1,1,1,1,1,1,0,0,0,1,0,1,1,0,1,1,0,0,1,1,1,1,0,1,0,1,1
53
5,5,5,174,14,14,14,19,21,21,147,107,107,2,2,2,2,2,2,2,74,12,12,48,111,69,16,20,45,56,1,1,1,1,1,1,1,1,1,1,1,1,1,1,1,1,1,1,1,1,1,1,1,1,1,1,1,1,1,1,1,1,1,1,1,1,1,1,1,1,1,1,1,1,1,1,1,1,1,1,1,1,1,1,1,1,1,1,1,1,55,55,42,27,9,9,9,9,9,9,9,24,24,24,36,29,29,148,148,148,148,158,15,15,15,15,3,3,43,43,43,60
0,0,0,0,0,1,1,1,1,0,1,1,0,1,1,1,1,1,1,1,1,1,1,0,1,1,0,1,1,1,1,1,1,1,0,1,0,1,1,1,1,1,1,1,1,1,1,1,1,1,1,1,1,1,1,1,1,1,1,0,1,1,1,1,1,1,1,1,1,1,1,1,1,1,1,1,1,1,1,1,1,1,1,1,0,1,1,1,1,1,1,1,0,1,1,1,1,1,1,0,1,0,0,0,1,0,0,1,1,0,0,1,0,1,1,1,1,1,1,1,1,1
54
5,17,55,147,108,8,2,2,2,75,182,33,9,9,9,9,9,9,18,18,18,18,59,56,69,16,1,1,1,1,1,1,1,1,1,1,1,1,1,1,1,1,1,1,1,1,1,1,1,1,1,1,1,1,1,1,1,1,1,1,1,1,1,1,1,1,1,1,1,1,1,1,1,1,1,1,1,1,1,1,1,1,1,1,1,1,1,1,1,1,1,1,1,1,1,1,1,1,1,1,1,1,1,1,1,1,1,1,1,1,1,1,1,1,1,1,1,1,1,1,1,1,1,1,1,1,1,1,1,1,1,1,1,1,14,14,14,14,14,14,148,148,114,44,27,27,54,54,13,28,43,43,43,43
0,1,1,1,1,1,1,1,1,1,1,1,1,1,0,1,1,0,0,0,0,0,0,0,1,1,1,1,1,0,0,0,1,1,1,1,1,1,1,1,1,1,1,1,1,1,1,1,1,1,1,1,1,1,1,1,1,1,1,1,0,1,1,1,1,0,1,1,1,1,0,1,1,0,1,1,1,1,1,1,1,1,1,1,1,1,1,1,1,1,1,1,1,1,1,1,1,1,1,1,1,1,1,1,1,1,1,1,1,1,1,1,1,1,1,1,1,1,1,1,1,1,1,1,1,1,1,1,1,1,1,1,1,1,1,1,1,1,1,1,1,1,1,1,1,1,1,1,1,0,1,1,1,0
55
5,5,5,5,5,5,20,171,1,1,1,1,1,1,1,1,1,1,1,1,1,1,1,1,1,1,1,1,1,1,1,1,1,1,1,1,1,1,1,1,1,1,1,1,1,1,1,1,1,1,1,1,1,1,1,1,1,1,1,1,1,1,1,1,1,1,1,1,1,1,1,1,1,1,1,1,1,1,14,14,14,14,14,14,19,19,19,9,9,9,9,9,9,9,9,147,147,18,51,29,48,11,2,2,2,2,8,126,26,156,109,7,7,43,43
1,0,0,1,1,1,1,1,1,1,1,1,1,1,1,1,1,1,1,1,1,1,1,1,1,1,1,1,1,1,1,1,0,1,1,1,0,1,1,0,1,1,1,1,1,1,1,1,1,1,1,1,1,1,1,1,1,1,1,1,1,1,1,1,1,1,1,0,1,1,1,1,1,1,1,1,1,1,1,1,1,1,1,1,0,0,1,1,1,1,1,0,0,0,1,0,1,0,1,0,1,1,1,1,1,1,1,1,1,1,1,0,1,1,0
56
98,14,14,19,11,21,147,147,147,2,2,2,74,18,13,13,138,134,16,20,20,20,56,1,1,1,1,1,1,1,1,1,1,1,1,1,1,1,1,1,1,1,1,1,1,1,1,1,1,1,1,1,1,1,1,1,1,1,1,1,55,27,27,148,148,148,148,148,148,148,148,148,148,148,148,148,148,63,9,9,9,9,9,9,9,9,25,3,3,43,43,43,43,43,43
0,1,1,1,1,0,1,1,1,1,1,1,1,0,1,1,1,1,1,1,1,1,1,1,1,1,1,1,1,1,1,1,1,1,1,1,1,1,1,1,1,1,1,1,1,1,1,1,1,1,1,1,1,1,1,1,1,1,1,1,1,0,0,1,1,1,1,1,1,1,1,1,1,1,1,1,1,1,1,1,1,1,1,0,0,1,1,1,1,1,0,1,1,0,1
57
5,5,5,20,20,59,59,55,19,19,148,101,21,12,9,9,9,9,9,97,1,1,1,1,1,1,1,1,1,1,1,1,1,1,1,1,1,1,1,1,1,1,1,1,1,1,1,1,1,1,1,1,1,1,1,1,1,1,1,1,1,1,1,1,1,1,1,1,1,1,1,1,1,1,1,1,1,1,1,1,1,1,1,1,1,1,1,1,1,74,28,28,28,133
1,0,0,1,1,1,0,1,1,1,1,1,1,1,1,0,0,1,1,1,1,1,0,1,1,1,1,1,1,1,1,1,1,1,1,1,1,1,1,1,1,1,1,1,1,0,1,1,0,1,1,1,1,1,1,1,1,1,1,1,1,1,0,1,1,1,1,1,1,1,1,1,1,1,1,1,1,1,1,1,1,1,1,1,1,1,1,1,1,0,1,0,1,1
58
5,5,5,5,5,5,5,5,26,14,14,14,14,19,19,32,32,147,147,147,147,147,136,86,12,66,2,2,2,2,2,2,2,2,2,2,2,2,2,2,2,2,2,2,81,74,18,18,18,18,18,13,13,13,13,27,27,56,104,133,90,20,45,45,1,1,1,1,1,1,1,1,1,1,1,1,1,1,1,1,1,1,1,16,61,148,148,148,148,148,148,148,148,148,148,148,148,148,148,148,148,148,148,148,148,148,148,148,148,148,148,148,148,148,148,148,148,148,148,148,148,148,24,44,31,31,31,31,31,9,9,9,9,9,9,9,9,9,9,9,8,28,15,15,15,15,3,3,3,3,3,3,3,3,3,3,3,3,3,43,43
1,1,0,0,0,1,1,1,0,1,1,1,1,1,1,1,0,1,1,1,1,1,0,1,1,1,1,1,1,1,1,1,1,1,1,1,1,1,1,1,1,1,1,1,1,0,0,1,1,1,0,1,1,1,1,1,0,1,1,0,1,1,1,1,1,1,0,1,0,0,1,1,1,1,1,1,1,1,1,1,1,1,1,1,1,1,1,1,1,1,1,1,1,1,1,1,1,1,1,1,1,1,1,1,1,1,1,1,1,1,1,1,0,1,1,1,1,1,1,1,1,1,1,0,1,1,1,1,1,1,1,1,1,1,1,1,1,1,1,1,1,0,1,1,1,1,1,1,1,1,1,1,1,1,1,1,1,1,1,1,1
59
148,148,117,2,2,2,21
0,1,1,0,1,1,0
60
5,5,98,14,14,14,14,14,19,19,147,30,57,89,18,148,148,56,102,45,1,1,1,1,1,1,1,1,1,1,1,1,1,1,1,1,1,1,1,1,1,1,1,1,1,1,1,1,1,1,1,1,1,1,1,1,1,1,1,1,1,1,1,1,1,1,1,1,1,1,1,1,1,1,1,1,1,1,1,1,1,1,1,1,1,1,1,1,1,1,1,1,1,1,27,9,9,9,9,9,9,9,36,114,29,68,63,54
0,0,1,1,1,1,1,1,0,1,1,1,1,1,0,1,1,0,0,1,1,1,1,0,1,1,1,1,1,1,1,1,1,1,1,1,1,1,1,1,1,1,1,1,1,1,1,1,1,1,1,1,1,1,1,1,1,1,1,1,1,1,1,1,1,1,1,1,1,1,1,1,1,1,1,1,1,1,1,1,1,1,1,1,1,1,1,1,0,1,1,1,1,1,0,0,1,0,0,1,1,1,0,1,0,1,1,1
61
5,26,14,14,14,14,14,14,14,14,14,19,11,147,147,147,147,147,73,73,30,66,66,66,2,2,2,2,2,2,2,2,2,2,2,2,2,2,2,2,2,74,83,83,115,9,9,9,9,18,59,59,27,27,127,16,20,45,37,1,1,1,1,1,1,1,1,1,1,1,1,1,1,1,1,1,1,42,116,79,148,148,148,148,148,148,148,148,148,148,148,148,148,148,148,148,148,148,148,148,148,148,148,148,148,148,148,148,148,36,34,51,51,63,97,97,135,13,13,13,13,13,13,13,13,13,58,3,3,3,3,3,3,3,3,3,43,43,43,43,43
1,1,1,1,1,1,1,1,1,1,1,0,1,1,0,1,1,1,1,1,0,1,1,1,1,1,1,1,1,1,1,1,1,1,1,1,1,1,1,1,1,1,0,0,1,0,1,0,0,0,1,0,1,1,0,0,1,1,1,1,1,0,1,1,1,1,1,1,1,1,1,1,1,1,0,1,1,1,0,1,1,1,1,1,1,1,1,1,1,1,1,1,1,1,1,1,0,1,1,1,1,1,1,1,1,1,1,1,1,0,0,1,1,1,1,1,1,1,1,1,1,1,1,1,1,1,0,1,1,0,1,1,1,1,1,1,1,1,1,0,1
62
5,5,14,14,14,14,44,147,86,86,57,81,33,9,9,9,9,9,9,9,9,18,133,46,46,46,56,16,20,45,45,45,1,1,1,1,1,1,1,1,1,1,1,1,1,1,1,1,1,1,1,1,1,1,1,1,1,1,1,1,1,1,1,1,1,1,1,1,1,1,1,1,1,1,1,1,1,1,1,1,1,1,1,1,1,1,1,1,1,1,1,1,1,1,1,1,1,1,1,1,1,1,1,1,1,1,1,1,1,1,1,1,1,1,1,1,1,1,1,1,1,1,1,1,1,1,1,1,1,1,1,1,55,42,148,148,24,106,51,27,160,15,36,43,43,43,43,43
0,0,1,0,1,1,1,1,0,1,1,0,1,1,1,1,1,1,0,0,1,1,1,1,0,1,0,1,1,1,1,1,1,1,1,1,1,1,1,1,1,1,1,1,1,1,1,1,1,1,1,1,1,1,1,1,1,1,1,1,1,1,1,1,0,1,1,1,1,1,1,1,1,1,1,1,1,1,1,1,1,1,1,1,1,1,1,1,1,1,1,1,1,1,1,1,1,1,1,1,1,1,1,1,1,1,1,1,1,1,1,1,1,1,1,1,1,1,0,1,1,1,1,1,1,1,1,1,1,1,1,1,1,1,1,1,1,0,0,1,1,1,0,0,1,1,1,1
63
5,45,45,45,1,1,1,1,1,1,1,1,1,1,1,1,1,1,1,1,1,1,1,1,1,1,1,1,1,1,1,1,1,1,1,1,1,1,1,1,1,1,1,1,1,1,1,1,1,1,1,1,1,1,1,1,1,1,1,1,1,1,1,1,1,1,1,1,1,1,1,1,1,1,1,1,1,1,1,1,1,1,1,1,1,1,1,1,1,1,1,1,1,1,1,1,1,1,1,1,1,1,16,16,14,14,14,14,14,14,27,27,9,9,9,9,9,9,9,9,44,147,147,86,8,54,75,74,18,148,148,15,37,46,43,43,43,43,43
1,1,1,1,1,1,0,1,1,1,1,1,1,1,1,1,1,1,1,1,1,1,1,1,1,1,1,1,1,1,1,1,1,1,1,1,1,1,1,1,1,1,0,1,1,1,1,1,1,1,1,1,1,1,1,1,1,1,1,1,1,1,1,1,1,1,1,1,1,1,1,1,1,1,1,1,1,1,1,1,1,1,1,1,1,1,1,1,1,0,1,1,1,1,1,1,1,1,1,1,1,1,0,0,1,1,1,0,1,1,1,0,1,0,1,1,0,1,1,1,1,0,0,0,1,1,0,1,0,1,1,1,1,1,1,0,1,1,1
64
5,5,5,5,5,5,5,5,5,5,5,5,5,5,5,5,5,5,5,5,5,5,5,5,5,5,5,5,5,5,5,5,5,5,5,5,5,5,5,5,5,5,5,5,5,5,5,5,5,5,5,5,5,5,5,5,5,5,5,102,1,1,1,1,1,1,1,14,14,14,19,19,9,9,9,9,9,9,9,9,9,9,21,63,27,27,27,27,2,2,2,2,2,2,2,2,2,2,2,2,2,2,2,2,2,2,2,2,2,2,18,18,148,148,148,148,148,148,148,148,148,148,148,148,148,148,99,3,3,3,3,3,60
1,1,1,0,1,1,1,1,0,1,1,1,1,0,1,0,0,0,0,0,1,1,1,0,1,0,1,1,0,0,1,0,1,1,0,1,1,0,1,1,1,0,0,0,1,1,1,0,1,1,0,0,0,1,0,0,1,0,1,0,1,1,1,1,1,1,1,1,1,1,0,1,1,1,1,0,1,0,1,1,1,1,1,1,1,1,0,0,1,1,1,1,1,1,1,1,1,1,1,1,1,1,1,1,1,1,1,0,1,1,0,1,1,1,1,1,1,1,1,1,1,1,1,1,1,0,1,1,1,0,1,0,0
65
98,14,14,14,14,14,147,147,147,45,2,2,2,2,2,2,2,2,2,2,2,2,2,2,1,1,1,1,1,1,1,1,1,1,1,1,1,1,1,1,1,1,1,1,1,1,1,1,1,1,1,1,1,1,1,1,1,1,1,1,1,1,1,1,1,1,1,1,1,1,1,1,1,1,1,74,9,9,9,9,9,9,9,18,13,56,56,126,59,42,148,148,148,148,148,148,148,148,148,148,148,148,36,36,29,27,27,89,15,15,37,43,43,43,43,43,43,60
1,1,0,1,1,1,1,1,1,1,1,1,1,1,1,1,1,1,1,1,1,1,1,1,1,1,1,1,1,0,1,1,1,1,1,1,1,1,1,1,1,1,1,1,1,1,1,1,1,1,1,1,1,1,1,1,1,1,1,1,1,1,1,1,1,1,1,1,1,1,1,1,1,1,1,0,1,1,1,1,1,0,1,0,1,1,1,1,0,1,1,1,1,1,1,1,1,1,1,1,1,1,0,0,0,1,1,1,1,1,1,1,1,1,1,1,1,0
66
5,5,5,59,143,14,27,147,147,147,147,147,147,107,8,2,2,2,2,2,2,2,2,2,2,2,2,2,18,13,13,13,13,13,13,13,13,13,13,7,7,102,20,20,1,1,1,1,1,177,77,79,79,79,148,148,148,148,148,148,148,148,148,148,148,148,148,148,148,148,148,148,148,148,148,148,148,148,148,148,148,148,148,19,63,9,9,9,9,9,9,9,25,25,25,3,3,3,3,3,3,60
0,0,0,0,1,1,1,1,1,1,1,1,1,1,1,1,1,1,1,1,1,1,0,1,1,1,1,1,1,1,1,1,1,1,1,1,1,1,1,0,1,1,0,0,1,1,1,1,1,0,0,1,1,0,1,1,1,1,1,1,1,1,1,1,1,1,1,1,1,1,1,1,1,1,1,1,1,1,1,1,1,1,1,1,1,0,0,1,1,0,1,1,1,1,1,0,1,1,1,1,1,0
67
26,20,98,1,1,1,1,1,1,1,1,1,1,1,1,1,1,1,1,1,1,1,1,1,1,1,1,1,1,1,1,1,1,1,1,1,1,1,1,1,1,1,1,1,1,1,1,1,1,1,1,1,1,1,1,1,1,1,1,1,1,1,1,1,1,1,1,1,1,1,1,1,1,1,14,122,9,9,9,9,9,9,114,147,147,31,27,2,2,2,74,83,83,18,148,148,148,148,148,148,11,104
1,1,0,1,1,1,1,1,1,1,1,1,1,1,1,1,1,1,1,1,1,1,1,1,1,1,1,0,1,0,0,1,1,1,1,1,1,1,0,1,1,1,1,1,1,1,1,1,1,1,1,1,1,1,1,1,1,1,1,1,1,1,1,1,1,1,1,1,1,1,1,1,1,1,1,0,1,1,1,1,1,1,1,1,1,1,0,1,1,1,0,1,0,1,1,1,1,1,1,1,1,1
68
5,20,98,1,1,1,1,1,1,1,1,1,1,1,1,1,1,1,1,1,1,1,1,1,1,1,1,1,1,1,122,14,14,14,14,14,19,9,9,9,9,9,21,147,97,97,93,148,148,148,148,148,148,148,148,148,148,148,148,148,148,2,2,2,2,2,2,2,2,2,25,13,3,3,7,118,60
0,1,1,1,1,1,1,0,1,1,1,1,1,1,1,1,1,1,1,1,0,1,1,1,1,1,1,1,1,1,0,1,1,1,1,1,1,1,1,0,0,1,1,1,1,1,1,1,1,1,1,1,1,1,1,1,1,1,1,1,1,0,1,1,1,1,1,1,0,1,0,1,1,1,0,1,1
69
5,14,14,14,32,147,147,147,147,22,2,2,2,2,2,2,2,2,2,2,2,2,2,2,2,2,74,13,13,13,13,13,13,148,148,148,148,148,148,148,148,148,148,148,148,148,148,148,148,148,148,148,148,148,148,148,148,148,148,148,148,148,148,148,148,148,148,148,148,148,148,148,148,148,46,46,46,111,20,45,1,1,1,1,1,1,1,1,1,1,1,1,1,1,1,1,1,1,1,1,1,16,16,116,9,9,9,9,9,9,9,9,24,114,183,27,27,27,101,158,15,3,3,3,3,3,3,3,3,3,3,3,3,167,167,43,43,43,43,43,43,43
1,1,1,1,0,1,1,1,1,0,1,1,1,1,1,1,1,1,1,1,1,1,1,1,1,1,0,1,1,0,1,1,1,1,1,1,1,1,1,1,1,1,1,1,1,1,1,1,1,1,1,1,0,1,1,1,1,1,1,1,1,1,1,1,1,1,1,1,1,1,1,1,1,1,1,1,1,1,1,1,1,1,0,1,1,1,1,1,1,1,1,1,1,1,1,1,1,1,1,1,1,1,0,1,1,1,1,1,1,1,1,1,0,1,1,0,1,0,0,1,1,1,1,1,1,1,1,1,1,1,1,1,1,1,1,1,1,1,1,1,0,1
70
5,17,14,14,14,14,14,100,147,147,147,8,2,2,2,75,74,74,9,9,9,9,9,9,18,184,46,16,20,45,45,1,1,1,1,1,1,1,1,1,1,1,1,1,1,1,1,1,1,1,1,1,1,1,1,1,1,1,1,1,1,1,1,1,1,1,1,1,1,1,1,1,1,1,1,1,1,1,1,1,1,1,1,1,1,1,1,1,1,1,1,1,1,1,1,1,1,1,1,1,1,1,1,1,1,1,1,1,1,1,1,1,1,1,1,1,1,1,1,55,42,148,148,44,57,27,27,27,27,28,37,37,3,43,43,43,43,43,43,43
1,0,1,1,1,1,1,1,0,1,1,1,1,1,1,0,0,0,0,0,1,0,0,1,0,0,1,0,1,0,1,1,1,1,1,1,1,1,1,1,1,1,1,1,1,1,1,1,1,1,1,1,1,1,1,1,1,1,1,1,0,1,1,1,1,1,1,1,1,0,1,1,1,1,0,1,1,1,1,1,1,1,1,1,1,1,1,1,1,1,1,1,1,1,1,1,1,1,1,1,1,1,1,1,1,1,1,1,1,1,1,1,1,1,1,1,1,1,1,1,1,1,1,1,1,0,0,1,1,0,1,1,0,1,1,1,0,1,1,1
71
5,9,9,2,2,2,2,2,1,148,148,148,148,3,3,3,3,3
0,1,1,1,1,1,1,1,1,1,1,1,1,1,0,1,0,1
72
9,9,9,9,2,2,2,2,2,2,2,2,2,2,2,2,2,2,2,2,2,2,1,1,1,1,1,1,1,1,1,1,1,1,1,1,1,1,1,148,148,148,148,148,148,148,148,148,148,148,148,148,148,148,148,148,148,148,148,148,148,148,148,148,148,148,148,13,13,13,13,13,114,3,3,3,3,3,3,3,3,7
1,1,0,1,1,1,1,1,1,1,1,1,1,1,1,1,1,1,1,1,1,1,1,1,1,1,1,1,1,1,1,1,1,1,1,1,1,1,1,1,1,1,1,1,1,1,1,1,1,1,1,1,1,1,1,1,1,1,1,1,1,1,1,1,1,1,1,1,1,1,1,1,1,1,1,1,1,1,1,1,1,1
73
5,5,5,127,127,14,14,14,14,14,19,11,42,147,147,8,2,74,74,18,18,18,148,148,148,16,20,1,1,1,1,1,1,1,1,1,1,1,1,1,1,1,1,1,1,1,1,1,1,1,1,1,1,1,1,1,1,1,1,1,1,1,1,1,1,1,1,1,1,1,1,1,1,1,1,1,1,1,1,1,1,1,1,1,1,1,1,1,1,1,1,1,1,1,55,125,9,9,9,9,9,9,24,29,31,31,27,27,27,37,43,43,43,43,43
1,1,0,0,1,1,1,1,0,1,1,0,1,0,1,1,0,1,0,0,1,0,1,1,1,1,1,1,1,1,1,1,1,1,1,1,1,1,1,1,1,1,1,0,1,1,1,1,1,1,1,1,1,1,1,1,1,1,1,1,0,0,1,1,1,1,1,1,1,1,1,1,1,1,1,1,1,1,1,1,1,1,1,1,1,1,1,1,1,1,1,1,1,1,0,1,0,0,0,0,0,0,0,0,1,1,1,1,1,1,1,1,1,1,0
74
5,5,5,5,164,164,98,14,14,14,14,19,19,100,100,100,100,185,185,21,86,80,8,32,157,12,115,18,18,18,18,18,56,104,104,104,16,20,1,1,1,1,1,1,1,1,1,1,1,1,1,1,1,1,1,1,1,1,1,1,1,1,1,1,1,1,1,1,1,1,1,1,1,1,1,1,1,1,1,1,1,1,1,1,1,1,1,1,1,1,1,1,1,1,1,1,1,1,1,1,1,1,1,1,1,1,1,1,1,1,1,1,1,1,1,1,1,1,1,55,42,27,9,9,9,9,9,24,24,106,72,54,63,63,97,97,28,28,28,28,36,43,43,43,43,43,83
0,0,0,0,0,1,1,0,1,1,1,1,1,0,1,1,1,0,0,1,0,0,1,0,0,1,1,0,0,0,0,0,1,0,0,1,1,0,1,1,1,1,1,1,1,1,1,1,1,1,1,1,1,1,1,1,1,1,0,1,1,1,1,1,0,1,1,0,1,0,1,1,1,1,1,1,1,1,1,1,1,1,1,1,1,1,1,1,1,1,1,1,1,1,0,1,1,1,1,1,1,1,1,1,1,0,1,1,1,1,1,1,1,1,1,1,1,1,0,1,1,1,0,1,0,0,1,1,1,0,0,0,1,1,0,1,1,0,0,0,1,1,1,1,1,1,0
75
2,1,1,1,1,1,1,1,1,42,148,3,3,86
1,0,1,1,1,1,1,1,1,1,1,1,1,1
76
98,14,14,135,147,147,147,147,147,147,147,81,2,2,2,2,2,2,2,2,2,2,2,2,2,2,2,2,2,75,33,13,13,13,13,13,13,13,13,148,148,148,148,148,148,148,148,148,148,148,148,148,148,148,148,148,148,148,148,148,148,148,148,148,148,148,148,148,148,148,148,148,148,148,148,148,148,46,56,20,20,45,45,1,1,1,1,1,1,1,1,1,1,1,1,1,1,1,1,1,1,1,16,9,9,9,9,9,9,9,44,27,27,27,89,3,3,3,3,43,43,43,43,43,43,43
0,1,1,1,1,1,1,1,1,1,1,0,1,1,1,1,1,1,1,1,1,1,1,1,1,1,1,1,1,0,1,1,1,1,1,1,1,1,1,1,1,1,1,1,1,1,1,1,1,1,1,1,1,1,1,1,1,1,1,1,1,1,1,1,1,1,1,1,1,1,1,1,1,1,1,1,1,1,1,1,1,1,0,1,1,1,1,1,1,1,1,1,1,1,1,1,1,1,1,0,1,0,1,1,1,1,1,1,0,1,1,1,1,1,1,1,1,1,1,0,1,1,1,1,1,1
77
77
5,5,188,1,1,1,190,190,190,20,9,9,9,9,9,9,9,9,9,9,9,9,9,9,9,192,192,192,147,147,193,193,191,191,191,191,191,148,148,148,2,2,2,2,2,2,2,2,2,194,186,186,186,28,13,196,196,195,10,10,10,10,189,189,189,187,187,187,187,187
1,0,1,1,1,1,1,1,1,1,1,0,0,0,1,1,1,1,1,1,1,1,1,1,1,1,1,0,1,1,1,1,1,1,1,1,1,1,1,1,1,1,1,1,1,1,1,1,1,1,0,1,1,0,1,1,1,1,1,1,1,1,1,1,1,1,0,1,1,1
78
5,5,5,5,5,5,5,5,5,5,5,5,5,5,5,5,5,5,5,5,5,5,5,5,5,5,5,5,5,5,5,5,5,5,5,5,5,5,5,5,5,5,5,5,5,5,5,5,5,5,5,5,5,5,5,5,5,5,5,5,5,5,5,5,5,5,5,5,5,5,5,5,5,5,5,5,5,5,5,5,5,197,197,197,1,1,1,1,1,1,1,1,1,1,1,1,1,1,1,1,1,1,1,1,9,9,9,9,9,9,9,9,9,9,9,9,9,9,9,9,9,9,186,186,196,196,187,187,187,187
1,0,1,1,0,1,1,1,0,0,0,1,0,0,0,0,1,0,0,0,1,0,0,1,1,0,0,0,0,0,0,0,0,1,0,0,0,0,1,0,1,0,0,1,0,0,1,0,1,0,1,0,1,1,1,0,0,1,0,1,1,0,0,0,0,0,0,0,0,0,0,0,0,0,0,0,0,0,0,0,0,0,1,0,1,1,1,1,1,1,1,1,1,1,1,1,1,1,1,1,1,1,1,1,1,0,1,1,0,1,0,0,0,0,1,1,1,1,0,1,0,0,0,0,1,1,0,0,0,1
79
5,5,5,5,5,5,5,5,5,5,5,5,5,5,5,5,5,5,5,5,5,5,5,5,5,5,5,5,5,5,5,5,5,5,5,5,5,206,206,197,197,197,190,190,201,204,204,204,211,192,192,192,194,194,194,194,191,191,203,203,10,10,184,18,18,18,18,18,18,18,186,186,207,111,189,200,202,1,1,1,1,1,1,199,9,9,9,9,9,9,9,9,9,9,9,9,9,9,9,9,9,9,210,208,44,2,2,2,193,193,195,212,209,187,187,187,205,205,198
1,0,1,0,1,0,1,0,0,1,1,0,1,1,1,1,1,0,1,0,1,1,1,0,1,1,1,1,1,0,0,1,0,1,1,0,0,1,0,0,1,0,1,1,0,1,1,1,0,1,1,0,0,1,1,1,1,1,0,1,0,1,0,0,0,0,0,0,0,0,0,0,1,0,1,0,0,1,1,0,1,1,0,0,0,0,1,0,1,0,0,1,0,0,1,0,0,0,1,1,0,1,0,1,1,1,1,1,1,1,0,1,1,1,0,1,0,0,0
80
197,1,1,1,1,1,1,1,1,1,190,148,148,148,147,147,214,193,193,9,9,9,9,9,9,9,9,9,9,9,9,9,9,9,2,213,18,18,13,13,196,187
0,1,1,1,1,1,1,1,1,1,1,1,1,1,1,1,1,1,1,0,0,0,1,1,1,0,0,0,1,1,0,0,1,1,1,1,0,0,1,1,1,1
81
5,5,5,5,5,5,5,5,5,5,5,206,206,197,197,197,190,201,204,204,211,192,192,192,192,192,214,191,191,203,194,194,194,18,18,18,18,186,186,186,186,186,186,186,207,53,189,189,189,189,189,187,187,187,187,20,20,45,215,215,215,1,1,1,1,1,1,1,1,1,1,1,1,1,1,1,1,1,1,1,1,16,125,9,9,9,9,9,9,9,9,9,9,9,9,9,9,9,9,9,9,217,44,193,193,193,193,195,195,209,209,196,196,196,196,200,200,216,205,43
0,1,1,0,1,0,0,0,0,0,0,1,0,0,1,0,0,1,1,1,1,1,1,1,1,0,1,1,0,0,1,1,1,0,0,0,0,1,1,1,1,1,1,1,1,0,1,1,1,1,1,0,1,1,1,0,1,0,0,1,1,1,1,1,1,1,1,1,1,1,1,1,1,1,1,1,1,1,1,1,1,1,0,1,1,0,0,1,1,1,1,1,1,1,1,0,1,1,0,1,0,0,1,0,1,1,1,0,0,1,1,0,1,1,1,0,1,1,1,1
82
197,197,197,190,201,192,192,147,147,2,2,2,2,2,2,2,2,2,2,2,2,194,194,194,194,186,186,186,186,186,186,18,18,18,13,13,218,218,189,189,189,189,187,187,187,187,187,20,1,191,191,9,9,9,9,9,9,9,9,9,9,9,9,9,193,193,193,195,195,148,148,148,10,10,10,10,10,198
1,1,0,1,1,1,1,1,1,1,1,1,1,1,1,1,1,1,1,1,1,1,1,1,1,0,1,1,0,1,1,0,0,0,1,1,1,0,1,1,1,1,1,0,1,1,1,1,1,1,0,0,0,0,1,1,1,1,1,1,1,1,0,0,1,1,1,1,1,1,1,1,1,1,1,1,1,0
83
206,197,197,197,220,147,204,204,204,192,192,192,192,214,214,191,191,191,191,2,2,2,2,2,75,194,194,194,194,186,186,186,186,186,18,18,18,18,18,18,18,18,13,13,207,111,189,189,189,187,187,187,187,187,188,202,215,215,1,1,1,205,205,125,9,9,9,9,9,9,9,9,9,9,9,9,9,9,9,9,9,9,9,9,203,203,193,193,193,10,10,10,148,148,55,43,209,196,196,196,196,196,196,196,196,196,196,216,219,118,198
1,0,1,1,1,1,1,1,1,1,1,1,0,0,1,1,1,1,1,1,1,1,1,1,0,1,0,1,1,1,1,1,1,1,0,0,1,0,0,0,0,0,1,1,1,1,0,1,1,0,0,1,1,1,1,1,0,1,1,1,1,0,1,0,1,0,1,0,1,0,0,0,1,0,0,0,0,0,0,0,0,0,0,1,0,0,1,1,1,1,1,1,1,1,1,1,1,1,1,1,0,1,0,1,1,1,1,1,1,0,1
84
5,5,197,197,197,190,208,32,192,192,192,192,45,45,214,30,194,194,13,13,18,186,222,189,189,189,189,189,200,200,188,20,221,1,1,1,1,1,1,1,1,1,1,1,1,1,1,1,1,1,1,1,191,191,191,191,9,9,9,9,9,9,9,9,9,9,9,9,9,9,9,201,223,193,193,193,195,209,209,187,187,187,187,43,198,198
1,0,0,1,1,1,1,1,1,1,1,1,0,1,1,1,0,1,1,1,0,1,0,1,1,0,1,1,1,1,1,1,1,1,1,1,1,1,1,1,1,1,1,1,1,1,1,1,1,1,1,1,1,1,1,1,0,1,1,0,1,1,1,0,0,0,0,1,0,1,1,1,1,1,1,1,0,1,1,1,1,1,1,1,0,1
85
5,5,5,5,5,5,5,5,197,197,190,190,190,204,204,204,204,204,192,192,192,192,214,214,203,191,191,191,191,224,194,194,194,194,186,186,186,186,18,18,13,13,207,111,189,189,189,189,189,200,200,188,20,45,215,215,1,1,1,1,1,1,1,1,1,1,1,1,1,1,1,1,1,1,199,125,9,9,9,9,9,9,9,9,9,9,9,9,9,9,9,9,44,2,2,2,193,193,193,193,195,225,43,209,187,187,187,187,187,187,187,187,216,10,10,10,10,118,198
1,0,1,1,1,1,0,0,1,1,1,1,1,1,1,1,1,1,0,1,1,0,1,1,0,1,1,1,1,1,1,1,1,1,1,1,1,1,0,0,1,1,1,1,0,1,1,1,1,1,1,1,1,1,1,1,1,1,1,1,1,1,1,1,1,1,1,1,1,1,1,1,1,1,1,1,1,0,0,0,1,1,0,1,0,1,1,1,0,0,1,1,1,1,1,1,0,1,1,0,1,1,1,1,1,0,1,1,1,1,1,1,1,1,1,1,1,0,1
86
5,5,5,197,197,197,55,201,147,147,204,204,192,192,192,192,2,2,2,2,194,194,13,18,18,18,18,18,18,18,18,18,18,18,18,18,18,186,186,207,189,189,189,200,188,20,20,20,20,215,215,215,1,1,1,1,1,1,1,1,1,1,9,9,9,9,9,9,9,9,9,9,9,9,9,9,9,9,9,9,34,193,193,193,193,193,193,195,195,148,196,196,196,187,187,187,187,10,43
0,1,1,0,0,0,1,0,1,1,1,1,1,1,1,0,1,1,1,1,1,1,1,0,0,0,0,0,0,0,0,0,0,0,0,0,0,1,0,1,1,0,1,1,0,1,1,1,1,0,1,0,1,1,1,1,1,1,1,1,1,1,0,0,1,0,0,1,0,0,1,0,1,0,1,1,0,1,0,1,1,1,1,1,1,1,1,0,1,1,1,0,1,0,1,1,1,1,1
87
5,5,5,5,206,197,190,190,190,32,228,204,204,204,211,192,192,214,191,191,191,191,227,194,194,194,194,194,186,186,186,18,18,18,13,226,111,207,189,189,189,189,200,188,188,202,45,216,1,1,1,1,1,1,1,1,1,1,1,1,1,1,1,1,1,1,1,1,1,1,1,1,1,1,1,1,1,1,1,199,125,9,9,9,9,9,9,9,9,9,9,9,9,9,9,9,9,9,9,193,193,193,193,195,209,187,187,187,187,187,3,43
0,0,0,0,1,0,1,1,0,1,1,1,1,1,1,0,0,1,1,1,1,1,1,1,1,1,1,1,1,0,0,1,1,1,1,0,1,1,1,1,1,1,1,1,1,0,1,1,1,1,1,1,1,1,1,1,1,1,1,1,1,1,1,1,1,1,1,1,1,1,1,1,1,1,1,1,1,1,1,1,1,1,0,0,0,1,1,1,1,0,1,1,0,0,1,0,1,1,1,1,1,1,1,0,1,1,0,1,1,1,0,1
88
5,5,5,5,5,5,5,5,5,206,197,197,197,197,197,204,204,204,190,190,201,231,192,192,192,192,192,45,107,191,227,2,199,18,18,18,186,186,186,186,186,222,187,187,187,195,189,189,189,189,200,188,188,20,229,229,216,1,1,1,1,1,1,1,1,1,1,1,1,1,1,1,1,1,1,1,1,1,205,205,125,9,9,9,9,9,9,9,9,9,9,9,9,9,9,9,9,9,9,224,203,203,210,68,193,193,193,209,209,196,230,219,43,194,194,194
1,1,0,0,1,1,1,1,1,1,1,0,1,1,1,1,1,1,0,1,1,1,1,1,1,1,1,1,0,1,1,1,1,0,0,1,1,1,1,1,1,1,0,1,1,1,1,0,1,1,1,1,1,1,1,1,1,1,1,1,1,1,1,1,1,1,1,1,1,1,1,1,1,1,1,1,1,1,1,1,1,0,0,1,1,0,1,0,1,0,0,0,0,0,0,1,0,0,1,0,0,0,1,1,1,1,1,0,1,1,1,1,1,1,1,1
89
5,5,206,197,197,190,202,204,204,204,204,204,211,192,45,194,194,194,194,194,191,191,191,191,203,199,214,214,150,18,18,186,186,186,186,111,218,189,189,189,189,189,189,187,187,187,187,187,187,20,20,221,221,215,215,215,1,1,1,1,1,1,1,1,1,1,1,1,1,1,1,1,1,1,1,1,1,1,1,1,1,1,205,205,125,9,9,9,9,9,9,9,9,9,9,9,9,9,9,9,9,9,9,44,193,193,193,195,195,184,209,209,196,200,216,43,198
0,0,1,0,0,1,1,1,0,1,1,1,1,1,1,0,1,1,1,1,1,1,1,1,1,1,1,0,1,0,0,1,1,1,1,1,0,1,1,1,1,1,1,1,1,0,1,1,1,0,1,1,1,1,1,1,1,1,1,1,1,1,1,1,1,1,1,1,1,1,1,1,1,1,1,1,1,1,1,1,1,1,1,0,1,1,1,0,1,1,0,0,1,1,0,0,0,0,0,1,1,1,1,1,1,1,1,1,1,0,1,1,1,1,1,1,1
90
5,197,197,197,201,192,192,192,214,2,2,194,194,194,194,233,18,18,18,18,186,186,186,216,216,189,189,189,189,189,189,200,200,200,188,1,1,1,1,1,1,1,1,1,1,1,1,1,1,1,1,1,1,1,1,191,191,191,68,232,223,193,193,193,195,195,195,9,9,9,9,9,9,9,9,9,9,9,9,9,9,209,187,187,187,187,187,210,198,198
0,0,1,1,1,1,0,1,1,1,1,1,1,1,1,1,0,1,0,1,0,0,1,1,1,1,1,0,1,1,1,1,1,1,1,1,1,1,1,1,1,1,1,1,1,1,1,1,1,1,1,1,1,1,1,0,1,0,1,0,1,1,1,0,0,1,1,1,1,0,1,1,1,1,1,1,1,1,1,1,1,1,1,0,1,1,1,1,1,1
91
5,5,5,5,5,5,190,201,32,192,192,192,192,236,236,224,105,186,186,186,186,186,186,186,186,18,18,13,226,234,200,200,188,45,45,45,1,1,1,1,1,205,205,205,9,9,9,9,9,9,9,9,9,9,9,9,238,242,193,193,193,235,209,15,10,10,10,10,241,60,197,197,19,219,147,227,227,227,2,2,2,194,194,194,194,184,222,189,189,189,189,187,187,187,191,148,148,34,34,34,240,239,239,195,195,195,195,27,243,196,196,237,237
0,1,0,0,0,1,1,1,1,1,0,1,1,1,0,1,1,1,1,1,1,1,1,0,1,0,0,1,1,1,1,1,1,1,1,1,1,1,1,1,1,1,1,1,0,0,1,1,1,0,0,0,1,0,1,0,0,1,1,1,0,1,1,1,1,1,1,1,1,0,1,0,1,1,1,1,1,0,1,1,1,1,1,1,1,0,1,1,0,0,1,1,1,1,1,1,1,1,1,1,1,1,1,0,0,1,0,1,1,1,1,1,1
92
5,5,206,197,197,190,190,55,201,204,204,211,192,192,192,192,192,192,192,191,191,191,203,203,75,194,194,194,186,186,186,186,186,186,186,18,18,18,18,18,13,13,216,189,189,189,189,187,187,187,187,187,187,188,188,20,20,45,1,1,1,1,1,1,1,1,1,1,1,1,1,1,1,1,1,1,205,205,9,9,9,9,9,9,9,9,9,9,9,9,9,9,9,9,9,9,9,210,2,2,193,193,193,193,195,43,209,10,10,118,198
1,1,0,0,1,1,1,1,1,1,1,1,0,1,1,1,1,1,0,1,1,1,0,0,1,1,1,1,0,1,1,1,1,1,1,0,0,0,0,1,1,1,1,0,1,1,1,1,0,1,0,0,1,0,1,0,1,1,1,1,1,1,1,1,1,1,1,1,1,1,1,1,1,1,1,1,1,1,0,0,0,1,1,1,0,1,1,0,1,1,1,1,1,1,0,1,1,0,1,1,1,1,1,0,0,1,1,1,1,1,1
93
5,5,5,5,5,5,197,197,190,190,190,190,201,244,204,204,204,204,211,192,192,192,192,214,214,107,191,191,2,2,194,194,194,194,194,18,18,186,186,222,189,189,189,189,200,20,45,1,1,1,1,1,1,1,1,1,1,1,1,1,1,1,1,1,1,1,1,1,1,1,199,199,199,125,9,9,9,9,9,9,9,9,9,9,9,9,9,9,9,9,208,240,193,193,193,193,193,195,209,209,187,187,187,187,3,3,10,43
0,0,0,1,0,0,0,0,1,1,1,1,0,1,1,1,1,1,1,0,1,1,1,1,1,0,1,1,1,1,1,1,1,1,1,0,0,1,1,0,0,1,1,1,1,0,1,1,1,1,1,1,1,1,1,1,1,1,1,1,1,1,1,1,1,1,1,1,1,1,1,1,0,0,1,0,0,0,1,0,1,1,1,1,1,0,0,0,0,1,1,0,1,1,1,1,0,0,1,1,0,0,1,1,1,1,1,0
94
5,5,5,5,5,197,197,197,208,208,245,147,147,214,191,191,191,191,191,191,18,18,18,2,194,194,194,246,186,186,186,186,192,192,192,192,222,189,189,189,189,200,200,45,1,1,1,1,1,1,1,1,1,1,1,1,1,1,1,1,199,148,201,193,195,195,195,9,9,9,9,9,9,9,9,9,9,9,9,9,209,209,196,187,187,187,187,187,187,205
1,0,0,0,0,0,1,1,0,1,0,1,1,1,0,0,0,1,1,0,0,1,0,1,1,0,1,1,1,1,1,0,0,0,1,1,1,0,1,1,0,1,1,1,1,1,1,1,1,1,1,1,1,1,1,1,1,1,1,1,0,1,1,1,1,1,1,1,1,1,1,1,1,1,1,1,0,1,1,1,1,0,1,0,1,1,1,1,1,1
95
5,5,5,5,5,5,5,5,5,5,5,5,5,5,5,5,5,5,206,206,197,197,190,201,219,211,192,192,192,214,214,187,187,191,191,191,203,75,194,194,194,194,247,18,18,18,186,186,189,205,205,202,215,215,1,1,1,1,1,1,1,1,1,1,1,1,1,1,1,1,1,1,1,1,1,1,1,1,1,248,125,9,9,9,9,9,9,9,9,9,9,9,9,9,9,9,9,9,9,44,193,193,193,193,193,195,249,200,204,204,250
1,1,1,0,1,1,1,1,1,0,1,1,1,1,0,0,0,1,1,0,0,0,1,1,0,1,0,0,1,1,1,1,0,1,1,1,0,1,1,1,1,1,1,0,0,0,0,1,0,1,1,1,0,1,1,1,1,1,1,1,1,1,1,1,1,1,1,1,1,1,1,1,1,1,1,1,1,1,0,0,0,0,0,1,0,1,1,0,1,1,1,1,1,1,0,1,0,1,1,0,1,0,1,1,1,1,1,1,1,0,1
96
5,5,5,5,5,5,206,206,197,197,197,190,11,147,219,211,192,192,192,192,192,192,192,214,214,214,187,187,187,187,187,2,194,194,194,194,103,252,18,18,18,18,18,18,18,18,18,186,186,186,207,189,189,189,189,189,189,200,200,20,20,45,215,1,1,1,1,1,1,1,1,1,1,1,1,1,1,1,1,1,191,191,191,191,9,9,9,9,9,9,9,9,9,9,9,9,9,9,9,9,9,9,232,253,203,203,193,193,193,195,195,251,32,196,196,196,196,60,204,204,204,204,118,198
0,0,0,0,1,0,1,0,0,1,1,1,1,1,1,1,1,1,1,1,1,0,1,1,0,1,1,1,1,1,1,1,1,1,1,1,1,0,0,0,0,0,0,0,0,0,0,0,1,1,1,0,1,1,1,1,1,0,1,1,1,1,1,1,1,1,1,1,1,1,1,1,1,1,1,1,1,1,1,1,1,1,0,1,0,1,0,1,1,1,0,1,1,1,1,1,0,0,0,0,0,1,0,1,0,0,0,1,1,0,1,0,0,1,1,1,1,1,1,1,1,1,1,1
97
197,197,190,190,201,204,204,204,211,192,192,192,192,192,214,214,118,194,194,194,18,18,18,186,186,186,186,186,218,189,189,189,189,200,188,20,20,45,45,215,1,1,1,1,1,1,1,1,1,1,1,1,1,1,1,1,1,1,1,1,1,1,1,1,1,1,1,1,1,191,191,191,191,125,9,9,9,9,9,9,9,9,9,9,9,9,9,9,9,9,9,9,2,193,193,193,193,195,209,209,196,196,187,187,187,187,43,198
0,1,1,1,1,1,0,1,1,1,1,1,1,0,1,1,0,1,1,1,0,0,0,0,1,1,0,1,1,0,1,0,1,1,1,0,0,0,1,1,1,1,1,1,1,1,1,1,1,1,1,1,1,1,1,1,1,1,1,1,1,1,1,1,1,1,1,1,1,1,1,0,1,1,0,0,1,0,1,1,0,1,1,1,1,0,1,0,0,1,1,1,1,0,1,1,1,1,1,0,1,1,0,0,1,1,1,0
98
190,190,55,201,192,192,192,192,192,192,192,192,192,236,203,75,199,199,199,186,186,186,186,186,186,186,186,18,18,18,18,18,18,18,220,254,254,216,218,200,200,200,200,188,188,111,1,1,1,1,1,1,1,1,1,1,16,16,16,16,125,9,9,9,9,9,9,9,9,9,9,9,9,9,9,9,9,9,9,9,9,9,9,9,9,9,9,9,9,9,9,9,118,193,193,193,193,13,187,187,187,187,187,187,187,187,187,10,10,10,10,10,43,206,197,197,255,204,211,214,2,2,2,2,2,2,2,215,215,194,194,194,194,189,189,189,189,189,189,189,248,202,148,148,256,195,195,195,27,54,54,205,205,205,198
1,1,1,1,1,0,1,1,1,0,0,1,1,1,0,1,1,1,1,1,0,1,1,1,1,1,1,0,0,0,0,0,0,0,0,1,1,1,1,1,1,1,1,1,1,1,1,1,1,1,1,1,1,1,1,1,1,1,1,1,0,0,0,1,0,1,1,1,1,0,0,0,0,1,1,1,1,1,0,0,1,0,0,0,0,1,0,1,1,1,0,0,0,1,1,1,1,1,0,1,0,1,1,1,0,1,0,1,1,1,1,1,0,1,0,0,1,1,1,0,1,1,1,1,1,1,1,1,1,1,1,1,1,1,1,1,1,1,1,0,1,1,1,1,0,0,1,0,1,1,1,1,0,1,1
99
5,5,5,5,5,200,197,197,197,197,258,10,32,259,204,204,204,204,192,192,192,214,214,191,191,236,236,203,203,194,194,13,18,18,18,18,186,186,207,111,257,205,205,205,188,20,20,215,1,1,1,1,1,1,1,1,1,1,1,1,1,1,1,1,1,1,1,1,1,199,9,9,9,9,9,9,9,9,9,9,9,9,9,210,44,193,193,193,193,193,195,195,254,196,187,187,187,3,30,43
1,0,0,0,0,1,0,0,1,1,1,1,0,1,1,1,1,1,1,1,1,1,1,1,1,0,0,0,0,1,1,1,0,0,0,0,1,1,1,1,0,1,0,1,1,1,1,1,1,1,1,1,1,1,1,1,1,1,0,1,1,1,1,1,1,1,1,1,1,0,1,1,1,1,1,1,0,0,1,1,1,0,1,1,1,0,1,1,1,1,0,0,1,1,0,0,0,0,1,1
100
5,5,5,5,206,197,197,190,190,201,204,204,204,204,194,194,194,194,194,194,194,192,192,192,214,214,107,191,191,191,191,191,246,2,2,2,219,199,33,220,18,18,18,186,186,186,207,193,193,193,189,189,189,189,189,189,200,20,20,20,45,215,215,215,1,1,1,1,1,1,1,1,1,1,1,1,205,205,205,9,9,9,9,9,9,9,9,9,9,9,9,9,9,9,9,9,9,34,54,203,195,195,209,260,261,196,196,196,196,196,187,10,10,10,118,198,198
0,0,0,0,1,0,0,1,1,1,0,1,1,1,1,1,1,1,1,1,1,1,0,0,1,0,1,1,1,1,1,1,0,1,1,1,1,0,0,1,0,0,0,1,0,1,1,0,1,1,0,1,0,0,1,1,0,1,1,1,1,1,1,0,1,1,1,1,1,1,1,1,1,1,1,1,1,0,1,0,1,0,1,0,1,0,1,0,0,0,0,0,0,1,1,1,0,0,1,0,0,0,1,1,0,1,1,1,1,1,0,1,1,1,1,1,1
101
5,5,26,258,55,147,186,186,186,186,186,186,192,236,236,2,2,75,194,194,194,9,9,9,9,9,9,18,18,18,13,13,226,210,189,189,189,189,187,187,187,187,45,1,1,1,1,1,1,1,1,1,1,1,1,1,1,1,1,191,191,191,191,191,191,191,125,148,148,148,193,193,10,10,10,27,237
1,0,1,1,0,1,1,1,1,1,1,0,1,1,0,1,1,1,1,1,1,1,1,0,0,1,1,1,1,0,1,1,1,1,1,1,1,1,0,0,1,1,1,1,1,1,1,1,1,1,1,1,1,1,1,1,1,1,0,1,1,1,1,0,1,1,0,1,1,1,0,1,1,1,1,1,0
102
5,5,5,265,206,197,197,197,190,201,32,259,219,219,211,192,192,251,203,203,194,194,194,194,194,194,264,18,18,186,186,186,186,186,186,186,207,216,216,216,218,189,189,189,189,200,200,200,200,204,204,45,45,215,1,1,1,1,1,1,1,1,1,1,1,1,1,1,205,125,263,44,193,193,193,193,193,195,195,195,9,9,9,9,9,9,9,9,9,9,9,9,9,9,9,9,144,191,191,262,209,196,196,196,196,196,196,187,187,187,187,187,187,10,10,43
1,0,1,1,1,1,1,1,1,0,0,1,1,0,1,1,1,1,0,1,1,1,1,1,1,1,1,0,0,1,1,1,1,0,1,1,1,1,1,1,0,0,1,1,1,1,0,1,1,1,1,0,1,1,1,1,1,1,1,1,1,1,1,1,1,1,1,1,1,0,1,1,1,1,1,1,1,0,1,0,0,1,0,0,1,0,1,0,1,1,1,1,1,1,1,1,0,1,0,1,1,0,0,1,1,1,1,0,1,1,0,1,1,1,1,0
103
5,5,186,186,186,266,1,1,1,1,1,1,1,1,1,1,1,1,1,187,187,187,187,187,187,187
0,0,0,1,1,1,1,1,1,1,1,1,1,1,1,1,1,1,0,0,1,0,1,1,1,1
104
5,5,5,5,5,5,206,197,197,197,190,190,201,147,204,211,192,192,192,192,192,192,192,192,192,214,214,2,2,2,2,2,2,2,2,2,2,2,194,194,194,13,18,18,18,18,18,18,18,186,186,186,186,207,189,189,189,189,189,200,188,202,45,215,215,1,1,1,1,1,1,191,191,205,9,9,9,9,9,9,9,9,9,9,9,9,9,9,9,9,9,9,44,203,203,193,193,193,193,195,195,195,195,195,148,148,148,148,209,209,196,187,187,187,187,187,3,10,10,10,10,118,198
1,0,1,0,1,1,1,0,1,1,1,1,1,1,1,1,1,0,1,1,1,0,0,1,0,1,1,1,1,1,1,1,1,1,1,1,1,1,1,1,1,1,0,0,0,0,0,0,0,0,1,1,1,1,1,1,1,1,1,0,0,1,0,0,1,1,1,1,1,1,1,1,1,0,0,0,0,0,1,1,1,1,1,0,0,1,0,0,0,1,1,1,1,0,0,1,1,1,1,1,1,1,1,1,1,1,1,1,1,1,0,1,0,1,1,1,1,1,1,1,1,1,1
105
5,5,5,5,206,190,192,192,192,204,204,204,147,214,191,191,227,227,2,75,194,194,194,18,18,18,18,18,18,186,186,186,186,186,222,218,207,189,189,189,189,189,189,189,200,20,20,20,20,20,215,215,1,1,1,1,1,1,1,1,199,125,9,9,9,9,9,9,9,9,9,9,118,193,193,193,193,193,195,187,187,187,187,187,205
1,1,0,1,1,1,1,0,1,1,1,1,1,1,1,1,1,1,1,1,1,1,1,0,0,0,0,0,0,1,1,1,0,0,0,0,1,1,1,1,1,1,1,1,0,0,1,1,1,0,1,1,1,1,1,1,1,1,1,1,0,0,0,0,1,0,0,0,1,1,0,1,0,0,1,1,1,1,0,1,1,1,1,1,1
106
5,5,5,5,5,190,55,201,32,32,32,228,187,187,187,187,187,187,118,247,18,18,18,18,18,220,207,218,200,200,200,200,20,20,45,215,1,1,1,199,125,225,193,193,193,13,13,209,267,10,10,10,43,43,186,186,186,206,206,197,197,192,192,192,192,192,192,204,204,204,211,147,147,214,227,227,2,2,2,2,2,2,2,2,2,2,194,194,194,246,189,189,189,189,189,189,248,191,191,191,191,191,191,148,148,148,34,34,34,44,195,195,9,9,9,9,9,9,9,9,9,9,9,9,9,9,9,9,196,196,205,198
0,0,0,0,0,1,1,1,1,1,1,1,0,1,1,1,1,1,0,0,0,0,0,0,0,1,1,0,0,1,1,1,1,1,1,0,1,1,1,0,0,1,0,1,1,1,1,1,0,1,1,1,1,1,0,0,1,1,1,0,1,1,1,1,1,1,1,1,0,0,1,1,1,1,1,1,1,1,1,1,1,1,1,1,1,1,1,1,1,0,0,1,1,1,1,0,0,1,1,1,1,1,1,1,1,1,1,1,1,1,1,1,0,0,1,1,0,1,1,1,1,1,1,1,0,1,0,0,1,1,0,1
107
5,5,5,5,5,5,5,5,5,5,5,5,5,197,197,197,190,20,204,192,192,192,192,214,203,224,248,18,186,186,218,15,189,189,189,189,200,200,188,188,202,1,1,1,1,1,1,1,1,1,1,199,199,125,9,9,9,9,9,9,9,9,9,9,9,9,9,9,9,9,9,201,2,2,193,193,195,195,195,195,196,196,196,196,196,196,196,196,196,196,196,196,196,187,187,187,187,10,10,10,43,194,194,194
1,1,1,1,1,1,0,1,0,0,0,1,1,0,1,1,0,1,0,0,0,1,0,0,0,0,1,1,1,1,1,1,1,1,1,1,1,1,1,1,0,1,1,1,1,1,1,1,1,1,0,1,0,0,1,1,0,0,0,1,1,0,1,1,1,1,1,1,1,1,0,1,1,0,0,0,0,1,1,1,1,1,1,1,1,1,1,1,1,1,0,1,0,1,1,1,1,1,1,1,1,0,0,1
108
5,5,20,20,20,1,1,1,1,1,1,1,1,1,205,9,9,192,192,192,147,148,2,2,2,2,2,213,186,186,186,18,18,13,13,234,10,10,189,189,189,189,187,187,187,187
1,1,1,1,1,1,1,1,1,1,1,1,1,1,1,0,0,1,1,1,1,1,1,1,1,1,1,0,0,1,0,0,0,1,1,0,1,1,0,1,1,1,0,1,0,1
109
5,5,197,197,197,190,147,147,147,147,192,192,2,2,2,2,2,2,2,2,2,2,2,2,2,194,194,194,13,18,18,18,18,186,186,186,186,189,189,189,189,189,189,187,187,187,187,188,188,20,20,1,1,1,191,191,191,9,9,9,9,9,9,9,9,9,9,9,9,9,34,240,193,193,195,195,148,148,148,148,148,209,209,196,200,10,10,10,10,10,10,10,10,43,198
1,0,0,0,1,1,1,1,1,1,1,1,1,1,1,1,1,1,1,1,1,1,1,1,1,1,1,1,1,1,0,0,0,1,1,1,1,0,1,1,1,1,1,0,1,1,1,0,1,1,1,1,1,1,1,1,1,0,1,0,1,1,1,1,1,0,1,0,0,1,1,1,1,1,1,1,1,1,1,1,1,1,1,1,0,1,1,1,1,1,1,1,1,1,0
110
186,186,186,186,186,268,197,197,197,190,190,55,32,16,204,204,192,192,192,192,192,206,206,191,191,203,203,75,194,194,194,194,194,194,194,214,214,13,18,184,111,189,189,189,189,200,20,20,20,20,45,45,45,215,1,1,1,1,1,1,1,1,1,1,1,1,1,1,1,1,1,1,1,1,1,1,1,1,1,1,199,199,205,205,9,9,9,9,9,9,9,9,9,9,9,9,9,9,9,9,2,193,193,193,193,193,193,195,195,195,209,209,187,187,187,187,187,10,43,43,198,198
1,1,1,1,1,1,0,1,0,1,1,0,1,1,1,1,1,1,1,1,1,1,1,1,0,0,1,1,1,1,1,1,1,1,1,1,1,1,0,0,1,0,1,1,0,1,1,1,1,1,1,1,1,0,1,1,1,1,1,1,1,1,1,1,1,1,1,1,1,1,1,1,1,1,1,1,1,1,1,0,0,1,1,1,0,0,1,0,1,1,0,1,1,1,0,0,0,0,1,0,1,0,1,0,1,1,1,1,1,1,1,0,0,1,1,1,1,1,1,1,0,1
111
26,197,197,197,190,55,201,204,204,204,204,204,211,192,192,192,192,192,192,192,187,187,187,191,191,191,191,191,203,203,75,194,194,194,194,194,194,194,18,18,18,18,18,186,186,186,186,186,207,189,189,189,189,189,200,200,188,188,20,20,45,215,215,1,1,1,1,1,1,1,1,1,1,1,1,1,1,1,1,205,205,125,148,118,193,193,193,193,195,195,9,9,9,9,9,9,9,9,9,9,9,9,9,9,9,9,9,209,196,230,10,10,10,10,43,198
1,0,1,0,1,1,1,1,1,1,1,1,1,0,0,1,1,1,1,1,0,1,1,1,1,1,1,1,0,1,1,1,1,1,1,1,1,1,0,0,0,0,0,1,1,1,1,1,1,0,1,1,1,1,0,1,1,0,1,1,0,1,1,1,1,1,1,1,1,1,1,1,1,1,1,1,1,1,1,0,1,0,1,0,0,1,1,1,0,0,1,0,0,1,1,1,0,1,1,1,1,1,1,0,1,1,1,1,1,1,1,1,1,1,1,1
112
5,5,5,5,5,5,5,5,5,5,5,5,5,5,5,5,5,5,5,5,5,5,5,5,5,5,236,196,196,1,1,1,1,1,1,9,9
1,0,1,1,1,1,0,0,1,1,1,1,1,1,1,0,1,1,1,1,1,0,0,1,0,1,0,1,1,1,1,1,1,1,1,1,1
113
206,206,197,197,197,205,201,219,211,192,192,192,192,192,214,194,194,194,194,191,191,191,191,227,2,75,199,199,190,190,250,18,18,18,18,186,186,186,186,186,207,216,216,189,189,189,189,200,200,200,20,20,215,1,1,1,1,1,1,1,1,1,1,1,1,1,1,1,1,1,1,1,1,1,1,248,61,63,203,31,195,9,9,9,9,9,9,9,9,9,9,9,9,9,9,9,9,9,193,193,193,235,209,196,196,196,196,196,196,196,187,187,187,187,3,204,204,204,204,43,198,198
1,0,0,1,0,1,0,1,0,1,1,1,1,0,1,1,1,1,0,1,1,1,1,1,1,1,1,0,1,0,1,0,0,1,0,0,1,1,1,1,1,1,1,1,0,1,1,0,1,1,1,1,1,1,1,1,1,1,1,1,1,1,1,1,1,1,1,1,1,1,1,1,1,1,1,0,1,1,0,1,1,0,1,0,1,1,1,1,0,0,1,1,1,0,0,1,1,1,1,1,1,1,1,1,1,1,1,1,1,1,1,0,1,1,0,1,1,1,1,1,1,1
114
17,197,197,197,201,231,192,192,192,192,224,194,13,18,186,222,216,189,189,189,189,205,188,20,45,1,1,1,199,9,9,9,34,2,2,2,2,2,193,193,193,210,148,148,209,209,196,10,10,10,10,10,10,43,212
0,0,1,0,1,1,1,1,1,1,1,1,1,0,1,1,1,1,1,1,1,1,1,1,1,1,1,1,1,1,0,1,0,1,1,1,1,1,1,1,1,1,1,1,1,1,1,1,1,1,1,1,1,1,0
115
5,5,5,197,197,197,190,201,192,192,192,192,214,194,194,18,18,186,186,186,186,186,186,189,189,189,191,191,20,20,20,45,45,1,1,1,1,1,1,1,1,1,1,1,1,1,1,1,1,1,1,1,1,1,1,205,9,9,9,9,9,9,9,9,9,9,9,9,9,9,193,193,193,193,195,195,196,187,187,187,187,187,269,10,43,212
1,0,0,1,1,1,1,1,0,0,1,1,1,1,1,0,0,0,1,1,0,1,1,1,1,1,1,1,1,1,1,1,1,1,1,1,1,1,1,1,1,1,1,1,1,1,1,1,1,1,1,1,1,1,1,1,0,0,0,1,1,1,1,1,1,1,1,1,1,1,0,1,1,1,0,1,1,1,0,1,1,1,1,1,1,1
116
202,45,197,1,1,1,1,1,248,271,122,32,211,270,193,195,195,9,9,9,9,9,203,194,194,213,209,209,254,218,43,250
1,1,0,1,1,1,1,1,1,1,0,0,1,1,1,1,0,1,1,1,1,0,1,1,1,1,1,1,1,1,1,1
117
26,72,197,197,190,5,5,5,5,11,192,192,192,192,192,214,227,2,10,10,13,13,18,18,18,18,18,186,186,216,216,216,189,189,189,189,189,189,189,200,200,200,188,1,1,1,1,1,1,1,1,1,1,1,1,1,1,1,1,1,1,1,191,9,9,9,9,9,9,9,9,9,9,9,9,9,9,9,272,272,193,195,195,195,263,209,209,196,187,187,187,187,187,237,194,194,194
0,1,1,0,1,0,0,1,0,1,1,1,1,1,1,0,1,1,1,1,1,1,0,0,0,0,0,1,1,0,1,1,1,1,1,1,1,0,0,1,1,0,0,1,1,1,1,1,1,1,1,1,1,1,1,1,1,1,1,1,1,1,1,0,0,1,1,1,1,1,1,1,1,1,1,1,0,0,1,1,1,0,1,1,1,1,1,1,1,0,1,1,1,1,1,1,1
118
5,206,190,55,192,192,204,204,204,147,147,214,214,191,191,191,191,2,194,194,194,194,13,13,18,18,18,186,186,186,186,273,273,189,189,189,189,189,200,200,188,188,188,20,20,45,45,45,215,1,1,1,1,1,1,1,1,1,1,1,199,125,9,9,9,9,9,9,9,9,9,9,9,9,9,9,9,9,9,9,118,193,193,193,193,193,193,195,195,148,148,209,209,196,196,196,196,187,187,187,205,43,198,198
1,1,1,0,1,1,1,1,1,1,1,1,1,1,1,1,1,1,1,1,1,1,1,1,0,0,0,1,0,0,1,0,1,0,1,0,0,0,1,1,1,1,1,1,1,1,1,1,1,1,1,1,1,1,1,1,1,1,1,1,1,1,1,1,1,0,0,0,1,1,1,0,1,1,1,0,0,1,1,0,1,0,1,1,1,1,1,0,1,1,1,1,1,1,1,1,1,0,1,0,1,1,1,1
119
206,206,197,197,190,190,55,201,204,204,211,211,192,192,192,192,192,192,214,194,194,191,2,75,75,10,18,18,18,18,18,18,186,186,186,186,186,186,207,216,218,189,189,189,189,189,187,187,187,187,20,20,20,45,215,215,215,1,1,1,1,1,1,1,1,1,1,1,1,1,1,1,1,1,1,1,1,1,1,1,205,205,205,205,9,9,9,9,9,9,9,9,9,9,9,9,9,9,9,9,9,9,9,106,203,203,193,193,193,193,195,195,196,196,196,196,196,196,196,219,198
1,0,0,1,0,1,1,0,1,1,1,1,0,0,1,1,1,1,1,1,1,1,1,0,1,1,0,0,0,0,0,0,0,0,1,0,1,0,1,1,1,0,1,1,1,0,1,1,0,1,1,1,1,1,1,1,1,1,1,1,1,1,1,1,1,1,1,1,1,1,1,1,1,1,1,1,1,1,1,1,1,1,1,0,0,1,0,1,1,0,1,0,1,1,0,0,1,0,0,1,0,1,1,1,0,1,1,1,1,1,0,0,1,1,1,1,1,1,1,1,1
120
5,5,5,5,206,197,197,190,190,55,201,147,204,211,192,192,214,214,191,191,191,2,2,2,2,2,2,2,2,2,2,194,194,194,194,194,194,13,13,18,186,186,186,186,186,186,186,207,216,216,189,189,189,189,187,187,187,187,187,187,188,45,215,215,1,1,1,1,205,205,205,148,148,148,44,203,193,193,193,193,193,195,9,9,9,9,9,9,9,9,9,9,9,9,9,9,9,9,260,144,209,209,196,196,196,200,10,10,10,198
1,0,1,0,1,1,1,1,1,1,0,1,1,1,1,0,1,0,1,1,1,1,1,1,1,1,1,1,1,1,1,1,1,1,1,1,1,1,1,0,1,1,1,1,0,1,1,1,1,1,0,1,0,1,1,0,0,1,1,1,1,1,1,1,1,1,1,1,1,1,1,1,1,1,1,0,1,1,1,1,1,0,1,1,0,1,0,1,1,0,1,1,1,1,0,0,0,0,0,0,1,1,1,1,1,1,1,1,1,1
121
5,5,5,206,197,197,197,190,190,190,55,201,16,204,192,192,214,214,191,191,191,191,118,194,233,233,220,18,18,18,18,186,186,186,186,186,207,189,189,189,189,189,187,187,187,187,187,187,20,20,215,1,1,1,1,1,1,1,1,1,1,1,1,1,1,199,9,9,9,9,9,9,9,9,9,9,9,9,9,9,9,9,203,193,193,193,195,195,195,195,196,196,196,196,196,196,196,196,196,196,205,205,43,198
0,0,0,1,1,1,0,1,1,1,1,1,0,1,0,1,0,0,1,1,1,1,0,1,0,1,0,0,0,0,0,1,1,1,1,0,1,0,1,1,1,1,1,0,1,1,1,1,1,1,1,1,1,1,1,1,1,1,1,1,1,1,1,1,1,1,0,0,1,1,1,1,1,1,0,1,1,0,0,0,0,0,0,0,1,1,0,0,0,0,1,1,1,1,1,1,1,1,1,1,0,1,1,1
122
188,9,9,192,147,240,18,2,2,2,2,2,186,186,186,28,148,148,148,196,196,10,10,10,10,10,189,189,189,189,189,187,187,187,187,187
0,0,1,0,1,0,0,1,1,1,1,1,1,1,1,1,1,1,1,1,1,1,1,1,1,1,0,1,1,1,1,1,0,0,1,1
123
5,5,197,197,197,190,201,147,219,150,192,192,192,192,214,2,2,2,2,2,2,194,194,194,194,13,13,18,18,18,18,18,18,186,186,222,189,189,189,189,187,187,187,187,188,1,1,1,1,1,191,191,191,191,9,9,9,9,9,9,9,9,9,9,9,9,9,9,9,193,193,193,195,148,148,237,235,28,209,196,196,200,10,10,10,10,10,43,198
1,1,0,1,1,0,1,1,1,1,0,1,1,1,1,1,1,1,1,1,1,1,1,1,1,1,1,0,1,1,0,0,0,1,1,0,1,1,1,1,1,1,1,1,0,1,1,1,1,1,1,1,1,1,0,0,0,1,0,0,0,1,1,0,0,1,1,1,1,0,1,1,1,1,1,1,1,1,1,1,1,0,1,1,1,1,1,0,1
124
5,5,5,5,5,5,5,5,5,5,5,5,5,5,5,5,5,5,5,5,5,5,5,5,5,5,5,5,5,5,5,5,5,5,5,5,5,5,5,5,5,5,5,5,5,5,5,5,5,5,5,5,5,5,5,5,5,5,5,5,5,5,5,5,5,5,5,5,5,5,5,5,5,5,5,5,188,188,197,197,197,1,1,1,19,9,9,9,9,9,9,9,9,9,9,9,9,9,9,9,9,9,9,34,195,18,196,196,15,200
0,1,1,0,0,0,0,0,1,0,0,0,1,1,1,0,1,1,0,1,0,0,0,0,1,0,0,1,0,1,1,0,0,1,0,1,1,1,0,0,0,0,0,0,1,1,1,0,0,1,0,0,1,1,1,1,1,1,1,1,0,1,1,1,1,1,1,1,1,1,1,0,1,1,1,1,1,1,1,1,1,1,1,1,0,0,0,1,0,1,0,1,0,0,0,0,1,0,0,1,1,1,1,1,0,0,1,1,1,1
125
5,206,206,197,197,197,190,190,55,201,219,211,192,192,192,192,192,192,192,192,192,214,214,214,191,191,191,2,2,2,194,194,194,194,186,186,186,18,18,18,18,18,18,18,18,18,18,18,13,207,189,189,189,189,189,189,200,200,200,188,20,229,215,215,1,1,1,1,1,1,1,1,1,1,1,1,1,1,1,205,205,205,125,9,9,9,9,9,9,9,9,9,9,9,9,9,9,9,9,9,9,9,9,193,193,195,195,195,195,250,250,28,209,209,196,196,196,196,187,187,187,187,204,204,43,198
0,1,1,0,1,0,1,1,1,1,1,1,1,1,1,1,1,1,1,1,1,1,1,1,1,1,1,1,1,1,1,1,1,1,1,1,1,0,0,0,0,0,0,0,0,0,0,0,1,1,1,1,1,1,1,1,0,1,1,0,0,0,1,1,1,1,1,1,1,1,1,1,1,1,1,1,1,1,1,1,1,1,1,1,1,0,1,0,1,1,1,1,0,1,1,1,1,1,1,0,1,1,1,0,1,1,1,1,1,1,1,1,1,1,1,1,1,1,0,1,1,1,1,1,1,1
126
5,5,5,5,201,206,197,197,197,190,190,55,274,219,192,192,192,192,192,192,192,192,192,214,214,191,191,191,191,203,203,75,194,194,194,220,18,18,18,18,18,186,186,186,186,186,207,111,189,189,189,189,189,200,200,188,20,45,45,215,1,1,1,1,1,1,1,1,1,1,1,1,1,1,1,1,1,1,1,1,1,1,1,1,1,1,205,205,205,125,9,9,9,9,9,9,9,9,9,9,9,9,9,9,9,9,9,9,34,193,193,193,195,195,195,212,144,209,196,196,196,196,187,187,187,187,187,216,10,204,204,204,198,198
0,0,0,0,1,1,1,1,0,1,0,1,1,1,1,1,1,1,0,0,0,1,0,1,1,1,1,1,1,0,1,1,0,1,1,0,1,0,0,0,0,0,1,1,1,1,1,1,0,1,1,1,1,1,1,1,1,1,1,1,1,1,1,1,1,1,1,1,1,1,1,1,1,1,1,1,1,1,1,1,1,1,1,1,1,1,1,1,1,1,1,1,0,0,1,1,1,1,1,1,1,1,1,1,0,0,1,0,1,1,1,1,1,1,1,1,1,1,1,1,1,1,1,1,1,1,1,1,1,1,1,1,1,1
127
197,197,197,258,190,201,245,147,147,2,2,2,2,2,2,194,13,18,18,18,18,186,192,192,15,189,189,189,187,187,187,187,187,187,188,188,1,1,1,1,1,191,191,191,191,9,9,9,9,9,9,9,9,9,9,9,9,9,67,193,195,195,148,148,196,10,10,10,43,198,198,198
0,1,0,1,1,0,1,1,1,1,1,1,1,1,1,1,1,1,1,0,0,1,1,0,0,1,1,1,0,1,1,0,1,1,1,1,0,1,1,1,1,0,1,1,1,1,0,1,1,0,0,0,0,1,0,0,1,1,1,1,0,0,1,1,1,1,1,1,1,1,1,1
128
5,197,197,197,201,147,147,219,192,192,192,45,45,214,2,2,2,2,2,2,2,194,194,194,13,13,18,18,18,18,18,18,186,186,186,226,218,189,189,189,189,189,189,200,200,200,229,1,1,1,191,191,191,191,191,148,148,148,253,34,193,193,195,9,9,9,9,9,9,9,9,9,9,9,9,9,9,9,196,187,187,187,187,10,10,10,10,43,198
0,0,1,0,1,1,1,1,1,1,1,0,1,1,1,1,1,1,1,1,1,1,1,1,1,1,0,0,0,1,0,0,1,1,1,1,0,1,1,1,1,1,0,0,1,1,1,1,1,1,1,1,1,1,1,1,1,1,1,0,1,1,0,1,1,1,1,1,0,1,0,1,0,0,1,1,1,0,1,0,1,1,1,1,1,1,1,1,1
129
5,5,5,5,5,206,197,197,197,190,190,238,253,219,192,192,192,214,194,194,194,191,191,191,18,18,2,2,261,105,275,186,186,186,189,189,189,189,189,200,200,200,200,188,188,20,20,45,215,1,1,1,1,1,1,1,1,1,1,1,1,1,205,205,125,199,199,9,9,9,9,9,9,9,9,9,9,9,9,9,9,9,9,9,9,201,118,193,193,193,193,195,148,243,209,196,196,196,187,187,187,187,3,204,204,198
0,1,0,0,1,1,0,1,0,1,1,0,1,1,0,1,1,0,1,1,1,1,1,0,0,0,1,1,1,1,1,1,1,1,0,1,1,0,1,0,1,1,1,1,1,1,1,0,1,1,1,1,1,1,1,1,1,1,1,1,1,1,0,1,0,1,1,0,1,0,0,1,0,0,0,1,1,0,0,0,0,1,1,1,1,1,0,1,1,1,1,1,1,1,0,1,1,1,0,1,1,1,1,1,1,1
130
5,5,5,5,190,201,192,192,192,192,203,75,199,199,199,13,18,18,18,18,18,18,186,186,234,216,207,200,200,200,188,20,45,45,111,133,16,9,9,9,9,9,9,9,9,9,9,9,9,9,9,9,9,9,9,9,9,193,193,193,193,193,209,209,187,187,187,187,3,219,43,206,206,197,197,276,214,214,2,215,215,194,194,194,194,1,1,1,1,1,1,1,1,1,1,1,1,1,1,1,1,1,1,1,1,1,1,1,1,1,1,1,10,189,189,189,189,189,189,248,204,204,191,191,191,191,195,196,196,196,205,198
0,1,1,0,1,1,0,1,1,0,0,0,1,1,1,1,0,0,0,0,0,0,1,1,1,0,1,0,1,1,0,1,1,1,1,1,1,0,1,0,1,0,0,0,1,0,1,1,1,0,1,0,1,0,1,1,1,1,1,1,1,1,1,1,0,1,1,1,0,1,1,1,1,0,1,1,0,1,1,1,1,1,1,1,1,1,1,1,1,1,1,1,1,1,1,1,1,1,1,1,1,1,1,1,1,1,1,1,1,0,1,0,1,0,1,0,1,1,1,1,1,1,1,1,1,1,0,1,1,1,1,0
131
5,5,190,190,201,253,236,224,18,18,18,18,186,207,207,216,218,226,20,20,20,45,45,215,215,1,1,1,1,1,1,1,1,1,1,1,1,1,1,1,1,1,1,1,1,1,1,1,1,1,1,1,1,205,9,9,9,9,9,9,9,9,9,9,9,9,9,9,9,9,9,9,9,9,9,118,193,193,193,193,260,235,278,10,10,10,43,197,197,192,192,204,204,214,194,194,194,194,194,209,277,189,189,189,189,187,187,187,187,187,187,202,221,263,34,44,203,195,195,195,63,241,243,196,196,237
0,1,1,1,0,1,0,1,0,0,0,0,1,1,0,1,1,1,1,1,1,1,1,1,0,1,1,1,1,1,1,1,1,1,1,1,1,1,1,1,1,1,1,1,1,1,1,1,1,0,1,1,1,0,1,1,0,0,0,0,0,1,0,1,1,1,1,1,1,1,1,0,0,0,1,1,0,1,1,1,0,0,0,1,1,1,1,1,0,1,1,1,1,1,1,1,1,0,1,1,1,0,1,0,1,0,0,1,1,1,1,1,1,0,1,1,0,1,1,1,1,1,1,1,1,1
132
197,197,197,197,190,238,219,192,192,192,214,214,191,191,191,191,2,2,2,194,250,18,186,186,186,186,186,218,189,189,189,189,200,279,20,20,45,1,1,1,1,1,1,1,1,1,1,1,1,1,1,205,9,9,9,9,9,9,9,9,9,9,9,9,9,193,193,193,195,148,148,209,187,187,187,187,187,10,43,198
1,1,1,1,1,0,1,0,1,1,1,1,1,1,1,1,1,1,1,1,0,0,0,0,1,1,1,0,0,1,1,1,1,1,1,1,0,1,1,1,1,1,1,1,1,1,1,1,1,1,1,1,0,0,1,1,1,1,1,1,0,0,1,1,1,1,1,1,0,1,1,1,0,0,1,1,1,1,1,1
133
5,197,197,197,201,147,147,192,192,192,187,187,187,191,2,2,2,2,2,2,2,2,2,2,194,194,194,13,13,18,18,18,148,148,148,189,189,189,189,189,189,189,186,186,186,188,188,45,1,1,205,205,263,193,193,193,193,193,193,193,195,9,9,9,9,9,9,9,9,9,9,9,9,9,9,9,209,196,200,10,10,10,10,10,10,10,43
0,0,1,1,1,1,1,0,1,1,1,1,1,1,1,1,1,1,1,1,1,1,1,1,0,1,1,1,1,0,0,0,1,1,1,1,1,1,0,1,1,1,0,1,1,1,1,1,1,1,1,1,1,1,1,1,1,1,1,1,1,0,1,1,1,1,1,1,1,1,1,1,1,0,1,1,1,1,1,1,1,1,1,1,1,1,1
134
5,197,197,201,192,192,192,192,192,147,147,2,2,2,2,2,2,194,194,186,13,13,189,189,189,200,20,45,1,1,1,191,191,191,9,9,9,9,9,9,9,9,9,9,9,9,9,9,193,193,193,193,195,195,148,148,148,209,196,187,187,187,187,187,187,10,10,43,198
0,1,1,1,1,1,1,0,1,1,1,1,1,1,1,1,1,1,1,0,1,1,0,1,1,0,1,0,1,1,1,1,1,1,0,1,1,1,1,1,1,1,1,1,1,1,0,1,1,1,1,1,0,1,1,1,1,1,1,1,1,0,1,1,1,1,1,1,1
135
20,20,20,20,199,18,148,192,194,194,147,193,193,193,193,195,195,9,9,9,9,9,9,9,9,9,9,9,9,9,9,2,2,2,2,2,2,15,43,13,13,191,191,191,186,186,186,186,196,196,198,198,10,10,10,10,10,189,189,189,189,187,187,187,187,187
0,1,1,1,1,0,1,1,1,1,1,0,1,1,1,0,1,0,1,0,1,1,1,0,0,0,1,0,0,0,0,1,1,1,1,1,1,1,1,1,1,1,1,1,1,1,1,1,1,1,1,1,1,1,1,1,1,1,1,0,1,1,1,1,1,1
136
5,197,197,197,190,201,245,192,191,191,191,191,2,2,194,194,18,186,186,186,186,189,189,189,189,189,189,200,20,20,1,1,1,1,1,1,1,1,1,1,1,1,1,1,1,1,1,1,1,1,205,9,9,9,9,9,9,9,9,9,9,9,9,9,193,193,193,193,195,148,209,196,196,196,187,187,187,187,187,187,187,10,10,10,10,43,198
0,0,1,0,1,1,1,1,1,1,1,1,1,1,1,1,0,1,1,1,1,0,1,0,1,1,1,1,0,1,1,1,1,1,1,1,1,1,1,1,1,1,1,1,1,1,1,1,1,1,0,1,0,1,0,0,1,1,0,0,1,0,0,0,1,1,1,1,0,1,1,1,1,0,1,1,0,0,1,1,0,1,1,1,1,1,1
137
186,186,186,186,206,197,197,197,190,201,147,147,204,211,192,192,192,192,192,214,194,194,194,194,194,191,191,2,2,2,2,2,2,2,2,2,2,75,199,247,18,18,13,13,254,207,189,189,189,189,200,200,188,188,188,20,20,20,20,45,215,1,1,1,1,16,16,205,205,9,9,9,9,9,9,9,9,9,9,9,9,9,9,9,9,9,9,203,203,193,193,193,193,193,193,193,195,195,195,148,148,148,209,209,187,187,187,187,187,10,10,10,10,10,10,118,198,198
1,1,1,1,1,1,1,1,1,1,1,1,1,1,1,1,1,1,1,1,1,1,1,1,1,1,1,1,1,1,1,1,1,1,1,1,1,1,1,1,0,0,1,1,1,1,0,1,1,1,0,0,1,1,1,1,1,1,1,1,1,1,1,1,1,1,1,1,1,1,0,0,0,0,1,0,1,1,0,0,1,1,1,0,0,1,1,1,1,1,1,1,1,1,1,1,1,1,0,1,1,0,1,1,1,1,1,1,1,1,1,1,1,1,1,0,1,1
138
5,5,5,5,5,5,5,5,197,197,190,201,192,214,251,236,236,2,2,2,2,280,194,194,186,18,18,18,18,18,18,18,148,148,189,189,189,200,200,188,30,45,1,1,1,1,1,1,1,1,191,191,191,191,191,9,9,9,9,9,9,9,9,9,9,9,9,9,34,193,195,195,195,263,13,209,196,196,187,10,10,63,198
0,0,1,0,0,0,1,1,1,1,1,1,1,1,1,0,0,1,1,1,1,0,1,1,1,1,1,1,1,1,1,0,1,1,1,1,1,1,1,0,0,0,1,1,1,1,1,1,1,1,1,1,1,1,1,0,1,1,1,0,1,1,1,0,0,0,1,0,0,1,0,0,0,0,1,1,1,1,1,1,1,0,0
139
188,5,45,197,197,1,1,1,1,1,1,1,1,1,1,1,1,1,1,1,1,1,1,1,1,199,125,20,9,9,9,9,9,9,9,9,9,9,9,9,9,224,203,195,195,148,240,193,193,193,193,193,193,193,191,191,18,18,18,186,186,111,216,187,187,187
1,0,0,0,1,1,1,1,1,1,1,1,1,1,1,1,1,1,1,1,1,1,1,1,1,1,1,1,0,1,1,1,1,1,1,1,1,0,0,1,1,1,1,0,0,1,0,0,1,1,1,1,1,1,1,1,0,0,0,0,1,1,0,1,1,1
140
5,190,190,55,201,32,192,192,192,203,203,75,75,105,247,18,18,220,216,218,200,200,188,188,188,20,45,45,45,215,215,215,1,1,1,1,205,205,205,205,205,125,9,9,9,9,9,9,9,9,9,9,9,9,9,9,9,9,9,9,9,193,193,193,193,193,193,145,219,43,43,186,186,186,186,186,186,17,206,197,197,197,238,231,147,147,214,214,227,2,2,2,2,2,2,2,2,2,2,194,194,194,194,194,194,194,209,209,10,10,189,189,189,189,189,189,187,187,187,187,187,187,204,204,204,202,191,191,263,263,195,195,195,27,148,148,148,196,196,196,198
0,1,1,0,0,0,1,1,0,0,1,1,1,1,1,0,0,1,1,1,1,1,1,1,1,0,0,1,1,1,1,1,1,1,1,1,1,0,1,1,1,1,0,1,1,1,0,1,0,1,1,1,1,0,1,1,1,1,1,1,1,0,1,1,1,1,1,1,1,0,1,1,1,0,1,1,1,0,1,0,1,1,1,1,1,1,1,1,1,1,1,1,1,1,1,1,1,1,1,1,1,1,1,1,1,1,1,1,1,1,0,1,1,1,1,1,0,1,1,1,1,0,1,1,1,1,1,1,1,1,0,1,1,1,1,1,1,1,1,1,1
141
5,5,5,5,5,5,5,206,197,197,197,190,190,55,201,147,147,204,204,204,281,192,192,192,192,192,192,203,203,191,191,191,191,191,224,194,194,194,194,13,18,18,18,186,186,186,207,189,189,189,189,189,189,187,187,187,20,45,1,1,1,1,1,1,1,1,205,205,125,9,9,9,9,9,9,9,9,9,9,9,9,9,9,9,9,9,44,2,2,2,2,193,193,193,193,195,148,235,209,196,196,196,196,196,200,3,10,10,10,43,198,198
0,1,0,1,1,1,0,0,1,0,0,1,1,0,0,1,1,1,1,1,0,1,1,1,1,0,1,0,0,1,1,1,1,1,1,1,1,1,0,1,0,0,0,0,1,1,0,0,1,1,1,1,1,1,0,1,1,0,0,1,1,1,1,1,1,1,1,1,0,0,0,0,0,0,0,1,1,1,1,1,0,1,1,0,1,1,0,1,1,1,1,0,1,1,1,0,1,1,0,1,1,1,1,1,1,0,1,1,1,1,1,1
142
5,5,5,5,5,5,279,197,258,190,190,190,274,32,192,192,192,192,192,192,282,282,214,227,227,2,2,261,194,194,13,18,18,18,18,18,18,18,186,186,186,226,226,222,189,189,189,189,189,187,187,187,187,188,20,1,1,1,1,1,1,1,1,1,1,1,1,1,1,1,1,1,1,1,191,125,9,9,9,9,9,9,9,9,9,9,9,9,9,9,9,9,9,34,193,193,193,193,195,11,213,196,200,3,10,10,10,10,43,198,198
0,0,0,0,0,1,0,0,1,0,1,1,1,1,1,1,1,1,1,0,0,1,0,1,0,1,1,1,1,1,1,0,0,1,0,0,0,0,1,1,0,1,0,1,1,1,1,1,1,1,0,1,0,0,0,1,1,1,1,1,1,1,1,1,1,1,1,0,1,1,1,1,1,1,1,1,0,0,0,1,0,0,0,0,0,0,1,0,0,1,1,1,0,1,1,1,1,1,0,1,1,1,1,1,0,1,1,1,0,1,1
143
188,122,1,199,5,9,9,9
1,0,1,1,1,1,1,1
144
5,206,197,197,190,201,259,204,204,192,192,192,192,214,214,187,203,261,194,194,194,194,194,194,18,18,18,18,18,18,18,18,18,186,186,186,207,216,189,189,189,189,191,191,191,20,20,20,45,215,1,1,1,1,1,1,1,1,1,1,1,1,1,1,1,1,248,125,205,9,9,9,9,9,9,9,9,9,9,9,9,9,9,9,9,9,2,2,193,193,193,193,195,195,111,16,209,196,200,10,10,10,118,212
0,1,0,1,1,1,1,1,1,1,0,1,0,1,1,1,0,0,0,1,0,1,1,1,0,0,1,1,1,0,0,0,0,1,1,1,1,1,1,1,1,1,1,1,1,1,1,1,1,1,1,1,1,1,1,1,1,1,1,1,1,1,1,1,1,1,1,1,1,1,1,0,0,1,0,1,1,1,0,1,1,1,1,1,0,1,1,1,0,1,1,1,0,1,1,1,1,1,1,1,1,1,1,0
145
197,197,190,192,192,192,192,147,147,214,2,2,2,2,2,2,2,2,2,2,194,194,194,194,194,18,18,186,186,186,186,186,186,189,189,189,189,189,189,189,200,20,20,1,1,1,191,191,191,191,9,9,9,9,9,9,9,9,9,9,9,9,9,9,193,195,148,148,283,209,196,196,187,187,187,187,187,10,10,10,10,10,43
1,1,1,0,0,1,0,1,1,1,1,1,1,1,1,1,1,1,1,1,1,1,1,1,1,0,0,0,1,1,1,0,0,1,1,1,0,1,1,1,0,0,1,1,1,1,0,1,1,1,0,0,1,1,1,1,1,1,1,0,0,1,0,1,1,1,1,1,1,0,1,1,0,0,1,0,1,1,1,1,1,1,1
146
5,5,197,197,197,190,274,32,219,192,192,192,192,192,282,214,236,236,2,194,194,186,186,186,186,18,13,13,226,226,226,226,218,218,189,189,189,189,189,187,187,187,187,187,20,20,20,45,45,1,1,1,1,1,1,1,1,1,191,191,191,9,9,9,9,9,9,9,9,9,9,9,9,9,201,67,193,193,195,195,195,195,251,235,209,209,196,196,200,200,231,241,60
1,0,0,1,1,1,0,1,1,1,1,1,1,1,1,0,0,0,1,1,1,1,1,1,1,0,1,1,0,1,1,1,1,0,0,1,1,1,0,0,1,1,1,0,0,0,1,1,1,1,1,1,1,1,1,1,1,1,1,1,0,0,1,1,1,1,1,1,1,0,0,0,1,0,0,0,1,1,0,1,1,0,0,0,0,1,1,0,0,0,0,0,0
147
5,18,18,191,191,9,9,9,9,9,9,9,9,9,192,192,192,231,218,10,193,200
0,0,0,1,1,0,0,0,0,0,0,0,1,1,0,1,1,1,1,1,1,1
148
5,5,5,206,197,197,190,201,204,192,192,192,192,192,192,192,214,191,191,191,191,191,240,194,194,194,18,18,18,186,186,186,186,257,189,189,189,189,189,189,200,200,188,20,20,45,45,215,1,1,1,1,1,1,1,1,1,1,1,1,1,1,1,1,1,1,1,1,1,1,205,125,9,9,9,9,9,9,9,9,9,9,9,9,9,9,9,9,9,9,44,118,193,193,193,195,195,262,209,196,196,196,196,187,187,187,187,43,198
0,0,1,1,1,1,1,1,1,1,0,1,1,0,0,1,1,1,1,1,0,1,0,1,1,1,0,0,0,1,1,1,1,0,0,1,1,0,0,0,0,0,1,1,0,1,1,0,1,1,1,1,1,1,1,1,1,1,1,1,1,1,1,1,1,1,1,1,1,1,1,0,0,1,0,0,1,0,0,1,1,1,0,0,1,0,1,1,0,1,1,0,1,1,1,0,0,1,1,1,1,1,1,1,1,1,1,1,0
149
