1
1,1,1,1,1,1,1,1,1,1,1,1,1,1,104,37,37,37,37,37,37,37,37,37,37,37,37,37,37,37,37,92,92,92,96,96,96,96,96,27,27,27,27,48,98,98,97,97,97,97,61,61,61,105,87,87,87,87,87,87,87,38,38,38,38,95,95,101,101,102,78,20,20,20,20,39,39,39,39,39,39,84,84,10,100,100,100,100,93,88,88,88,88,88,88,88,86,86,86,86,86,86,86,90,90,90,3,3,3,3,3,3,3,3,3,3,3,3,3,3,3,3,3,3,83,103,103,35,2,2,2,2,2,2,2,2,2,2,2,2,2,2,2,2,2,2,2,2,2,2,2,2,2,2,2,2,2,2,2,2,2,2,2,2,2,85,62,62,62,9,9,9,9,91,91,99,99,89,89,89,89,89,89,89,89,89,89,89,89,89,89,89,89,94,94,82,24,24,24
0,0,0,0,0,0,1,1,0,0,0,0,0,0,0,1,0,0,1,1,1,0,0,1,1,1,1,1,1,1,1,1,1,1,0,1,1,1,1,1,0,1,1,1,1,1,1,1,1,0,0,1,1,1,1,1,0,0,0,1,1,0,1,1,0,1,1,0,1,1,0,1,0,1,0,0,1,1,1,1,1,0,1,1,0,1,0,1,1,1,1,1,1,1,0,0,1,0,1,1,1,1,0,0,1,1,1,0,1,1,1,1,1,1,1,0,1,1,1,1,1,1,1,1,1,0,1,1,0,1,0,0,0,1,0,0,1,0,0,1,0,1,1,1,1,1,1,1,1,0,1,1,1,1,0,1,1,1,0,0,0,1,0,0,1,1,1,1,1,1,1,1,1,0,1,1,0,1,1,1,0,1,1,1,1,1,1,1,1,0,0,1,0,1,1,1,1,1,1
2
1,1,37,37,37,110,110,48,98,97,97,61,111,109,109,109,109,87,87,87,38,38,112,39,39,39,39,39,39,106,20,20,20,20,20,81,107,107,100,100,88,88,88,88,88,88,88,88,88,88,88,88,88,86,86,86,86,86,86,86,86,86,86,86,86,16,3,3,3,3,3,3,3,3,3,3,3,3,3,3,3,3,3,83,83,2,2,2,2,2,2,2,2,2,2,2,2,2,2,2,2,2,2,2,2,9,9,9,9,9,108,108,108,108,108,89,89,89,24,15
0,0,0,1,1,1,1,1,1,1,1,1,1,0,1,1,1,1,1,1,1,0,1,0,1,1,1,1,1,1,1,0,0,0,0,1,1,1,1,0,0,1,1,0,1,1,1,1,1,1,1,1,0,0,1,1,1,0,1,1,1,0,0,0,1,1,1,1,1,1,1,1,1,1,1,1,1,1,1,1,1,1,1,1,1,1,1,1,1,1,1,1,1,0,1,1,0,0,1,0,1,1,1,1,1,1,1,1,1,1,1,1,1,0,0,1,1,1,1,1
3
1,1,1,104,37,37,37,37,37,37,113,27,27,97,97,61,61,105,109,87,87,87,114,38,38,38,95,112,112,111,110,20,20,20,20,20,39,39,39,39,39,84,88,88,88,88,88,92,90,90,3,3,3,3,3,3,3,3,3,96,96,96,96,2,2,2,2,2,2,2,2,2,2,2,2,2,2,2,2,2,2,2,2,2,2,2,2,2,2,2,2,2,2,2,2,2,2,2,2,2,62,9,9,9,9,9,9,9,9,108,108,89,89,89,89,89,86,86,6,6,24,24,24,24,24,24,24,15,34
1,1,1,1,1,1,1,1,1,0,1,1,0,1,1,0,1,1,1,1,1,1,1,0,0,0,1,1,1,0,0,0,0,0,0,0,1,1,1,1,1,1,1,1,1,0,0,0,1,0,1,1,1,1,1,1,1,1,1,1,1,1,1,1,1,0,1,1,0,1,1,0,0,0,0,0,1,1,0,0,1,0,1,1,0,0,0,1,0,0,0,0,0,1,0,0,1,1,1,1,0,1,1,1,1,1,1,1,1,1,1,1,0,0,1,0,0,0,1,1,1,1,1,1,1,1,1,0,0
4
104,104,104,104,37,37,37,37,37,37,37,110,115,48,48,52,97,61,109,109,109,109,87,87,87,38,38,38,51,95,112,112,112,112,112,112,81,81,81,20,20,20,20,39,39,39,39,39,107,88,88,88,88,88,88,88,88,88,88,88,88,88,86,86,86,86,86,86,86,86,86,86,86,86,86,90,116,3,3,3,3,3,3,3,3,3,3,3,3,3,3,3,3,3,55,96,96,2,2,2,2,2,2,2,2,2,2,2,2,2,2,2,2,2,2,2,2,2,2,2,2,2,2,2,2,2,2,2,2,2,2,2,2,2,2,2,2,85,62,9,9,9,9,9,9,9,9,9,9,9,9,9,9,9,108,108,108,108,117,89,89,89,89,89,89,89,118,6,6,6,6,24,24,24,24,24,24,24,24,24,15
1,1,1,1,1,0,0,1,1,0,1,1,0,0,0,1,1,1,1,1,1,0,0,1,1,1,1,0,1,1,1,1,1,1,1,1,1,0,1,0,0,0,0,1,1,1,0,0,1,0,0,1,1,1,1,1,1,1,1,1,1,1,0,1,1,1,1,1,1,1,1,1,1,1,0,0,1,1,1,1,1,1,1,1,1,1,1,1,1,1,1,1,1,1,1,0,1,1,1,1,1,0,1,1,0,1,0,1,1,0,1,1,1,1,0,0,1,1,1,1,1,1,1,1,1,1,1,1,1,1,0,0,1,0,1,1,0,1,0,1,1,1,1,1,1,1,1,1,1,1,1,1,1,1,0,1,1,1,1,1,1,1,1,1,1,1,1,1,1,1,1,1,1,1,1,1,1,1,1,1,0
5
1,1,1,104,110,110,48,48,48,61,61,38,38,38,95,120,125,20,20,20,20,20,20,20,20,20,20,81,81,81,81,84,107,107,100,27,116,39,39,39,39,39,39,83,2,2,2,2,2,2,2,2,2,2,2,2,2,2,2,2,2,2,2,2,2,2,2,2,2,2,2,2,2,2,2,2,2,2,2,108,108,108,121,89,89,89,89,89,89,89,89,89,89,89,94,6,6,6,24,24,24,24,15,126,119,37,37,37,37,37,37,37,92,127,97,97,111,87,87,87,87,87,9,9,9,9,9,9,9,9,9,9,112,112,118,3,3,3,3,3,3,3,3,10,88,88,88,88,88,88,86,86,86,86,86,86,86,124,90,90,109,109,109,109,109,123,85,85,62,62,57,122,96,96,114,114
0,0,0,1,1,1,1,1,1,0,1,0,0,1,1,0,0,0,0,0,0,0,0,0,0,1,1,1,1,1,1,1,1,1,1,0,1,0,1,1,1,1,1,0,0,1,1,1,1,0,1,0,0,1,0,0,1,0,0,1,1,1,0,0,0,1,1,1,1,1,1,1,1,1,1,1,1,1,1,0,1,1,0,1,0,1,1,1,1,0,1,1,1,0,0,1,1,1,1,1,1,0,1,1,1,1,0,1,1,1,1,1,1,1,1,1,1,1,1,1,0,1,1,1,1,1,1,1,1,1,1,1,1,1,1,1,1,1,1,1,1,1,1,1,1,1,0,0,0,0,0,0,0,1,1,1,1,1,0,1,1,1,1,1,1,1,0,1,1,1,1,1,0,1,0,1
6
1,1,104,104,104,104,104,37,37,37,37,37,37,37,37,37,37,37,37,37,111,111,111,113,21,21,130,48,61,61,97,128,98,98,105,109,109,109,87,87,87,87,87,87,87,87,129,9,9,9,9,9,9,9,95,112,112,112,110,39,39,39,39,39,39,20,20,20,81,81,107,107,88,88,88,88,86,86,86,86,90,3,3,3,3,3,3,3,3,3,3,3,3,3,3,3,3,83,96,96,96,2,2,2,2,2,2,2,2,2,2,2,2,2,2,2,2,2,2,2,2,2,2,2,2,2,2,2,2,2,2,2,2,2,2,2,2,2,2,2,62,38,38,38,38,108,108,108,108,108,108,31,31,18,89,89,89,89,89,89,89,89,89,89,89,131,92,92,66,6,24,114,114,114,114
0,1,1,1,1,1,1,0,1,1,1,1,1,1,1,1,1,1,1,1,1,1,1,1,1,1,1,1,1,1,1,1,1,1,1,1,1,1,1,0,1,1,1,1,1,1,0,1,1,1,1,1,1,1,1,1,1,1,1,1,1,1,1,1,1,0,0,0,0,1,1,1,1,1,1,1,1,1,1,1,1,1,1,1,1,1,1,1,1,1,1,1,1,1,1,1,1,1,1,1,1,1,1,0,1,1,1,1,1,1,1,1,1,1,1,1,1,1,1,1,1,1,1,1,1,1,1,1,1,1,1,1,1,1,1,1,1,1,1,1,0,0,1,1,1,1,1,1,1,1,1,1,1,1,1,1,1,1,1,1,1,1,1,1,1,1,1,1,1,1,1,1,0,1,1
7
1,1,1,1,1,1,104,104,104,37,37,92,90,90,61,134,138,133,105,87,87,87,87,87,87,38,132,110,110,81,20,20,20,20,20,20,20,39,39,39,136,88,88,88,88,86,86,86,86,86,86,86,135,3,3,3,3,3,3,3,3,3,3,3,3,3,3,3,3,3,96,2,2,2,2,2,2,2,2,2,2,2,2,2,2,2,2,2,2,2,2,2,2,2,2,2,2,2,2,2,2,2,2,2,2,2,2,2,130,9,9,9,108,108,108,108,108,137,89,89,95,114
0,0,0,1,1,0,1,1,0,1,1,0,1,1,1,0,1,0,1,1,1,1,1,0,1,0,1,1,1,1,1,1,1,0,0,0,0,1,1,1,1,0,0,1,0,0,1,1,0,1,1,1,1,1,1,1,1,1,1,1,1,1,1,1,1,1,1,1,1,1,1,1,1,1,0,1,0,1,1,0,0,1,0,1,0,1,1,1,1,0,0,1,1,0,1,1,1,1,1,0,1,0,0,1,0,0,1,0,0,1,1,1,1,1,1,1,1,1,1,1,1,1
8
104,37,37,37,110,110,110,110,110,110,110,139,138,61,109,109,109,38,38,20,20,20,20,20,20,20,84,84,10,100,100,88,88,88,88,88,88,88,86,86,86,27,27,16,16,3,3,3,3,96,2,2,2,2,2,2,2,2,2,2,2,2,2,2,2,2,2,2,2,2,2,2,2,2,2,2,2,2,2,62,9,9,108,108,108,89,89,89,118,24,24,15,126
1,1,0,0,1,1,1,1,1,1,1,0,1,1,1,1,1,0,1,0,1,0,0,0,0,0,0,0,1,1,1,1,1,1,1,1,0,1,1,1,1,1,1,1,1,1,1,1,1,1,1,1,1,0,1,0,1,1,0,0,0,1,1,0,1,0,0,0,1,1,0,0,1,0,1,0,0,0,1,1,1,1,1,1,1,0,1,1,1,1,1,1,1
9
140,1,104,104,104,37,37,37,37,37,37,37,37,37,110,18,27,27,48,48,48,97,97,97,138,61,61,105,109,109,109,109,109,87,87,87,87,87,9,9,9,9,9,9,9,51,95,112,112,112,112,112,112,111,39,39,39,39,39,20,20,20,20,81,107,88,88,88,88,88,88,88,86,86,86,86,86,86,86,90,90,16,3,3,3,3,3,3,3,3,3,3,3,3,3,3,3,3,3,3,3,3,55,96,96,96,96,96,96,2,2,2,2,2,2,2,2,2,2,2,2,2,2,2,2,2,2,2,2,2,2,2,2,2,2,2,2,2,2,2,2,2,2,2,2,2,2,2,62,38,38,38,108,108,108,8,89,89,89,89,89,89,89,89,89,89,89,141,6,6,24,114
1,0,1,1,1,1,1,1,1,1,1,1,1,1,1,1,0,1,0,0,1,1,1,1,1,0,1,1,1,1,0,1,1,1,1,1,0,1,1,1,1,1,1,1,1,0,0,1,1,1,1,1,1,0,1,0,1,1,1,0,0,0,0,0,1,1,1,1,1,0,1,1,1,1,0,1,1,1,1,1,1,1,1,1,1,1,1,1,1,1,1,1,1,1,1,1,1,1,1,1,1,1,1,1,1,1,1,1,0,1,1,1,1,1,1,0,1,1,1,1,1,0,1,1,0,1,1,0,0,1,1,1,1,1,1,1,1,1,1,1,0,0,1,0,1,1,1,0,0,1,0,0,1,1,0,1,1,1,1,1,1,1,1,1,1,1,1,0,1,1,1,1
10
1,1,1,1,37,37,37,37,37,37,37,110,90,90,97,61,61,72,109,87,87,87,38,38,39,39,39,39,39,39,39,20,20,20,81,81,81,84,88,88,88,88,88,86,86,86,86,86,86,86,86,27,3,3,3,3,3,3,3,3,3,3,3,3,3,83,2,2,2,2,2,2,2,2,2,2,2,2,2,2,2,2,2,2,2,2,2,2,2,2,2,2,2,2,2,2,2,2,2,2,2,2,2,2,62,108,108,108,108,108,89,89,89,89,89,89,89,6,114
0,1,0,1,1,1,1,1,1,1,1,1,0,1,1,1,1,0,1,1,1,1,1,1,1,1,1,1,1,1,1,0,0,0,0,1,1,0,0,1,1,1,1,1,1,0,0,0,1,1,1,1,1,1,1,1,1,1,1,1,1,1,1,1,1,1,1,0,1,1,1,1,1,0,0,1,0,0,0,1,1,1,1,1,0,1,1,1,1,1,1,1,1,1,1,1,1,1,1,1,1,1,1,1,1,1,1,1,1,1,1,1,1,0,1,1,1,1,1
11
1,1,1,1,1,1,1,1,1,1,1,1,1,1,1,9,37,3,3,3,3,3,3,3,3,110,2,2,2,2,2,2,2,2,2,2,2,2,2,2,2,2,2,2,2,2,2,108,86,86,86,86,86,86,86,86,86,86,86
1,1,1,0,1,0,0,0,1,0,0,1,1,0,0,1,1,1,1,1,1,1,1,1,1,0,1,1,1,1,1,1,1,1,0,1,0,1,0,0,1,0,0,0,1,1,1,1,0,1,1,1,1,1,1,1,1,1,1
12
37,3,2,2,2,2,2,2,2,2,2,2,2,2,2,2,2,2,2,2,2,2,2,2,2,2,2,2,61,61,98,62,9,9,9,9,9,9,87,38,142,39,10,6,24,24
1,1,0,0,0,0,0,1,0,1,1,1,1,0,0,0,1,1,1,1,0,0,0,1,1,1,1,1,0,0,1,0,0,0,1,1,1,1,0,0,1,0,1,1,1,1
13
2,3
0,1
14
1,1,1,1,1,1,1,1,1,1,1,1,1,1,1,1,1,1,104,37,37,37,37,81,90,90,52,97,97,97,97,97,138,133,105,109,87,87,87,87,87,38,51,95,112,112,112,111,78,20,20,20,20,20,20,20,39,39,39,39,143,88,102,27,27,16,3,3,3,3,3,3,3,96,96,96,2,2,2,2,2,2,2,2,2,2,2,2,2,2,2,2,2,2,2,2,2,2,2,2,2,2,2,2,2,2,2,2,2,2,2,2,2,2,130,62,9,9,9,9,9,108,108,89,89,89,89,89,89,89,89,89,89,118,86,86,86,86,86,6,24,24,66
0,0,1,1,0,1,1,1,1,0,1,1,1,1,0,1,1,1,1,1,1,1,0,1,0,0,1,0,1,1,1,1,1,0,0,1,1,1,1,0,0,0,0,1,0,1,1,1,0,0,0,0,0,0,0,0,0,1,1,0,1,1,1,0,1,1,1,1,0,1,1,1,0,1,1,0,1,1,0,1,0,1,0,0,0,0,0,0,1,0,0,1,0,1,1,1,1,1,1,1,1,0,0,0,0,0,0,0,1,1,1,1,1,1,0,0,1,1,1,1,1,1,0,1,1,1,1,1,1,1,1,0,0,0,0,0,1,1,1,0,1,1,1
15
1,1,1,1,1,1,1,1,1,37,37,37,37,37,37,37,37,110,90,90,90,97,97,97,97,61,109,109,109,87,87,87,87,87,38,38,38,38,112,112,112,112,112,112,20,20,20,20,20,39,88,88,88,88,88,86,86,86,86,86,27,3,3,3,3,3,3,3,3,3,3,3,3,3,3,3,96,2,2,2,2,2,2,2,2,2,2,2,2,2,2,2,2,2,2,2,2,2,2,2,2,2,2,2,2,2,2,2,2,2,2,2,2,2,2,2,2,2,62,9,9,9,9,108,108,108,108,108,89,89,89,89,89,89,89,118,24,24,24,114
0,1,1,1,1,0,1,1,1,0,1,1,1,1,0,1,1,1,0,1,1,1,0,1,1,0,1,1,1,1,1,1,1,0,1,1,1,0,1,1,1,1,1,1,0,0,0,0,0,1,1,1,1,1,1,1,0,0,1,1,1,1,1,1,1,1,1,1,1,1,1,1,1,1,1,1,1,0,1,1,1,1,1,0,0,1,0,1,1,0,0,1,0,0,0,0,0,0,1,0,1,1,0,0,1,1,1,0,1,1,0,1,0,1,1,0,1,0,1,1,1,1,1,1,1,1,0,1,1,0,1,1,1,1,0,1,1,1,1,1
16
1,104,104,104,104,37,37,37,37,37,37,37,37,37,37,92,18,27,27,98,97,97,97,97,61,61,111,111,109,109,109,109,87,87,38,38,38,38,51,95,112,112,112,112,112,112,112,144,20,20,20,20,39,39,39,39,84,107,107,100,100,100,88,88,88,88,88,86,86,86,86,86,86,86,86,90,90,16,16,3,3,3,3,3,3,3,3,3,3,3,3,3,3,3,3,3,3,3,55,96,96,2,2,2,2,2,2,2,2,2,2,2,2,2,2,2,2,2,2,2,2,2,2,2,2,2,2,2,2,2,2,2,2,2,2,2,2,2,2,2,2,2,2,9,9,9,9,9,9,9,108,108,108,108,108,108,108,89,89,89,89,89,89,89,89,89,89,89,118,118,6,24,24
1,1,1,1,1,0,1,0,1,1,1,1,0,1,1,1,0,1,1,1,1,1,1,1,1,1,0,1,1,1,1,1,1,1,1,1,1,0,1,1,1,1,1,1,1,1,1,0,1,0,0,0,1,1,1,0,1,1,1,1,1,1,0,1,1,1,1,1,1,1,1,1,1,1,1,0,1,1,1,1,1,1,1,1,1,1,1,1,1,1,1,1,1,1,1,1,0,0,1,0,0,1,1,1,1,1,1,1,0,0,0,1,1,1,0,1,1,0,0,1,0,1,1,1,1,1,0,1,1,1,1,1,1,1,0,0,0,0,1,1,1,1,0,1,1,1,1,1,1,1,0,1,1,1,1,1,0,1,1,1,1,1,1,1,1,1,1,1,0,1,1,1,1
17
16,37,3,3,3,3,3,3,3,3,3,83,145,2,2,2,2,2,2,2,2,2,2,2,2,2,2,2,2,2,2,2,2,2,2,2,2,2,2,2,2,2,2,2,2,2,2,2,127,61,38,38,38,108,108,108,108,108,108,108,108,109,87,87,87,87,9,9,9,9,9,9,9,110,110,20,20,20,20,20,39,39,10,6,24,24,24,24,24,88,86,86,86
1,0,1,1,1,1,1,1,0,1,1,0,1,1,1,0,0,0,0,0,1,1,0,0,1,0,0,1,1,1,0,1,0,0,1,1,1,0,0,1,1,1,1,0,1,0,1,0,1,1,0,0,0,1,1,1,1,1,0,1,1,0,1,1,1,1,1,1,1,1,1,1,1,1,1,0,0,0,0,0,0,1,1,1,1,1,1,1,1,1,0,0,1
18
37,37,37,37,37,37,37,37,37,110,18,90,48,97,97,97,97,97,138,61,61,111,111,109,109,109,109,87,87,87,87,38,38,38,51,51,95,112,112,112,112,112,112,39,39,39,20,20,20,20,20,20,81,107,107,66,88,88,88,88,88,88,88,96,96,96,96,27,16,116,3,3,3,3,3,3,3,3,83,2,2,2,2,2,2,2,2,2,2,2,2,2,2,2,2,2,2,2,2,2,2,2,2,2,2,2,2,2,2,2,2,2,2,2,2,2,6,6,62,9,9,9,9,9,9,9,9,9,9,9,108,108,108,108,89,89,89,89,89,89,89,89,89,89,89,86,86,86,86,146,24,24,24,24,24,24,24,57,114
1,1,1,1,1,1,1,1,1,0,1,0,0,1,1,1,1,1,1,1,0,1,1,1,1,1,1,1,1,1,1,0,0,0,0,1,1,1,1,1,1,1,1,1,1,1,0,0,0,0,0,0,0,1,1,1,0,1,1,1,1,0,1,1,1,1,1,1,1,1,1,1,1,1,1,0,1,0,0,1,1,1,0,0,1,1,0,0,0,0,1,1,0,1,0,0,0,1,1,0,1,1,1,1,1,1,0,0,1,1,0,0,1,1,1,1,1,1,0,1,1,1,1,1,1,1,1,1,1,1,1,1,1,1,1,1,1,1,1,1,1,1,1,1,1,1,1,1,1,1,1,1,1,1,1,1,1,0,1
19
104,104,113,18,130,61,61,38,38,38,132,101,20,20,84,84,107,110,110,27,16,116,116,39,39,39,39,39,39,39,39,83,40,2,2,2,2,2,2,2,2,2,2,2,2,2,2,2,2,2,2,2,2,2,2,2,2,2,2,2,2,2,2,2,2,2,2,2,68,108,108,108,108,108,108,108,108,108,89,89,89,89,89,89,89,89,89,89,89,89,89,89,89,89,118,118,6,97,97,97,97,15,15,37,37,37,37,37,37,37,37,37,37,37,37,37,147,147,138,105,111,111,87,9,9,9,9,9,9,9,112,112,112,112,112,112,3,3,3,3,3,3,3,3,3,3,3,3,3,3,3,3,3,3,3,3,88,88,88,88,88,86,86,86,86,86,90,109,57,24,95,95,114,96,96,120,120
1,1,1,1,1,1,1,1,1,1,1,1,0,0,1,1,1,1,1,1,1,1,1,0,1,1,1,1,1,0,1,1,1,1,1,1,1,0,1,1,1,1,1,1,0,1,1,0,0,1,1,1,1,1,1,1,1,1,1,1,1,1,1,1,1,1,1,1,1,0,1,0,1,1,1,1,1,1,1,0,1,1,1,1,1,1,1,1,1,0,1,1,1,1,1,1,1,1,1,1,1,1,1,1,0,1,1,1,1,1,1,1,1,1,1,1,1,1,1,1,1,1,1,1,1,1,1,1,1,1,0,1,1,1,1,1,1,1,1,1,1,1,1,1,1,1,1,1,1,1,1,1,1,1,1,1,1,1,1,0,1,1,1,1,1,1,1,0,1,1,1,1,1,1,1,1,1
20
1,104,37,37,37,37,37,37,37,37,37,37,110,90,48,48,48,48,97,97,97,97,97,138,61,111,109,109,87,87,87,87,9,9,51,95,112,112,112,112,39,39,39,39,39,20,20,20,20,20,20,20,81,84,10,100,88,88,88,88,88,148,27,107,3,3,3,3,3,3,3,3,3,3,3,3,3,3,3,96,96,96,96,96,2,2,2,2,2,2,2,2,2,2,2,2,2,2,2,2,2,2,2,2,2,2,2,2,2,2,2,2,2,2,2,2,2,2,2,2,2,2,2,68,62,38,38,38,38,108,108,108,108,108,108,149,147,89,89,89,89,89,89,89,89,86,86,86,86,86,86,6,24,15,114
1,1,1,0,0,1,1,1,1,1,1,0,0,1,0,1,0,1,1,1,0,1,1,1,1,1,1,1,1,1,1,0,0,0,0,1,0,1,1,1,0,0,0,1,1,0,0,0,0,0,1,0,1,1,1,0,0,1,1,1,1,0,0,1,1,1,1,1,1,1,1,1,1,1,1,1,1,1,1,1,1,0,1,1,1,1,0,0,0,1,1,1,0,1,1,1,0,1,0,1,1,0,1,1,1,1,0,1,1,1,1,1,1,0,0,0,1,1,0,0,1,1,1,1,1,0,1,1,0,1,1,1,1,1,1,1,0,1,1,1,1,1,1,1,1,0,1,0,1,1,1,1,1,1,1
21
104,37,37,37,37,37,37,37,37,110,81,98,98,97,97,61,109,109,109,87,87,129,9,9,9,9,9,95,106,20,20,20,20,39,39,39,39,39,107,88,88,88,88,88,88,86,86,86,86,27,27,16,3,3,3,3,3,3,3,3,3,3,3,3,83,96,96,96,2,2,2,2,2,2,2,2,2,2,2,2,2,2,2,2,2,2,2,2,2,2,2,2,2,2,2,2,2,2,2,2,2,2,2,2,2,2,2,68,62,38,38,38,38,108,108,89,89,89,89,89,89,89,89,89,89,6,6,24,24,114
1,1,0,0,0,1,1,1,1,0,1,1,1,1,1,0,1,0,1,1,1,1,1,1,1,1,1,1,1,0,0,0,0,0,1,1,1,1,1,0,0,1,1,1,0,1,0,1,1,1,1,1,1,1,1,1,1,1,1,1,1,1,1,1,0,1,1,1,0,0,1,1,0,1,1,0,1,0,0,0,1,1,0,0,0,1,1,1,1,0,1,0,1,1,0,1,0,0,1,0,0,0,0,1,0,1,1,1,0,0,0,0,0,1,0,1,1,1,1,1,0,1,1,1,1,1,1,1,1,1
22
37,37,37,37,37,3,3,3,3,3,3,3,3,3,3,3,3,3,3,3,3,3,3,110,2,2,2,2,2,2,2,2,2,2,2,2,2,2,2,2,2,2,2,2,2,2,2,2,2,2,2,2,2,2,2,2,2,2,2,2,2,61,9,9,9,108,109,87,87,87,87,38,38,38,15,106,20,39,39,39,24,88,88,88,88,86,86,86,86,86,86
1,1,1,1,0,1,1,1,1,1,1,1,1,1,1,1,1,1,1,1,0,1,1,1,1,1,1,0,1,1,0,0,1,0,0,0,1,0,0,0,1,0,1,1,1,1,0,0,0,0,1,1,0,0,1,0,1,1,0,0,1,1,1,1,1,1,1,0,1,1,0,0,1,0,1,1,0,1,1,1,1,1,1,0,1,1,0,0,1,1,1
23
1,1,1,1,104,104,104,37,37,37,37,37,37,37,37,37,37,27,4,97,97,97,97,85,105,109,109,109,87,87,87,9,9,51,51,132,112,112,112,112,112,112,111,110,20,20,39,39,39,39,84,10,138,88,88,88,88,86,86,86,86,86,118,59,16,16,107,107,3,3,3,3,3,3,3,3,3,3,3,3,3,3,55,96,96,150,115,62,38,38,38,108,108,108,108,108,108,2,2,2,2,2,2,2,2,2,2,2,2,2,2,2,2,2,2,2,2,2,2,2,2,2,2,2,2,2,2,2,2,89,89,89,89,89,89,89,89,95,66,24,57,114
0,1,0,0,0,1,1,1,0,1,1,1,1,1,1,1,1,1,1,1,1,1,1,1,1,1,1,1,1,1,1,1,1,1,1,1,0,1,1,1,1,1,1,1,0,0,0,1,1,1,1,0,1,1,1,1,1,0,0,1,1,1,1,1,1,1,1,1,1,1,1,1,1,1,1,1,1,1,1,1,1,1,1,0,1,1,0,0,1,0,1,0,0,1,1,1,1,1,0,0,0,0,0,0,1,1,1,0,1,0,1,1,1,1,1,1,1,1,1,1,1,0,0,1,1,1,1,0,1,1,1,1,1,1,1,1,0,1,1,1,0,1
24
1,1,27,27,27,27,37,37,39,39,39,39,39,39,39,39,92,2,2,2,2,2,2,2,2,2,2,2,2,2,2,2,2,2,2,2,2,2,2,2,2,2,2,2,2,2,2,2,2,2,2,2,2,2,2,2,2,2,2,2,2,2,97,38,38,87,87,87,87,87,9,9,9,9,9,9,9,9,9,9,9,9,9,89,89,89,89,89,89,89,89,89,89,20,3,3,3,3,3,3,3,3,3,3,10,6,6,24,24,24,24,24,88,88,88,86,86,86,86,86,86
1,0,1,1,1,1,1,0,0,1,1,1,1,1,1,1,1,1,1,0,0,0,0,0,1,0,0,0,0,1,1,1,1,1,1,1,1,1,1,1,1,1,1,1,1,1,1,1,1,1,1,1,1,1,1,1,1,1,1,1,1,1,1,1,1,1,1,1,1,0,1,1,1,1,1,1,1,1,1,1,1,1,1,1,1,1,1,1,1,1,1,1,1,0,1,1,1,1,1,1,1,0,1,1,1,1,1,0,1,1,1,1,0,1,1,1,1,1,1,1,1
25
1,104,104,37,37,37,37,37,37,27,27,27,55,97,97,97,97,97,138,61,105,105,109,87,87,87,87,87,87,87,70,38,95,95,112,112,112,112,112,112,111,81,20,20,20,39,39,39,39,39,39,93,116,116,88,88,88,88,88,88,88,86,86,86,86,90,90,90,90,16,3,3,3,3,3,3,3,3,3,3,3,3,3,83,96,2,2,2,2,2,2,2,2,2,2,2,2,2,2,2,2,2,2,2,2,2,2,2,2,2,2,2,2,2,2,2,2,2,2,2,2,2,2,2,2,143,143,143,143,9,9,9,9,9,9,9,9,108,108,108,108,108,108,108,151,117,89,89,89,89,89,89,89,89,89,89,118,6,6,24,24
0,1,1,1,0,1,1,1,1,1,1,1,0,1,1,1,1,1,1,0,1,1,1,1,1,1,1,1,1,1,0,1,1,0,1,1,1,1,1,1,1,0,0,0,0,0,1,1,1,1,0,0,1,1,0,1,1,1,1,1,0,1,1,1,1,1,1,1,1,1,1,1,1,1,1,1,1,1,1,1,1,1,1,0,1,1,1,1,1,1,1,1,1,1,1,1,0,1,0,1,1,1,1,1,1,1,1,1,1,1,1,0,1,1,1,1,1,1,0,1,0,0,1,1,1,1,1,1,1,1,1,1,1,1,1,1,1,1,1,1,1,1,1,1,0,1,1,1,1,1,1,1,1,0,0,1,1,1,1,1,1
26
1,1,1,104,104,104,104,104,37,37,37,37,37,27,48,48,147,61,61,105,87,87,87,87,87,9,9,9,9,9,95,95,95,20,20,39,39,39,39,39,39,10,88,88,88,88,88,88,86,86,86,86,86,86,86,86,86,86,86,86,86,86,97,97,97,97,97,90,90,90,107,3,3,3,3,3,3,3,3,3,3,3,3,3,3,3,3,3,3,83,2,2,2,2,2,2,2,2,2,2,2,2,2,2,2,2,2,2,2,2,2,2,2,2,2,2,2,2,2,2,2,2,2,2,62,38,38,38,89,89,89,89,89,89,89,89,24,114,114
1,0,0,1,1,1,0,1,1,1,0,1,1,1,0,0,1,1,1,1,1,1,1,1,1,1,1,1,1,1,1,1,1,0,0,1,1,1,0,1,0,1,0,1,1,1,0,1,1,1,1,1,1,1,1,1,1,1,0,0,0,0,0,1,0,1,1,0,1,1,1,1,1,1,1,1,1,1,1,1,1,1,1,1,1,1,1,1,1,1,0,1,1,0,1,1,1,0,0,1,1,1,1,1,0,0,1,1,1,1,1,1,0,1,1,0,1,1,1,1,0,1,1,1,1,0,1,0,1,1,1,0,0,0,1,0,1,1,1
27
1,1,37,37,37,37,37,37,48,97,61,61,87,87,87,87,87,38,38,38,39,39,39,107,66,88,88,88,88,55,27,27,10,3,3,3,3,3,3,3,3,3,3,3,3,3,3,3,3,3,3,3,3,3,3,83,2,2,2,2,2,2,2,2,2,2,2,2,2,2,2,2,2,2,2,2,2,2,2,2,2,2,2,2,2,2,2,2,2,2,2,2,2,9,9,9,9,9,89,86,86,86,86,24,114,114
1,0,1,1,1,1,1,1,1,1,0,1,1,1,1,1,1,0,0,0,1,1,0,1,1,1,1,1,1,1,0,1,1,1,1,0,1,1,1,1,1,1,1,1,1,1,1,1,1,1,1,1,1,1,1,1,1,1,0,0,1,1,1,0,0,0,1,0,0,0,1,1,0,1,1,0,1,0,0,0,0,1,0,1,1,1,1,1,0,0,0,0,1,1,1,1,1,1,1,0,1,1,0,1,1,1
28
104,104,104,104,37,37,37,37,37,37,37,37,37,37,37,113,90,90,61,61,97,97,97,133,87,87,87,87,87,38,38,38,51,51,51,132,112,112,39,39,39,39,39,39,81,107,88,88,88,88,88,86,86,86,86,86,86,27,27,27,27,27,27,27,116,3,3,3,3,3,3,3,3,3,83,40,96,96,2,2,2,2,2,2,2,2,2,2,2,2,2,2,2,2,2,2,2,2,2,2,2,2,2,2,2,2,2,2,2,2,2,2,2,2,62,62,9,9,9,9,9,9,9,9,9,9,9,31,89,89,89,89,89,89,89,89,89,89,82,6,24,24,24,24,24,24,24,24,15
0,1,1,0,1,1,1,1,0,1,1,1,0,0,1,0,1,1,1,1,1,1,1,1,1,1,1,0,1,1,1,0,1,0,1,1,0,1,1,1,1,1,1,1,1,1,1,1,1,1,0,1,0,1,0,1,1,1,1,1,1,1,0,1,1,1,1,1,1,1,1,1,1,1,1,1,0,1,0,1,0,0,1,0,0,1,0,0,1,0,1,0,0,1,1,1,1,1,1,1,1,1,1,1,1,1,1,0,1,0,0,1,1,0,1,0,1,1,1,1,1,1,1,1,1,1,1,0,1,1,0,1,1,1,1,1,1,1,1,1,1,1,1,1,1,1,1,1,1
29
90,37,37,37,37,37,37,37,3,3,3,3,3,3,3,3,83,21,21,96,96,2,2,2,2,2,2,2,2,2,2,2,2,2,2,2,2,2,2,2,2,2,2,2,2,2,2,2,2,2,2,2,2,2,2,97,9,9,9,9,9,9,9,9,109,109,87,87,38,38,120,120,89,89,89,39,39,39,39,6,6,6,24,88,88,88,88,86,86,86,86,86
0,1,1,0,0,1,1,1,1,1,1,1,1,1,1,1,0,0,1,0,1,1,0,0,0,1,1,1,0,1,0,1,1,1,1,1,0,0,1,1,1,1,1,1,1,1,1,1,1,1,0,1,1,1,1,1,1,1,1,1,1,1,1,1,1,1,0,1,0,1,0,1,1,1,1,0,1,1,1,1,1,1,1,1,1,1,0,0,0,1,1,1
30
1,1,1,37,37,37,37,37,37,37,37,110,18,115,48,61,61,97,133,111,111,87,87,87,38,38,38,152,112,112,112,81,81,20,20,39,39,39,130,130,88,88,88,88,88,86,86,86,90,90,90,16,3,3,3,3,3,3,3,3,143,40,2,2,2,2,2,2,2,2,2,2,2,2,2,2,2,2,2,2,2,2,2,2,2,2,2,2,2,2,2,2,2,2,2,2,2,2,2,85,85,9,9,9,9,9,9,9,9,9,108,108,108,108,108,51,51,89,89,89,89,89,118,118,153,6
1,1,0,1,1,1,0,1,1,0,1,0,1,0,0,1,1,1,1,1,1,1,1,1,1,1,1,0,1,1,1,1,1,0,1,1,1,1,0,1,1,1,1,0,1,0,1,1,1,1,0,0,1,1,1,1,1,1,1,1,1,1,1,0,0,0,1,1,1,1,1,1,0,0,1,0,0,0,1,1,1,1,1,1,1,1,0,1,1,1,1,1,1,0,1,1,1,1,1,0,0,1,1,1,1,1,1,1,1,1,1,1,1,1,1,0,0,1,1,1,0,0,1,1,1,1
31
1,1,1,1,104,104,110,110,18,130,130,48,48,98,38,38,38,51,51,95,95,95,20,20,20,20,20,20,20,20,81,107,27,27,27,27,27,27,27,16,16,116,3,3,3,3,3,3,96,2,2,2,2,2,2,2,2,2,2,2,2,2,2,2,2,2,2,2,2,2,2,2,2,2,2,2,2,2,2,2,2,2,2,2,2,2,2,2,2,2,2,2,139,108,108,108,108,108,108,142,89,89,89,89,89,89,89,89,89,89,89,89,118,118,82,24,37,37,37,37,37,37,37,37,37,37,92,97,97,97,97,97,97,97,97,138,105,111,111,87,87,87,87,87,87,87,129,9,9,9,9,9,9,112,112,112,112,112,39,39,39,39,88,88,88,88,88,88,86,86,86,86,86,90,90,90,90,109,109,62,62,62,154,114
0,0,0,0,0,1,0,1,1,1,1,0,1,1,0,0,0,1,1,1,1,1,0,0,0,0,0,1,0,0,0,0,0,1,1,1,0,1,1,0,1,1,1,1,1,1,1,1,1,1,1,1,0,1,0,1,1,0,1,1,0,0,0,1,0,0,0,0,1,0,0,0,1,0,0,1,1,1,0,0,1,0,0,1,1,0,1,1,1,0,1,1,1,1,1,0,1,1,1,0,1,1,1,1,1,0,1,0,0,1,0,1,1,1,1,1,1,1,1,0,0,1,0,1,0,1,1,1,1,1,1,1,1,1,1,1,0,0,1,1,1,1,1,1,1,1,0,1,1,1,1,1,1,0,1,1,1,1,1,0,1,1,0,0,1,1,1,0,1,0,1,1,1,0,1,1,1,1,0,0,1,1,1,1
32
1,1,1,104,104,104,104,110,110,18,162,61,61,70,38,38,38,132,120,120,120,158,20,20,20,20,20,20,20,20,116,27,27,27,27,16,16,3,3,3,96,96,96,40,2,2,2,2,2,2,2,2,2,2,2,2,2,2,2,2,2,2,2,2,2,2,2,2,2,2,2,2,2,2,2,2,2,2,2,2,2,2,108,108,108,108,108,108,155,121,89,89,89,89,89,89,89,89,89,89,89,89,94,82,6,6,6,97,97,97,97,34,37,37,37,37,37,37,37,37,135,135,134,133,105,87,87,87,9,9,9,9,9,9,9,9,159,112,112,112,118,39,39,39,39,39,39,10,88,88,88,88,88,86,86,86,86,86,86,90,90,90,157,109,109,109,143,52,156,24,24,24,24,160,95,161,114,114,114
1,1,1,1,1,1,1,1,1,1,1,0,1,0,0,0,0,1,1,1,1,0,1,0,0,0,0,0,0,0,1,0,1,1,0,1,1,1,1,1,0,1,1,1,1,1,1,1,1,1,0,1,0,1,1,1,0,0,0,0,0,0,0,1,1,1,1,1,1,0,0,1,0,0,1,0,1,1,0,0,1,1,0,1,1,1,1,0,1,1,1,1,1,1,1,1,1,1,1,1,0,1,1,1,1,1,0,1,1,1,1,0,1,0,0,1,0,0,1,1,1,1,1,1,0,1,1,1,1,1,1,1,1,1,1,1,1,1,1,1,1,1,1,1,1,0,1,1,0,1,1,1,0,0,0,0,1,1,0,0,0,1,1,1,1,1,1,1,0,1,1,1,1,1,1,0,0,1,1
33
1,1,37,92,130,48,61,61,61,134,138,98,163,111,111,111,111,111,111,87,129,129,9,9,9,9,9,9,112,112,112,112,112,164,110,110,20,20,84,84,84,84,84,84,10,88,88,88,88,88,88,86,86,86,97,90,90,90,16,107,3,3,3,3,3,3,3,3,3,109,109,109,109,2,2,2,2,2,2,2,2,2,2,2,2,2,2,2,2,2,2,2,2,2,2,2,2,2,2,2,2,2,2,2,2,2,85,62,38,38,38,38,38,38,38,38,108,108,108,108,108,108,118,35,133,89,89,94,82,6,24,24,24,24,24,24,15
0,0,1,0,1,1,1,1,1,0,1,1,1,1,0,1,1,1,1,1,1,1,1,1,1,1,0,1,1,1,1,1,1,0,1,1,0,0,0,1,1,1,1,1,1,0,1,0,1,1,1,0,1,1,1,1,0,1,1,1,1,1,1,1,1,1,1,1,1,1,1,1,0,1,1,1,1,0,0,0,1,1,1,0,1,0,0,1,1,0,1,1,1,1,1,1,1,1,1,0,1,1,1,1,1,0,1,0,1,1,1,1,0,1,1,1,0,1,1,1,1,1,1,1,1,1,1,0,1,1,1,1,1,1,1,1,1
34
104,104,104,37,37,37,37,110,18,48,48,98,97,97,97,97,61,105,109,87,87,87,87,9,9,9,9,51,95,112,112,112,112,112,111,20,20,20,20,20,39,39,39,39,39,39,107,107,88,88,88,88,86,86,86,86,27,27,27,27,16,10,3,3,3,3,3,3,3,3,3,3,3,3,3,3,83,96,2,2,2,2,2,2,2,2,2,2,2,2,2,2,2,2,2,2,2,2,2,2,2,2,2,2,2,2,2,2,2,2,2,2,2,2,2,2,38,38,38,108,108,108,108,155,155,89,89,89,24,15
0,0,1,1,1,0,1,1,1,1,0,1,1,1,1,1,1,1,1,1,1,1,1,1,1,1,1,1,1,1,1,1,1,1,1,0,0,0,0,0,1,0,0,1,1,1,1,1,1,1,1,0,1,0,1,1,1,1,1,1,1,1,1,1,1,1,1,1,1,1,1,1,1,1,0,1,1,1,1,1,1,0,0,1,1,1,0,0,0,0,0,0,0,0,1,0,1,1,1,1,1,1,1,1,0,1,1,1,1,1,1,1,0,1,0,1,1,1,0,0,1,1,1,1,1,1,0,1,1,0
35
1,1,1,1,1,1,1,1,1,1,1,1,1,1,1,1,1,1,1,1,1,1,1,1,1,1,1,1,1,1,1,1,1,27,37,37,37,3,3,3,3,3,3,3,3,3,83,2,2,2,2,2,2,2,2,2,2,2,2,2,2,2,2,2,2,2,2,2,2,2,2,2,2,2,2,2,2,2,2,2,2,2,2,2,97,61,38,105,87,87,9,9,9,9,9,9,152,152,112,109,20,20,20,20,39,39,39,24,24,88,88,86,86
0,1,0,1,1,1,0,1,0,1,0,1,1,1,1,0,0,1,1,1,1,1,1,1,1,1,1,1,0,1,0,1,1,0,1,1,0,1,1,1,1,1,1,1,1,1,1,1,1,0,0,0,0,1,0,0,1,0,1,0,0,0,1,0,0,1,0,1,0,1,1,1,0,0,1,0,0,0,1,0,0,1,0,1,1,0,1,1,0,0,1,1,1,1,1,1,0,0,1,1,0,0,0,0,0,0,1,1,1,1,1,1,1
36
1,1,1,1,1,1,1,104,104,110,110,110,110,130,48,62,61,61,38,38,38,38,152,20,20,81,84,116,116,116,100,27,27,27,27,27,27,27,27,16,107,39,39,39,39,39,39,96,2,2,2,2,2,2,2,2,2,2,2,2,2,2,2,2,2,2,2,2,2,2,2,2,2,2,2,2,2,2,2,2,2,2,2,2,2,2,2,2,68,108,108,108,108,89,89,89,89,118,6,6,6,24,24,24,24,24,24,37,37,37,37,37,37,21,138,105,105,87,87,87,87,87,9,9,9,9,9,9,9,9,9,9,9,9,9,112,3,3,10,88,88,88,88,88,88,86,86,86,86,86,86,86,124,90,90,90,157,52,51,117,114,114,114
0,1,0,0,0,0,0,1,1,1,1,1,1,1,1,0,0,0,1,0,1,1,1,0,0,0,0,1,1,1,0,1,1,0,0,1,1,1,1,1,1,0,0,1,1,1,1,1,1,0,0,0,1,0,1,1,0,1,0,1,1,1,0,1,0,1,0,0,1,1,0,0,0,1,1,0,1,1,0,0,1,0,0,1,0,1,1,1,1,1,1,1,1,1,0,1,1,1,1,1,1,1,1,1,0,1,1,1,1,0,1,1,0,1,1,1,1,1,1,1,1,1,1,1,1,1,1,1,1,1,1,1,1,1,1,1,1,1,1,0,1,1,0,0,0,1,0,0,1,1,1,0,0,0,0,0,0,1,1,1,0,1,1
37
1,1,1,1,104,104,104,104,104,37,37,37,37,37,37,37,37,113,92,92,115,48,97,61,61,105,105,105,105,105,109,109,87,87,87,87,87,87,87,87,87,87,87,87,38,38,38,38,38,51,95,95,112,112,110,20,20,20,39,84,10,130,88,88,88,88,88,88,86,86,86,86,86,86,86,86,86,86,86,86,90,90,90,116,3,3,83,40,27,27,2,2,2,2,2,2,2,2,2,2,2,2,2,2,2,2,2,2,2,2,2,2,2,2,2,2,2,2,2,2,2,2,2,2,2,2,2,2,2,85,85,9,9,9,9,9,9,9,108,108,108,121,165,117,117,89,89,89,89,89,89,89,89,6,96,96,96,96,15,161
0,0,1,0,1,1,1,1,1,1,1,1,0,1,1,1,1,0,1,1,1,1,1,1,1,1,1,1,1,1,1,1,1,1,1,1,1,1,1,1,1,1,1,1,0,0,1,1,1,0,1,1,1,1,1,0,0,0,1,1,1,1,0,1,1,1,1,1,1,0,1,1,1,1,1,1,1,1,1,1,0,1,1,1,1,1,1,0,1,1,0,1,0,0,0,1,0,0,1,0,1,1,1,1,0,1,1,0,0,0,0,0,0,1,0,0,0,0,1,1,0,1,1,1,0,1,1,1,0,1,1,1,1,1,1,1,1,1,1,1,1,1,0,1,1,1,1,1,1,1,1,1,1,1,1,1,1,1,1,1
38
1,104,104,37,37,37,37,92,18,166,55,97,97,97,97,97,138,138,138,61,61,105,105,105,105,105,109,109,109,109,87,87,87,87,38,38,152,95,95,112,112,112,112,112,111,111,110,110,110,110,110,110,20,20,20,39,39,39,39,39,39,84,107,88,88,88,88,88,88,88,88,88,86,86,86,86,86,86,27,16,10,3,3,3,3,3,3,3,3,3,3,83,2,2,2,2,2,2,2,2,2,2,2,2,2,2,2,2,2,2,2,2,2,2,2,2,2,2,2,2,2,2,2,2,2,2,2,2,68,52,52,9,9,9,9,9,9,108,108,108,108,108,108,151,51,89,89,89,89,89,89,89,141,118,118,6,6,6,24,15,15
1,1,1,1,1,0,1,0,1,1,1,1,1,1,1,1,1,1,1,0,0,1,1,1,1,1,1,1,1,1,1,1,1,0,0,0,1,1,1,1,1,1,1,1,1,1,0,1,0,1,1,1,0,0,0,0,0,1,1,1,1,1,1,0,0,1,1,0,0,1,1,1,1,0,1,0,1,1,1,1,1,1,1,1,1,1,1,1,1,1,1,0,0,0,1,0,0,1,1,1,1,1,1,0,0,1,1,1,1,1,1,0,1,1,1,1,1,0,0,0,1,1,0,0,0,0,1,1,1,1,1,1,1,1,1,1,1,1,1,0,1,1,1,1,1,1,0,0,1,1,1,1,1,1,1,1,1,0,1,1,1
39
116,104,37,37,37,37,37,37,37,110,110,18,90,52,97,97,97,97,138,61,105,109,109,109,87,87,87,87,87,87,9,9,9,9,9,9,9,9,9,9,9,51,132,112,112,112,112,112,112,111,111,111,20,20,3,3,3,3,3,3,3,3,3,3,3,3,3,3,3,107,107,88,88,88,88,88,88,88,86,86,86,86,86,27,27,27,16,16,10,39,39,39,39,39,55,96,96,2,2,2,2,2,2,2,2,2,2,2,2,2,2,2,2,2,2,2,2,2,2,2,2,2,2,2,2,2,2,2,2,2,2,2,2,2,2,2,62,38,38,38,38,108,108,108,108,108,89,89,89,89,89,89,89,89,89,89,118,118,6,6,24,24,15,114,114
1,1,1,1,0,1,0,1,1,1,1,1,0,1,0,1,1,1,1,1,1,1,1,1,1,1,1,1,1,1,1,0,1,1,1,1,1,1,1,1,1,0,1,1,1,1,1,1,1,0,1,1,0,0,1,1,1,1,1,1,1,1,1,1,1,1,1,1,0,1,1,0,1,1,1,1,0,1,0,0,1,1,1,0,1,1,1,1,1,0,1,1,1,1,1,1,1,1,1,1,1,1,1,0,0,1,1,0,1,0,0,0,1,0,1,0,0,1,1,1,1,1,1,0,0,0,1,0,0,1,1,1,0,1,1,1,0,0,0,0,1,0,1,1,1,1,1,1,1,1,1,1,0,1,1,0,1,1,1,1,1,1,1,1,1
40
1,1,104,104,104,104,110,110,110,18,145,48,98,98,38,51,95,95,20,20,20,20,20,20,20,81,84,27,27,39,39,39,39,39,39,39,39,83,83,40,40,2,2,2,2,2,2,2,2,2,2,2,2,2,2,2,2,2,2,2,2,2,2,2,2,2,2,2,2,2,2,2,2,2,2,2,2,2,2,108,108,108,89,89,89,89,89,89,89,89,89,89,89,89,89,89,118,118,147,126,37,37,37,37,37,37,37,37,37,37,37,37,21,61,61,61,97,97,97,97,97,97,97,138,105,111,111,87,9,112,112,112,112,78,88,88,88,88,88,86,86,86,86,90,109,109,109,109,85,52,57,24,24,24,3,3,3,3,3,3,3,3,3,3,3,3,3,3,3,3,3,3,3,44,114,114
0,0,1,0,1,1,0,0,0,1,0,1,1,1,0,1,0,1,0,0,0,0,0,0,0,0,1,0,1,0,0,1,0,1,1,1,1,1,0,0,1,0,0,0,1,1,1,1,0,0,0,1,1,1,0,1,1,1,1,0,1,1,1,1,0,1,1,0,1,0,0,0,1,0,0,1,0,0,0,1,1,1,1,0,1,1,1,1,1,1,1,1,0,0,1,0,0,1,0,0,0,1,0,1,1,0,1,0,1,1,0,0,1,0,1,1,1,1,1,1,0,1,1,1,0,1,1,1,0,1,1,1,1,0,0,1,1,0,1,0,1,1,1,0,1,1,1,1,0,0,0,1,1,1,1,1,1,1,1,1,1,1,1,1,1,1,1,1,1,1,1,1,1,0,1,1
41
1,104,37,37,37,37,37,37,37,37,27,48,48,52,97,97,61,61,111,109,109,109,87,87,87,87,9,9,9,9,9,9,9,95,112,112,112,81,81,20,39,39,39,39,39,39,116,88,88,88,88,88,88,86,86,86,86,86,86,86,90,90,90,3,3,3,3,3,3,3,96,2,2,2,2,2,2,2,2,2,2,2,2,2,2,2,2,2,2,2,2,2,2,2,2,2,2,2,2,2,2,2,2,2,2,2,2,2,2,2,130,62,38,38,38,108,108,108,108,108,108,143,89,89,89,89,89,89,6,6,24,15
1,1,1,0,1,1,1,1,1,1,1,1,1,0,1,1,1,1,1,1,1,1,1,0,1,1,1,1,1,1,1,1,1,0,1,1,1,1,1,0,0,0,1,1,1,1,1,0,0,1,1,1,1,1,1,0,0,1,0,1,0,1,0,1,1,1,1,1,1,1,1,1,1,1,1,1,1,1,0,1,1,1,0,0,0,1,0,1,1,1,1,1,1,1,1,1,1,1,1,1,0,1,0,0,1,1,1,1,1,1,0,1,1,1,1,0,1,1,1,1,1,1,0,1,1,1,1,1,1,0,1,1
42
1,1,104,37,37,37,37,110,110,48,97,97,97,97,97,61,105,109,109,109,109,87,87,87,9,9,51,95,112,112,112,112,112,111,111,20,20,20,20,20,39,39,39,39,39,107,100,100,88,88,88,88,88,88,88,86,86,86,86,86,86,86,86,86,27,27,16,116,3,3,3,3,3,3,3,3,3,3,3,3,3,3,3,3,3,3,3,3,3,3,3,3,55,96,96,2,2,2,2,2,2,2,2,2,2,2,2,2,2,2,2,2,2,2,2,2,2,2,2,2,2,2,2,2,2,2,2,2,2,2,2,2,2,2,2,2,52,38,38,38,38,108,108,108,108,108,167,15,89,89,89,89,89,89,89,89,89,89,118,118,66,24,57,114,114
0,1,1,1,1,1,1,1,0,0,1,1,1,1,1,1,1,1,1,1,1,1,1,1,1,0,1,1,0,1,1,1,1,1,1,0,1,0,0,0,0,1,1,1,1,1,1,1,0,1,1,1,1,1,1,1,0,0,0,1,1,1,1,1,1,1,1,1,1,1,1,1,1,1,1,1,1,1,1,1,1,1,1,1,1,1,1,1,1,1,1,1,1,1,1,1,1,1,1,0,1,1,0,1,0,1,0,1,1,1,0,1,0,1,1,0,0,1,0,0,0,1,0,0,0,0,0,0,1,0,1,1,1,1,0,0,1,1,1,0,1,0,1,1,1,1,1,1,1,1,1,1,1,1,1,1,1,1,1,1,1,1,0,1,1
43
1,1,1,1,1,1,1,1,37,37,37,37,37,37,37,92,92,48,97,97,61,105,38,38,109,109,109,109,87,87,87,129,9,9,9,9,9,132,101,170,110,20,20,20,39,39,84,84,10,88,88,88,88,88,86,86,86,86,27,27,27,3,3,3,3,3,3,3,96,96,70,70,2,2,2,2,2,2,2,2,2,2,2,2,2,2,2,2,2,2,2,2,2,2,2,2,2,2,2,2,2,168,108,108,108,108,108,108,108,169,95,89,89,89,89,89,89,94,17,24,24,112,112,112
0,0,0,0,0,0,0,1,1,1,1,0,1,1,0,1,0,0,0,1,1,1,1,1,1,1,1,1,0,0,0,1,1,1,1,1,1,0,0,1,1,0,0,0,0,0,0,0,0,0,1,1,1,1,0,1,1,0,1,1,1,1,1,1,1,1,1,1,1,0,0,0,1,1,1,0,1,1,1,0,1,1,1,1,1,1,1,1,1,1,1,1,1,1,0,1,1,1,1,1,0,1,0,1,1,1,1,1,1,0,1,0,1,1,1,0,1,1,0,1,1,0,1,0
44
1,131,104,104,37,37,37,37,37,37,37,37,37,37,37,110,18,90,90,48,98,97,97,61,61,105,109,109,109,109,87,87,87,87,87,87,87,87,9,9,9,9,9,9,9,95,112,112,112,112,112,112,111,111,81,81,20,20,20,20,39,39,39,10,88,88,88,88,88,88,88,86,86,86,86,86,86,86,86,27,27,27,16,16,3,3,3,3,3,3,3,3,3,3,3,96,96,96,96,96,96,2,2,2,2,2,2,2,2,2,2,2,2,2,2,2,2,2,2,2,2,2,2,2,2,2,2,2,2,2,2,2,2,2,2,2,2,2,2,2,2,2,130,52,38,38,38,38,108,108,108,108,108,171,89,89,89,89,89,89,89,89,89,89,89,89,89,89,118,118,66,6,6,24,15,114,114
1,1,1,1,0,1,1,1,1,1,1,1,1,0,1,1,1,0,1,1,1,1,1,1,1,1,1,1,1,1,1,1,1,1,0,1,1,1,1,1,1,1,1,1,1,1,0,1,1,1,1,1,1,1,1,1,0,0,0,0,1,0,1,1,0,1,1,1,1,1,1,1,1,0,0,1,1,1,1,1,1,1,0,0,1,1,1,1,1,1,1,1,1,1,1,1,1,0,1,1,1,1,1,1,0,1,1,0,0,0,1,1,0,1,0,0,0,1,1,1,0,1,1,1,1,0,1,1,0,1,0,1,1,0,1,1,1,0,1,0,1,0,1,1,1,1,0,1,0,1,1,1,1,1,1,1,1,1,1,1,1,1,0,1,1,0,1,1,1,0,1,1,1,1,1,0,1
45
27,9,9,37,37,37,37,37,37,3,3,3,3,3,3,3,83,90,48,48,89,89,89,89,89,61,61,114,114,87,87,87,2,2,2,2,2,2,2,2,2,2,2,2,2,2,2,2,2,2,2,2,2,2,2,2,2,2,2,2,2,2,2,2,2,2,2,2,38,38,39,39,39,20,20,81,81,10,100,100,24,88,88,88,88,88,86,86,86,86,86,86
1,1,1,1,0,1,1,0,1,1,1,1,1,1,1,1,0,1,1,0,1,1,1,1,1,1,1,1,1,1,1,1,1,1,1,0,1,1,0,0,1,0,1,1,1,0,1,1,1,1,1,1,1,1,1,1,0,1,1,1,1,1,1,1,1,1,0,1,1,0,1,1,1,0,0,1,1,1,1,1,1,1,1,1,1,1,1,1,1,1,1,1
46
1,1,1,1,1,1,1,1,1,1,1,1,1,1,1,1,1,1,1,1,1,1,104,104,37,37,37,37,27,27,27,27,97,97,97,61,61,38,38,38,95,120,120,81,20,20,39,39,39,39,84,10,88,88,88,88,88,88,88,86,86,86,86,86,86,86,86,86,90,90,3,3,3,3,3,3,3,3,3,3,3,3,3,3,83,96,2,2,2,2,2,2,2,2,2,2,2,2,2,2,2,2,2,2,2,2,2,2,2,2,2,2,2,2,2,2,2,2,2,2,2,2,2,2,2,85,9,9,9,9,9,9,9,9,9,9,9,35,89,89,89,89,89,89,89,89,6,24,24
1,1,1,1,0,0,0,1,0,0,1,0,0,0,1,1,1,1,1,1,1,1,0,1,1,0,0,1,1,1,1,1,1,1,1,1,0,1,1,1,1,1,0,1,0,0,0,1,1,1,0,1,1,1,1,1,1,0,1,1,1,1,0,0,0,1,1,0,0,1,1,1,1,1,1,1,1,1,1,1,1,1,0,1,0,1,1,1,1,1,1,1,1,0,1,1,0,0,0,1,1,0,1,1,1,1,1,1,1,1,0,1,1,1,1,1,1,1,1,1,0,1,1,1,0,1,1,1,1,1,1,1,1,1,1,1,1,1,1,1,1,1,1,1,1,0,1,1,0
47
1,1,1,1,1,1,1,1,1,1,1,1,1,1,1,104,104,37,37,37,37,37,92,130,48,48,97,97,138,61,111,129,129,9,95,112,112,110,110,20,20,20,3,3,3,3,84,143,88,88,88,88,86,86,86,86,86,86,90,39,39,39,39,39,39,39,39,109,109,109,2,2,2,2,2,2,2,2,2,2,2,2,2,2,2,2,2,2,2,2,2,2,2,2,2,2,2,2,2,2,2,2,2,2,2,2,6,38,38,38,108,108,108,108,108,35,142,89,89,118,146,24,24,24,15
1,1,0,1,1,1,0,1,1,1,1,1,1,1,1,1,1,0,1,1,1,1,0,1,1,1,1,1,1,1,1,0,1,1,1,1,1,1,1,0,0,0,1,1,1,1,1,1,0,1,1,1,1,0,1,1,0,0,1,1,1,1,1,1,1,1,1,1,0,1,1,1,1,0,1,1,1,1,1,1,1,0,0,1,0,1,1,1,1,1,1,1,0,1,1,0,1,1,1,1,1,1,1,1,1,1,1,0,1,1,1,1,1,1,1,1,1,1,1,1,1,1,1,1,1
48
37,37,37,3,3,3,3,3,3,83,2,2,2,2,2,2,2,2,2,2,2,2,2,2,2,2,2,2,2,2,2,2,2,2,2,2,2,2,2,61,61,62,9,9,9,9,9,9,9,9,9,146,146,87,87,87,38,10,10,6,6,24,24,24,24,24,86,86,86
0,0,1,1,0,1,1,1,1,0,1,1,1,0,0,1,0,0,1,0,1,0,0,0,0,0,1,1,0,0,0,0,0,0,0,0,1,0,0,0,1,0,1,1,1,1,1,1,1,1,1,1,0,1,1,1,0,1,1,1,1,1,1,1,1,1,1,0,0
49
172,38,38,38,37,3,3,39,2,2,2,2,2,2,2,2,2,2,2,2,2,2,2,2,2,2,2,2,2,2,2,2,2,2,2,132,61
0,1,1,0,0,1,1,0,1,1,0,1,1,1,1,0,1,1,1,0,1,0,1,1,1,0,1,1,1,1,1,1,1,1,1,1,1
50
1,1,37,37,37,37,92,169,97,163,38,120,110,106,20,39,39,39,39,39,39,39,39,84,107,107,88,88,88,88,113,90,90,16,116,3,3,3,3,3,3,3,3,3,3,3,3,109,109,109,109,109,2,2,2,2,2,2,2,2,2,2,2,2,2,2,2,2,2,2,2,2,2,2,2,2,2,2,2,2,2,2,2,2,2,2,2,2,2,2,2,2,2,62,9,9,9,9,108,108,108,108,108,108,48,48,117,89,89,89,89,89,89,118,118,17,86,173,112,112
0,0,1,1,0,1,1,0,1,0,1,0,1,1,1,0,1,0,0,1,1,0,1,0,1,1,1,1,1,1,0,0,0,1,1,1,1,1,1,1,1,1,1,1,1,1,1,1,1,1,1,1,0,1,1,1,1,1,1,1,1,0,1,0,1,1,0,0,0,0,1,1,1,1,0,0,0,0,0,0,1,1,1,0,0,0,1,0,0,1,1,1,0,0,1,1,1,1,0,1,1,1,1,0,1,0,1,1,1,1,1,1,1,1,1,1,0,1,1,1
51
1,37,37,37,37,37,37,92,139,61,61,87,87,87,87,87,87,129,9,9,9,112,112,112,112,110,110,10,88,88,88,88,86,86,86,90,90,16,116,3,3,109,109,109,2,2,2,2,2,2,2,2,2,2,2,2,2,2,2,2,2,2,2,2,2,2,2,2,2,2,2,2,2,2,2,2,2,2,62,38,38,38,108,108,108,108,35,94,24,24,24
1,1,0,1,1,1,1,1,0,0,1,1,1,1,1,1,0,1,1,1,1,1,1,1,1,1,1,1,1,1,1,1,0,1,1,0,1,1,1,1,1,1,1,0,1,1,0,1,1,1,1,1,1,1,0,0,1,1,1,1,1,1,1,1,1,1,1,1,1,1,1,1,1,1,1,1,1,1,0,1,1,1,1,1,1,1,0,1,1,1,1
52
1,1,1,1,1,1,1,1,1,1,1,1,1,1,1,1,1,1,1,1,1,1,1,1,1,1,1,1,1,1,104,104,37,37,37,37,37,37,92,18,130,48,97,97,97,61,61,105,109,87,87,87,38,38,95,112,112,110,110,20,20,39,39,39,39,39,39,39,39,39,39,39,107,88,86,86,86,86,86,86,86,90,3,3,3,3,3,3,3,3,3,3,3,3,3,3,3,3,3,3,3,3,3,3,3,3,3,3,3,3,83,96,96,96,96,2,2,2,2,2,2,2,2,2,2,2,2,2,2,2,2,2,2,2,2,2,2,2,2,2,2,2,2,2,2,2,2,2,2,2,2,9,9,108,108,108,143,126,89,89,89,89,114,24,66
1,1,1,1,1,1,1,1,0,1,1,1,1,1,1,1,1,1,0,1,1,1,1,1,1,1,1,1,1,1,0,1,0,1,1,1,1,1,0,0,1,1,1,1,1,0,1,1,1,1,1,1,0,0,1,1,1,1,1,0,0,0,1,1,1,0,0,1,1,1,1,0,1,1,1,1,0,1,0,1,1,1,1,1,1,1,1,1,1,1,1,1,1,1,1,1,1,1,1,1,1,1,1,1,1,1,1,1,1,1,0,1,1,1,1,0,1,1,1,1,0,0,0,1,1,0,0,0,1,1,1,1,0,1,0,0,0,0,1,1,0,0,0,0,0,1,1,0,1,1,0,1,1,1,1,1,1,1,1,0,1,1,1,1,1
53
1,1,1,104,104,104,104,110,110,145,48,48,48,52,61,61,38,38,38,38,38,152,132,125,20,20,20,20,84,107,100,100,27,27,27,16,16,39,39,39,39,39,39,177,2,2,2,2,2,2,2,2,2,2,2,2,2,2,2,2,2,2,2,2,2,2,2,2,2,2,2,2,2,2,2,2,2,2,130,108,108,108,108,175,165,89,89,89,89,176,6,24,24,24,37,37,37,37,37,174,21,135,55,97,97,138,133,111,111,181,87,87,87,129,9,9,9,9,9,9,9,112,112,183,3,3,3,3,3,3,3,3,3,178,10,88,88,88,88,88,88,88,86,86,90,90,109,109,179,143,143,85,85,85,85,62,180,8,51,117,95,96,96,182
0,0,0,0,1,1,0,1,1,0,1,0,0,0,1,1,0,0,1,0,1,1,1,0,0,0,0,0,1,0,0,1,1,1,0,0,1,0,1,0,0,0,0,1,1,0,0,1,1,1,0,0,0,1,1,0,0,0,0,0,1,1,1,0,1,1,0,1,1,1,0,0,1,0,1,0,0,0,0,1,1,0,1,1,0,1,1,0,1,1,1,1,1,1,1,0,1,1,0,1,1,0,1,1,1,1,0,0,1,1,0,1,1,1,1,1,1,1,1,1,1,1,1,0,1,1,1,1,1,1,1,1,1,1,1,0,1,1,1,1,0,0,1,1,0,1,1,0,0,1,1,0,0,0,0,0,1,0,1,1,0,0,1,1
54
1,1,104,104,110,110,139,139,48,48,48,61,70,38,38,38,38,95,95,20,20,20,20,20,81,84,116,16,107,39,39,39,39,39,96,96,2,2,2,2,2,2,2,2,2,2,2,2,2,2,2,2,2,2,2,2,2,2,2,2,2,2,2,2,2,2,2,2,2,2,2,2,2,2,2,2,2,2,108,108,169,89,89,89,89,89,89,89,89,89,89,89,183,6,24,24,24,24,15,37,37,37,37,37,37,37,37,37,37,37,37,37,37,37,37,37,37,92,55,55,97,138,111,87,87,87,87,87,129,9,9,112,112,112,112,112,118,3,3,3,3,3,3,88,88,88,88,88,88,86,86,86,86,86,86,86,90,109,109,109,109,85,85,85,62,31,31,114,114,114,114
0,1,1,1,0,0,0,1,1,0,0,1,0,0,0,0,1,1,1,1,0,0,0,0,0,0,1,1,1,1,1,1,1,1,1,1,1,1,1,1,1,1,1,1,1,1,0,0,1,0,0,0,1,1,1,1,1,0,0,1,1,1,1,1,1,1,1,0,0,0,1,0,1,0,0,1,0,0,1,1,0,1,1,0,1,0,1,1,0,1,0,1,1,1,1,1,1,1,1,0,0,1,0,1,0,1,1,1,0,1,1,0,1,1,1,1,0,1,1,1,1,1,1,1,1,1,1,1,1,1,1,1,1,0,1,1,1,1,1,1,1,1,1,0,0,0,1,1,1,1,0,0,1,1,1,0,1,1,1,1,0,1,1,1,1,0,1,1,1,1,1
55
2,3
0,1
56
1,1,1,37,92,130,48,61,61,98,111,111,87,87,87,87,38,38,38,38,112,112,112,112,112,112,112,81,20,3,10,88,88,88,88,86,86,86,90,90,16,16,39,39,109,109,2,2,2,2,2,2,2,2,2,2,2,2,2,2,2,2,2,2,2,2,2,2,2,2,2,2,2,2,2,2,2,2,2,2,2,2,2,2,2,2,2,62,9,9,9,9,9,9,9,108,108,108,108,108,108,110,118,24,24,24,24,24,24,24,15
0,0,0,1,1,1,0,0,1,0,1,1,1,1,1,0,0,1,1,1,1,1,1,1,1,1,1,1,1,1,1,1,1,1,1,1,1,1,1,1,1,1,1,1,1,1,0,1,1,1,1,1,1,1,1,1,1,1,1,1,1,1,1,1,1,1,0,1,1,1,1,1,1,1,1,1,1,1,1,1,1,1,1,0,1,1,1,1,1,1,1,1,1,1,1,1,1,1,1,1,1,1,1,1,1,1,1,1,1,1,1
57
1,104,37,37,37,37,37,37,37,37,90,90,138,105,87,38,38,38,38,95,112,20,3,3,3,3,3,3,107,55,27,10,39,39,39,83,2,2,2,2,2,2,2,2,2,2,2,2,2,2,2,2,2,2,2,2,2,2,2,2,2,2,2,2,2,2,9,9,9,89,89,89,89,89,89,89,89,6,6,57
0,1,1,0,1,1,0,1,0,1,0,0,1,1,1,0,0,0,0,1,1,0,1,1,1,1,1,1,1,1,1,1,0,1,0,0,1,1,0,0,0,0,0,0,0,1,0,1,1,1,0,0,0,0,0,1,1,1,0,0,1,1,1,1,1,1,1,1,1,1,1,1,1,1,0,0,0,1,1,0
58
104,37,37,37,37,37,37,37,37,37,37,37,37,37,37,21,130,48,48,97,97,97,97,138,98,98,111,109,109,87,87,87,87,87,87,87,9,9,9,51,51,95,112,112,112,112,112,81,81,20,20,20,20,3,3,3,3,3,3,3,3,3,3,107,88,88,88,88,88,86,86,86,86,90,90,116,116,39,39,39,39,39,39,39,39,18,2,2,2,2,2,2,2,2,2,2,2,2,2,2,2,2,2,2,2,2,2,2,2,2,2,2,2,2,2,2,2,2,2,2,2,2,2,2,2,2,2,2,184,85,62,38,38,38,38,38,108,108,108,108,108,24,24,24,24,24,24,24,117,89,89,89,89,89,89,89,118,114,114,114,114,134,15,161
0,1,1,0,1,1,1,1,1,1,1,1,1,1,1,1,1,0,0,0,1,1,1,1,1,0,1,1,1,1,1,1,1,0,0,1,1,1,1,1,1,1,1,1,1,1,1,0,1,0,0,0,0,1,1,1,1,1,0,1,1,1,1,1,1,1,0,1,1,1,1,1,1,0,1,1,1,0,0,0,0,1,1,1,0,0,1,1,1,1,0,1,1,0,1,1,0,1,0,1,1,0,0,1,0,1,1,1,1,1,1,1,1,0,1,1,1,1,0,1,1,0,0,1,1,1,1,1,0,0,1,1,0,0,1,1,0,1,1,1,1,1,1,1,1,1,1,1,1,1,1,1,1,1,1,0,1,0,1,1,1,0,1,0
59
1,1,1,1,104,110,110,18,188,48,48,61,61,38,38,38,38,38,51,95,95,120,111,20,20,20,20,81,81,84,84,84,107,107,100,27,27,27,27,16,16,3,3,3,3,83,40,2,2,2,2,2,2,2,2,2,2,2,2,2,2,2,2,2,2,2,2,2,2,2,2,2,2,2,2,2,2,2,2,2,2,2,115,115,108,108,108,108,187,187,190,89,89,89,89,89,89,118,118,118,24,24,24,191,37,37,37,37,37,37,37,37,37,37,37,37,37,37,37,37,37,92,21,21,135,97,97,186,186,185,105,87,87,87,87,87,87,87,87,87,87,192,9,9,9,9,9,9,9,9,9,9,112,112,112,39,39,39,39,39,39,130,88,88,88,88,88,88,86,86,86,90,109,109,109,109,85,85,85,85,62,156,156,156,4,154,35,193,189,96,96,96,114,114
1,0,0,0,1,1,1,1,0,1,1,1,0,0,1,0,1,1,1,1,0,1,0,0,1,1,1,0,0,1,1,1,1,1,1,1,0,1,1,0,1,1,1,1,1,1,1,1,1,0,1,1,1,1,0,1,1,1,0,0,0,1,0,1,0,1,0,0,1,1,1,0,0,0,0,0,1,0,0,1,1,1,1,1,0,1,1,1,1,1,1,1,1,1,1,1,0,0,1,1,1,1,1,1,1,0,1,0,1,1,1,1,1,0,1,1,1,0,1,1,1,0,0,0,0,0,1,1,0,0,0,0,1,1,1,0,0,1,0,1,1,0,1,1,1,1,1,1,1,1,1,1,1,1,1,0,1,1,0,0,1,1,0,1,1,1,1,1,0,1,1,1,1,0,0,1,1,1,1,1,1,0,1,1,1,0,1,0,0,0,1,1,0,1
60
104,104,104,104,18,48,194,38,38,51,51,95,20,20,20,20,20,20,20,20,81,81,81,93,116,100,100,27,27,27,27,27,27,16,16,107,39,39,39,39,83,40,2,2,2,2,2,2,2,2,2,2,2,2,2,2,2,2,2,2,2,2,2,2,2,2,2,2,2,2,2,2,2,2,2,2,2,2,2,2,2,2,2,2,2,108,108,108,108,108,61,89,89,89,89,89,89,89,89,86,86,86,86,86,86,86,86,86,86,86,86,6,6,24,24,24,24,24,24,15,37,37,37,37,37,37,37,98,97,97,97,97,97,105,111,111,111,87,87,87,87,87,87,87,87,87,87,87,9,9,9,9,112,112,112,112,112,3,3,3,3,3,3,3,3,3,3,3,3,3,3,10,10,88,88,88,88,88,88,148,109,109,143,117,117,114,96,96,161
1,1,1,1,1,0,1,1,0,1,0,1,0,0,0,0,0,0,0,0,0,0,1,0,1,0,0,1,1,1,1,1,1,1,1,1,1,1,1,1,1,1,1,1,1,1,1,1,1,1,0,1,0,1,0,0,1,1,1,1,1,1,0,1,1,1,1,1,1,1,1,1,1,1,1,1,1,1,1,1,1,1,1,1,1,0,1,1,1,1,1,1,1,0,0,1,1,0,1,1,1,0,1,1,1,1,0,0,1,1,1,1,0,1,1,1,1,1,1,1,1,1,1,0,1,1,1,1,1,1,1,1,1,1,0,0,1,1,0,1,1,1,1,1,1,1,1,1,1,1,1,0,1,1,1,0,1,1,1,1,1,1,1,1,1,1,1,1,0,1,1,1,1,0,1,1,1,1,1,1,1,1,1,1,1,1,1,1,0
61
1,1,1,1,1,104,37,37,18,42,48,97,97,97,97,97,97,61,61,105,105,109,109,109,109,109,109,109,87,87,87,87,87,87,87,38,38,38,38,51,51,95,112,112,112,112,111,118,20,20,20,20,20,39,39,39,39,39,39,10,10,88,88,88,88,86,86,86,86,90,16,116,3,3,3,3,3,3,3,3,3,3,3,3,3,96,96,96,96,96,2,2,2,2,2,2,2,2,2,2,2,2,2,2,2,2,2,2,2,2,2,2,2,2,2,2,2,2,2,2,2,2,2,2,2,2,2,9,9,9,9,9,9,9,9,9,9,9,9,108,108,108,143,89,89,89,89,89,89,89,89,89,89,89,131,6,6,6,24,24,15,114
1,1,0,0,0,1,0,1,0,0,1,1,1,0,1,1,1,1,1,1,1,1,1,1,1,1,1,1,1,1,1,1,1,1,1,0,1,1,1,1,1,1,1,1,1,1,1,1,0,0,0,0,0,1,0,1,1,1,0,1,1,1,1,1,1,1,1,1,1,0,1,1,1,1,1,1,1,1,1,1,1,0,1,1,1,1,1,1,1,1,1,1,1,0,1,1,1,1,0,0,0,0,1,0,1,1,1,1,1,1,1,1,0,1,1,1,1,1,1,1,1,1,0,1,0,1,1,1,1,1,1,1,1,1,1,1,1,1,1,0,1,1,1,1,1,1,1,0,1,1,0,0,0,0,1,1,1,1,1,1,1,1
62
1,104,104,104,104,110,18,98,38,38,38,51,51,95,20,20,20,81,84,107,107,107,100,27,27,27,27,27,16,39,39,39,39,39,83,40,2,2,2,2,2,2,2,2,2,2,2,2,2,2,2,2,2,2,2,2,2,2,2,2,2,2,2,2,2,2,2,2,2,2,2,2,2,2,2,108,108,108,108,108,89,89,89,89,89,89,89,89,118,24,24,15,66,37,37,37,37,37,37,37,37,21,61,61,97,97,97,138,133,111,111,111,87,87,87,87,87,87,9,9,9,9,9,112,112,112,112,112,112,3,3,3,3,3,3,3,3,3,3,3,3,3,10,88,88,88,88,88,88,86,86,86,86,86,86,86,90,90,90,109,109,117,96,96,96,114
0,1,1,1,1,1,1,1,1,1,1,1,1,1,0,0,0,1,1,1,1,1,1,1,1,1,1,1,1,0,1,1,1,1,1,1,0,1,1,1,1,1,0,0,1,0,0,0,1,0,0,0,0,1,1,1,1,1,1,1,1,1,1,1,1,1,1,1,1,1,1,1,1,1,0,1,1,1,1,1,1,1,1,0,1,1,1,1,1,1,1,1,1,1,1,0,1,1,1,1,1,1,1,1,1,1,1,1,0,1,1,1,1,1,1,1,1,1,1,1,1,1,1,1,1,1,1,1,1,1,1,1,1,1,1,1,1,1,1,1,1,1,1,0,1,1,1,1,0,1,1,0,1,1,1,1,0,1,0,1,1,1,1,0,1,1
63
1,1,1,104,104,104,104,104,197,113,18,130,61,38,38,38,38,196,95,95,20,20,20,20,20,20,81,81,81,84,116,100,100,27,3,3,3,3,3,3,3,3,3,3,3,3,3,3,3,3,3,3,3,3,3,96,40,2,2,2,2,2,2,2,2,2,2,2,2,2,2,2,2,2,2,2,2,2,2,2,2,2,2,2,2,2,2,2,2,2,2,2,2,2,2,2,2,2,198,108,108,108,108,108,108,155,89,89,89,89,89,89,89,118,118,86,86,86,86,86,86,6,15,37,37,37,37,37,37,37,37,37,37,37,37,37,37,37,37,97,97,195,105,111,111,111,87,87,87,87,87,87,9,131,112,112,112,112,112,39,39,39,39,39,39,39,39,39,39,143,88,88,88,88,88,148,148,148,124,90,90,109,109,109,85,62,62,62,62,57,31,51,114,114
0,0,1,1,1,1,1,0,1,1,1,1,1,1,1,0,1,1,1,1,1,0,0,1,0,0,0,1,1,1,1,1,1,1,1,1,1,0,1,1,1,1,1,1,1,1,1,1,1,1,1,1,1,1,1,1,0,1,1,1,1,1,1,1,1,1,1,1,0,1,1,1,0,1,1,0,1,1,1,1,1,1,0,1,1,1,1,1,1,1,0,1,1,1,0,0,0,0,1,0,1,1,1,1,1,1,1,1,1,0,1,1,1,0,1,0,1,1,1,1,1,1,1,1,1,1,1,0,1,1,1,0,1,1,0,1,1,1,1,1,1,1,1,1,1,1,1,1,1,1,1,1,1,1,1,1,1,1,1,1,1,1,1,1,1,1,1,1,1,1,0,0,1,1,1,1,1,1,1,0,1,1,0,1,0,1,1,1,1,1,1,1,1,1
64
1,104,104,104,37,37,37,37,37,37,37,37,37,113,90,48,199,97,97,97,138,61,61,105,109,109,109,87,87,87,52,9,95,112,112,112,112,144,144,110,110,20,20,20,20,20,20,20,20,39,39,39,39,107,107,88,88,88,88,55,27,3,3,3,3,3,3,3,3,3,3,3,3,3,3,3,3,3,3,3,3,83,40,2,2,2,2,2,2,2,2,2,2,2,2,2,2,2,2,2,2,2,2,2,2,2,2,2,2,2,2,2,2,2,2,2,2,2,2,2,2,2,62,62,62,38,38,38,108,108,108,108,111,111,99,89,89,89,89,89,89,89,89,89,118,118,44,86,86,86,86,86,86,6,134,15
1,1,1,1,0,1,1,1,1,0,0,0,1,0,0,0,0,1,1,1,1,0,1,1,1,1,1,0,1,1,0,1,1,1,1,1,1,0,0,0,0,0,0,0,0,0,0,0,0,0,1,0,1,1,1,1,1,1,0,1,0,1,1,1,1,1,1,1,1,1,1,1,1,1,1,1,1,1,1,1,1,0,0,1,0,0,0,1,1,1,0,1,0,0,0,1,0,0,0,0,0,1,1,1,1,0,0,1,1,1,0,0,0,0,0,1,1,1,0,1,1,1,1,0,0,0,1,0,1,1,0,0,1,1,0,1,1,0,1,1,1,0,0,1,1,1,1,0,1,1,1,0,1,0,1,0
65
1,90,104,37,37,37,37,37,37,37,3,3,3,3,3,3,3,3,3,3,3,3,3,3,3,3,3,3,3,83,48,48,48,55,97,97,97,97,38,38,87,87,87,87,2,2,2,2,2,2,2,2,2,2,2,2,2,2,2,2,2,2,2,2,2,2,2,2,2,2,2,2,2,2,2,2,2,2,2,2,2,2,2,9,9,9,9,9,9,95,95,31,31,89,89,89,89,89,89,89,89,89,39,39,39,39,86,86,86,86,86,86,86,6,88,88,88,88,88,114,114
1,1,1,1,1,1,1,0,1,1,1,1,1,1,1,1,1,1,1,1,1,1,1,1,1,1,1,1,1,1,0,1,1,1,1,1,1,1,1,1,1,1,0,1,1,1,1,1,0,1,0,0,1,0,1,1,1,0,1,1,1,1,1,0,1,1,1,0,1,1,1,1,1,1,1,0,0,1,0,1,1,1,1,1,1,0,1,1,1,1,1,1,1,1,1,1,1,1,0,1,1,1,1,1,0,0,1,0,0,1,1,1,0,1,0,1,1,0,1,1,0
66
104,104,37,37,37,37,37,37,37,37,37,92,18,27,27,27,48,48,133,97,97,138,61,61,111,111,109,109,109,109,109,87,87,70,9,9,9,9,9,9,9,9,9,9,9,9,9,51,95,95,112,112,112,112,112,118,118,20,20,20,20,20,39,39,39,84,107,100,100,88,88,88,88,88,88,88,55,90,10,10,3,3,3,3,3,3,3,3,3,3,83,40,96,2,2,2,2,2,2,2,2,2,2,2,2,2,2,2,2,2,2,2,2,2,2,2,2,2,2,2,2,2,2,2,2,2,2,2,2,2,2,52,38,38,108,108,108,108,108,108,89,89,89,89,89,89,89,89,89,94,86,86,86,86,86,86,86,86,86,86,86,6,6,24,24,24,24,24,57,114
0,1,1,0,0,1,1,1,1,1,1,1,1,1,1,1,0,0,1,1,1,1,1,1,1,1,1,1,1,1,1,1,1,1,1,1,1,1,1,1,1,1,1,1,1,1,1,1,1,1,1,1,1,1,1,1,1,0,0,0,0,1,1,1,1,1,1,1,0,1,0,1,1,1,1,1,1,1,1,1,1,1,1,1,1,1,1,1,1,1,0,1,0,1,1,0,1,1,0,1,1,0,1,0,1,1,0,1,1,1,1,1,1,1,1,1,1,1,1,0,0,1,0,1,1,1,0,1,1,1,1,1,0,0,1,1,1,1,1,1,1,1,0,1,0,1,1,1,1,1,0,1,1,1,1,0,0,0,0,1,1,1,1,1,1,1,1,1,1,1
67
1,1,104,104,37,37,37,37,110,110,27,27,97,97,97,97,97,61,163,105,87,87,87,87,87,87,9,9,9,9,9,112,112,20,20,20,20,39,39,39,39,84,88,88,88,88,88,88,86,86,86,86,86,135,16,16,3,3,3,3,3,3,3,3,3,3,3,3,3,96,103,2,2,2,2,2,2,2,2,2,2,2,2,2,2,2,2,2,2,2,2,2,2,2,2,2,2,2,2,2,2,2,2,2,2,199,38,38,38,108,108,108,108,142,89,89,89,89,89,89,89,89,89,89,89,109,109,109,126,6,6,24,24,15,114,114,114
0,0,0,1,1,1,1,1,0,1,1,1,1,1,1,1,1,0,1,1,0,1,1,1,0,1,1,0,1,1,1,1,1,1,0,0,0,0,1,0,1,1,0,1,1,1,0,1,1,0,1,1,1,0,1,1,1,1,1,1,1,1,1,1,1,1,1,1,1,1,1,1,1,1,0,1,1,1,1,0,0,1,0,0,0,1,0,0,1,0,0,0,1,1,0,0,0,0,0,0,1,0,1,1,0,0,1,0,0,1,1,0,1,0,0,1,0,1,0,1,1,0,1,1,0,1,1,1,1,0,0,1,1,1,0,1,1
68
1,1,1,1,1,1,104,104,104,104,110,62,61,38,38,38,20,20,20,20,20,20,81,81,81,81,93,116,116,153,27,16,39,39,39,39,39,96,96,96,96,96,40,2,2,2,2,2,2,2,2,2,2,2,2,2,2,2,2,2,2,2,2,2,2,2,2,2,2,2,2,2,2,2,2,2,2,2,2,200,108,108,108,108,99,99,142,89,89,89,89,89,89,89,89,89,89,89,89,118,82,6,6,24,24,15,37,37,37,37,37,37,37,92,92,21,21,97,97,97,138,133,186,105,87,87,87,87,87,87,87,87,9,9,9,9,9,9,112,112,112,3,3,3,3,3,3,3,3,3,3,3,10,88,88,88,88,86,86,86,86,90,90,109,109,109,109,109,85,85,52,161,114
1,1,1,1,1,0,1,1,1,1,1,1,1,0,1,1,1,0,0,0,0,0,0,1,1,1,0,0,1,0,1,1,0,1,1,1,1,1,1,1,1,1,1,1,1,1,1,1,1,1,1,1,1,1,1,1,1,1,1,1,1,1,1,1,1,1,1,1,1,1,1,1,1,1,1,1,1,1,1,1,1,1,0,1,0,1,0,1,1,1,1,1,1,1,1,0,1,1,1,1,0,1,1,1,1,1,1,1,1,1,1,1,1,1,1,0,1,1,0,1,1,0,1,1,1,1,1,1,1,1,1,1,1,1,1,1,1,1,1,1,1,1,1,1,1,1,1,1,1,1,1,1,0,1,1,1,1,0,1,1,1,1,1,1,1,1,1,1,0,1,1,1,1
69
1,1,1,1,1,1,1,1,1,1,1,1,1,1,1,1,1,1,1,1,1,1,1,1,1,37,37,37,37,37,37,37,37,37,37,37,37,37,37,37,110,115,48,61,97,97,97,97,138,133,105,109,109,109,109,87,87,87,87,87,87,52,38,38,38,95,112,112,112,112,112,112,111,39,39,39,20,20,20,81,10,88,88,88,88,88,86,86,86,86,90,90,90,90,90,157,3,3,3,83,83,2,2,2,2,2,2,2,2,2,2,2,2,2,2,2,2,2,2,2,2,2,2,2,2,2,2,2,2,2,2,2,2,2,2,2,2,2,2,2,2,2,2,2,2,2,2,2,2,2,2,2,2,2,2,2,201,85,62,9,9,9,108,108,108,108,143,16,137,89,89,89,89,89,89,89,118,118,148,6,6,24,24,15,114
1,1,0,0,0,1,0,0,1,0,1,0,0,1,0,0,0,0,0,1,1,1,1,1,0,1,1,1,1,1,1,1,1,1,1,1,1,1,1,1,1,0,1,0,1,1,0,0,1,1,0,1,1,1,1,1,1,0,0,0,1,0,0,0,0,1,1,1,1,1,1,1,1,1,1,1,0,0,0,0,1,1,1,1,1,1,1,1,1,1,0,1,1,1,1,0,1,1,1,0,0,1,1,1,1,1,0,0,0,1,0,0,0,0,1,0,1,1,1,1,1,1,0,1,1,0,0,0,0,1,1,1,1,1,1,1,1,1,1,1,1,1,1,1,1,1,1,1,1,1,1,1,1,1,1,0,1,0,1,0,1,0,1,0,1,1,1,1,1,1,0,0,1,0,0,1,1,1,1,1,0,1,1,0,1
70
1,1,1,104,104,37,37,37,37,37,37,37,37,37,37,37,110,110,110,18,27,27,27,27,97,97,138,61,111,109,109,109,87,87,87,87,87,87,87,87,38,38,38,51,51,95,120,39,39,39,20,20,20,20,20,81,10,100,88,88,88,88,88,88,88,96,90,107,3,3,3,3,3,3,55,2,2,2,2,2,2,2,2,2,2,2,2,2,2,2,2,2,2,2,2,2,2,2,2,2,2,2,2,2,2,2,2,2,2,2,2,2,2,2,2,9,9,9,9,9,9,9,9,9,108,108,143,137,89,89,89,89,89,89,89,141,153,6,6,24,24,24,24,112,112,112,112,112,112,112,112
0,1,0,1,1,1,1,1,0,1,0,1,1,1,1,1,1,1,1,1,1,1,1,1,1,1,1,0,1,1,1,1,1,1,1,1,1,1,1,1,0,0,1,0,1,1,0,1,1,1,1,0,0,0,0,1,1,1,0,1,1,1,1,1,1,1,0,1,1,1,1,1,1,1,1,1,0,1,1,1,0,1,1,0,0,0,1,1,1,0,1,1,1,1,1,1,0,0,0,0,1,0,1,0,1,0,0,1,1,1,1,1,1,1,1,1,1,1,1,1,0,1,1,1,1,1,1,1,1,1,1,1,1,1,1,1,0,1,1,1,1,1,1,1,1,1,1,1,1,1,1
71
104,104,104,104,104,37,37,37,37,37,37,110,115,48,97,97,97,97,87,87,87,87,87,87,87,38,38,3,3,3,3,3,3,3,3,3,3,95,112,112,112,20,20,20,81,107,100,88,88,88,88,88,88,88,88,88,88,88,27,27,27,27,27,27,90,116,39,39,39,39,55,2,2,2,2,2,2,2,2,2,2,2,2,2,2,2,2,2,2,2,2,2,2,2,2,2,2,2,2,2,2,2,2,2,2,2,2,2,9,108,89,89,89,89,89,89,89,89,89,89,89,89,86,86,86,86,86,86,96,96,15,66
1,1,1,1,1,1,0,1,1,1,0,0,1,1,1,1,1,1,1,1,1,1,1,1,1,0,0,1,1,1,1,1,0,1,1,1,1,1,1,1,1,0,0,0,1,1,1,0,1,1,1,1,0,1,1,1,1,1,1,1,1,1,0,1,1,1,0,1,0,1,1,1,1,1,1,1,0,0,0,1,1,0,0,1,1,1,1,1,0,1,1,1,1,1,1,1,0,1,1,1,1,1,1,1,1,1,1,1,0,0,1,0,1,1,1,0,1,1,1,1,1,1,1,1,1,1,1,1,1,1,1,1
72
37,37,37,37,37,110,110,18,27,27,48,97,61,111,87,87,87,87,9,9,9,9,9,95,112,112,112,112,81,20,20,20,39,39,39,39,84,107,88,88,88,86,86,86,86,86,86,86,90,16,3,3,3,3,3,3,3,3,3,3,3,3,3,3,3,3,3,3,3,3,3,3,3,3,3,109,2,2,2,2,2,2,2,2,2,2,2,2,2,2,2,2,2,2,2,2,2,2,2,2,2,2,2,2,2,2,2,2,2,2,2,2,2,2,2,2,38,38,38,38,108,108,108,143,31,89,89,89,89,89,89,89,118,6,24
0,1,0,1,1,0,0,1,0,1,0,1,0,1,1,1,1,1,1,1,1,1,1,1,1,1,1,1,1,0,0,0,0,1,1,1,0,1,1,0,0,1,1,0,0,1,1,1,0,1,1,1,0,1,1,1,1,1,1,1,1,1,1,1,1,1,1,1,1,1,1,1,1,1,1,1,1,0,0,0,0,1,1,1,0,0,1,0,1,0,0,0,1,0,1,0,1,1,1,1,0,1,0,0,1,0,0,1,0,1,0,0,1,0,1,1,1,0,0,1,1,1,1,1,1,1,1,1,1,1,1,1,1,0,1
73
73
104,37,37,37,37,37,37,37,110,18,48,55,97,97,138,61,105,112,112,109,109,109,87,87,87,87,87,9,9,9,9,9,9,152,120,111,111,111,106,20,20,20,20,39,39,39,107,88,88,88,88,88,86,86,86,86,86,86,90,16,10,3,3,3,3,3,3,3,3,96,96,2,2,2,2,2,2,2,2,2,2,2,2,2,2,2,2,2,2,2,2,2,2,2,2,2,2,2,2,2,2,2,2,2,2,2,2,2,62,108,108,108,108,51,117,89,89,89,89,89,89,89,89,89,89,89,118,118,6,6,114,114
1,0,1,1,1,1,1,1,0,1,0,1,1,1,1,0,1,1,1,1,1,1,1,1,1,1,1,1,1,1,1,1,1,1,1,1,1,1,1,0,0,0,0,0,1,0,1,1,1,1,1,1,0,1,1,1,1,1,0,1,1,1,1,1,1,1,1,1,0,1,1,1,1,0,1,0,1,1,1,1,1,1,1,1,1,1,1,1,1,0,1,1,0,1,1,1,1,0,1,1,1,1,1,1,1,1,1,1,0,1,1,1,1,1,1,1,1,1,1,1,1,1,1,1,1,0,1,1,0,1,1,1
74
2,2,2,1,1,3
1,1,0,0,0,1
75
1,1,1,1,1,1,1,1,1,1,1,1,1,1,1,1,1,1,1,1,1,1,27,37,37,3,3,3,3,3,3,3,96,2,2,2,2,2,2,2,2,2,2,2,2,2,2,2,2,2,2,2,2,2,2,2,2,61,97,62,9,9,9,9,9,87,38,89,89,89,20,10,10,6,6,6,6,6,24,88,88,88,88,88,86
0,1,0,1,1,1,1,0,1,1,1,1,1,1,1,1,1,1,1,1,0,1,1,1,1,1,1,1,1,1,1,0,1,1,1,1,1,0,1,0,0,1,1,0,1,0,0,0,1,0,0,1,0,0,1,0,0,1,1,0,1,1,1,1,1,0,0,0,1,1,0,1,1,1,0,0,1,1,1,1,1,1,1,0,1
76
116,16,16,37,37,37,3,3,3,3,109,109,21,2,2,2,2,2,2,2,61,61,9,108,108,108,108,108,111,87,118,118,38,38,112,112,112,112,89,20,20,39,86,6,6,114
1,1,1,1,1,1,1,0,1,1,1,1,1,1,1,1,1,1,0,1,0,1,0,0,1,1,1,1,1,1,1,1,1,1,0,1,1,1,1,0,0,0,1,0,0,1
77
1,1,1,1,1,1,1,1,20,20,9,9,9,3,3,3,3,2,2,2,2,2,2,2,2,2,2,2,2,2,2,2,2,2,2,2,10,6,6
0,0,1,1,1,1,1,1,0,0,1,1,1,1,1,1,1,1,1,1,1,0,1,0,0,1,0,1,0,1,0,1,1,1,0,0,1,0,1
78
37,37,37,37,37,37,37,37,37,37,37,37,37,110,90,90,97,97,61,111,111,87,87,87,38,112,112,112,112,112,112,20,20,20,20,20,39,116,88,88,88,86,86,86,86,27,27,27,16,10,3,3,3,3,3,109,2,2,2,2,2,2,2,2,2,2,2,2,2,2,2,2,2,2,2,2,2,2,2,2,2,2,62,108,108,108,108,89,89,118,82,6,6,15
1,1,1,1,1,0,1,0,1,0,1,1,1,0,0,1,1,1,0,1,0,1,1,1,0,1,1,1,1,1,1,0,0,0,0,0,0,1,0,0,0,1,1,0,1,0,1,0,0,1,1,1,1,1,1,1,1,0,0,0,1,0,0,1,0,0,1,1,0,1,0,0,0,0,0,0,0,0,0,0,0,1,1,1,1,1,0,0,0,1,1,1,1,1
79
1,1,1,1,1,1,1,1,1,1,1,1,1,1,27,27,27,37,3,3,92,90,90,2,2,2,2,2,2,2,2,2,2,2,2,2,2,2,2,2,2,2,2,2,97,97,133,38,38,87,9,95,20,39,202,88,86,86
1,1,0,1,0,1,0,0,1,1,1,1,0,0,0,0,1,1,1,1,1,0,0,1,1,1,1,0,0,1,0,1,0,0,0,0,1,0,0,0,0,1,1,1,0,1,0,0,0,1,0,0,0,0,0,0,0,0
80
1,20,9,37,3,3,3,27,2,2,2,2,2,2,2,2,2,114,87,87,86,86
0,0,1,1,1,1,1,1,1,1,1,1,0,0,0,1,1,1,0,1,0,1
81
1,1,1,1,1,1,1,1,1,1,38,37,3,3,3,2,2,2,2,2,2,2,2,39
0,0,1,1,0,1,1,1,0,1,1,0,1,1,1,1,1,1,1,0,1,0,0,0
82
1,1,1,1,1,1,1,1,1,203,37,37,37,110,18,204,61,109,87,87,9,9,9,9,152,112,20,39,116,116,116,88,88,88,88,88,86,90,90,3,3,3,3,3,3,96,96,96,96,96,2,2,2,2,2,2,2,2,2,2,2,2,2,2,2,2,2,2,2,2,2,2,2,198,130,62,38,38,38,108,108,89,89,6,15,114
1,0,1,0,1,1,0,0,0,1,0,0,1,1,1,1,1,1,0,0,1,1,1,1,1,1,0,0,1,1,1,0,1,1,1,0,0,0,0,1,1,1,1,1,1,1,1,1,1,1,1,1,1,1,1,0,0,0,0,0,0,1,0,0,0,1,0,0,0,0,1,0,1,1,0,0,1,1,1,0,1,1,1,1,1,1
83
203,203,18,48,61,163,38,38,38,152,20,20,20,81,81,93,116,100,27,27,27,16,16,39,39,39,177,2,2,2,2,2,2,2,2,2,2,2,2,2,2,2,2,2,2,2,2,2,2,2,2,2,2,2,2,2,2,2,2,108,108,108,108,155,196,89,89,89,89,118,118,17,6,24,15,15,37,37,37,37,37,21,97,138,111,111,87,87,87,87,87,87,87,87,87,129,9,9,9,112,112,112,112,3,3,3,3,3,3,3,3,3,10,10,10,10,10,10,88,88,88,88,88,88,88,88,86,86,86,86,90,109,109,109,109,109,109,109,109,62,62,205,51,117,44,96,96,114
1,1,1,0,1,1,1,1,0,1,0,0,0,1,1,1,1,1,1,1,1,1,1,0,0,0,1,1,1,0,1,0,1,1,1,0,1,0,0,0,0,1,1,1,1,0,1,1,0,1,0,0,0,0,0,1,1,0,0,0,1,1,1,1,1,1,1,0,0,1,1,1,1,1,1,1,1,1,1,1,1,1,1,1,1,1,1,1,1,1,1,1,1,0,1,1,1,1,1,1,1,1,1,1,1,1,1,1,1,1,1,1,1,1,1,1,1,1,0,1,1,1,1,0,1,1,0,1,0,1,0,1,1,1,1,1,0,1,1,1,1,1,1,1,0,1,1,1
84
1,1,1,1,1,104,37,37,37,37,37,37,37,37,37,110,18,130,48,48,48,97,61,111,111,87,87,57,9,20,20,20,20,20,27,27,10,88,88,88,55,90,16,16,116,3,3,3,3,3,3,3,96,2,2,2,2,2,2,2,2,2,2,2,2,2,2,2,2,2,2,2,2,38,38,108,108,108,108,108,143,89,118,86,86,15,15,112,112,112
0,0,1,0,0,1,1,0,1,1,1,1,0,1,1,0,1,0,1,1,0,1,0,1,0,1,1,0,1,0,0,0,0,0,0,1,1,1,1,1,0,0,1,0,1,1,1,1,1,1,1,1,0,0,0,0,1,1,0,1,1,1,0,0,0,1,1,1,0,0,1,0,1,0,0,0,1,1,1,1,1,1,1,0,0,0,0,1,1,1
85
1,1,104,104,110,130,48,48,61,61,61,83,38,38,38,38,132,132,101,20,20,20,16,16,3,3,3,3,3,55,2,2,2,2,2,2,2,2,2,2,2,2,2,2,2,2,2,2,2,2,2,2,2,2,2,2,2,2,2,2,2,2,2,2,2,2,108,108,108,108,177,89,89,89,89,89,89,89,89,118,6,24,119,37,37,37,37,37,37,37,21,97,97,128,105,87,87,87,87,87,87,87,129,129,9,9,9,112,112,112,112,39,39,39,10,88,88,88,88,88,86,86,86,86,86,90,109,85,62,57,117,117,141,96,96,114,114,114,114
0,0,1,1,1,1,1,1,0,1,1,1,0,0,1,1,1,1,0,0,0,0,1,1,1,1,1,0,1,1,0,0,0,1,0,0,1,1,0,0,0,1,0,0,1,1,0,1,0,0,0,1,0,0,0,0,1,0,1,0,1,1,1,1,1,1,1,0,1,1,0,1,1,0,1,1,1,0,1,1,1,1,1,1,1,1,1,1,1,0,1,0,1,1,0,1,1,1,0,0,1,0,1,1,1,1,1,1,1,1,1,0,1,0,1,0,1,1,1,1,1,0,1,0,1,0,0,1,1,1,1,1,0,1,1,1,1,1,1
86
1,1,1,1,1,1,1,1,1,1,1,1,1,1,37,37,37,37,37,37,37,37,37,92,21,27,27,134,138,61,111,111,109,109,87,87,87,87,87,87,87,129,9,9,9,9,9,9,9,9,9,9,152,95,95,112,112,112,112,112,110,158,20,20,20,20,39,39,10,10,10,10,88,88,88,148,90,90,16,16,3,3,83,96,96,96,2,2,2,2,2,2,2,2,2,2,2,2,2,2,2,2,2,2,2,2,2,2,2,2,2,2,2,2,2,2,2,2,62,38,38,108,108,108,108,81,155,171,89,89,89,89,118,118,17,86,86,86,86,6,6,6,97
0,0,0,0,1,0,0,0,1,1,1,1,1,0,0,1,0,1,0,1,1,1,1,0,1,0,1,1,1,0,1,1,1,1,0,1,0,1,1,0,1,1,1,1,1,1,1,1,1,1,1,1,0,0,0,1,1,1,1,1,1,1,1,1,1,1,1,0,0,1,1,1,1,1,1,1,0,1,1,1,1,1,0,1,0,1,1,0,1,1,0,1,1,0,1,1,1,1,0,1,1,1,1,0,1,1,1,0,0,1,0,1,0,0,0,1,1,1,1,1,0,1,1,1,1,1,1,0,0,1,1,1,1,1,1,0,1,0,1,1,1,1,0
87
1,1,1,1,1,1,1,1,1,1,1,1,1,1,1,1,1,1,1,1,1,1,1,1,1,1,1,1,1,1,1,1,1,1,1,1,1,1,1,1,37,37,37,37,37,37,37,37,3,3,96,92,115,2,2,2,2,2,2,2,2,2,2,2,2,2,2,2,2,2,2,2,2,2,2,2,2,2,87,87,87,129,38,38,38,89,89,89,89,89,89,86,88,88,88,88,114
1,1,1,1,1,1,1,1,1,1,1,1,1,1,1,1,1,1,1,1,1,0,1,1,1,1,1,1,1,1,1,1,1,1,1,1,1,1,1,1,1,1,1,1,0,1,1,1,1,1,1,1,1,1,1,1,1,1,1,1,1,1,1,1,1,1,1,1,0,0,0,0,0,0,1,1,1,1,1,1,1,1,1,1,1,1,1,1,0,1,1,1,1,1,1,1,1
88
1,203,3,3,3,3,3,3,3,3,3,3,3,3,3,3,3,27,2,2,2,2,2,2,2,2,2,2,2,2,2,2,2,2,2,2,2,2,2,2,2,2,2,61,9,9,108,108,38,38,38,20,20,20,20,20,10,10,6,6,88,88
1,0,1,1,1,1,1,1,1,1,1,1,0,1,1,1,1,0,1,0,0,1,0,0,1,0,0,0,1,1,0,1,0,1,0,0,0,0,1,1,1,1,1,0,1,1,1,0,0,0,0,0,0,1,0,0,1,0,0,1,1,1
89
203,104,37,37,37,37,37,37,37,37,18,55,55,61,87,87,87,9,9,9,9,9,9,9,9,9,9,9,9,9,51,20,39,39,107,88,88,88,88,88,88,96,90,10,10,3,3,3,3,83,40,2,2,2,2,2,2,2,2,2,2,2,2,2,2,2,2,2,2,2,2,2,2,52,89,89,89,89,86,86,86,6,6,6,6,24,114,114
0,0,1,1,0,0,0,0,1,1,1,0,1,1,0,1,1,1,1,1,1,1,1,1,1,1,1,1,1,1,0,0,0,0,1,1,1,1,1,1,0,1,0,1,1,1,1,1,1,0,0,0,0,1,0,1,1,0,0,0,0,1,0,1,1,0,1,1,1,0,0,1,1,1,1,1,1,1,1,0,1,1,1,1,1,1,0,1
90
1,1,1,1,1,1,1,1,1,1,1,1,1,1,1,1,1,1,1,38,37,39,2,2,2,2,2,2,2,2,2,2,2,2,2,2,2,2,2,2,2,2,2,61,86,86
0,1,1,0,1,0,0,0,0,1,0,1,0,1,1,0,0,1,0,0,0,0,1,0,1,0,1,0,0,0,1,1,0,0,0,0,1,0,0,0,0,1,0,0,0,0
91
2,2,2,2,2,2,2,2,2,2,2,2,2,2,2,2,39,3,3,3,3,3,86,86
0,1,1,0,0,0,0,0,1,1,0,0,0,1,0,0,0,1,1,1,1,1,1,1
92
1,1,1,1,1,1,87,87,9,9,3,3,3,3,3,3,27,2,2,2,2,2,2,2,2,2,2,2,2,2,2,2,2,2,6,86
0,0,1,1,1,0,1,1,0,1,1,1,1,1,1,1,0,1,1,1,0,0,1,1,1,0,1,1,1,0,0,1,1,1,0,1
93
1,1,37,37,37,37,110,110,27,27,27,97,138,109,87,87,87,38,152,112,112,112,112,112,112,20,20,20,20,20,20,20,3,3,3,3,3,3,3,3,3,3,3,3,3,107,88,88,88,88,88,88,88,88,55,90,90,10,39,39,39,83,2,2,2,2,2,2,2,2,2,2,2,2,2,2,2,2,2,2,2,2,2,2,2,62,108,108,89,89,89,89,86,86,86,6,114
0,0,1,1,1,0,0,1,0,1,1,1,0,0,1,1,0,0,0,1,1,1,1,1,1,0,0,0,0,0,0,0,1,1,1,1,1,1,1,1,1,1,1,1,1,1,0,1,1,1,0,0,0,1,1,0,0,1,0,0,1,1,0,1,0,0,0,0,1,1,0,1,1,0,0,0,0,1,1,1,0,1,1,1,1,0,1,1,1,1,1,1,1,0,1,0,1
94
203,203,203,104,37,37,37,37,37,37,37,37,37,37,110,21,90,90,97,61,61,111,111,109,109,109,109,109,109,109,109,87,87,87,87,87,87,87,87,87,9,9,9,9,9,9,9,152,112,112,112,112,81,20,20,3,3,3,3,3,10,100,88,88,88,88,86,86,86,86,86,27,27,27,16,107,107,39,39,39,55,2,2,2,2,2,2,2,2,2,2,2,2,2,2,2,2,2,2,2,2,2,2,2,2,2,2,2,2,2,2,2,2,2,2,2,2,115,62,38,108,108,108,108,51,51,89,89,89,89,118,118,6,6,6,24,15,114
1,1,1,1,1,1,1,1,1,1,1,1,1,1,1,1,1,0,0,0,1,1,1,1,1,1,1,0,1,1,1,0,1,1,1,1,0,1,1,1,1,1,1,1,1,1,1,1,1,1,1,1,1,0,0,1,1,1,1,1,0,1,1,1,1,1,1,0,1,1,1,1,1,1,1,1,1,0,1,1,1,1,1,1,1,1,0,0,1,1,1,1,1,1,1,1,1,1,1,1,1,1,1,1,1,1,1,1,1,1,1,0,1,0,1,1,1,1,1,0,1,1,1,1,1,1,1,0,1,1,1,1,1,1,1,1,1,1
95
20,85,3,3,3,3,37,37,37,2,2,2,2,2,2,2,2,2,2,2,2,2,2,10,6,6,206,206,206,88
0,0,1,1,1,1,1,1,1,1,0,0,0,1,1,0,0,0,0,0,0,1,0,1,0,0,1,0,1,1
96
1,1,1,1,1,1,1,1,1,1,1,1,1,1,1,203,104,3,3,3,3,3,3,109,109,109,90,90,2,2,2,2,2,2,2,2,2,2,2,2,2,2,2,2,2,2,2,2,2,2,207,9,108,108,143,38,117,20,39,10,6,88,88,16
1,1,1,1,0,1,0,1,1,1,1,1,1,0,1,0,1,0,1,1,1,1,1,1,1,1,1,1,1,1,1,1,0,1,0,0,0,0,1,0,0,0,0,1,1,0,1,0,0,0,0,1,1,1,1,0,1,0,1,1,1,1,1,0
97
1,1,90,90,111,9,9,9,9,9,112,112,20,39,10,10,10,88,88,88,86,86,27,16,3,3,3,3,3,3,3,3,3,3,3,3,109,109,109,109,2,2,2,2,2,2,2,2,2,2,2,2,2,2,2,2,2,2,2,2,2,2,2,2,2,38,108,108,108,89,182,6,6,6,24,15,114
0,0,0,1,1,1,1,1,1,1,1,1,0,1,1,1,0,1,1,1,0,1,0,1,0,1,1,1,1,1,1,1,1,0,1,0,1,1,1,1,1,0,1,0,1,0,0,0,1,0,1,1,1,0,1,0,1,0,1,0,0,1,1,1,1,0,1,1,1,1,1,1,1,1,1,1,1
98
1,1,1,1,1,1,1,104,37,37,37,37,37,37,37,37,37,37,110,110,18,90,90,48,97,61,105,109,109,87,87,87,9,9,9,152,112,112,112,112,112,112,111,111,20,20,20,20,20,39,39,39,39,84,107,88,88,88,88,88,88,88,88,86,86,86,86,27,27,27,27,27,16,116,3,3,3,3,3,3,3,3,3,3,55,40,2,2,2,2,2,2,2,2,2,2,2,2,2,2,2,2,2,2,2,2,2,2,2,38,38,38,108,108,108,108,51,15,89,89,89,89,118,6,57,114,114
0,1,1,1,1,1,0,1,1,1,1,1,1,1,1,1,1,1,1,1,1,0,0,1,1,1,1,1,1,1,1,1,0,1,1,0,1,0,1,1,1,1,1,1,0,0,0,0,0,0,1,1,1,1,1,0,1,1,1,1,0,1,0,1,0,0,0,0,1,1,1,0,1,1,1,1,1,1,1,1,1,1,1,1,1,1,1,1,1,1,0,0,1,1,0,1,0,0,1,1,0,0,0,0,0,1,1,1,1,1,0,0,1,1,1,1,0,1,1,0,1,1,1,1,0,1,1
99
1,1,1,152,110,110,204,138,61,9,9,9,112,112,112,112,112,20,20,20,20,20,20,116,88,86,86,86,90,10,3,3,3,3,3,3,3,3,3,3,3,143,143,8,38,108,108,108,2,2,2,2,2,2,2,2,2,2,2,2,2,2,2,2,2,2,2,2,2,2,89,89,118,118,6,6,6,15
1,1,1,0,1,0,0,1,0,1,1,1,1,1,1,1,1,0,0,0,0,0,0,1,1,1,0,1,0,1,0,0,1,0,1,1,1,1,1,1,1,1,1,1,0,1,1,0,1,1,1,1,0,1,0,0,1,1,0,0,1,1,0,0,0,0,1,0,1,0,1,0,0,0,1,1,1,1
100
1,1,203,203,37,37,37,37,37,37,37,37,37,37,110,110,18,27,52,97,97,97,138,98,111,109,109,87,87,87,87,9,9,9,152,95,112,112,112,112,112,20,20,116,88,88,88,88,86,86,86,86,86,86,86,90,16,16,16,3,3,3,55,2,2,2,2,2,2,2,2,2,2,2,2,2,2,2,2,2,2,2,2,2,2,2,2,2,2,2,2,2,2,2,2,2,2,2,2,2,2,2,62,38,38,108,108,108,108,108,108,108,89,89,89,89,89,89,118,118,6,114,114
1,0,1,1,0,1,0,1,0,1,1,1,1,1,1,1,1,0,1,1,1,1,1,1,0,1,0,1,1,0,1,1,1,1,0,1,1,1,1,1,1,0,0,1,0,1,1,1,0,1,0,1,1,1,1,1,1,1,1,1,1,1,1,1,0,1,1,0,0,1,0,0,1,1,1,0,1,0,1,0,0,1,0,0,0,0,0,0,1,1,0,0,0,1,0,1,0,1,1,0,1,1,1,1,0,0,1,1,1,1,0,1,1,1,1,1,1,1,1,0,0,0,1
101
1,1,1,1,1,87,37,37,37,37,37,37,37,37,3,3,3,3,3,3,3,3,3,3,20,204,2,2,2,2,2,2,2,2,2,2,2,2,2,2,10,10,10,10,6,6,86,86,86
1,1,0,1,1,1,1,1,1,1,1,1,1,1,1,0,1,1,1,1,1,1,1,1,0,0,1,1,0,1,1,0,0,0,0,1,0,1,1,0,1,1,0,1,1,1,1,0,1
102
1,1,1,1,1,1,1,1,1,1,1,1,1,1,1,1,1,1,1,1,1,1,1,1,1,1,1,1,1,1,1,1,1,1,1,1,1,1,1,27,37,37,37,37,37,37,37,37,37,37,3,3,3,3,3,3,3,96,92,92,2,2,2,2,2,2,2,2,2,2,2,2,2,2,2,2,2,2,2,2,2,2,2,2,61,38,38,87,87,87,87,129,129,9,9,120,89,89,89,89,89,89,20,86,86,88,88,88,88,114,114,114,114
1,1,1,1,1,1,1,1,1,1,1,1,1,1,1,1,0,1,1,1,1,0,1,1,1,1,1,1,1,1,1,1,1,1,1,1,1,1,1,1,1,1,1,1,1,1,0,1,1,1,1,1,1,1,1,1,1,1,0,1,1,1,1,0,1,1,1,1,1,1,1,1,1,1,0,0,0,0,0,1,1,1,0,1,1,1,1,1,1,1,1,0,1,1,1,0,1,1,1,1,1,1,1,1,1,1,1,1,1,1,1,1,1
103
1,1,1,37,3,3,3,3,109,109,2,2,2,2,2,2,2,2,2,2,2,2,2,2,2,2,2,2,2,2,2,2,2,2,2,107,108,108,108,108,87,38,152,89,10,10,6,55
0,1,0,1,1,1,1,1,1,1,1,1,1,0,0,0,0,1,0,1,1,1,0,0,0,0,0,1,1,0,0,0,0,0,0,1,1,1,1,1,1,0,0,1,1,1,1,1
104
2,2,2,2,2,61,10,3,3,3,6
1,1,1,0,0,0,1,1,1,1,1
105
2
1
106
1,1,1,1,1,1,1,1,1,37,37,37,37,37,92,21,90,133,61,61,87,87,87,38,38,39,39,20,27,10,88,88,88,88,86,86,86,86,86,135,3,3,3,96,2,2,2,2,2,2,2,2,2,2,2,2,2,2,2,2,2,2,2,2,2,2,2,2,2,2,2,2,2,2,2,62,62,89,89,89,82
0,1,1,0,1,1,1,1,1,1,1,0,1,1,1,1,0,0,0,0,0,1,1,0,0,0,0,0,0,1,1,1,1,1,1,1,1,0,1,0,1,1,1,1,0,0,1,1,1,0,1,0,0,0,1,0,1,1,1,1,1,1,1,1,1,1,1,1,1,1,1,1,1,1,1,1,1,0,1,1,1
107
1,1,1,1,3,110,2,2,2,2,2,2,2,2,2,2,2,133,38,112,39,20,118,82,86,86
0,0,0,0,0,1,1,0,1,1,0,1,0,1,1,0,0,0,0,0,1,0,1,0,1,1
108
1,104,110,110,110,18,61,61,38,38,196,20,116,27,27,27,16,16,39,39,96,96,96,209,198,108,108,108,108,108,108,8,99,208,118,6,6,15,207,37,37,37,37,97,89,89,89,89,89,111,111,87,129,9,9,9,9,9,112,112,112,112,112,3,3,3,3,3,3,3,3,10,10,10,10,88,88,88,88,88,88,88,86,86,86,86,86,86,90,109,109,85,85,62,62,62,2,2,2,2,2,2,2,2,2,2,2,2,2,2,2,2,2,2,2,2,2,2,2,2,2,2,2,2,2,2,2,2,2,51,51,117,151,114,114
0,1,1,1,1,1,0,1,0,0,0,0,1,0,1,0,1,1,0,0,1,1,1,1,1,0,1,1,1,1,1,1,0,1,1,1,1,1,0,1,1,1,1,1,1,1,0,1,1,1,0,1,0,1,1,1,1,1,1,1,1,1,1,1,1,1,1,1,1,0,1,1,1,1,1,1,1,1,1,1,0,0,1,0,1,1,1,1,1,1,1,0,1,1,1,1,1,1,1,1,0,1,1,1,1,1,1,0,1,1,0,1,1,1,1,1,1,1,1,1,1,1,1,1,1,1,1,1,1,1,1,1,1,1,1
109
1,1,1,1,1,1,203,37,37,37,37,37,37,110,110,110,18,130,97,106,61,61,111,112,112,112,112,109,109,109,109,87,87,38,38,152,120,158,20,20,20,39,39,39,143,143,143,88,86,86,86,86,27,16,16,3,3,3,3,3,3,3,3,96,40,2,2,2,2,2,2,2,2,2,2,2,2,2,2,2,2,2,2,2,2,2,2,2,2,2,2,2,2,2,2,2,2,2,2,2,68,62,57,108,108,89,89,89,89,89,89,89,89,89,118,118,6,15,114,114
1,1,1,1,0,1,1,1,0,1,1,1,1,0,1,1,1,1,1,0,1,1,1,1,1,0,1,1,1,1,1,1,1,0,1,1,1,1,0,0,0,1,0,0,1,1,1,0,1,1,1,1,1,1,0,0,1,1,1,1,1,1,1,1,1,1,1,1,1,1,1,1,1,1,0,0,1,0,1,1,1,1,1,0,0,0,1,0,1,0,0,0,1,1,0,0,1,1,1,1,1,0,1,1,1,1,0,1,0,0,1,0,1,0,1,0,1,0,1,1
110
2,2,2,2,2,2,2,2,1,9
1,1,1,1,0,1,1,0,1,0
111
27,27,104,37,37,37,37,37,37,37,37,37,3,3,3,96,96,2,2,2,2,2,2,2,2,2,2,2,2,2,2,2,2,2,2,2,2,2,2,2,2,97,97,107,38,38,86,86,87,87,87,9,9,9,9,9,9,9,9,9,9,9,9,51,51,15,89,89,89,89,20,10,10,6,6,6,6,6,88,88,88,88,88,114,114
0,0,1,1,1,1,1,1,0,1,1,1,1,1,0,1,1,1,0,1,1,0,0,1,0,0,0,1,1,0,1,0,0,0,0,0,0,1,1,0,1,1,1,1,0,0,0,1,0,1,1,1,1,1,1,1,1,1,1,1,1,1,1,0,0,1,1,1,0,1,0,1,1,1,1,1,1,1,1,1,1,1,0,0,1
112
1,1,37,37,37,37,37,37,37,37,37,110,21,52,97,138,61,87,87,38,38,112,112,20,20,20,20,3,3,3,3,3,107,88,88,88,88,88,88,88,96,16,39,39,55,2,2,2,2,2,2,2,2,2,2,2,2,2,2,2,2,2,2,2,62,108,108,108,108,108,108,89,89,89,89,118,86,86,86,6,24,114
0,1,1,1,1,1,1,1,1,0,0,0,0,1,0,1,1,1,1,0,0,1,1,0,0,0,0,1,1,1,0,1,1,0,1,1,1,0,0,1,1,0,1,1,1,0,1,1,1,0,0,1,0,0,1,0,0,0,0,0,1,0,1,0,1,1,1,1,1,1,1,1,1,0,1,1,1,0,1,1,1,1
113
1,1,1,1,1,1,1,1,1,1,1,175,39,208,2,2,2,2,2,2,2,2,2,2,61
0,0,1,1,0,0,0,0,1,1,1,1,0,0,1,1,1,0,1,1,1,0,0,0,0
114
1,1,1,1,1,1,1,1,37,37,37,18,48,97,97,61,111,109,109,109,109,87,87,9,9,152,112,112,20,3,3,3,3,3,107,88,88,88,88,86,86,27,27,27,10,39,39,96,40,2,2,2,2,2,2,2,2,2,2,2,2,2,2,2,2,2,2,2,2,38,38,108,108,108,108,108,143,143,35,51,89,89,6,6,15
0,1,0,0,0,1,0,0,1,0,1,1,1,1,0,1,1,1,1,0,1,1,1,1,1,0,1,1,0,1,1,1,1,1,1,1,1,1,1,1,1,1,1,1,1,0,0,1,0,0,1,1,0,1,1,0,1,1,0,1,1,1,0,1,1,1,1,1,1,0,1,0,1,1,1,1,1,1,1,1,1,1,1,1,1
115
1,1,1,1,1,1,104,152,56,56,90,52,97,208,61,87,87,87,87,87,9,9,9,37,37,37,37,37,37,37,37,37,37,37,112,112,112,112,112,112,110,39,39,39,39,39,20,20,20,20,20,20,20,81,81,210,88,88,88,88,88,86,86,27,16,16,3,3,109,109,109,109,109,40,2,2,2,2,2,2,2,2,2,2,2,2,2,2,2,2,2,2,2,2,2,2,2,2,2,2,2,2,2,2,2,2,2,2,2,62,62,62,62,38,108,108,143,35,89,89,89,89,89,89,89,89,82,6,114,114
0,0,0,0,0,1,0,1,0,1,1,1,1,1,1,1,0,1,0,1,1,0,1,1,0,1,1,1,0,1,1,1,1,0,1,1,1,1,1,1,1,0,0,1,1,1,0,0,0,0,0,0,0,0,0,1,1,1,1,1,0,0,1,1,1,0,1,0,1,1,1,1,1,0,1,1,1,0,0,0,0,1,1,1,0,0,0,1,1,1,0,1,1,0,0,0,1,0,1,0,0,0,1,1,1,0,1,0,1,1,1,1,1,1,1,1,1,0,1,1,0,0,0,0,0,1,0,0,1,1
116
1,203,203,104,104,104,37,37,37,37,37,37,37,37,37,110,21,27,27,97,97,128,109,109,109,87,87,87,9,9,9,9,51,51,95,95,112,112,112,112,20,39,202,10,10,10,10,88,88,88,88,88,86,86,86,86,90,107,3,3,3,3,3,3,3,3,3,18,2,2,2,2,2,2,2,2,2,2,2,2,2,2,2,2,2,2,2,2,2,2,2,2,2,2,2,2,2,2,2,2,62,108,89,89,89,89,89,89,89,6,6,6,114,114,114
0,0,1,1,1,1,1,1,0,1,0,1,0,0,1,0,1,1,1,0,1,1,1,1,1,0,1,1,1,1,1,1,1,1,1,1,1,0,1,1,0,0,0,1,1,1,1,1,1,1,1,1,0,1,0,1,1,1,1,1,1,1,1,1,1,1,1,1,1,0,1,1,0,0,1,1,0,1,1,1,0,1,1,1,1,1,1,1,1,1,1,0,1,1,1,1,1,0,0,1,1,0,1,0,0,1,0,0,1,1,1,1,1,1,1
117
87,87,20,96,96,96,1,1,1,1,89,89,2,2,2,2,2,2,2,2,88
0,1,0,1,1,1,0,1,0,0,1,1,0,0,1,1,0,0,0,0,1
118
203,37,37,37,37,37,37,37,37,90,90,98,97,97,138,61,61,105,111,111,111,87,87,87,87,87,38,38,38,152,112,112,112,112,20,20,27,27,27,107,88,88,88,88,88,86,86,86,86,135,16,10,39,39,39,39,39,39,39,109,109,109,109,40,2,2,2,2,2,2,2,2,2,2,2,2,2,2,2,2,2,2,2,2,2,2,2,2,2,2,2,2,2,2,2,2,2,2,115,52,9,9,108,108,108,108,108,3,3,3,3,51,15,89,89,89,89,89,89,89,89,89,89,89,118,118,57,126
1,1,0,1,0,1,1,1,1,0,0,1,1,1,1,1,1,1,1,1,1,1,1,1,0,1,0,0,0,1,1,1,1,1,0,0,1,1,1,1,0,1,1,1,1,0,1,0,1,1,1,1,0,1,1,1,1,1,1,1,1,1,1,0,1,0,1,0,1,0,1,1,1,1,1,1,0,1,1,1,1,1,1,1,1,1,1,1,1,1,1,1,0,0,1,0,1,1,0,1,0,1,0,0,1,1,1,0,1,1,1,1,1,1,1,1,1,1,1,1,1,1,1,1,1,0,0,1
119
27,27,37,37,3,3,3,3,3,3,3,3,3,96,115,2,2,2,2,2,2,2,2,2,2,2,2,2,2,2,2,2,2,62,206,108,108,87,87,87,112,20,20,20,10,6,6,6,15,86,86,86
0,1,0,1,1,1,1,1,1,1,1,1,1,1,1,0,1,0,0,0,1,0,1,1,0,0,0,1,0,0,0,0,0,1,1,1,1,1,1,0,0,0,0,0,1,1,1,1,0,0,1,1
120
1,116,104,104,37,37,37,37,90,97,97,97,61,61,105,109,109,109,109,109,87,87,87,87,87,87,9,9,152,131,112,112,112,112,112,111,111,20,20,20,20,20,20,39,107,107,88,88,88,88,88,96,96,96,96,27,16,10,10,3,3,3,3,3,3,3,3,3,3,55,55,55,40,2,2,2,2,2,2,2,2,2,2,2,2,2,2,2,2,2,2,2,2,2,2,2,2,2,2,2,2,2,2,2,2,2,2,62,38,38,108,108,108,108,51,51,89,89,89,89,89,118,118,86,86,86,86,86,6,6,24,15,114,114,114
0,1,1,0,1,1,0,1,0,1,1,1,1,1,1,1,1,1,1,1,0,1,1,0,0,1,1,1,1,1,1,1,1,1,1,1,1,0,0,0,0,0,1,0,1,1,0,1,1,1,1,1,1,1,1,1,1,0,1,1,1,1,1,1,1,1,1,1,1,1,0,1,1,1,1,0,1,0,1,1,1,1,1,0,0,0,1,0,1,1,1,1,0,1,0,1,1,0,0,0,1,1,0,0,0,0,1,1,0,0,1,1,1,1,0,0,1,1,0,0,1,1,1,0,1,1,1,1,1,1,1,1,1,1,1
121
1,1,1,1,1,1,1,1,1,1,1,1,1,1,1,1,1,1,1,1,1,1,1,1,1,1,37,37,37,37,37,113,18,204,97,97,138,111,112,112,112,112,87,38,38,51,51,120,20,39,39,143,143,143,88,88,88,88,88,88,109,109,27,27,16,16,3,3,3,3,3,3,3,3,83,2,2,2,2,2,2,2,2,2,2,2,2,2,2,2,2,2,2,2,2,2,2,68,139,9,9,108,108,108,108,89,89,89,118,118,86,86,86,86,114
0,0,1,0,0,0,0,0,0,1,0,1,1,0,1,0,0,1,0,1,0,0,1,0,0,0,0,0,1,0,1,1,0,1,0,1,1,1,1,1,1,1,0,0,1,1,1,1,1,1,1,1,1,1,0,1,1,1,1,0,1,1,1,1,1,1,0,1,1,1,1,1,1,1,1,0,0,0,1,1,1,0,0,0,1,1,0,1,0,0,1,1,1,1,1,0,1,0,0,0,1,1,1,1,1,1,1,1,0,1,1,1,0,1,1
122
87,27,9,9,37,37,3,3,3,3,3,3,3,2,2,2,2,2,2,2,2,2,2,2,82,6,6,86,102
1,0,1,1,1,1,1,1,1,1,1,1,1,0,0,0,0,1,1,0,0,1,0,0,0,1,1,0,1
123
1,1,1,1,1,1,1,1,1,1,37,39,39,96,2,2,2,2,2,2,2,2,2,2,2,2,2,2,2,2,2,2,2,2,2,2,55,97,61,109,38,38,38,112,112,112,112,112,112,110,89,89,89,20,20,3,3,3,3,3,3,116,6,88,88,88,88,88,86,86,86
1,0,0,1,0,0,1,1,1,1,0,1,0,1,1,1,1,1,1,0,1,1,0,1,0,0,1,0,0,0,0,1,1,0,1,0,1,0,0,1,0,0,0,1,1,1,1,1,1,1,1,1,1,0,0,1,0,1,1,1,1,1,1,0,0,1,1,1,1,0,1
124
90,37,37,3,3,3,3,3,3,3,3,3,3,10,2,2,2,2,2,2,2,2,2,2,2,2,61,9,87,38,39,39,202,82,114
1,0,1,1,1,1,1,1,1,1,1,0,1,0,1,1,1,1,1,0,1,1,0,0,1,0,0,0,1,1,0,1,1,1,1
125
1,37,37,37,3,3,3,3,3,3,3,3,3,3,2,2,2,2,2,2,2,2,2,2,2,2,2,2,2,2,2,2,2,2,2,2,2,91,61,9,87,38,10,10,6,6,86,86
1,0,0,1,1,1,1,1,1,1,1,1,1,1,0,1,1,1,0,0,0,1,0,1,1,1,0,0,0,0,0,0,0,0,0,0,0,0,0,1,1,0,1,1,0,1,1,1
126
104,104,104,37,37,37,37,37,37,37,37,37,37,37,37,110,110,21,48,48,147,138,61,105,112,112,112,112,112,109,109,109,87,9,9,9,9,9,9,9,152,95,120,111,111,20,20,20,20,20,3,10,10,88,88,88,88,88,86,86,86,86,86,27,16,116,39,39,96,2,2,2,2,2,2,2,2,2,2,2,2,2,2,2,2,2,2,2,2,2,2,2,2,2,2,2,2,2,2,2,2,2,2,2,2,85,85,62,38,38,38,108,108,143,51,51,18,117,89,89,89,89,89,89,89,89,89,118,118,6,24,15,114
0,1,0,1,1,1,1,1,0,1,1,1,0,1,1,1,1,1,1,0,1,1,1,1,1,0,1,1,1,1,1,1,0,1,1,1,1,1,1,1,1,0,0,1,1,0,0,0,0,0,0,1,1,0,1,1,1,0,1,0,1,1,1,1,1,1,0,1,1,1,1,0,0,1,0,1,0,1,1,1,1,1,1,1,0,1,0,1,1,1,1,1,1,1,1,1,1,1,1,1,1,1,1,0,1,1,1,0,1,1,0,1,0,1,1,1,0,1,1,1,1,1,1,1,1,0,1,1,1,0,1,1,1
127
1,1,1,1,1,1,1,1,1,1,1,1,1,203,203,37,37,37,37,130,61,109,87,87,87,87,87,38,38,38,152,112,112,20,20,81,116,88,88,88,88,88,88,86,86,86,27,27,39,39,39,96,96,2,2,2,2,2,2,2,2,2,2,2,2,2,2,2,2,2,2,2,2,199,9,9,9,89,89,89,89,89,89,89,89,15,114
1,1,0,1,0,0,1,1,1,1,1,1,1,1,1,1,1,1,1,1,1,1,1,1,1,1,1,0,0,1,1,0,1,0,0,1,1,1,1,1,1,1,0,1,1,1,1,1,0,1,1,1,1,1,0,1,1,1,1,1,1,1,0,1,1,0,0,0,0,0,1,1,0,0,0,1,1,1,1,1,1,0,1,0,1,0,1
128
27,37,37,37,3,2,2,68,85,85,85,112,89,20,20,20,81,10,88,86,86
1,1,1,1,1,0,1,1,0,1,0,1,1,0,0,0,0,0,0,1,1
129
1,1,1,1,1,1,1,1,1,1,1,1,203,203,104,37,37,37,37,37,37,37,37,37,56,27,27,27,27,27,27,97,97,204,111,111,87,87,87,87,38,38,38,152,112,112,112,110,20,20,20,20,20,20,39,116,88,88,88,88,88,88,88,86,86,86,124,90,90,16,16,3,3,3,109,40,2,2,2,2,2,2,2,2,2,2,2,2,2,2,2,2,2,2,2,2,2,2,2,130,108,108,108,108,51,51,89,89,89,89,89,89,114,6,15,126
0,0,0,0,0,0,1,1,0,0,0,0,0,1,1,0,0,1,1,0,1,1,1,1,0,1,1,1,1,1,1,1,1,0,0,1,0,1,0,1,0,0,0,1,1,1,1,1,0,0,0,0,0,0,0,1,0,1,1,1,1,0,0,0,0,1,0,0,1,1,1,1,1,1,1,0,1,1,1,0,0,0,1,1,1,1,0,0,0,1,1,1,1,1,0,0,0,1,0,0,1,1,1,1,0,1,1,1,1,0,0,1,1,0,1,0
130
203,37,37,37,37,37,110,90,48,97,138,61,61,111,111,109,109,109,109,87,87,38,38,152,112,112,112,112,20,20,20,20,39,39,107,107,88,88,88,88,88,86,86,86,86,86,27,16,10,10,3,3,3,3,3,3,3,3,3,3,3,3,96,96,2,2,2,2,2,2,2,2,2,2,2,2,2,2,2,2,2,2,2,2,2,2,2,2,2,2,2,2,2,2,2,2,2,2,52,9,9,9,9,9,108,108,108,108,108,108,167,15,89,89,89,89,89,89,118,116,24,57,114,114
1,0,1,1,0,1,1,0,1,1,1,1,1,0,1,1,1,1,1,0,1,0,1,0,1,1,1,1,0,0,0,0,1,1,1,1,0,0,1,1,1,0,1,1,1,0,1,1,1,1,1,1,1,1,1,1,1,1,1,1,1,0,1,1,1,1,1,1,1,1,1,1,0,0,0,1,1,1,1,0,1,1,0,0,0,0,0,0,1,1,1,1,1,1,1,1,0,1,1,1,1,0,1,1,0,0,1,1,1,1,0,1,1,1,1,1,1,1,1,1,1,0,1,1
131
1,1,1,104,104,37,37,37,37,37,37,37,37,37,37,37,37,37,110,21,27,27,48,48,97,97,97,138,61,61,111,111,111,87,87,87,87,38,38,152,95,112,112,112,112,112,81,20,20,20,20,20,20,20,39,39,39,39,107,88,88,88,88,88,86,86,86,86,86,86,86,86,86,86,86,118,118,90,16,3,3,3,109,109,109,40,2,2,2,2,2,2,2,2,2,2,2,2,2,2,2,2,2,2,2,2,2,2,2,2,2,2,2,2,2,2,2,2,2,85,85,62,108,108,108,108,59,35,51,18,99,89,89,89,89,89,89,89,89,211,114,114
1,0,0,0,1,1,0,1,1,1,1,1,1,0,1,1,1,1,1,0,1,1,0,0,1,1,1,1,0,1,1,1,1,0,1,0,1,1,0,0,0,1,1,1,1,0,1,0,0,0,0,0,0,0,0,1,1,1,1,0,1,1,1,0,1,1,1,1,1,1,0,0,1,1,0,1,1,0,1,1,1,1,1,1,1,1,1,1,1,1,0,0,0,1,0,1,0,0,1,0,0,0,0,0,1,0,1,0,1,1,0,0,1,0,0,1,0,0,1,0,1,1,1,1,1,1,0,1,1,1,1,0,1,1,1,0,1,1,0,1,1,1
132
1,1,1,1,1,1,1,1,27,27,37,37,37,39,39,83,130,2,2,2,2,2,2,2,2,2,2,2,2,2,2,2,2,2,2,2,2,2,2,2,61,87,48,38,38,20,20,3,3,3,3,3,3,3,3,96,86,86,86
0,0,1,1,0,0,0,1,1,1,1,1,1,0,0,1,1,1,1,1,1,0,1,0,0,1,0,0,1,1,1,0,1,0,0,1,1,0,1,1,0,1,0,1,1,0,0,1,1,1,1,1,1,1,1,0,0,0,1
133
27
0
134
1,1,1,1,1,1,27,27,27,116,116,3,3,3,3,3,3,110,110,90,2,2,2,2,2,2,2,2,2,2,2,2,2,2,2,2,2,2,2,2,118,108,108,109,212,112,117,78,39,10,10,6,88,86,86
1,1,0,1,1,0,1,1,1,1,1,0,1,1,1,1,1,1,1,0,1,1,1,0,1,1,0,0,1,0,1,1,1,0,1,1,0,1,1,1,1,1,1,1,0,1,1,0,1,1,1,1,1,0,1
135
1,1,1,1,1,37,37,37,37,37,18,138,61,111,87,87,87,9,9,9,9,9,9,9,112,112,112,112,20,20,20,39,116,88,88,88,88,88,86,86,86,86,90,10,10,3,3,3,3,3,3,3,3,3,109,109,2,2,2,2,2,2,2,2,2,2,2,2,2,2,2,2,2,2,2,2,2,2,2,2,2,38,38,108,108,108,89,118,118,6,6,6,122
0,1,1,1,0,0,1,0,1,0,0,1,0,1,1,1,1,1,1,1,1,1,1,1,1,1,1,1,0,0,0,0,1,1,1,1,0,0,0,1,0,1,0,1,1,1,1,1,1,0,1,1,1,0,1,1,0,1,1,1,1,1,0,1,0,0,0,0,0,0,0,0,0,0,0,0,1,1,0,1,0,0,0,1,1,0,1,1,1,1,1,1,1
136
1,1,1,1,1,1,1,1,1,1,16,39,55,2,2,2,2,2,2,2,2,2,2,2,2,2,2,2,2,2,2,2,2,2,2,2,2,138,9,112,89,20,20,118,10,10,6,6,6,6,88
0,1,1,0,1,1,1,1,0,0,1,0,1,1,0,1,1,1,1,1,1,1,1,0,0,0,1,1,0,1,0,0,0,1,1,1,0,1,1,1,1,0,0,1,0,0,0,0,0,0,1
137
1,37,110,90,97,97,138,98,111,109,109,109,87,87,87,38,152,112,112,112,20,20,20,20,20,3,3,3,3,3,3,3,3,3,3,3,3,3,3,107,88,88,88,88,86,86,86,27,27,10,39,55,2,2,2,2,2,2,2,2,2,2,2,2,2,2,2,2,2,2,2,2,2,2,2,2,2,2,204,9,9,108,108,108,117,89,89,89,89,89,116,15
0,1,1,1,0,1,1,0,1,1,1,1,1,1,1,1,0,1,1,1,0,0,0,0,0,0,1,1,1,1,1,1,1,1,1,1,1,1,1,1,1,1,1,0,0,1,1,0,1,1,0,1,1,0,1,1,0,1,0,0,0,0,0,1,0,0,0,1,0,0,1,0,0,0,1,0,1,1,0,1,1,0,1,1,1,1,0,1,0,1,1,1
138
20,20,3,3,3,3,109,2,2,2,2,2,2,2,2,2,2,2,2,2,2,2,2,2,2,2,2,2,2,2,6,6,108,86
0,0,1,1,1,0,1,1,1,0,1,1,0,0,1,0,0,0,1,1,0,0,0,0,0,0,1,1,1,1,0,0,1,1
139
1,1,1,1,1,1,1,1,1,1,1,1,1,1,1,37,37,37,37,37,92,92,18,130,48,61,61,61,111,111,109,109,87,87,87,129,38,38,38,112,112,110,20,20,3,3,3,10,88,88,88,88,96,96,27,27,27,16,116,116,39,39,83,83,105,2,2,2,2,2,2,2,2,2,2,2,2,2,2,2,2,2,2,2,2,2,2,2,2,2,9,9,9,9,9,108,108,89,89,89,89,89,17,86,86,6,6,6,6,15,114
0,0,1,1,1,1,0,1,1,1,1,1,1,1,1,0,1,1,1,1,1,1,1,0,0,0,1,1,0,1,1,1,1,0,1,1,1,1,1,1,1,1,0,0,1,1,1,1,1,1,1,1,1,1,1,1,1,1,1,1,0,0,1,1,1,0,1,0,1,0,1,1,1,1,1,1,0,0,1,1,1,1,1,0,1,1,0,0,1,1,1,1,1,1,1,1,1,1,1,1,1,1,1,1,1,1,1,1,1,1,1
140
1,1,1,1,1,1,1,1,1,1,1,1,104,104,197,113,48,61,163,38,38,152,152,132,101,214,20,20,20,20,81,81,202,107,100,138,110,110,110,110,110,110,27,16,116,3,96,40,2,2,2,2,2,2,2,2,2,2,2,2,2,2,2,2,2,2,2,2,2,2,2,2,2,2,2,2,2,108,108,108,108,108,108,171,99,99,196,208,183,213,6,205,34,207,37,37,37,37,37,37,37,37,37,174,92,115,55,55,147,147,147,89,89,89,133,133,111,111,87,87,87,87,87,129,129,9,9,9,112,112,112,112,112,112,118,39,39,39,39,39,39,39,39,10,10,88,86,86,86,86,86,86,86,86,86,86,90,109,109,109,109,109,85,85,62,62,51,114
0,0,1,0,1,0,0,0,1,1,1,1,0,1,1,1,1,1,0,0,0,1,1,0,1,0,0,0,0,0,1,1,1,1,1,1,1,1,1,1,1,1,1,1,1,1,0,1,1,0,1,0,0,1,1,1,1,1,1,1,1,1,1,1,1,1,1,1,0,0,0,1,0,1,0,0,1,1,1,1,1,1,1,1,1,1,1,1,1,1,1,0,0,0,1,1,1,1,0,1,1,1,1,0,1,1,1,1,1,0,0,0,1,1,1,0,1,1,1,1,1,1,1,1,0,1,1,1,1,1,1,1,1,1,1,1,1,1,1,1,1,1,1,1,1,0,0,0,1,1,1,1,1,0,1,1,1,1,1,1,1,1,1,1,1,1,1,1
141
1,1,1,1,1,1,1,1,116,37,39,83,2,2,2,2,2,2,2,2,2,2,2,2,2,2,2,2,2,2,2,2,2,2,112,112,87,38,15,20,3,3,3,3,3,10,10,6,6,88,88,88,86,86,86
1,1,0,0,1,1,1,1,1,1,0,0,1,0,1,1,1,0,1,0,0,0,0,0,0,1,0,0,0,0,0,1,0,1,0,1,1,0,1,0,1,1,1,1,1,1,1,0,1,1,1,1,0,1,1
142
1,1,1,152,3,3,92,21,2,2,2,2,2,2,2,2,2,2,2,2,2,2,2,2,2,2,2,2,2,2,2,2,2,2,2,2,2,2,2,2,2,2,138,87,37,20,39,39,6,86
0,0,0,0,1,0,1,1,0,1,1,1,1,1,1,1,1,1,1,1,0,0,1,1,0,0,0,0,0,0,1,0,1,0,0,0,0,1,0,0,1,1,1,1,1,0,0,0,1,1
143
1,37,37,3,96,92,130,2,2,147,85,61,9,9,9,38,38,89,89,20,100,100,114
0,1,1,1,1,0,1,1,1,1,1,1,1,1,1,1,1,1,1,0,1,1,1
144
1,1,37,37,37,110,110,110,18,90,90,97,97,138,111,109,87,9,9,9,9,51,112,112,112,112,20,20,20,3,3,3,3,3,3,3,3,3,10,10,10,10,88,88,86,86,86,86,27,27,27,27,107,39,96,2,2,2,2,2,2,2,2,2,2,2,2,2,2,2,2,2,2,2,2,2,2,85,62,38,108,108,108,126,15,117,89,89,89,118,82,6,6,6,57,114,114
1,1,1,0,1,0,1,0,1,0,0,0,0,1,1,1,1,1,1,1,1,1,1,0,1,1,0,0,0,0,0,1,1,1,1,0,1,1,0,1,1,1,0,1,0,0,0,1,0,1,1,1,1,1,1,1,1,1,0,1,0,1,1,0,1,0,1,0,1,0,0,0,0,0,1,0,1,0,0,0,1,1,1,1,1,1,1,0,1,1,0,1,1,0,0,1,1
145
1,1,1,1,1,1,1,1,1,1,1,1,37,37,37,37,37,37,37,37,37,18,204,97,97,111,111,87,87,9,152,120,20,20,20,39,39,39,39,143,88,88,88,88,88,109,109,16,3,3,3,3,96,96,96,96,2,2,2,2,2,2,2,2,2,2,2,2,2,2,2,2,2,2,2,2,2,52,108,108,108,89,89,89,86,86
1,1,1,0,1,1,1,0,0,0,1,0,1,1,1,1,0,0,1,0,1,1,1,1,0,1,1,1,1,1,0,1,0,0,0,0,1,0,1,1,1,1,1,0,1,1,1,0,1,1,1,0,1,1,1,1,0,1,1,0,0,0,0,1,0,0,0,1,1,0,1,1,0,0,0,1,1,1,1,1,1,1,1,1,1,0
146
1,1,1,1,1,203,203,203,203,203,203,203,203,37,37,37,37,37,37,92,81,81,90,90,90,90,48,55,138,111,111,87,87,87,87,9,9,9,9,9,9,152,112,112,112,112,112,176,20,20,20,39,39,107,100,88,88,88,88,86,86,86,86,86,27,27,27,16,116,116,3,3,3,3,3,96,2,2,2,2,2,2,2,2,2,2,2,2,2,2,2,2,2,2,2,2,2,2,2,2,2,204,38,38,38,38,38,38,108,108,108,35,35,18,18,89,89,89,91,17,6,6,15,114
0,0,1,1,0,0,1,1,1,1,1,1,1,1,1,1,1,1,1,1,1,1,0,0,1,1,0,1,1,1,1,1,1,1,0,1,1,1,1,1,1,0,1,1,1,1,1,1,0,0,0,1,1,1,0,0,1,1,1,1,1,1,1,0,0,0,1,1,1,1,1,1,1,1,1,1,0,0,1,1,1,1,1,1,0,0,0,0,0,1,1,1,1,0,0,0,0,0,0,0,1,1,0,0,0,1,1,1,1,1,0,1,1,0,1,0,1,1,1,1,1,1,1,1
147
1,1,1,1,1,1,1,1,1,1,1,1,1,1,1,1,1,37,37,37,92,18,204,61,87,87,87,9,9,9,152,39,39,81,81,90,88,88,88,86,27,27,27,27,27,3,3,3,3,3,3,96,96,2,2,2,2,2,2,2,2,2,2,2,2,2,2,2,2,2,2,2,2,2,2,2,2,130,52,38,38,38,89,89,89,89,89,89,6
0,1,1,1,1,1,1,0,1,0,0,1,0,1,1,1,1,0,1,1,1,1,0,1,1,1,0,1,1,1,1,1,0,1,1,1,1,1,1,1,1,1,1,1,1,1,1,1,1,1,1,1,1,1,1,1,1,1,1,1,0,0,0,1,1,1,1,1,1,1,1,0,0,0,0,1,1,0,1,1,1,1,1,1,1,1,1,1,1
148
1,1,1,1,1,1,1,20,9,9,9,3,3,3,3,2,2,2,2,2,2,2,2,2,2,2,2,2,2,2,2,2,2,2,2,2,2,39,10,10,38,86
1,1,0,0,1,1,0,0,0,1,1,0,0,1,1,1,1,0,1,0,1,1,0,0,0,1,1,1,0,1,0,0,0,0,0,0,1,0,1,1,0,1
149
1,37,37,37,37,37,37,37,37,37,37,37,110,90,90,55,97,61,111,109,109,87,87,87,87,38,38,38,51,112,112,112,20,20,20,20,20,10,10,88,88,88,88,88,86,86,27,27,16,3,3,3,3,3,3,3,3,96,96,2,2,2,2,2,2,2,2,2,2,2,2,2,2,2,2,2,2,85,62,108,108,108,108,108,89,89,102,6,114
1,1,0,1,0,1,1,1,1,1,1,0,1,0,0,1,1,0,0,1,1,1,1,1,1,0,0,0,0,1,1,1,0,0,0,0,0,0,1,0,1,1,1,1,1,0,1,1,1,0,1,0,1,1,1,1,0,1,1,1,0,0,0,0,0,1,0,1,1,0,0,1,0,0,0,1,0,1,1,0,1,1,1,1,1,1,0,0,1
150
37,37,37,37,37,37,37,21,90,97,61,111,109,109,87,87,87,9,112,112,81,20,39,39,39,116,100,88,88,88,88,88,88,55,27,3,3,3,3,3,3,3,96,96,2,2,2,2,2,2,2,2,2,2,2,2,2,2,2,2,2,2,2,2,2,2,2,2,2,2,2,2,2,2,2,2,2,2,85,108,108,89,89,89,89,89,89,89,89,89,17,86,86,86,86,86,6,24
1,1,1,1,0,1,1,1,0,1,0,1,1,1,0,1,1,1,1,1,1,0,0,0,1,1,1,1,1,1,1,0,1,1,1,1,1,1,1,1,1,0,1,1,1,1,1,1,0,1,1,1,0,0,1,1,1,1,0,1,1,0,1,1,1,0,1,1,1,1,1,1,0,1,1,1,1,1,0,1,0,1,1,0,1,0,1,1,0,0,0,1,0,1,0,1,0,1
151
1,1,1,87,37,37,3,3,83,90,2,2,2,2,2,2,2,2,2,2,2,2,2,2,2,2,2,2,2,2,2,61,61,86,86
0,1,0,0,1,1,0,1,0,0,1,1,1,1,0,0,0,0,0,1,0,1,0,1,1,0,0,0,0,1,0,0,1,1,0
152
1,1,1,1,1,1,1,1,1,1,1,1,1,203,37,37,37,37,37,27,27,27,208,111,109,109,87,87,87,38,152,112,112,112,112,81,81,20,20,20,39,39,202,10,130,88,88,88,88,88,88,86,86,90,90,16,116,116,3,3,3,3,3,3,3,3,96,96,2,2,2,2,2,2,2,2,2,2,2,2,2,2,2,2,2,2,2,2,2,2,2,2,2,204,62,62,9,9,108,108,89,89,89,89,89,89,89,17,6
1,0,0,1,1,0,1,0,1,1,0,1,1,1,1,1,1,1,0,1,1,1,1,1,0,1,1,1,1,0,0,1,1,1,1,1,0,0,0,0,0,0,1,1,0,0,1,1,1,1,1,1,1,0,0,1,1,0,0,1,1,1,1,1,1,1,1,1,1,1,1,0,1,1,0,0,0,0,0,1,1,1,1,1,1,0,0,0,1,0,0,1,1,0,1,1,0,0,1,1,1,1,0,1,0,1,1,1,1
153
1,1,1,1,1,1,1,1,1,215,37,37,37,37,56,18,90,55,147,138,61,111,111,109,109,87,87,38,38,38,152,112,112,112,112,112,110,110,81,20,20,20,20,20,39,39,39,39,39,202,143,88,88,88,88,88,88,88,86,86,86,86,27,27,3,3,3,3,3,3,3,3,96,96,40,2,2,2,2,2,2,2,2,2,2,2,2,2,2,2,2,2,2,2,2,2,2,2,2,204,108,108,108,108,108,35,89,89,89,89,89,118,118,97,97,97,114
0,0,0,0,0,1,0,1,1,1,1,1,1,1,1,1,0,0,1,1,1,1,1,1,1,1,0,1,0,1,0,1,1,1,1,1,1,1,1,0,0,0,0,0,1,0,1,1,1,0,1,1,1,1,1,1,0,0,0,0,0,1,0,1,1,1,1,1,1,0,1,0,1,1,1,1,1,1,1,0,1,1,0,1,1,1,0,1,1,1,0,1,0,1,1,1,1,0,1,1,1,1,1,1,1,1,1,1,1,1,1,1,1,1,0,1,1
154
1,1,1,1,1,1,1,1,1,37,37,18,97,138,111,87,38,51,51,51,112,112,112,20,20,20,20,20,20,3,3,3,3,3,3,3,3,10,10,116,116,88,88,88,86,86,27,27,107,39,39,109,109,2,2,2,2,2,2,2,2,2,2,2,2,2,2,2,2,2,2,2,2,2,2,2,2,2,108,108,108,108,89,89,89,118,118,6,6,15
0,0,0,0,0,0,0,1,1,1,1,1,1,1,0,1,0,0,1,1,1,1,1,0,0,0,0,0,0,1,1,1,1,0,1,0,0,1,1,1,1,0,1,0,0,1,0,1,1,0,1,1,1,1,1,1,1,0,0,0,0,1,0,0,0,0,0,1,1,0,1,0,0,0,1,0,1,0,1,1,1,1,0,1,1,0,1,0,1,1
155
1,37,37,37,3,3,2,2,2,2,2,2,2,2,2,2,2,2,2,2,2,2,2,2,2,2,2,2,133,87,129,9,89,10,10,86,86,6,6,88,88,88,88,88,88,114
0,1,1,1,1,1,1,1,0,0,0,0,1,0,0,0,0,1,0,0,0,0,0,1,0,0,0,0,1,1,1,1,1,1,1,0,1,0,1,0,1,1,1,0,0,1
156
1,1,37,37,37,37,37,37,37,37,37,18,97,97,61,87,87,9,112,112,112,81,20,20,39,10,88,88,88,86,86,90,3,3,3,3,3,3,3,3,3,3,3,3,3,3,3,109,109,109,2,2,2,2,2,2,2,2,2,2,2,2,2,2,2,2,2,2,2,2,2,52,38,108,108,108,117,89,89,213,6,57,114
0,0,0,0,0,1,0,1,1,1,1,1,0,0,0,0,1,1,1,1,1,0,0,0,0,1,1,1,0,1,0,1,1,1,1,1,1,1,1,1,1,1,1,1,0,1,1,1,1,1,1,1,1,1,0,0,1,0,1,1,0,1,1,0,0,1,0,0,0,1,0,0,0,1,1,1,1,1,1,0,1,1,1
157
1,1,1,1,1,38,3,3,3,3,3,6,2,2,2,2,2,2,2,2,2,2,2,2,2,2,2,2,2,2,2,2,2,39,61,88
0,1,0,0,0,1,0,1,1,1,1,0,1,1,1,0,0,0,1,1,1,1,0,0,0,1,1,0,1,1,0,0,0,1,0,1
158
1,1,37,37,3,3,3,3,3,96,96,96,2,2,2,2,2,2,2,2,2,2,2,2,2,20,20,9,9,9,9,9,51,132,89,141,10,10,6,6,6
1,1,1,1,1,1,1,1,1,1,1,1,0,0,1,0,0,1,1,1,1,0,1,1,0,1,1,1,1,1,1,1,0,1,1,1,1,1,1,1,1
159
1,1,1,1,1,1,1,1,1,116,152,152,110,110,90,48,97,98,111,109,87,87,87,38,38,37,37,112,112,112,20,20,10,10,88,88,88,86,86,27,16,107,3,3,3,3,3,3,3,96,96,96,96,40,2,2,2,2,2,2,2,2,2,2,2,2,2,2,2,2,2,2,2,2,2,2,2,204,9,108,108,108,108,108,108,35,51,89,118,6,6,15
0,0,1,0,0,1,0,1,1,1,0,0,0,1,0,0,1,1,1,0,1,0,1,0,1,1,0,0,1,1,0,0,0,1,1,1,1,0,0,1,1,1,1,1,1,1,1,1,1,1,1,1,1,1,1,0,0,1,0,0,0,1,1,0,1,1,1,1,1,0,1,0,0,0,0,1,0,1,1,1,1,1,1,1,1,1,1,1,1,1,0,1
160
37,37,37,37,37,37,37,37,37,37,37,37,90,48,52,97,208,204,111,111,112,112,112,112,112,112,112,112,109,109,109,87,87,87,83,9,9,9,9,9,152,131,120,39,20,81,81,81,10,88,88,88,88,86,86,86,27,27,27,116,116,3,3,3,3,96,96,40,2,2,2,2,2,2,2,2,2,2,2,2,2,2,2,2,2,2,2,2,2,2,2,2,85,62,38,38,108,108,108,108,108,108,143,143,51,89,89,89,89,89,89,89,89,89,89,118,118,6,15,114,114
1,1,0,1,1,1,1,1,1,1,1,1,0,1,1,0,1,1,1,1,1,1,1,1,1,1,1,1,1,1,1,0,0,1,1,1,1,1,1,1,0,0,0,1,0,1,1,1,1,0,1,1,1,1,1,1,1,1,1,1,1,1,1,1,1,1,1,1,1,1,0,1,0,1,1,0,0,0,0,1,0,1,1,1,0,1,1,1,0,1,1,1,1,1,1,0,1,1,1,1,1,1,1,1,1,0,1,1,1,1,1,1,1,1,1,1,1,1,1,1,1
161
104,37,37,37,37,37,110,110,18,90,97,61,109,109,109,87,87,87,9,9,152,112,112,112,20,20,81,81,143,143,143,88,88,88,88,88,88,55,27,16,16,39,39,96,96,96,2,2,2,2,2,2,2,2,2,2,2,2,2,2,2,2,2,2,2,2,2,2,2,2,2,2,2,2,2,38,38,38,38,108,108,108,108,108,89,89,89,89,89,89,89,89,89,89,6,15,15,114
1,1,1,1,1,1,1,1,1,0,1,0,1,1,1,1,1,1,1,1,1,1,1,1,0,0,1,1,1,1,1,1,1,1,1,1,1,1,1,1,1,1,1,1,1,1,1,1,1,1,1,1,1,0,1,1,0,1,0,0,1,1,0,0,0,0,0,1,1,1,0,0,1,1,1,1,1,1,1,1,1,1,1,1,1,1,0,1,1,1,1,1,1,1,1,1,1,1
162
1,1,1,1,1,1,203,37,37,37,37,37,90,90,98,138,61,111,109,87,87,87,9,9,152,112,112,112,112,112,20,20,20,81,10,88,88,88,88,88,88,88,88,55,27,27,116,116,3,3,3,3,3,96,96,96,96,96,96,2,2,2,2,2,2,2,2,2,2,2,2,2,2,2,2,2,2,2,2,2,2,130,52,38,38,38,108,108,108,108,108,108,51,89,89,89,89,86,86,6,15,114
0,0,1,0,1,1,0,1,1,1,1,1,0,0,1,1,0,0,1,1,0,1,1,1,0,1,1,0,1,1,0,0,0,1,0,1,1,1,1,1,1,0,1,0,0,0,1,1,0,1,0,1,1,0,1,1,0,1,1,1,0,1,0,0,1,0,0,1,0,1,0,0,0,0,0,0,0,0,1,0,1,0,1,0,0,1,0,1,1,1,1,1,1,1,1,1,1,1,0,0,1,0
163
1,1,1,1,1,1,1,1,38,3,3,3,3,3,6,2,2,2,2,2,2,2,2,2,2,2,2,2,2,2,2,2,2,2,2,2,2,2,2,2,39,10,62
0,1,0,0,0,1,1,1,0,0,1,1,1,1,1,1,0,1,1,0,0,0,0,0,0,0,0,0,0,1,1,0,0,0,0,0,0,0,0,1,0,1,0
164
1,1,1,1,1,1,1,1,1,1,1,16,3,109,109,2,2,2,2,2,2,2,2,2,2,2,2,2,2,2,2,2,97,138,111,108,108,118,38,112,112,112,112,89,20,20,20,39,10,10,15,86
0,0,1,1,0,0,0,1,1,0,0,1,1,0,1,1,1,1,0,1,0,0,0,0,0,0,0,1,1,0,0,0,1,1,1,1,1,0,0,1,1,1,1,1,0,0,0,1,1,1,1,1
165
1,1,1,1,37,37,37,37,37,92,18,90,90,48,97,97,61,109,109,87,87,87,87,38,38,152,131,112,112,112,112,112,112,112,110,20,39,39,39,202,116,88,88,88,88,88,88,96,27,27,27,27,16,16,16,3,3,3,3,3,3,3,3,3,3,3,3,3,3,3,3,83,40,2,2,2,2,2,2,2,2,2,2,2,2,2,2,2,2,2,2,2,2,2,2,2,2,204,57,108,108,108,108,108,51,89,89,89,89,118,118,86,86,15
1,1,1,0,1,1,1,0,1,0,1,1,0,0,1,1,1,1,1,1,1,0,1,0,1,1,1,1,1,0,1,0,1,1,1,0,1,1,1,1,1,0,1,1,1,1,0,1,1,1,1,1,1,1,1,1,1,1,1,1,1,1,1,1,1,1,1,1,1,1,1,0,0,1,1,1,1,0,1,1,1,0,1,1,0,0,1,1,1,1,0,1,1,1,1,0,1,1,0,1,1,1,1,1,0,1,1,0,1,1,0,1,1,1
166
1,1,1,1,1,1,1,1,1,1,1,1,1,1,1,1,1,104,37,37,37,37,37,37,56,18,48,97,97,97,61,111,109,109,87,87,9,9,9,51,51,131,112,112,112,112,112,110,110,20,20,20,20,20,3,3,3,107,88,88,88,88,88,88,88,86,86,86,27,16,16,10,10,39,39,96,96,96,96,96,2,2,2,2,2,2,2,2,2,2,2,2,2,2,2,2,2,2,2,2,2,2,38,108,108,108,108,108,89,89,89,89,89,118,118,6,6,6,6,6,15,114,114,114
0,1,1,0,0,0,1,1,0,0,0,1,1,1,1,0,0,0,0,1,1,0,0,1,0,1,1,0,1,1,1,1,1,1,1,1,1,1,1,0,1,0,1,1,1,1,1,0,1,0,0,0,0,0,0,1,1,1,0,1,1,1,0,1,0,0,0,0,1,1,1,1,1,1,0,1,1,1,0,1,1,1,1,0,1,1,0,0,0,1,1,0,1,1,1,1,1,0,0,1,1,1,0,1,1,1,1,1,0,1,0,1,1,1,1,1,1,1,1,1,1,0,1,1
167
1,1,1,1,1,62,62,38,3,3,2,2,2,2,2,2,2,2,2,2,2,39,202,61,61
1,1,1,0,0,0,0,0,1,1,1,1,1,1,0,0,0,0,0,1,1,0,0,1,0
168
1,1,1,1,1,1,1,1,116,215,37,37,37,92,204,48,52,97,97,138,61,111,109,109,109,87,87,87,9,9,51,112,112,112,118,118,20,20,20,20,20,20,20,20,20,20,3,3,3,3,3,3,3,3,3,202,10,10,88,88,88,88,88,88,88,88,88,88,86,86,86,90,90,107,39,39,96,2,2,2,2,2,2,2,2,2,2,2,2,2,2,2,2,2,2,2,2,2,2,2,2,27,62,38,38,38,108,108,108,108,108,89,89,89,89,89,89,176,6,15,114,114
0,1,0,0,0,0,0,0,1,0,1,1,1,1,1,0,1,1,0,1,1,0,1,1,1,0,0,0,0,1,0,1,1,1,1,0,0,0,0,0,0,0,0,0,0,0,1,1,1,1,1,1,1,1,1,0,1,1,0,1,1,1,0,0,1,1,1,0,1,0,1,0,1,1,0,0,1,1,1,1,1,1,0,0,0,0,0,0,0,0,0,1,0,1,1,0,0,1,1,1,0,1,0,0,0,0,1,1,1,0,0,1,1,1,1,1,1,0,0,1,1,1
169
169
1,1,1,1,1,1,1,1,1,1,1,1,1,1,1,1,1,1,1,1,1,1,1,1,1,1,1,1,1,1,1,1,1,1,1,1,1,1,90,152,3,92,203,203,2,2,2,2,2,2,2,2,2,2,2,2,2,2,2,2,2,2,2,2,2,2,2,10,6,204
0,0,1,0,0,1,0,0,1,0,0,1,0,0,1,0,1,0,0,1,1,1,1,0,1,1,0,1,0,1,1,0,1,1,0,0,0,0,1,0,0,1,1,1,1,1,0,1,0,1,0,0,0,0,0,0,1,0,1,0,0,0,0,1,1,1,1,1,0,1
170
2,2,2,2,2,2,2,2,2,2,2,2,2,2,2,2,2,1,1,1,1,1,1,1,1,1,1,1,1,1,1,1,1,1,1,1,1,1,1
1,1,1,1,0,0,0,0,0,1,1,0,1,0,0,0,0,0,0,0,0,0,0,0,0,0,1,1,0,1,1,1,1,1,1,0,1,1,1
171
1,1,1,1,1,1,1,1,1,1,1,1,1,1,1,1,1,1,1,1,1,1,1,1,1,1,1,1,1,1,1,1,1,1,1,1,1,1,1,1,90,37,37,3,203,203,2,2,2,2,2,2,2,2,2,2,2,2,2,2,2,2,2,2,2,2,2,2,2,2,204,62,9,9,38,38,38,152,120,39,10
1,1,1,0,1,0,0,1,0,1,1,0,0,1,0,0,1,0,1,1,1,1,1,1,0,0,0,1,0,0,0,1,1,1,0,0,0,0,1,0,0,0,0,0,1,1,1,1,1,1,1,1,0,1,1,1,1,1,1,0,0,0,1,1,1,0,0,0,0,0,1,0,1,1,0,0,0,1,0,0,1
172
1,1,1,1,1,1,1,1,1,1,1,1,1,1,1,1,1,1,1,1,1,1,1,1,1,1,1,1,1,1,1,1,1,1,1,1,1,1,1,2,2,2,2,2,2,2,2,2,2,2,2,2,2,2,2,2,2,2,2,2,2,20,90
0,0,0,0,0,0,0,1,0,1,1,1,1,1,1,1,1,1,1,1,1,0,1,1,1,0,1,0,0,1,1,0,1,1,0,0,0,1,1,1,1,1,1,1,1,1,1,1,1,1,1,1,0,0,0,0,0,0,1,1,1,0,1
173
1,1,104,104,37,37,37,37,39,55,115,2,2,2,2,2,2,2,2,2,2,2,2,2,2,2,2,2,2,2,2,2,97,97,97,62,38,87,9,9,51,89,89,89,89,89,89,89,89,20,20,20,3,3,3,3,3,3,10,88,88,88,88,86,86,86,86
1,1,0,0,1,1,1,1,0,1,0,1,1,1,1,0,0,0,0,0,1,0,0,0,1,1,0,1,0,0,1,1,1,0,1,1,0,1,0,1,1,1,1,1,1,1,0,1,1,0,0,0,1,1,1,1,1,1,0,1,1,0,0,0,1,0,1
174
1,1,1,1,1,90,37,37,37,37,37,37,3,3,3,3,96,10,8,97,97,133,38,38,87,87,87,2,2,2,2,2,2,2,2,2,2,2,2,2,2,2,2,2,2,2,2,9,9,89,89,89,20,39,202,202,114,6,6,88,88,88,88,88,88,86,86,86,86
0,0,0,1,1,0,1,1,1,1,1,0,1,1,1,1,0,1,0,1,0,0,0,1,0,1,0,1,1,1,0,0,1,1,0,1,0,0,1,1,1,1,0,0,1,0,0,0,1,1,1,1,0,0,0,0,1,0,1,0,1,1,1,0,0,0,1,0,0
175
1,37,37,37,110,204,133,97,61,87,87,38,38,152,20,20,39,10,88,88,88,88,88,109,3,3,3,3,96,96,2,2,2,2,2,2,2,2,2,2,2,2,2,2,2,2,2,2,2,2,2,2,2,98,9,9,9,117,117,89,89,86,86
1,1,1,1,1,0,0,1,1,1,0,0,0,0,0,0,0,1,1,1,1,1,1,1,1,1,1,1,1,0,0,1,0,1,0,0,0,0,0,0,1,0,1,0,0,0,0,0,0,1,1,1,1,1,0,1,1,1,1,1,1,1,1
176
1,1,9,9,82,3,3,2,2,2,2,2,2,2,2,2,2,2,2,2,2,2,2,2,2,2,2,2,2,6,6,10,10,10,98,88,88,88
0,0,1,1,0,1,1,1,1,1,1,0,0,1,0,0,1,0,0,0,0,0,0,0,0,0,1,0,1,1,1,1,1,1,1,0,1,1
177
2,2,2,2,2,2,2,2,2,2,1,1,1,1,1,1,1,1,1,1,1,1,1,1,1,1,1,1,1,1,1,1,1,1,1,1,1,1,1,1,1,1,1,1
1,0,0,0,1,0,0,1,1,0,0,0,1,0,0,0,1,1,1,1,1,1,1,1,0,1,1,0,0,0,0,1,0,0,0,1,0,0,0,1,0,1,1,1
178
2,2,2,2,2,2,2,1,1,1,1,1,9,37,39
1,1,1,0,1,0,0,1,0,0,0,0,1,1,0
179
1,1,1,1,1,90,37,37,37,3,3,3,3,3,3,3,3,3,2,2,2,2,2,2,2,2,2,2,2,2,2,2,2,2,2,2,2,87,9,89,10,10,10,6,6,88,88,88,88,88,88,88,88,88,88,86,86,86,86,86,86,86,86,86,86,86
1,1,0,1,1,0,1,1,1,1,1,1,1,0,1,1,1,1,1,1,0,0,1,1,0,1,0,1,1,1,0,0,0,0,1,1,1,1,1,0,0,1,1,0,1,0,1,1,1,1,1,1,1,1,1,1,1,1,1,1,1,1,1,1,1,1
180
1,1,1,1,1,1,1,1,1,1,1,1,1,1,1,1,1,1,1,1,1,1,1,1,1,1,1,1,1,1,1,1,1,1,1,1,1,1,1,1,1,1,1,1,1,1,1,1,1,1,1,1,1,1,1,1,1,1,1,1,1,1,90,90,90,152,3,3,92,18,203,2,2,2,2,2,2,2,2,2,2,2,2,2,2,2,2,2,2,2,2,2,2,2,38,112,39,10,82,6,83
1,0,0,0,1,1,0,0,1,1,1,1,0,1,1,1,0,1,1,1,1,1,0,1,0,1,0,1,1,0,1,1,1,1,0,0,0,1,1,0,1,1,1,0,0,0,0,1,1,1,0,0,0,0,1,1,0,0,1,0,0,0,0,1,1,1,1,0,1,0,1,1,1,1,1,1,1,1,1,1,0,1,1,1,1,0,0,1,1,0,0,1,1,0,0,0,1,1,1,1,1
181
1,1,1,1,2,2,2,2,2,2,2,2,2,2,2,2,9,3,3,20,20,38,88
1,1,0,1,0,1,0,0,1,0,1,1,1,0,0,0,1,1,1,0,0,0,1
182
1,1,1,1,1,1,1,1,1,1,1,1,1,1,1,203,37,37,37,37,204,97,97,109,87,38,152,132,112,112,112,20,20,39,10,86,86,27,116,116,3,3,3,3,96,96,2,2,2,2,2,2,2,2,2,2,2,2,2,2,2,2,2,2,2,2,2,2,2,9,89,89,118,6,6
0,0,0,1,0,0,0,0,1,0,1,1,0,0,0,0,0,0,0,0,1,0,1,1,1,0,0,1,1,1,1,0,0,0,0,0,0,0,0,0,1,1,1,0,1,0,0,0,0,0,1,0,0,1,1,0,0,0,0,1,1,1,0,0,0,0,1,1,0,1,1,1,1,0,0
183
1,1,1,1,1,1,1,1,1,1,1,1,1,37,37,37,39,8,9,87,2,2,2,2,2,2,2,2,2,2,2,2,2,2,2,2,2,2,2,2,2,2,2,38,89,3,3,3,3,3,6,6,88,88,86
0,0,0,0,0,0,1,1,0,0,0,1,1,1,0,0,0,1,1,0,1,1,1,1,1,1,0,1,0,0,0,0,0,1,0,0,0,0,0,1,0,0,1,0,0,1,1,1,0,1,0,1,0,0,1
184
1,1,1,1,1,1,203,37,37,3,96,40,2,2,2,2,2,2,2,2,2,2,2,2,2,2,2,2,2,2,2,2,2,87,9,89,6,88,88,88,86
1,1,1,1,1,0,0,1,1,0,0,0,1,0,0,0,0,1,0,1,1,0,1,0,0,0,1,0,0,1,1,0,1,0,0,1,1,1,0,1,0
185
1,1,1,1,1,1,1,1,1,1,1,1,1,1,1,1,1,1,1,1,1,1,1,1,1,1,1,1,1,1,1,1,1,1,1,1,1,1,1,1,1,1,1,1,1,1,1,1,1,1,1,1,1,1,1,1,1,1,1,1,1,1,1,1,1,1,1,1,1,90,90,38,152,39,92,203,2,2,2,2,2,2,2,2,2,2,2,2,2,2,2,2,2,2,2,2,2,204,83
1,0,1,0,1,1,0,0,0,0,1,1,0,1,0,0,1,0,1,1,0,0,0,0,0,0,1,0,1,0,1,0,1,0,0,1,1,1,1,0,0,0,0,0,0,1,1,0,1,0,1,0,0,1,1,1,0,1,0,1,1,1,1,0,1,0,0,0,0,1,0,0,0,1,1,1,1,1,1,1,0,0,1,1,1,0,1,0,0,1,1,0,0,0,1,0,0,1,1
186
1,90,37,37,37,37,37,37,37,37,37,3,3,55,21,204,2,2,2,2,2,2,2,2,2,2,2,2,2,2,2,61,62,107,87,87,38,89,89,89,89,20,10,10,86,86,88,88,88,88,114,114,114
1,1,0,1,1,1,1,1,1,1,0,1,1,1,0,1,1,1,0,0,1,0,0,0,0,0,0,0,1,0,0,0,1,1,1,1,0,1,0,1,1,0,1,1,0,0,0,1,1,0,0,1,1
187
9,9,9,3,3,3,3,3,3,3,3,89,2,2,2,2,2,2,2,2,2,2,6,6,10,10,10,61,206
1,1,1,0,1,1,1,1,1,0,1,1,1,0,0,0,0,0,0,0,0,1,1,1,1,1,1,0,0
188
2,2,2,2,2,2,2,2,2,2,2,1,1,1,9,39
1,0,1,0,1,0,0,0,0,0,0,0,0,1,0,0
189
2,2,2,2,87,3,3,86
1,0,1,0,0,1,1,1
190
1,1,1,1,1,1,1,104,37,37,92,48,97,97,87,87,87,9,9,9,9,9,95,95,112,112,110,110,39,10,10,100,100,100,88,88,88,88,55,3,3,3,3,3,3,109,109,109,109,2,2,2,2,2,2,2,2,2,2,108,35,117,89,89,89,89,86,86,86,86,6,6
0,0,0,0,1,1,1,0,0,1,1,0,1,1,0,0,0,1,1,1,1,1,0,1,0,0,0,0,1,1,1,1,0,1,0,1,1,1,1,1,1,1,1,1,0,0,1,0,1,1,0,0,1,0,1,1,0,0,1,1,0,1,0,0,1,0,0,0,0,1,0,1
191
90,3,3,3,3,3,2,2,2,2,2,2,2,2,2,10,10,6,6,88
1,1,1,1,1,1,0,1,0,0,0,0,1,1,1,1,1,1,1,0
192
87,87,1,1,1,1,1,9,37,37,3,3,3,3,112,2,2,2,2,2,2,2,2,2,2,2,2,2,2,2,2,2,2,2,10,6,88,88
1,1,1,0,1,1,0,1,1,1,1,1,1,1,0,1,0,1,0,1,1,0,0,0,0,0,0,1,0,1,0,1,0,1,1,1,0,0
193
203,37,37,37,37,61,133,111,111,109,109,87,87,87,9,9,9,9,51,112,112,112,112,112,112,20,20,39,39,107,88,88,88,88,88,88,55,10,3,3,3,3,3,3,3,3,3,96,2,2,2,2,2,2,2,2,2,2,2,2,2,2,2,2,2,2,2,2,2,2,2,85,62,38,108,108,89,118,118,86,86,86,116
1,1,1,0,1,1,0,1,1,1,1,0,1,1,0,1,1,1,0,0,1,1,1,1,1,0,0,0,0,1,0,1,1,1,1,0,1,1,0,1,1,1,1,1,1,1,1,0,0,1,1,1,1,1,1,0,0,0,1,0,0,1,0,0,0,0,0,0,0,0,1,0,0,0,1,1,1,1,1,1,0,1,1
194
116,116,104,37,110,110,90,48,97,111,111,87,87,87,87,57,57,95,112,112,112,112,112,20,20,20,107,88,88,88,88,88,88,109,109,27,27,27,16,16,10,10,10,3,3,96,96,2,2,2,2,2,2,2,2,2,2,2,2,2,2,2,2,2,2,2,2,2,2,9,9,9,108,171,89,89,89,89,89,89,89,118,118,6,6,6,6,15,114,114
1,1,0,1,1,1,0,0,1,1,1,0,1,1,1,0,1,1,1,1,1,1,1,0,0,0,0,1,0,1,0,1,0,1,1,1,1,1,0,1,0,0,1,1,0,1,1,1,1,0,1,1,1,0,0,0,0,1,0,0,0,0,0,0,1,0,1,0,0,1,1,1,1,1,0,1,0,1,1,1,1,1,1,1,1,1,1,1,1,1
195
1,1,1,1,1,37,37,110,61,97,97,97,138,98,111,111,87,87,87,9,51,112,112,112,112,112,112,20,39,10,10,10,10,88,86,86,16,16,3,3,3,3,3,3,3,3,109,2,2,2,2,2,2,2,2,2,2,2,2,2,2,2,2,2,2,2,2,38,108,108,108,108,89,89,89,89,118,118,6,6,6,15,114,114
0,1,1,1,1,0,1,0,0,0,1,1,1,0,1,1,1,1,1,0,0,1,1,1,1,1,1,0,0,0,1,1,1,0,1,0,1,1,0,0,0,1,1,0,0,1,1,0,1,0,0,0,1,0,1,0,1,0,0,0,0,0,0,1,0,0,1,0,0,0,0,1,1,1,1,1,1,0,0,1,0,1,1,1
196
1,1,1,1,1,1,9,39,2,2,2,2,2,2,2,3,61
0,0,0,0,1,0,0,0,1,0,1,0,0,0,0,0,1
197
37,37,37,37,37,37,39,39,55,2,2,2,2,2,2,2,2,2,2,2,2,2,2,2,2,2,2,2,2,2,2,61,107,62,9,87,87,87,38,20,3,3,3,3,3,3,86,86,86,6,6,88,88,114
1,1,1,1,1,1,0,1,1,1,1,1,1,0,1,0,0,0,0,0,0,0,0,1,0,0,0,0,1,1,1,0,1,1,1,1,1,1,0,0,1,1,1,1,1,0,1,0,0,1,1,0,1,1
198
1,1,1,1,1,1,1,1,1,1,1,1,1,1,1,1,1,1,1,1,1,1,1,1,1,1,1,1,1,1,1,1,1,1,1,1,1,1,203,16,16,37,37,3,3,3,109,204,2,2,2,2,2,2,2,2,2,2,2,2,2,2,2,2,2,2,2,2,2,2,2,97,61,87,87,87,87,112,110,89,89,20,27,202,86
0,0,1,1,0,1,1,1,1,0,1,1,1,0,1,0,1,1,1,1,1,1,0,1,0,0,1,0,1,0,1,0,0,0,1,1,1,1,0,0,0,0,0,0,0,0,1,1,1,1,1,1,0,0,1,0,0,0,1,1,0,1,1,1,1,1,1,0,1,0,0,0,1,0,0,0,1,0,0,0,0,0,1,0,0
199
1,37,37,3,3,3,3,3,3,3,96,96,2,2,2,2,2,2,2,2,2,2,2,2,2,2,2,2,2,2,2,2,2,2,52,107,61,9,9,9,87,87,38,38,57,89,89,89,89,10,10,10,86,86,86,86,6,6,6,6,6,88,88,114
0,1,1,1,1,1,1,1,1,1,1,1,1,1,0,0,1,1,1,0,0,0,1,0,0,1,0,0,0,0,1,1,0,1,1,1,0,1,1,1,0,0,0,0,0,0,0,0,1,1,1,1,0,1,0,0,1,0,1,1,1,0,1,0
200
37,37,37,18,97,97,133,111,111,87,87,9,9,9,9,9,51,112,112,112,112,112,20,20,39,10,10,88,88,88,88,109,109,109,3,3,3,3,3,21,2,2,2,2,2,2,2,2,2,2,2,2,2,2,2,2,2,2,2,2,2,2,2,2,2,38,108,143,89,89,86,86,6,6,6,6,6,6,6,15
1,1,1,1,1,0,0,1,1,1,0,1,1,1,1,1,0,1,1,1,1,1,0,0,0,1,1,1,1,0,1,1,0,1,1,1,1,1,1,0,0,1,1,1,0,1,1,0,0,1,1,0,0,0,1,1,0,1,0,0,0,1,0,1,0,0,1,1,0,1,0,1,1,1,1,1,1,0,1,1
201
37,37,110,18,97,109,87,87,87,9,112,112,112,112,20,39,107,88,88,88,88,88,86,86,27,27,10,10,10,3,3,3,3,3,3,3,55,40,2,2,2,2,2,2,2,2,2,2,2,2,2,2,2,2,2,85,52,108,89,89,6,6,6,6,15
1,0,0,1,0,1,1,1,1,1,1,1,1,1,0,1,0,0,1,1,0,0,0,1,1,1,0,1,1,1,1,1,1,1,1,0,1,0,1,1,0,1,0,0,0,1,1,0,1,0,1,0,0,0,0,1,1,0,0,0,0,1,1,1,1
202
1,1,1,1,1,1,1,1,1,1,1,1,1,1,1,1,1,1,1,1,1,1,1,1,1,1,1,1,1,1,1,1,1,1,1,1,203,203,38,37,39,92,92,204,2,2,2,2,2,2,2,2,2,2,2,61,152,114
1,1,0,0,0,0,0,0,1,1,0,0,0,1,0,0,0,0,0,0,0,1,1,0,0,1,1,1,1,1,1,1,1,1,0,1,1,1,0,1,0,0,1,1,1,0,1,1,0,0,0,0,0,0,0,1,0,1
203
104,37,37,37,37,110,18,204,52,147,109,87,87,87,87,38,38,112,112,112,81,20,20,3,3,3,3,3,3,3,3,3,3,3,3,3,10,10,10,100,88,88,88,88,86,86,86,86,27,27,27,39,39,39,96,96,96,2,2,2,2,2,2,2,2,2,2,2,2,2,2,2,2,2,2,2,2,2,2,2,2,2,85,62,9,9,9,9,108,108,89,89,89,89,89,89,89,6,6,97,15,114
1,1,1,1,1,1,0,1,1,1,1,1,1,1,1,1,1,1,1,1,1,0,0,1,1,1,1,1,1,1,1,1,1,0,1,1,1,1,1,1,0,1,1,0,1,1,0,1,1,1,1,0,1,1,1,1,0,1,1,1,1,1,1,0,0,1,1,0,1,1,0,0,1,1,1,0,1,0,1,1,0,1,1,0,1,1,1,1,0,1,1,0,0,0,1,0,1,1,0,1,1,1
204
1,1,1,1,1,1,1,1,1,1,1,1,1,1,1,1,1,1,1,1,1,1,1,1,1,1,1,1,1,1,1,1,1,1,1,1,1,1,1,1,1,1,1,1,1,1,1,1,1,1,1,1,1,1,1,1,1,1,1,1,1,1,1,129,38,38,152,39,92,90,2,2,2,2,2,2,2,2,2,2,2,2,2,2,2,2,2,2,2,2,2,2,2,2,204,61
1,1,1,1,1,0,1,1,0,0,0,0,0,1,1,0,1,1,0,1,0,0,1,0,1,0,1,1,0,0,1,0,1,1,0,1,0,1,1,1,0,1,0,1,0,0,1,1,0,0,0,0,0,1,1,1,0,0,0,0,0,1,0,0,1,0,0,1,0,0,1,1,0,1,1,0,0,1,1,0,1,1,0,1,0,1,0,0,0,0,0,0,0,1,1,1
205
37,37,37,37,37,37,37,37,18,204,48,133,97,97,61,109,87,87,38,152,112,112,112,112,112,20,39,39,10,88,88,55,3,3,3,3,3,3,3,3,3,3,3,3,3,3,83,2,2,2,2,2,2,2,2,2,2,2,2,2,2,2,2,2,2,2,2,2,9,108,51,89,89,86,86,86,6,6,15
1,1,0,1,1,1,1,1,0,0,1,1,1,1,1,1,0,1,1,1,1,1,1,1,1,0,0,0,1,1,1,1,1,1,1,1,1,1,1,1,1,1,0,1,1,0,1,1,0,1,0,0,1,1,1,1,1,0,1,1,1,1,1,0,0,1,0,0,1,0,0,1,1,1,0,0,1,0,1
206
1,1,37,37,37,37,110,204,97,87,87,87,9,9,9,51,112,112,20,39,10,88,88,86,90,3,3,3,3,3,3,3,3,2,2,2,2,2,2,2,2,2,2,2,2,2,2,2,2,2,2,2,2,2,2,2,62,38,108,117,6
1,0,1,1,0,1,0,0,1,1,1,1,1,1,1,1,1,1,0,1,0,0,1,0,0,1,1,1,1,1,1,1,1,1,0,0,0,0,1,0,1,0,1,1,0,1,1,1,1,1,0,0,1,0,1,1,0,1,1,1,0
207
203,37,37,37,37,37,110,110,110,18,90,48,48,138,111,111,111,109,109,87,87,9,152,112,112,112,112,112,112,112,112,20,20,3,3,3,3,3,3,3,3,3,3,3,3,3,10,88,88,88,88,88,88,55,27,27,16,39,39,39,39,96,96,2,2,2,2,2,2,2,2,2,2,2,2,2,2,2,2,2,2,2,2,2,2,2,2,2,204,38,38,38,108,108,51,89,89,89,89,89,118,118,86,86,86,86,6,15,114,114
1,0,1,0,1,1,1,0,1,0,0,1,0,1,0,0,0,1,1,0,1,0,0,0,1,1,1,1,1,1,1,0,0,1,1,1,1,1,1,1,1,1,1,1,1,1,0,1,1,1,1,0,1,1,1,1,0,0,1,0,0,1,1,1,0,0,1,0,1,1,0,0,0,0,1,0,0,1,0,0,0,0,0,1,0,0,1,1,0,1,0,1,1,1,1,1,1,1,1,1,1,1,0,1,0,1,0,1,1,1
208
1,1,1,1,1,1,1,1,1,1,1,1,1,1,1,1,1,1,1,1,1,1,1,1,1,1,1,1,1,1,1,1,203,203,37,37,110,21,138,138,98,87,87,38,38,112,112,112,112,20,39,10,10,88,88,86,86,90,90,16,16,3,3,3,3,3,3,3,109,40,2,2,2,2,2,2,2,2,2,2,2,2,2,2,2,2,2,2,2,2,2,62,9,9,143,89,89,118,118,6,6,6,6
0,0,0,0,1,0,1,1,1,0,1,0,1,1,1,1,0,1,1,0,1,0,1,0,1,0,1,1,1,0,0,1,1,1,1,1,1,1,0,1,1,0,0,0,1,0,1,1,1,0,1,1,1,1,1,1,0,1,1,1,1,1,1,1,0,0,1,0,1,0,1,0,0,0,0,0,0,1,1,0,1,1,0,1,1,0,1,1,0,1,0,0,1,1,0,0,0,1,0,1,1,1,0
209
1,1,1,1,1,1,1,1,1,1,1,1,1,129,9,37,2,2,2,2,2,2,2,2,2,2,2,2,2,2,2,2,2,2,2,2,62
0,0,0,0,0,0,0,0,0,0,0,0,0,0,1,0,0,1,1,1,0,1,0,0,0,1,1,1,1,0,1,0,0,0,0,1,0
210
1,1,1,1,1,1,1,1,1,1,1,1,1,1,1,1,1,1,1,1,1,1,1,1,1,1,1,1,1,1,1,1,1,1,1,1,1,1,1,1,1,1,1,1,1,1,1,1,1,1,1,1,1,1,90,90,90,9,39,83,203,203,2,2,2,2,2,2,2,2,2,2,2,2,2,2,2,2,2,2,2,2,3,61,38,38,92
0,1,1,0,1,0,0,0,1,1,1,0,0,1,0,1,0,0,0,1,1,0,1,0,1,1,1,1,1,1,1,1,0,0,0,0,0,0,0,0,0,1,0,1,0,0,0,1,0,1,0,0,0,0,1,1,1,1,0,1,1,1,1,1,1,1,1,1,1,0,0,0,0,0,0,0,0,0,0,0,0,1,0,1,1,0,1
211
37,37,37,97,208,61,111,109,109,109,87,87,87,87,87,192,38,51,51,112,118,118,20,20,20,20,20,39,107,88,88,88,88,88,88,88,55,27,16,16,10,10,3,3,3,3,3,3,3,3,3,3,3,3,3,3,3,3,3,3,3,3,3,3,96,40,2,2,2,2,2,2,2,2,2,2,2,2,2,2,2,2,2,2,2,2,2,2,62,9,108,108,108,15,89,89,89,89,89,89,89,89,89,138,86,86,6,57,114
1,1,0,1,0,0,0,1,1,1,0,1,0,1,1,1,1,0,1,1,1,0,0,0,0,0,0,0,0,0,0,1,1,1,1,0,0,0,0,1,0,1,1,1,1,1,1,1,1,1,1,1,1,1,1,1,1,1,1,1,1,1,1,1,0,0,1,1,1,1,0,0,1,1,0,1,0,1,1,1,0,1,0,0,1,1,1,0,0,1,0,1,1,1,0,1,1,0,1,0,0,1,1,1,0,1,1,1,1
212
37,37,37,37,37,110,18,97,208,61,111,111,111,87,9,9,9,95,112,112,20,20,20,20,20,39,39,10,10,88,88,88,88,88,88,86,86,86,3,3,3,3,3,3,3,3,3,3,109,109,40,2,2,2,2,2,2,2,2,2,2,2,2,2,2,2,2,2,2,2,2,2,2,2,2,52,38,38,108,108,108,89,89,89,89,89,6,6,6,15
1,0,0,1,1,0,0,1,0,0,1,1,0,1,1,1,1,1,1,1,0,0,0,0,0,0,1,1,1,0,1,1,1,0,1,1,0,1,1,1,1,1,1,1,1,1,1,1,1,1,1,1,1,0,1,1,0,1,0,1,0,0,1,0,1,0,0,0,0,0,1,0,0,0,1,1,1,1,0,1,1,1,1,1,0,1,0,0,1,1
213
