1 10 0
1 10 0
1 10 0
1 10 1
1 10 0
1 10 1
1 19 1
1 19 1
1 19 1
1 2 0
1 2 1
1 2 1
1 2 1
1 2 0
1 2 1
1 14 1
1 14 1
1 9 0
1 8 1
1 93 1
1 25 0
1 25 1
1 37 1
1 21 0
1 21 0
1 22 1
1 22 1
1 51 1
1 72 0
1 12 1
1 12 1
1 12 1
1 12 1
1 12 1
1 12 1
1 12 1
1 12 0
1 12 1
1 12 1
1 12 1
1 12 1
1 12 1
1 102 1
1 55 1
1 55 1
1 64 1
1 64 0
1 64 0
1 1 1
1 1 1
1 1 1
1 1 1
1 1 1
1 1 1
1 1 1
1 1 1
1 1 1
1 1 1
1 1 1
1 1 1
1 1 1
1 1 1
1 1 1
1 1 1
1 1 1
1 1 1
1 1 1
1 1 1
1 82 1
1 13 1
1 13 1
2 10 0
2 10 0
2 10 0
2 10 0
2 57 1
2 56 1
2 14 1
2 14 1
2 14 1
2 9 1
2 9 1
2 43 1
2 43 1
2 55 1
2 19 1
2 19 1
2 19 1
2 25 0
2 81 1
2 21 0
2 21 0
2 58 1
2 58 1
2 2 1
2 2 1
2 2 1
2 2 1
2 2 1
2 2 1
2 40 1
2 72 0
2 72 0
2 72 0
2 72 1
2 64 1
2 64 0
2 64 0
2 1 1
2 1 1
2 1 1
2 1 1
2 1 1
2 1 1
2 1 1
2 1 1
2 1 1
2 1 1
2 1 1
2 1 0
2 1 1
2 1 1
2 1 1
2 1 1
2 1 0
2 1 1
2 1 1
2 1 1
2 1 1
2 1 1
2 1 1
2 1 1
2 1 1
2 1 1
2 1 1
2 1 1
2 1 1
2 1 1
2 36 1
2 13 1
3 10 1
3 19 1
3 19 1
3 19 1
3 19 1
3 34 1
3 104 0
3 105 1
3 9 0
3 8 1
3 8 0
3 21 0
3 22 1
3 65 0
3 2 1
3 2 1
3 2 1
3 2 1
3 102 1
3 55 1
3 55 0
3 55 1
3 103 1
3 64 1
3 64 1
3 64 0
3 1 1
3 1 1
3 1 1
3 1 1
3 1 1
3 1 1
3 1 1
3 1 1
3 1 1
3 1 1
3 1 1
3 1 1
3 1 1
3 1 1
3 1 0
3 1 1
3 1 1
3 1 1
3 1 1
3 1 1
3 1 1
3 1 1
3 1 1
3 1 1
3 1 1
3 1 1
3 1 1
3 1 1
3 1 1
3 1 1
3 1 1
3 1 1
3 1 1
3 1 1
3 1 1
3 1 1
3 1 1
3 1 1
3 1 1
3 1 1
3 1 1
3 1 1
3 1 1
3 1 1
3 32 1
3 36 1
3 13 1
3 13 1
4 19 1
4 102 0
4 22 1
4 22 1
4 22 1
4 22 1
4 2 1
4 2 1
4 2 1
4 2 0
4 13 1
4 13 1
4 13 1
4 13 1
4 55 1
4 55 0
4 55 0
4 64 1
4 64 0
4 1 1
4 1 1
4 1 1
4 1 1
4 1 1
4 1 1
4 1 1
4 1 1
4 1 1
4 1 1
4 8 0
4 12 1
4 12 1
4 12 1
4 12 1
4 12 1
4 12 1
4 12 1
4 12 1
4 12 1
4 12 1
4 12 1
4 12 1
4 12 1
4 12 1
4 12 1
4 12 1
4 12 0
5 10 1
5 10 1
5 19 1
5 56 0
5 43 1
5 84 1
5 8 1
5 59 1
5 25 0
5 21 0
5 22 1
5 22 1
5 58 1
5 2 1
5 2 1
5 2 0
5 2 1
5 55 0
5 55 1
5 72 1
5 64 1
5 64 0
5 64 1
5 1 1
5 1 0
5 1 1
5 1 1
5 1 1
5 1 1
5 1 1
5 1 1
5 1 1
5 1 1
5 1 1
5 1 1
5 1 1
5 1 1
5 1 1
5 1 1
5 1 0
5 1 0
5 1 1
5 1 1
5 1 1
5 1 0
5 1 1
5 1 1
5 1 1
5 1 1
5 1 1
5 1 1
5 1 1
5 1 1
5 1 1
5 1 1
5 1 1
5 1 1
5 1 1
5 1 1
5 1 1
5 1 1
5 1 1
5 1 1
5 75 1
5 12 1
5 12 0
5 12 1
5 12 1
5 13 1
5 13 1
6 10 1
6 34 1
6 34 1
6 16 1
6 106 0
6 26 1
6 8 0
6 28 1
6 15 0
6 25 0
6 22 1
6 22 1
6 22 1
6 22 1
6 22 1
6 22 1
6 2 1
6 2 0
6 2 1
6 64 0
6 64 1
6 1 1
6 1 1
6 1 1
6 1 1
6 1 1
6 1 1
6 75 1
6 12 1
6 12 0
6 12 1
6 12 1
6 12 1
6 12 1
6 12 1
6 12 1
6 12 1
6 12 1
6 12 1
6 56 0
6 13 1
6 13 1
6 13 1
6 13 1
6 13 1
7 10 1
7 107 0
7 8 1
7 23 0
7 25 1
7 25 0
7 21 0
7 22 1
7 2 1
7 2 1
7 2 0
7 2 1
7 64 1
7 64 0
7 64 0
7 1 1
7 1 1
7 1 1
7 1 0
7 1 1
7 1 1
7 1 1
7 1 1
7 1 1
7 1 1
7 1 1
7 1 1
7 1 1
7 1 1
7 1 1
7 1 1
7 1 1
7 1 1
7 1 1
7 1 1
7 1 1
7 1 1
7 1 1
7 1 1
7 1 1
7 1 1
7 1 1
7 1 1
7 1 1
7 1 1
7 1 1
7 36 0
7 12 1
8 19 1
8 19 1
8 19 1
8 19 1
8 19 1
8 19 1
8 19 1
8 19 1
8 19 1
8 19 1
8 10 0
8 10 0
8 56 1
8 28 1
8 21 1
8 21 0
8 21 0
8 22 1
8 22 1
8 88 1
8 72 1
8 13 1
8 13 1
8 13 1
8 92 1
8 1 1
8 1 1
8 1 1
8 1 1
8 1 0
8 1 1
8 1 1
8 1 1
8 1 1
8 1 1
8 1 1
8 1 0
8 1 1
8 1 1
8 1 1
8 1 1
8 1 1
8 1 1
8 1 1
8 1 1
8 1 1
8 1 1
8 1 1
8 1 1
8 1 1
8 1 1
8 1 1
8 1 1
8 1 1
8 1 0
8 1 1
8 1 1
8 1 1
8 1 1
8 75 1
8 75 1
8 57 1
8 57 1
8 57 1
8 43 1
8 43 0
8 6 0
8 25 0
8 2 1
8 2 1
8 2 1
8 2 1
8 2 0
8 2 0
8 2 0
8 2 0
8 2 0
8 55 1
8 55 1
8 55 1
8 55 1
8 64 1
8 64 1
8 64 1
8 64 1
8 64 1
8 64 0
8 45 0
8 14 1
8 14 1
8 14 1
8 14 1
8 14 1
8 14 1
8 14 1
8 12 0
9 1 1
9 1 1
9 1 1
9 1 1
9 35 1
9 25 0
10 10 1
10 56 1
10 1 1
10 1 1
10 1 1
10 1 1
10 1 1
10 1 1
10 1 1
10 1 0
10 1 1
10 1 1
10 1 1
10 1 1
10 1 1
10 1 1
10 1 1
10 1 1
10 1 1
10 1 1
10 1 1
10 1 1
10 1 1
10 1 1
10 1 1
10 1 1
10 1 1
10 1 1
10 1 1
10 1 1
10 1 1
10 1 1
10 1 1
10 1 1
10 1 1
10 1 1
10 1 1
10 1 1
10 1 1
10 1 1
10 8 1
10 23 1
10 22 1
10 22 1
10 72 1
10 12 1
10 12 1
10 12 1
10 12 1
10 12 1
10 2 1
10 2 1
10 2 1
10 55 1
10 64 1
10 64 0
10 64 0
10 101 1
10 13 1
11 10 1
11 16 1
11 59 1
11 1 1
11 1 1
11 1 1
11 1 1
11 1 1
11 1 1
11 1 1
11 1 1
11 1 0
11 1 1
11 1 1
11 1 1
11 1 1
11 1 1
11 1 1
11 1 1
11 1 1
11 1 1
11 1 1
11 1 1
11 1 1
11 1 1
11 1 1
11 1 1
11 1 1
11 1 1
11 1 1
11 1 1
11 1 1
11 1 1
11 1 1
11 1 1
11 1 1
11 1 1
11 1 1
11 1 1
11 1 1
11 108 1
11 23 1
11 25 1
11 25 1
11 21 0
11 21 1
11 2 1
11 2 1
11 2 1
11 2 1
11 2 1
11 2 1
11 2 1
11 55 1
11 7 0
11 64 1
11 64 1
11 64 0
11 64 0
11 45 1
11 12 1
11 12 1
11 12 1
11 12 1
11 13 1
11 13 1
12 10 0
12 10 0
12 19 1
12 19 1
12 59 0
12 60 0
12 25 0
12 25 0
12 22 1
12 2 1
12 2 1
12 2 1
12 2 1
12 2 1
12 2 1
12 2 0
12 55 1
12 55 0
12 55 1
12 55 1
12 55 1
12 55 1
12 55 1
12 55 1
12 7 1
12 64 1
12 64 1
12 64 1
12 64 1
12 1 1
12 1 0
12 1 1
12 1 1
12 1 1
12 1 1
12 1 1
12 1 1
12 1 1
12 1 1
12 1 1
12 1 1
12 1 1
12 1 1
12 1 1
12 1 1
12 1 1
12 1 1
12 1 1
12 1 1
12 1 1
12 1 1
12 1 1
12 1 1
12 1 1
12 1 1
12 1 1
12 1 1
12 1 1
12 1 1
12 1 1
12 1 1
12 1 1
12 1 1
12 1 1
12 1 1
12 1 1
12 1 1
12 1 1
12 1 1
12 1 1
12 1 1
12 1 1
12 75 1
12 12 1
12 12 1
12 79 1
12 13 1
12 13 1
12 13 1
13 23 0
14 19 0
14 2 1
14 2 1
14 2 1
14 2 1
14 26 1
14 55 0
14 8 0
14 84 0
14 64 1
14 64 1
14 1 1
14 1 1
14 1 1
14 1 0
14 1 1
14 1 1
14 1 1
14 1 1
14 1 1
14 1 1
14 1 1
14 1 1
14 1 1
14 1 1
14 1 1
14 1 1
14 11 0
14 15 0
14 12 0
15 10 0
15 10 0
15 19 1
15 34 1
15 34 1
15 53 0
15 8 0
15 8 0
15 22 1
15 22 1
15 22 1
15 22 1
15 22 1
15 22 1
15 22 1
15 51 0
15 58 1
15 2 1
15 2 1
15 2 0
15 2 1
15 2 1
15 2 0
15 2 1
15 2 0
15 2 1
15 2 1
15 2 1
15 2 0
15 55 1
15 55 1
15 55 1
15 42 1
15 64 0
15 64 1
15 64 1
15 64 1
15 64 0
15 64 0
15 64 0
15 1 1
15 1 1
15 1 1
15 1 1
15 1 1
15 1 1
15 1 1
15 1 1
15 1 1
15 1 1
15 1 1
15 1 1
15 12 1
15 12 1
15 12 1
15 12 1
15 12 1
15 12 1
15 12 1
15 12 1
15 12 1
15 12 0
15 12 1
15 12 1
15 12 1
15 12 1
15 36 1
15 13 1
15 13 1
15 13 1
15 13 1
15 13 1
15 13 1
15 13 1
16 10 1
16 22 1
16 22 1
16 22 1
16 2 0
16 2 1
16 72 1
16 13 1
16 26 1
16 64 0
16 64 1
16 64 0
16 1 1
16 1 0
16 1 1
16 1 1
16 1 1
16 1 1
16 1 1
16 1 1
16 1 1
16 1 1
16 1 1
16 1 1
16 8 0
16 12 1
16 12 1
16 12 1
17 8 0
17 11 1
17 23 0
17 21 1
17 22 1
17 22 1
17 22 1
17 22 1
17 51 0
17 13 1
17 13 1
17 13 1
17 13 1
17 13 1
17 7 1
17 1 1
17 1 1
17 1 1
17 1 1
17 1 1
17 1 1
17 1 1
17 1 0
17 1 1
17 1 1
17 1 1
17 1 1
17 1 0
17 1 1
17 1 1
17 1 1
17 1 1
17 1 1
17 1 1
17 1 1
17 1 1
17 1 1
17 1 1
17 1 1
17 32 1
17 36 1
17 36 0
17 36 0
17 59 1
17 54 1
17 54 1
17 9 0
17 9 0
17 105 0
17 93 1
17 25 0
17 109 0
17 2 0
17 2 1
17 2 0
17 2 0
17 55 1
17 55 1
17 64 1
17 82 1
17 12 1
17 12 1
17 12 1
17 12 1
17 12 1
17 12 1
17 12 1
18 19 0
18 19 1
18 19 1
18 19 1
18 10 1
18 10 0
18 56 1
18 8 1
18 37 0
18 22 1
18 22 0
18 22 1
18 88 0
18 58 0
18 58 0
18 13 1
18 13 1
18 13 1
18 13 1
18 13 1
18 13 1
18 13 1
18 65 1
18 1 1
18 1 1
18 1 1
18 1 1
18 1 1
18 1 1
18 1 1
18 1 1
18 1 1
18 1 1
18 1 1
18 1 1
18 1 1
18 1 1
18 1 1
18 1 1
18 1 1
18 1 1
18 1 1
18 1 1
18 32 1
18 59 1
18 16 0
18 43 1
18 23 1
18 23 0
18 25 1
18 111 1
18 14 1
18 67 1
18 2 1
18 2 0
18 2 1
18 2 1
18 2 1
18 2 1
18 2 1
18 2 1
18 110 0
18 55 0
18 55 0
18 64 1
18 64 0
18 82 0
18 12 1
18 12 1
18 12 1
18 12 1
18 12 1
18 12 1
18 12 0
18 12 1
19 10 1
19 10 1
19 10 0
19 19 1
19 19 1
19 56 1
19 20 1
19 20 1
19 84 1
19 34 1
19 34 1
19 21 1
19 21 1
19 22 1
19 22 1
19 22 1
19 22 1
19 22 1
19 13 1
19 13 1
19 13 1
19 13 1
19 13 1
19 13 1
19 13 1
19 13 1
19 40 0
19 1 1
19 1 1
19 1 1
19 1 1
19 1 1
19 1 1
19 1 1
19 1 1
19 1 1
19 1 1
19 1 1
19 1 1
19 1 1
19 36 1
19 24 1
19 114 1
19 9 1
19 26 0
19 26 1
19 112 1
19 112 1
19 113 0
19 2 1
19 2 0
19 2 1
19 2 1
19 2 1
19 55 1
19 59 1
19 64 0
19 64 1
19 64 0
19 12 1
19 12 1
19 12 1
19 12 1
19 12 1
19 12 1
19 12 1
19 12 1
19 12 1
19 12 1
19 12 1
19 12 1
20 10 0
20 54 1
20 20 1
20 11 1
20 21 1
20 22 1
20 22 1
20 72 1
20 2 1
20 2 0
20 2 1
20 2 1
20 2 1
20 2 1
20 2 1
20 2 0
20 13 1
20 13 1
20 13 1
20 13 1
20 13 1
20 55 1
20 64 1
20 64 1
20 1 1
20 1 1
20 1 1
20 1 1
20 1 1
20 1 1
20 1 1
20 1 1
20 1 1
20 1 1
20 1 1
20 1 1
20 1 0
20 1 1
20 1 1
20 1 1
20 1 1
20 1 1
20 1 1
20 1 1
20 1 1
20 1 1
20 1 1
20 1 1
20 1 1
20 1 1
20 1 1
20 1 1
20 1 1
20 1 1
20 1 1
20 1 1
20 1 1
20 1 1
20 1 1
20 1 1
20 1 1
20 32 1
20 12 1
21 10 0
21 10 1
21 10 0
21 10 1
21 19 0
21 19 1
21 19 1
21 56 1
21 8 0
21 11 0
21 21 0
21 21 0
21 21 1
21 22 1
21 22 1
21 22 1
21 22 1
21 22 1
21 79 1
21 1 1
21 1 1
21 1 1
21 1 1
21 1 0
21 1 1
21 1 1
21 1 1
21 1 1
21 1 1
21 1 1
21 1 1
21 75 1
21 36 1
21 36 1
21 114 1
21 16 1
21 6 1
21 2 1
21 2 1
21 2 1
21 2 1
21 2 1
21 2 1
21 2 0
21 2 1
21 13 0
21 13 1
21 13 1
21 13 1
21 13 1
21 13 1
21 13 1
21 13 1
21 13 1
21 55 0
21 55 0
21 55 1
21 55 1
21 64 0
21 64 1
21 115 1
21 116 0
21 14 0
21 14 1
21 14 1
21 12 1
21 12 1
21 12 1
21 12 1
21 12 1
21 12 1
21 12 1
21 12 1
21 12 1
21 12 1
21 12 1
21 12 1
22 10 0
22 19 1
22 19 1
22 19 1
22 19 1
22 19 1
22 43 1
22 11 1
22 25 1
22 22 1
22 65 1
22 12 1
22 12 1
22 12 0
22 12 1
22 12 1
22 2 1
22 2 1
22 2 1
22 2 0
22 2 1
22 2 0
22 2 0
22 64 1
22 64 1
22 64 1
22 64 1
22 64 0
22 1 1
22 1 1
22 1 1
22 1 1
22 1 1
22 1 1
22 1 1
22 1 1
22 1 0
22 1 1
22 1 1
22 1 1
22 1 1
22 1 1
22 1 1
22 1 1
22 1 1
22 1 1
22 1 1
22 1 1
22 1 1
22 1 1
22 75 1
22 32 1
22 13 1
22 13 1
22 13 1
22 13 1
22 13 1
22 13 1
22 13 1
22 13 1
23 21 0
23 22 1
23 22 1
23 2 1
23 2 1
23 55 1
23 23 0
23 64 0
23 1 1
23 1 1
23 1 1
23 1 1
23 1 1
23 1 1
23 1 1
23 1 1
23 1 1
23 1 1
23 1 1
23 1 0
23 1 1
23 1 1
23 1 1
23 1 1
23 1 1
23 1 1
23 1 1
23 1 1
23 1 1
23 1 1
23 12 1
23 12 1
23 12 1
23 12 1
23 13 1
23 13 1
24 10 1
24 10 1
24 22 1
24 22 1
24 1 1
24 1 1
24 2 1
24 2 0
24 2 1
24 13 1
24 13 1
24 13 1
24 65 1
24 115 1
24 32 1
24 14 1
24 14 0
24 12 1
24 12 1
24 12 1
24 12 1
24 12 1
25 10 0
25 10 1
25 20 1
25 73 0
25 76 0
25 11 1
25 25 1
25 21 1
25 22 1
25 22 1
25 22 1
25 72 0
25 72 1
25 72 1
25 2 0
25 2 1
25 2 1
25 2 1
25 55 1
25 55 1
25 64 1
25 64 1
25 64 1
25 64 0
25 1 1
25 1 1
25 1 1
25 1 1
25 1 1
25 1 1
25 1 1
25 1 1
25 1 1
25 12 1
25 12 1
25 12 1
25 12 1
25 12 1
25 12 1
25 12 1
25 13 1
25 13 1
25 13 1
26 10 0
26 69 0
26 56 1
26 8 1
26 59 1
26 21 1
26 88 1
26 88 0
26 2 1
26 2 0
26 2 1
26 2 1
26 2 1
26 2 0
26 2 0
26 2 1
26 55 0
26 55 0
26 55 0
26 64 1
26 64 1
26 64 1
26 64 1
26 64 1
26 1 1
26 1 1
26 1 1
26 1 1
26 1 0
26 1 1
26 1 0
26 1 1
26 1 1
26 1 1
26 1 1
26 1 1
26 1 1
26 1 1
26 1 1
26 1 1
26 1 1
26 1 1
26 1 1
26 1 1
26 1 1
26 1 1
26 1 1
26 1 1
26 1 1
26 1 1
26 1 1
26 1 1
26 1 1
26 1 1
26 1 1
26 1 1
26 1 1
26 1 1
26 1 1
26 1 1
26 1 1
26 1 1
26 1 1
26 32 1
26 19 1
27 2 1
28 69 1
28 59 1
28 8 1
28 8 1
28 23 0
28 22 1
28 2 1
28 2 1
28 2 1
28 2 0
28 2 1
28 13 1
28 13 1
28 13 1
28 13 1
28 13 1
28 55 1
28 55 1
28 55 1
28 7 1
28 64 1
28 1 1
28 1 1
28 1 1
28 1 1
28 1 1
28 1 1
28 1 1
28 1 0
28 1 1
28 1 1
28 1 1
28 1 0
28 1 1
28 1 0
28 1 1
28 1 1
28 1 1
28 1 1
28 1 1
28 1 1
28 1 1
28 1 1
28 1 1
28 1 1
28 1 1
28 1 1
28 1 1
28 1 1
28 1 1
28 1 1
28 1 1
28 1 0
28 1 1
28 1 1
28 1 1
28 1 1
28 1 1
28 1 1
28 12 1
28 12 0
29 10 0
29 10 0
29 10 0
29 57 0
29 56 0
29 117 1
29 117 1
29 26 1
29 26 0
29 26 1
29 9 0
29 43 1
29 3 0
29 93 1
29 53 1
29 72 0
29 72 1
29 2 1
29 2 1
29 2 0
29 13 1
29 7 0
29 7 0
29 42 1
29 64 0
29 64 0
29 1 1
29 1 1
29 1 1
29 1 1
29 1 1
29 1 1
29 1 1
29 1 1
29 1 1
29 1 1
29 1 1
29 1 0
29 1 1
29 1 1
29 1 1
29 1 1
29 1 1
29 1 1
29 1 1
29 1 1
29 1 1
29 1 1
29 1 1
29 36 1
29 12 1
30 19 1
30 56 1
30 104 1
30 8 0
30 8 1
30 8 1
30 8 0
30 65 1
30 65 0
30 88 0
30 2 1
30 2 1
30 2 0
30 2 0
30 2 1
30 2 0
30 2 1
30 2 0
30 2 0
30 2 1
30 55 0
30 55 1
30 44 1
30 44 0
30 92 0
30 64 1
30 64 1
30 64 1
30 64 0
30 1 1
30 1 1
30 1 1
30 1 1
30 1 1
30 1 1
30 1 1
30 1 0
30 1 1
30 1 1
30 1 1
30 1 1
30 1 1
30 1 1
30 1 1
30 1 1
30 1 1
30 1 1
30 1 0
30 1 1
30 1 1
30 1 1
30 1 1
30 1 1
30 1 1
30 1 1
30 1 1
30 1 1
30 1 1
30 1 1
30 1 1
30 1 1
30 1 1
30 1 1
30 1 1
30 1 1
30 1 1
30 1 1
30 1 1
30 1 1
30 1 1
30 1 1
30 1 1
30 1 1
30 1 1
30 1 1
30 1 1
30 1 1
30 1 1
30 1 1
30 75 1
30 32 1
30 14 1
30 12 0
31 10 0
31 10 0
31 10 0
31 19 1
31 19 1
31 20 1
31 107 1
31 8 0
31 11 1
31 25 0
31 25 0
31 25 1
31 22 1
31 22 1
31 22 1
31 22 1
31 2 1
31 2 1
31 2 1
31 2 0
31 2 1
31 2 0
31 13 1
31 13 1
31 13 1
31 13 1
31 13 1
31 13 1
31 55 1
31 64 0
31 64 1
31 64 1
31 64 1
31 64 1
31 64 0
31 64 0
31 1 1
31 1 1
31 1 1
31 1 1
31 1 1
31 12 1
31 12 1
31 12 1
31 12 1
31 12 1
31 12 1
31 12 1
31 12 1
31 36 1
31 79 1
32 19 1
32 34 1
32 34 1
32 1 0
32 1 1
32 1 1
32 23 0
32 22 1
32 22 1
32 22 1
32 22 1
32 2 1
32 2 0
32 2 1
32 13 1
32 13 1
32 13 1
32 13 1
32 13 1
32 13 1
32 13 1
32 13 1
32 55 1
32 59 1
32 64 1
32 64 0
32 77 1
32 75 1
32 36 1
32 12 1
32 12 1
32 12 1
32 12 1
32 12 1
32 12 1
32 12 1
33 56 0
33 51 0
33 12 1
33 9 0
33 55 1
33 73 1
33 64 0
33 64 1
33 1 1
33 1 1
33 1 1
33 1 1
33 1 1
33 1 1
33 1 1
33 1 1
33 1 1
33 1 1
33 1 1
33 2 0
33 59 1
33 13 1
33 13 1
34 10 0
34 1 1
34 1 1
34 2 1
34 2 1
35 1 1
36 57 1
36 19 1
36 19 0
36 34 1
36 34 1
36 18 0
36 10 0
36 43 1
36 8 0
36 11 1
36 11 1
36 15 0
36 21 0
36 118 1
36 65 1
36 2 0
36 2 1
36 2 0
36 2 1
36 2 0
36 2 1
36 2 1
36 55 0
36 22 1
36 64 1
36 64 1
36 64 1
36 64 1
36 64 1
36 64 0
36 64 0
36 64 1
36 64 0
36 64 0
36 1 1
36 1 1
36 1 1
36 1 1
36 1 1
36 1 1
36 1 1
36 1 1
36 1 1
36 1 1
36 1 1
36 1 1
36 1 1
36 1 1
36 1 1
36 1 1
36 1 1
36 1 1
36 1 1
36 1 1
36 1 1
36 1 1
36 1 1
36 1 1
36 1 1
36 1 1
36 1 1
36 1 1
36 1 1
36 1 1
36 1 1
36 1 1
36 1 1
36 1 1
36 1 1
36 1 1
36 1 1
36 1 1
36 79 0
36 14 0
36 14 1
36 13 1
36 13 1
36 13 1
36 13 1
37 10 0
37 10 0
37 10 0
37 10 0
37 69 1
37 20 1
37 20 1
37 105 0
37 8 0
37 22 1
37 22 1
37 22 1
37 22 1
37 22 1
37 22 1
37 22 1
37 22 1
37 72 0
37 2 1
37 2 0
37 2 1
37 2 1
37 2 1
37 13 1
37 13 1
37 13 1
37 13 1
37 13 1
37 13 1
37 55 0
37 55 0
37 55 0
37 44 0
37 64 0
37 64 1
37 64 0
37 41 1
37 36 1
37 12 1
37 12 1
37 12 1
37 12 1
37 12 1
37 12 1
37 12 1
37 12 1
37 12 1
37 12 1
37 12 1
38 10 1
38 22 1
38 2 1
38 2 1
38 2 1
38 2 0
38 2 1
38 55 1
38 55 0
38 24 0
38 64 0
38 64 1
38 64 0
38 1 1
38 1 1
38 1 1
38 1 1
38 1 1
38 1 1
38 1 1
38 1 1
38 1 1
38 1 1
38 1 1
38 1 1
38 1 0
38 1 0
38 1 1
38 1 1
38 1 1
38 1 1
38 1 1
38 1 1
38 1 1
38 1 1
38 1 1
38 1 1
38 1 1
38 1 1
38 1 1
38 1 1
38 1 1
38 1 1
38 1 1
38 1 1
38 1 1
38 8 0
38 12 1
38 12 1
38 36 0
38 13 1
38 13 1
38 13 1
39 10 1
39 10 0
39 10 1
39 10 1
39 19 1
39 25 0
39 25 1
39 21 0
39 22 1
39 22 1
39 22 1
39 65 0
39 65 0
39 2 1
39 2 1
39 2 1
39 13 0
39 13 1
39 13 1
39 55 0
39 55 0
39 55 1
39 55 1
39 64 1
39 64 0
39 64 0
39 1 1
39 1 1
39 1 1
39 1 1
39 1 1
39 1 1
39 1 1
39 1 1
39 1 1
39 1 1
39 1 1
39 1 1
39 1 0
39 1 1
39 1 1
39 1 1
39 1 1
39 1 1
39 1 1
39 1 1
39 1 1
39 1 1
39 1 1
39 1 1
39 1 1
39 1 1
39 1 1
39 32 1
39 12 1
40 19 1
40 34 1
40 34 1
40 2 1
40 2 0
40 2 1
40 2 1
40 2 1
40 20 1
40 15 1
40 22 1
40 22 1
40 22 1
40 22 1
40 22 1
40 22 0
40 22 1
40 53 1
40 35 1
40 13 1
40 13 1
40 13 1
40 13 1
40 13 1
40 13 1
40 13 1
40 13 1
40 13 1
40 13 1
40 55 1
40 64 1
40 64 1
40 64 1
40 64 0
40 64 0
40 1 1
40 36 1
40 12 1
40 12 1
40 12 1
40 12 1
40 12 1
40 12 1
40 12 1
40 12 1
40 12 1
40 12 1
40 12 1
40 12 1
40 12 1
40 12 1
40 12 1
40 12 1
40 12 1
40 12 1
41 10 0
41 10 1
41 10 0
41 10 1
41 56 1
41 20 1
41 105 1
41 64 1
41 64 1
41 23 1
41 34 1
41 34 1
41 21 1
41 21 1
41 51 1
41 58 1
41 2 1
41 2 0
41 2 0
41 2 1
41 2 1
41 2 1
41 2 1
41 2 1
41 55 1
41 55 1
41 65 1
41 12 1
41 12 1
41 12 1
41 12 1
41 12 1
41 12 1
41 12 1
41 12 1
41 12 1
41 12 1
41 1 1
41 1 1
41 1 1
41 1 1
41 1 1
41 1 1
41 1 1
41 1 1
41 1 1
41 1 1
41 1 1
41 1 1
41 1 1
41 1 1
41 1 1
41 1 1
41 1 1
41 1 1
41 1 1
41 1 1
41 1 1
41 1 1
41 1 1
41 1 1
41 1 1
41 1 1
41 1 1
41 1 1
41 1 1
41 32 1
41 13 1
41 13 1
41 13 1
41 13 1
41 13 1
41 13 1
41 13 1
41 13 1
42 10 0
42 10 1
42 34 1
42 34 1
42 1 1
42 1 1
42 1 1
42 1 1
42 1 1
42 1 1
42 1 1
42 1 1
42 1 1
42 1 1
42 1 1
42 1 1
42 1 0
42 1 1
42 1 1
42 1 1
42 1 1
42 1 1
42 1 1
42 1 1
42 1 1
42 1 1
42 1 1
42 9 1
42 93 1
42 22 1
42 2 1
42 2 1
42 2 1
42 2 1
42 55 1
42 55 1
42 55 1
42 64 0
42 64 1
42 64 0
42 64 1
42 45 0
42 12 1
42 12 1
42 12 1
42 12 1
42 13 1
43 10 0
43 10 1
43 10 0
43 19 1
43 19 1
43 59 1
43 49 1
43 106 0
43 43 1
43 6 1
43 8 0
43 82 0
43 81 1
43 22 1
43 22 1
43 22 1
43 22 1
43 22 1
43 72 1
43 72 1
43 2 1
43 2 0
43 2 1
43 2 0
43 2 0
43 2 0
43 2 0
43 2 1
43 2 1
43 2 0
43 13 1
43 13 1
43 13 1
43 13 1
43 13 1
43 13 1
43 55 1
43 55 1
43 55 1
43 55 1
43 64 0
43 64 1
43 64 1
43 64 1
43 64 1
43 1 1
43 1 1
43 1 1
43 1 1
43 1 1
43 1 1
43 1 1
43 1 1
43 1 1
43 1 0
43 1 1
43 1 1
43 1 1
43 1 1
43 1 1
43 1 1
43 1 1
43 1 1
43 1 1
43 1 1
43 1 1
43 1 1
43 1 1
43 1 1
43 1 1
43 1 1
43 1 1
43 1 1
43 1 1
43 1 1
43 1 1
43 1 1
43 1 1
43 1 1
43 1 1
43 1 1
43 1 1
43 1 1
43 1 1
43 75 1
43 36 0
43 36 0
43 12 1
43 12 0
43 12 1
44 10 0
44 10 0
44 10 0
44 10 0
44 57 0
44 34 1
44 26 0
44 8 0
44 56 1
44 21 0
44 22 1
44 22 1
44 65 1
44 65 1
44 72 1
44 72 1
44 2 1
44 2 1
44 2 0
44 2 1
44 2 1
44 2 0
44 13 1
44 13 1
44 55 1
44 44 0
44 7 1
44 7 1
44 64 1
44 64 1
44 64 0
44 1 1
44 1 1
44 1 1
44 1 1
44 1 1
44 1 1
44 1 1
44 1 1
44 1 1
44 1 0
44 1 1
44 1 1
44 1 1
44 1 1
44 1 1
44 1 1
44 1 1
44 1 1
44 1 1
44 1 1
44 1 1
44 1 1
44 1 1
44 1 1
44 1 1
44 1 1
44 1 1
44 1 1
44 1 1
44 1 1
44 1 1
44 1 1
44 1 1
44 1 1
44 1 1
44 1 1
44 1 1
44 1 1
44 1 1
44 1 1
44 1 1
44 1 1
44 36 1
44 36 1
44 12 1
45 19 1
45 20 1
45 20 1
45 11 0
45 23 1
45 23 0
45 21 0
45 22 1
45 22 1
45 51 1
45 58 0
45 12 0
45 12 1
45 55 1
45 55 1
45 92 0
45 92 0
45 64 0
45 64 0
45 64 0
45 1 1
45 1 1
45 1 1
45 1 0
45 1 1
45 1 1
45 1 1
45 1 1
45 1 1
45 1 1
45 1 1
45 1 1
45 1 1
45 75 0
45 2 1
45 2 1
46 19 1
46 19 1
46 19 1
46 56 1
46 20 1
46 26 0
46 21 1
46 11 0
46 59 1
46 81 0
46 119 1
46 22 1
46 65 1
46 88 0
46 2 1
46 2 1
46 2 1
46 2 0
46 2 1
46 2 1
46 2 1
46 2 1
46 2 0
46 2 1
46 55 1
46 55 1
46 64 1
46 64 1
46 64 1
46 64 1
46 64 1
46 64 0
46 1 1
46 1 1
46 1 1
46 1 1
46 1 0
46 1 1
46 1 1
46 1 1
46 1 1
46 1 1
46 1 1
46 1 1
46 1 1
46 1 1
46 1 0
46 1 1
46 1 1
46 1 1
46 1 1
46 1 1
46 1 1
46 1 1
46 1 1
46 1 1
46 1 1
46 1 1
46 1 1
46 1 1
46 1 1
46 1 1
46 1 1
46 1 1
46 1 1
46 1 1
46 1 1
46 1 1
46 1 1
46 1 1
46 1 1
46 12 1
46 13 1
47 10 0
47 10 0
47 14 1
47 45 1
47 2 1
47 2 1
47 2 0
47 2 1
47 2 1
47 55 1
47 64 1
47 64 1
47 64 1
47 1 1
47 1 1
47 1 1
47 1 1
47 1 1
47 1 0
47 1 1
47 1 1
47 1 1
47 1 1
47 1 1
47 1 1
47 12 1
47 120 1
47 25 0
48 19 1
48 59 1
48 3 1
48 43 0
48 55 1
48 55 1
48 55 1
48 25 1
48 81 1
48 119 1
48 58 1
48 2 1
48 2 1
48 2 1
48 2 0
48 2 1
48 13 1
48 40 1
48 7 1
48 7 1
48 64 0
48 64 1
48 1 0
48 1 1
48 1 1
48 1 1
48 1 1
48 1 1
48 1 1
48 1 1
48 1 1
48 1 1
48 1 1
48 1 1
48 1 1
48 1 1
48 1 1
48 1 1
48 1 1
48 1 1
48 1 1
48 1 1
48 1 1
48 1 1
48 1 1
48 1 1
48 1 0
48 1 0
48 1 1
48 1 1
48 1 1
48 1 1
48 1 1
48 1 1
48 1 1
48 1 1
48 1 1
48 1 1
48 1 1
48 1 1
48 1 1
48 1 1
48 1 1
48 12 1
49 64 1
49 64 1
49 64 0
49 1 1
49 12 1
49 2 1
49 2 1
49 15 1
50 21 1
50 21 1
50 104 1
50 12 1
50 2 1
50 2 0
50 2 0
50 2 0
50 2 0
50 2 0
50 2 1
50 2 0
50 55 0
50 55 1
50 55 0
50 55 1
50 60 0
50 64 1
50 64 1
50 64 1
50 64 1
50 64 0
50 1 1
50 1 1
50 1 1
50 1 0
50 1 1
50 1 1
50 1 1
50 1 1
50 1 1
50 1 1
50 1 1
50 1 1
50 1 0
50 1 1
50 1 1
50 1 1
50 1 1
50 1 1
50 1 1
50 1 1
50 1 1
50 1 1
50 1 1
50 1 1
50 1 1
50 1 1
50 1 1
50 1 1
50 1 1
50 1 1
50 1 1
50 1 1
50 1 1
50 1 1
50 1 1
50 1 1
50 1 1
50 1 1
50 1 1
50 1 1
50 1 1
50 1 1
50 1 1
50 1 1
50 1 1
50 1 1
50 1 1
50 1 1
50 1 1
50 1 1
50 8 0
50 23 0
50 13 1
50 13 1
51 114 1
51 1 0
51 1 1
51 1 1
51 106 0
51 2 1
51 2 1
51 2 1
51 2 0
51 25 1
51 25 1
51 25 1
51 21 1
51 21 0
51 22 1
51 22 1
51 22 1
51 22 1
51 22 1
51 22 1
51 22 1
51 22 1
51 22 1
51 12 1
51 12 1
51 12 1
51 12 1
51 12 1
51 20 1
51 24 1
51 32 1
51 13 1
51 13 1
51 13 1
51 13 1
51 13 1
52 81 1
52 22 1
52 2 1
52 2 0
52 20 1
52 1 1
52 1 1
52 1 1
52 1 1
52 1 1
52 1 1
52 1 1
52 1 1
52 1 0
52 1 1
52 1 0
52 13 1
52 13 1
53 10 0
53 10 0
53 10 0
53 10 0
53 10 0
53 19 1
53 19 1
53 19 0
53 19 1
53 19 1
53 75 1
53 20 1
53 8 1
53 8 1
53 8 0
53 8 1
53 11 1
53 11 0
53 11 1
53 34 1
53 34 1
53 34 1
53 21 1
53 22 1
53 22 1
53 22 1
53 22 1
53 22 1
53 22 1
53 22 1
53 22 1
53 58 1
53 79 1
53 1 1
53 1 1
53 1 1
53 1 1
53 1 1
53 1 1
53 1 0
53 1 1
53 1 1
53 1 1
53 1 0
53 1 1
53 1 1
53 5 1
53 32 1
53 114 0
53 77 1
53 6 0
53 121 1
53 25 1
53 81 0
53 107 1
53 107 1
53 2 0
53 2 0
53 2 0
53 2 1
53 13 1
53 13 1
53 13 0
53 13 1
53 13 1
53 13 1
53 13 1
53 13 1
53 55 0
53 55 1
53 55 1
53 55 1
53 55 1
53 59 1
53 64 0
53 64 1
53 64 1
53 64 0
53 115 1
53 14 0
53 14 1
53 14 1
53 12 1
53 12 1
53 12 1
53 12 1
53 12 1
53 12 1
53 12 1
53 12 1
53 12 1
53 12 1
53 12 1
53 12 1
53 12 1
53 12 1
53 12 1
53 12 1
53 12 1
53 12 1
54 21 0
54 64 1
54 1 1
54 1 1
54 1 1
54 1 1
54 1 1
54 1 1
54 1 1
54 1 1
54 1 1
54 1 1
54 1 1
54 1 1
54 1 1
54 8 0
54 2 1
54 2 1
54 2 1
54 2 1
55 54 0
56 21 0
56 12 1
56 12 1
56 13 1
56 64 1
56 64 1
56 64 0
56 1 0
56 1 1
56 1 1
56 1 1
56 1 0
56 1 1
56 1 1
56 1 1
56 1 1
56 15 0
56 2 0
56 2 0
57 10 0
57 10 0
57 10 1
57 10 0
57 10 0
57 69 0
57 56 0
57 8 1
57 8 0
57 11 1
57 123 0
57 21 1
57 21 1
57 22 1
57 22 1
57 22 1
57 22 1
57 22 1
57 22 1
57 51 0
57 72 1
57 13 1
57 13 1
57 13 1
57 13 1
57 13 1
57 1 1
57 1 1
57 1 1
57 1 1
57 1 1
57 1 1
57 1 1
57 1 1
57 1 1
57 1 1
57 1 1
57 1 1
57 1 1
57 1 1
57 1 1
57 1 1
57 1 1
57 1 1
57 1 1
57 1 1
57 1 1
57 1 1
57 1 1
57 1 1
57 1 1
57 1 1
57 1 1
57 75 1
57 32 1
57 59 1
57 45 0
57 122 0
57 93 1
57 25 1
57 81 1
57 88 1
57 2 1
57 2 0
57 2 0
57 2 1
57 2 0
57 2 0
57 2 1
57 2 0
57 2 1
57 2 0
57 55 1
57 55 1
57 64 1
57 64 1
57 52 1
57 52 1
57 12 1
57 12 1
57 12 1
57 12 1
57 12 1
57 12 1
58 19 1
58 19 1
58 19 1
58 19 1
58 19 0
58 19 1
58 59 1
58 2 1
58 2 1
58 2 1
58 2 1
58 55 1
58 64 0
58 1 1
58 1 1
58 1 0
58 1 1
58 1 1
58 1 1
58 1 1
58 1 1
58 1 1
58 75 1
59 2 1
59 2 1
59 2 1
59 55 1
59 55 1
59 55 1
59 55 1
59 64 0
59 64 1
59 64 0
59 1 1
59 1 1
59 1 1
59 1 1
59 1 1
59 1 1
59 1 1
59 1 1
59 1 1
59 1 1
59 84 0
59 13 1
59 13 1
59 13 1
60 1 1
61 10 1
61 19 1
61 19 1
61 19 1
61 106 0
61 26 1
61 26 1
61 55 1
61 55 0
61 55 1
61 55 1
61 25 1
61 21 1
61 21 0
61 2 1
61 2 1
61 2 0
61 2 1
61 40 1
61 64 0
61 64 1
61 64 0
61 1 1
61 1 1
61 1 1
61 1 1
61 1 1
61 1 1
61 1 1
61 1 1
61 1 1
61 1 1
61 1 1
61 1 0
61 1 1
61 1 1
61 1 1
61 1 1
61 1 1
61 1 1
61 1 1
61 1 1
61 1 1
61 1 1
61 1 1
61 1 1
61 1 1
61 1 1
61 1 1
61 1 1
61 1 1
61 1 1
61 1 1
61 1 1
61 1 1
61 1 1
61 1 1
61 1 1
61 1 1
61 1 1
61 14 1
62 19 1
62 19 1
62 21 1
62 22 1
62 22 1
62 51 0
62 58 1
62 79 0
62 79 1
62 103 1
62 117 0
62 117 0
62 64 1
62 64 0
62 64 0
62 36 0
62 114 1
62 1 1
62 1 1
62 1 1
62 1 1
62 1 1
62 1 1
62 1 1
62 1 0
62 1 1
62 1 1
62 1 0
62 1 1
62 1 0
62 1 0
62 1 1
62 1 1
62 1 1
62 1 1
62 1 1
62 1 1
62 1 1
62 1 1
62 1 1
62 1 1
62 1 1
62 1 1
62 1 1
62 1 1
62 1 1
62 1 1
62 1 0
62 1 1
62 1 1
62 1 1
62 1 1
62 1 1
62 1 1
62 25 0
62 25 1
62 25 0
62 81 0
62 53 1
62 2 1
62 2 1
62 2 1
62 2 0
62 55 1
62 55 1
62 55 1
62 62 1
62 72 1
62 12 1
62 12 1
62 12 1
62 12 0
62 14 1
62 14 0
62 35 1
63 57 1
63 18 0
63 26 0
63 84 1
63 84 1
63 84 1
63 21 0
63 21 1
63 21 1
63 22 0
63 22 1
63 22 1
63 72 0
63 2 1
63 2 1
63 2 1
63 2 1
63 2 1
63 2 1
63 2 1
63 2 1
63 13 1
63 13 1
63 13 1
63 13 1
63 13 1
63 13 1
63 13 1
63 13 1
63 55 0
63 55 1
63 44 0
63 64 1
63 1 1
63 1 1
63 1 1
63 1 1
63 1 1
63 1 1
63 1 0
63 1 1
63 1 1
63 1 1
63 1 1
63 1 1
63 1 1
63 1 1
63 1 1
63 1 1
63 1 1
63 1 1
63 1 1
63 1 1
63 1 1
63 1 1
63 1 1
63 1 1
63 36 1
63 12 1
63 12 1
63 12 1
63 12 1
63 12 1
63 12 1
63 12 1
63 12 1
63 12 1
63 12 1
63 12 1
64 10 0
64 22 1
64 2 1
64 2 0
64 2 1
64 1 1
64 1 1
64 1 1
64 1 1
64 1 1
64 1 1
64 1 1
64 1 1
64 1 1
64 1 1
64 1 1
64 1 1
64 1 1
64 1 1
64 1 1
64 1 0
64 1 0
64 1 0
64 1 0
64 1 1
64 15 1
64 25 0
65 10 0
65 19 1
65 19 1
65 2 1
65 2 1
65 20 1
65 9 0
65 69 1
65 76 0
65 64 0
65 64 1
65 25 1
65 22 1
65 79 1
65 13 1
65 24 1
65 24 1
65 36 0
65 1 1
65 1 1
65 1 1
65 1 1
65 1 1
65 1 1
65 1 1
65 1 1
65 1 1
65 1 1
65 1 1
65 1 1
65 1 1
65 1 1
65 1 0
65 1 1
65 32 1
65 14 1
65 12 1
65 12 1
65 12 1
65 12 1
66 2 1
66 2 1
66 2 0
67 10 0
67 56 1
67 106 0
67 8 0
67 59 1
67 21 0
67 65 0
67 2 1
67 2 1
67 2 1
67 2 1
67 2 0
67 2 1
67 2 1
67 2 1
67 13 1
67 55 1
67 55 1
67 64 1
67 64 1
67 64 1
67 64 1
67 64 1
67 64 0
67 1 1
67 1 1
67 1 1
67 1 1
67 1 1
67 1 1
67 1 1
67 1 1
67 1 1
67 1 1
67 1 1
67 1 1
67 1 1
67 1 1
67 1 1
67 1 1
67 1 1
67 1 1
67 1 1
67 1 1
67 1 1
67 1 1
67 1 1
67 1 1
67 1 1
67 1 1
67 1 1
67 1 1
67 1 1
67 1 1
67 1 1
67 1 1
67 1 1
67 1 1
67 1 1
67 1 1
67 1 1
67 1 1
67 1 1
67 1 1
67 1 1
67 1 1
67 1 1
67 1 1
67 1 1
67 1 1
67 1 1
67 1 1
67 1 1
67 1 1
67 1 1
67 1 1
67 1 1
67 1 1
67 12 0
67 12 1
68 19 1
68 2 0
68 2 0
68 2 0
68 2 0
68 2 0
68 9 1
68 8 0
68 93 1
68 93 0
68 93 1
68 93 0
68 93 0
68 93 0
68 93 0
68 93 0
68 93 1
68 23 0
68 88 1
68 124 1
68 55 0
68 55 1
68 7 1
68 64 1
68 64 1
68 64 1
68 64 1
68 64 0
68 1 1
68 1 1
68 1 1
68 1 1
68 1 1
68 1 1
68 1 1
68 1 0
68 1 1
68 1 1
68 1 1
68 1 1
68 1 1
68 1 0
68 1 1
68 1 1
68 1 1
68 1 1
68 1 1
68 1 1
68 1 1
68 1 1
68 1 1
68 1 1
68 1 1
68 1 1
68 1 1
68 1 1
68 1 1
68 1 1
68 1 1
68 1 0
68 1 1
68 1 1
68 1 1
68 1 1
68 1 1
68 1 1
68 1 1
68 1 1
68 1 1
68 1 1
68 1 1
68 1 1
68 1 1
68 14 0
68 13 0
68 13 1
69 57 0
69 19 1
69 34 1
69 20 1
69 43 0
69 6 0
69 59 1
69 25 0
69 14 1
69 22 1
69 22 0
69 2 1
69 2 1
69 2 0
69 2 1
69 2 1
69 55 1
69 55 1
69 92 1
69 64 0
69 64 1
69 64 0
69 1 1
69 1 1
69 1 1
69 1 1
69 1 1
69 1 1
69 1 1
69 1 1
69 1 1
69 1 0
69 1 1
69 1 1
69 1 1
69 1 1
69 1 1
69 1 1
69 12 1
69 12 1
69 12 1
69 12 1
69 12 1
69 12 1
69 79 0
69 13 1
69 13 1
70 19 1
70 19 1
70 19 1
70 19 1
70 10 0
70 10 0
70 59 1
70 77 1
70 28 1
70 15 0
70 25 0
70 25 1
70 44 0
70 21 0
70 22 1
70 54 0
70 72 0
70 2 1
70 2 1
70 2 1
70 2 0
70 2 1
70 55 1
70 55 1
70 55 1
70 55 1
70 74 1
70 65 1
70 64 0
70 64 1
70 1 1
70 1 1
70 1 1
70 1 1
70 1 1
70 1 1
70 1 1
70 1 1
70 1 1
70 1 1
70 1 1
70 1 1
70 1 0
70 1 1
70 1 1
70 1 1
70 1 1
70 1 1
70 1 1
70 1 1
70 1 1
70 1 1
70 1 1
70 1 1
70 1 1
70 1 1
70 1 1
70 1 1
70 1 1
70 1 1
70 1 1
70 1 1
70 1 1
70 1 1
70 32 0
70 82 1
70 12 1
70 12 1
70 12 0
71 1 1
71 1 1
71 1 1
71 1 1
71 1 1
72 2 1
73 19 1
73 125 0
73 125 1
73 125 0
73 22 1
73 53 0
73 12 1
73 12 1
73 12 1
73 12 0
73 12 1
73 12 1
73 12 1
73 13 1
73 20 0
73 1 1
73 1 1
73 1 1
73 34 1
73 34 1
73 34 1
73 14 1
73 2 0
73 2 1
73 2 1
73 2 1
74 125 0
74 125 1
74 125 0
74 1 1
74 1 1
74 14 1
74 14 1
75 1 1
75 1 1
75 1 1
75 1 1
75 1 1
76 125 1
76 125 0
76 125 0
76 1 1
76 1 1
76 1 1
76 1 1
76 1 1
76 36 1
77 1 1
77 1 1
77 1 1
77 1 1
77 1 1
77 1 1
77 2 1
78 125 0
78 125 0
78 29 0
78 29 1
78 126 0
78 114 1
78 8 0
78 56 1
78 25 1
78 23 0
78 22 1
78 12 1
78 12 1
78 12 1
78 13 1
78 13 1
78 55 0
78 55 1
78 55 1
78 44 0
78 1 1
78 1 1
78 1 1
78 1 1
78 1 1
78 1 1
78 1 1
78 1 1
78 1 1
78 1 1
78 1 1
78 1 1
78 1 1
78 1 1
78 1 1
78 1 1
78 1 1
78 1 1
78 1 1
78 2 0
78 2 0
78 2 1
78 2 0
79 1 1
79 1 1
79 1 1
79 1 1
80 22 1
80 22 1
80 2 1
80 2 1
80 13 1
80 13 1
80 1 0
80 1 1
80 1 1
80 1 1
80 1 1
80 34 1
80 20 1
80 20 1
81 125 1
81 125 1
81 115 1
81 2 1
81 2 1
81 127 1
81 1 1
81 1 1
81 1 1
81 1 1
81 1 1
81 1 1
81 1 1
81 1 1
81 1 1
81 14 1
81 14 1
82 57 0
82 10 0
82 10 0
82 34 0
82 20 1
82 20 1
82 20 1
82 9 0
82 29 0
82 39 1
82 22 1
82 22 1
82 2 1
82 2 1
82 2 0
82 1 1
82 1 1
82 1 1
82 1 1
82 1 1
82 5 0
82 36 1
82 12 1
83 125 0
83 125 1
83 125 0
83 56 1
83 1 1
83 1 1
83 1 1
84 125 1
84 125 1
84 29 1
84 56 1
84 56 1
84 2 1
84 2 1
84 2 1
84 2 1
84 20 1
84 20 1
84 26 1
84 55 1
84 129 1
84 128 0
84 22 1
84 22 1
84 72 1
84 12 1
84 12 1
84 40 1
84 1 1
84 1 1
84 1 1
84 1 1
84 1 1
84 1 1
84 1 1
84 1 1
84 1 1
84 1 1
84 1 1
84 1 1
84 1 1
84 1 1
84 1 1
84 14 1
84 13 1
84 13 1
85 10 0
86 19 1
86 29 1
86 34 1
86 12 1
86 13 1
86 13 1
86 130 1
86 1 1
86 1 1
86 1 1
86 1 1
86 1 1
86 1 1
86 1 1
86 22 1
86 2 1
86 2 1
86 2 1
87 10 0
87 29 1
87 34 1
87 80 0
87 20 1
87 131 1
87 22 1
87 56 1
87 56 1
87 56 0
87 12 1
87 13 1
87 13 1
87 13 1
87 1 1
87 1 1
87 1 1
87 1 1
87 1 1
87 1 1
87 1 1
87 1 1
87 1 1
87 1 1
87 1 1
87 1 1
87 125 1
87 125 1
87 2 1
87 2 1
87 2 1
87 2 1
88 19 1
88 19 0
88 19 1
88 129 0
88 101 1
88 12 1
88 12 1
88 13 1
88 13 1
88 1 1
88 1 1
88 1 1
88 1 1
88 1 1
88 1 1
88 1 1
88 1 1
88 1 1
88 1 1
88 1 1
88 1 1
88 2 1
88 2 0
88 2 1
88 2 1
89 10 0
89 72 1
89 2 0
89 2 1
89 36 0
89 36 1
90 10 0
90 10 0
90 14 1
90 45 1
90 2 1
90 2 1
90 2 0
90 2 1
90 2 1
90 55 1
90 64 1
90 64 1
90 64 1
90 1 1
90 1 1
90 1 1
90 1 1
90 1 1
90 1 0
90 1 1
90 1 1
90 1 1
90 1 1
90 1 1
90 1 1
90 12 1
90 120 1
90 25 0
91 125 0
91 125 1
91 125 0
91 125 0
91 128 0
91 56 1
91 10 0
91 48 1
91 28 1
91 132 0
91 22 1
91 22 1
91 12 1
91 55 1
91 1 1
91 1 1
91 1 1
91 14 1
91 14 1
91 13 1
92 1 1
92 1 1
92 1 1
92 1 1
92 2 0
92 2 1
92 2 1
92 14 0
93 2 1
93 2 1
94 26 0
95 22 1
95 22 1
95 2 0
95 2 1
95 2 1
95 2 1
95 40 0
95 1 1
95 1 1
95 1 0
95 1 0
95 1 1
95 1 1
95 1 1
95 1 1
95 1 1
95 8 1
95 13 1
96 69 1
96 34 1
96 34 1
96 2 1
96 2 1
96 2 0
96 2 1
96 20 1
96 20 1
96 129 1
96 133 0
96 37 0
96 22 1
96 22 1
96 22 1
96 72 1
96 12 1
96 1 1
96 1 1
96 1 1
96 1 1
96 1 1
96 1 1
96 1 1
96 1 1
96 1 1
96 1 1
96 1 1
96 1 1
96 1 1
96 1 1
96 13 1
96 13 1
96 13 1
97 1 1
97 1 1
97 1 1
97 1 1
97 12 1
98 29 1
98 22 1
98 12 1
98 44 1
98 1 1
98 1 1
98 1 1
98 1 1
98 1 1
98 1 1
98 1 0
98 1 1
98 1 1
98 1 1
98 2 1
98 2 1
98 2 0
98 2 1
98 2 1
99 1 1
99 1 1
100 10 0
100 10 0
100 69 1
100 56 0
100 56 1
100 20 1
100 29 1
100 8 0
100 22 1
100 12 1
100 12 1
100 13 1
100 13 1
100 13 1
100 13 1
100 13 1
100 44 1
100 1 1
100 1 1
100 1 1
100 1 1
100 1 1
100 1 1
100 1 1
100 1 1
100 1 1
100 1 1
100 1 1
100 1 1
100 1 1
100 63 0
100 125 1
100 2 1
100 2 1
100 2 1
100 2 1
101 1 1
101 1 1
101 1 1
101 1 1
101 75 0
101 40 0
102 10 1
102 10 0
102 10 0
102 10 0
102 125 0
102 125 0
102 34 1
102 20 0
102 105 1
102 134 0
102 8 1
102 8 0
102 126 0
102 135 1
102 15 0
102 128 0
102 23 0
102 129 1
102 131 1
102 72 0
102 12 1
102 13 1
102 7 0
102 1 1
102 1 1
102 1 1
102 1 1
102 1 1
102 1 1
102 1 1
102 1 0
102 1 1
102 1 1
102 1 1
102 1 1
102 1 1
102 1 1
102 1 1
102 1 1
102 1 1
102 1 1
102 56 1
102 2 0
102 2 1
102 2 1
103 7 0
103 1 1
103 1 1
103 1 1
103 1 1
103 1 1
103 1 1
103 1 1
103 1 1
103 2 0
103 2 1
103 2 0
103 36 1
103 92 1
103 92 1
104 10 0
104 19 1
104 34 1
104 34 1
104 2 1
104 2 1
104 16 1
104 20 1
104 136 1
104 134 1
104 125 1
104 126 1
104 128 0
104 14 1
104 129 1
104 129 1
104 72 1
104 12 1
104 55 1
104 55 1
104 92 1
104 1 1
104 1 1
104 1 1
104 1 1
104 1 1
104 56 0
104 13 1
104 13 1
104 13 1
104 13 1
105 125 1
105 1 1
105 1 1
105 72 1
105 14 1
105 14 0
105 36 1
106 19 1
106 72 0
106 2 1
106 2 1
106 9 0
106 7 1
106 1 1
106 1 1
106 1 1
106 1 1
106 12 1
106 20 1
107 19 1
107 125 1
107 125 1
107 125 0
107 125 0
107 22 1
107 22 1
107 2 1
107 2 1
107 2 1
107 2 0
107 105 0
107 55 0
107 55 1
107 20 1
107 1 1
107 1 1
107 1 1
107 1 1
107 1 1
107 1 1
107 1 1
107 1 1
107 1 1
107 1 1
107 1 1
107 1 1
107 1 1
107 1 1
107 1 1
107 12 1
107 12 1
107 56 1
107 13 1
107 13 1
107 13 1
107 13 1
107 13 1
107 13 1
107 13 1
107 13 1
108 1 1
108 1 1
108 1 1
108 1 1
108 1 1
108 1 1
108 1 1
108 1 1
108 1 1
108 1 1
108 1 1
108 1 1
108 1 1
108 1 1
108 1 1
108 1 1
108 1 1
108 1 1
108 1 1
108 1 1
108 1 1
108 2 1
108 2 1
109 10 1
109 10 0
109 17 1
109 20 1
109 2 1
109 2 0
109 2 1
109 16 1
109 16 1
109 4 0
109 4 1
109 4 0
109 9 1
109 3 1
109 6 0
109 6 1
109 11 1
109 19 1
109 8 1
109 8 0
109 15 1
109 18 1
109 12 1
109 12 1
109 12 1
109 7 1
109 7 0
109 7 0
109 1 1
109 1 1
109 1 1
109 1 1
109 1 1
109 1 1
109 1 1
109 1 1
109 1 1
109 1 1
109 1 1
109 1 1
109 1 1
109 1 1
109 1 1
109 1 1
109 1 1
109 1 1
109 1 1
109 1 1
109 1 1
109 1 1
109 1 1
109 1 1
109 1 1
109 1 1
109 1 1
109 1 1
109 1 1
109 1 1
109 1 1
109 1 1
109 1 1
109 1 1
109 1 1
109 5 1
109 14 1
109 14 1
109 14 1
109 13 1
109 13 1
110 10 0
110 10 1
110 21 0
110 21 0
110 22 1
110 22 1
110 2 1
110 2 1
110 2 1
110 24 1
110 20 1
110 20 1
110 1 1
110 1 1
110 1 1
110 1 1
110 1 1
110 1 0
110 1 1
110 1 1
110 1 1
110 1 1
110 1 1
110 1 1
110 1 1
110 1 1
110 1 1
110 1 1
110 1 1
110 1 1
110 1 1
110 1 1
110 1 1
110 1 1
110 1 1
110 1 1
110 1 1
110 1 1
110 1 1
110 1 1
110 1 1
110 1 1
110 1 1
110 1 1
110 1 1
110 1 1
110 1 1
110 1 1
110 1 1
110 1 0
110 1 1
110 1 1
110 23 0
110 25 1
110 25 1
110 13 1
110 13 1
111 19 0
111 29 0
111 20 1
111 2 1
111 2 1
111 2 1
111 2 1
111 2 0
111 2 1
111 2 0
111 4 1
111 27 1
111 26 1
111 8 0
111 28 1
111 25 0
111 25 1
111 21 0
111 21 0
111 12 1
111 30 0
111 1 1
111 1 1
111 1 1
111 1 1
111 1 1
111 1 1
111 1 1
111 1 1
111 1 1
111 1 1
111 1 1
111 1 1
111 1 1
111 1 1
111 1 1
111 1 1
111 1 1
111 1 1
111 1 1
111 1 1
111 1 1
111 1 1
111 1 1
111 1 1
111 1 1
111 1 1
111 1 1
111 1 1
111 1 1
111 1 1
111 1 1
111 1 1
111 1 1
111 1 1
111 1 1
111 1 1
111 1 1
111 1 1
111 1 1
111 1 1
111 1 1
111 1 1
111 1 1
111 1 1
111 1 1
111 1 1
111 1 1
111 1 1
111 1 1
111 1 1
111 1 1
111 14 1
111 14 1
111 13 1
112 34 1
112 34 1
112 34 1
112 2 1
112 20 1
112 20 1
112 20 1
112 31 0
112 31 1
112 28 0
112 33 1
112 21 1
112 21 1
112 22 1
112 22 1
112 12 0
112 12 1
112 35 1
112 1 1
112 1 1
112 1 1
112 1 1
112 1 1
112 1 1
112 1 1
112 1 1
112 1 1
112 1 1
112 1 1
112 1 1
112 1 1
112 1 1
112 1 1
112 1 0
112 1 1
112 1 1
112 1 1
112 1 1
112 1 1
112 1 1
112 1 1
112 1 1
112 1 1
112 32 1
112 14 0
112 13 1
112 13 1
112 13 1
113 10 1
113 10 1
113 49 1
113 46 1
113 3 1
113 3 1
113 23 0
113 48 1
113 48 1
113 48 1
113 8 1
113 39 0
113 21 1
113 21 1
113 22 1
113 22 1
113 22 1
113 22 1
113 22 1
113 22 1
113 51 1
113 13 1
113 40 1
113 42 1
113 1 1
113 1 1
113 1 0
113 1 1
113 1 1
113 1 0
113 1 1
113 1 1
113 1 1
113 1 1
113 1 1
113 1 1
113 1 0
113 1 1
113 1 1
113 1 1
113 1 1
113 1 1
113 1 1
113 1 1
113 1 1
113 1 1
113 1 1
113 1 1
113 1 1
113 1 1
113 1 1
113 1 1
113 1 1
113 1 1
113 1 1
113 1 1
113 32 1
113 32 1
113 41 1
113 34 0
113 34 1
113 34 1
113 38 1
113 9 1
113 9 0
113 9 1
113 26 1
113 26 1
113 26 1
113 43 1
113 43 1
113 6 1
113 6 0
113 52 1
113 37 0
113 25 1
113 47 1
113 53 1
113 2 1
113 2 0
113 2 1
113 44 0
113 44 1
113 44 1
113 44 1
113 36 1
113 36 1
113 36 1
113 36 1
113 45 1
113 45 1
113 45 1
113 50 1
113 12 1
113 12 1
113 12 1
114 19 1
114 19 1
114 19 1
114 10 1
114 34 1
114 54 1
114 8 0
114 22 1
114 22 1
114 2 1
114 2 1
114 55 1
114 24 1
114 1 1
114 1 0
114 1 1
114 1 1
114 1 1
114 1 1
114 1 1
114 1 1
114 1 1
114 1 1
114 1 1
114 1 1
114 1 1
114 1 1
114 1 1
114 1 1
114 1 1
114 1 1
114 1 1
114 1 1
114 1 1
114 1 1
114 1 1
114 1 1
114 1 1
114 1 1
114 1 1
114 1 1
114 12 0
114 13 1
114 13 1
115 10 1
115 34 1
115 2 0
115 2 1
115 2 1
115 2 1
115 2 1
115 2 1
115 2 1
115 20 1
115 11 1
115 28 1
115 28 1
115 23 0
115 25 1
115 25 0
115 22 1
115 22 1
115 22 1
115 51 1
115 13 1
115 13 1
115 13 1
115 13 1
115 13 1
115 13 1
115 13 1
115 55 1
115 55 1
115 44 1
115 1 1
115 1 1
115 1 1
115 1 1
115 1 1
115 1 1
115 1 1
115 1 1
115 1 1
115 1 1
115 1 1
115 1 1
115 1 1
115 1 1
115 1 1
115 1 1
115 1 1
115 1 1
115 1 1
115 1 1
115 1 1
115 1 1
115 1 0
115 56 0
115 12 1
115 12 1
115 12 1
116 19 1
116 19 0
116 10 1
116 10 0
116 10 0
116 10 0
116 10 1
116 10 1
116 20 1
116 20 1
116 31 1
116 15 1
116 33 1
116 33 1
116 21 1
116 21 0
116 21 0
116 22 1
116 22 1
116 22 1
116 22 1
116 22 1
116 22 1
116 58 1
116 13 1
116 13 1
116 13 1
116 13 1
116 13 1
116 13 1
116 7 1
116 7 1
116 1 1
116 1 1
116 1 1
116 1 1
116 1 1
116 1 1
116 1 1
116 1 0
116 1 1
116 1 0
116 1 1
116 1 1
116 1 1
116 1 1
116 1 1
116 1 1
116 1 1
116 1 1
116 1 1
116 1 1
116 1 1
116 1 1
116 1 1
116 1 1
116 1 1
116 1 1
116 1 1
116 1 1
116 1 1
116 1 1
116 1 1
116 1 1
116 1 1
116 32 0
116 36 0
116 36 1
116 24 1
116 57 0
116 57 1
116 34 1
116 34 1
116 34 1
116 34 1
116 38 1
116 26 1
116 23 0
116 23 1
116 25 0
116 25 1
116 25 0
116 2 0
116 2 0
116 2 1
116 2 1
116 2 1
116 2 0
116 2 1
116 55 1
116 55 1
116 59 1
116 45 0
116 45 0
116 14 1
116 14 1
116 14 1
116 12 1
116 12 1
116 12 1
116 12 1
116 12 1
117 10 0
117 19 0
117 20 1
117 20 1
117 1 1
117 1 1
117 1 1
117 1 1
117 1 1
117 1 1
117 1 1
117 1 0
117 1 1
117 1 1
117 1 1
117 1 1
117 1 1
117 1 1
117 1 1
117 1 1
117 1 1
117 1 1
117 1 1
117 1 1
117 1 1
117 1 1
117 1 1
117 1 1
117 1 1
117 1 1
117 1 1
117 1 1
117 1 1
117 1 1
117 1 1
117 1 1
117 1 1
117 1 1
117 31 0
117 26 1
117 60 0
117 11 0
117 22 1
117 2 1
117 2 1
117 2 1
117 2 1
117 2 1
117 2 0
117 2 1
117 2 0
117 2 0
117 2 1
117 2 1
117 2 0
117 2 1
117 2 0
117 2 1
117 2 1
117 2 1
117 13 1
117 13 1
117 55 0
117 38 0
117 38 1
117 32 0
117 14 1
117 14 1
117 14 1
117 12 1
117 12 1
118 10 1
118 10 0
118 19 1
118 34 1
118 34 1
118 34 1
118 21 1
118 20 1
118 20 1
118 20 1
118 9 1
118 3 1
118 8 1
118 15 1
118 15 0
118 32 0
118 32 1
118 14 1
118 22 1
118 22 1
118 22 1
118 22 1
118 22 1
118 22 1
118 22 1
118 2 0
118 2 0
118 2 1
118 2 0
118 2 1
118 2 0
118 2 0
118 2 1
118 55 0
118 55 1
118 55 1
118 59 1
118 7 1
118 1 1
118 1 1
118 1 1
118 1 1
118 1 1
118 1 1
118 1 1
118 1 1
118 1 1
118 1 1
118 1 1
118 1 1
118 1 1
118 1 1
118 1 1
118 1 1
118 1 1
118 1 1
118 1 1
118 1 1
118 1 1
118 1 1
118 1 1
118 1 1
118 1 1
118 1 1
118 1 1
118 1 1
118 1 1
118 1 1
118 1 1
118 1 1
118 1 0
118 1 1
118 1 1
118 5 1
118 12 1
118 12 1
118 12 1
118 36 0
118 13 1
118 13 1
118 13 1
118 13 1
119 19 1
119 61 0
119 15 0
119 59 1
119 59 1
119 21 0
119 22 1
119 22 1
119 22 1
119 22 1
119 13 1
119 1 1
119 1 1
119 1 1
119 1 1
119 1 1
119 1 1
119 1 1
119 1 1
119 1 1
119 1 1
119 1 1
119 1 1
119 1 1
119 1 1
119 1 1
119 1 1
119 1 1
119 1 1
119 1 1
119 1 1
119 1 1
119 1 1
119 1 1
119 1 1
119 1 1
119 32 0
119 32 1
119 57 1
119 63 0
119 34 1
119 34 1
119 34 1
119 38 1
119 38 1
119 9 0
119 26 0
119 25 1
119 25 0
119 2 1
119 2 1
119 2 0
119 2 1
119 2 1
119 2 1
119 2 1
119 55 1
119 44 0
119 62 1
119 64 0
119 45 1
119 14 0
119 14 0
119 12 1
119 12 1
120 19 1
120 34 1
120 65 1
120 2 1
120 2 1
120 44 1
120 45 0
120 45 1
120 1 1
120 1 1
120 1 1
120 1 1
120 1 1
120 1 1
120 1 1
120 1 1
120 1 1
120 1 1
120 1 1
120 1 1
120 1 1
120 1 1
120 1 1
120 1 1
120 1 1
120 1 1
120 1 1
120 1 1
120 22 1
120 12 1
120 20 1
120 20 1
120 20 1
120 13 1
120 13 1
120 13 1
120 13 1
121 10 0
121 10 1
121 10 0
121 10 1
121 19 1
121 70 1
121 20 1
121 16 1
121 8 1
121 8 0
121 8 1
121 28 1
121 21 0
121 21 1
121 69 0
121 68 1
121 13 1
121 7 1
121 1 1
121 1 1
121 1 1
121 1 1
121 1 1
121 1 1
121 1 1
121 1 1
121 1 1
121 1 1
121 1 1
121 1 0
121 1 1
121 1 1
121 1 1
121 1 1
121 1 1
121 1 1
121 1 1
121 1 1
121 1 1
121 1 1
121 1 1
121 1 1
121 1 1
121 1 1
121 1 1
121 1 1
121 1 1
121 1 1
121 1 1
121 1 1
121 1 1
121 1 1
121 1 1
121 1 1
121 1 1
121 1 1
121 1 1
121 1 1
121 1 1
121 1 1
121 1 1
121 1 1
121 1 1
121 1 1
121 1 1
121 1 1
121 1 1
121 1 1
121 1 1
121 1 1
121 1 1
121 1 1
121 5 1
121 63 1
121 45 0
121 66 0
121 9 0
121 9 1
121 71 0
121 67 1
121 2 1
121 2 1
121 2 1
121 2 1
121 2 1
121 2 1
121 2 1
121 2 1
121 55 1
121 55 1
121 55 1
121 44 0
121 64 0
121 64 0
121 38 1
121 12 1
121 12 1
122 34 1
122 54 0
122 26 1
122 31 0
122 3 1
122 15 1
122 22 1
122 22 1
122 65 1
122 13 1
122 13 1
122 13 1
122 13 1
122 13 1
122 1 1
122 1 1
122 1 1
122 1 0
122 1 1
122 1 1
122 1 1
122 1 1
122 1 1
122 1 1
122 1 1
122 1 1
122 1 1
122 1 1
122 1 1
122 1 1
122 1 1
122 1 1
122 1 1
122 1 1
122 1 1
122 12 1
122 12 1
122 12 1
122 12 0
122 36 1
122 2 1
122 2 1
123 19 1
123 19 1
123 10 0
123 10 1
123 2 0
123 2 1
123 2 1
123 2 1
123 2 1
123 2 1
123 2 1
123 2 1
123 2 1
123 2 1
123 2 1
123 2 1
123 2 1
123 8 0
123 8 1
123 59 1
123 21 1
123 21 0
123 58 0
123 13 1
123 13 1
123 13 1
123 7 0
123 7 1
123 35 1
123 1 0
123 1 1
123 1 1
123 1 1
123 1 1
123 1 1
123 1 1
123 1 1
123 1 1
123 1 1
123 1 1
123 1 1
123 1 1
123 1 1
123 1 1
123 1 1
123 1 1
123 1 1
123 1 1
123 1 1
123 1 1
123 1 1
123 1 1
123 1 1
123 1 1
123 1 1
123 1 0
123 1 1
123 1 1
123 1 1
123 1 1
123 1 1
123 1 1
123 1 0
123 1 1
123 1 1
123 1 1
123 1 1
123 1 1
123 1 1
123 5 1
123 36 0
123 36 1
123 24 1
123 57 0
123 57 0
123 57 1
123 57 0
123 34 1
123 54 1
123 26 0
123 26 1
123 6 1
123 25 1
123 12 1
123 12 0
123 12 1
123 12 1
123 12 1
123 12 1
123 12 1
123 55 0
123 55 1
123 72 1
123 72 1
123 38 0
123 14 0
123 14 1
123 47 0
124 19 0
124 21 1
124 2 1
124 2 1
124 2 1
124 2 1
124 9 1
124 9 0
124 11 1
124 1 1
124 1 1
124 1 1
124 1 1
124 1 1
124 1 1
124 1 1
124 1 1
124 1 1
124 1 1
124 1 1
124 1 1
124 1 1
124 1 1
124 1 1
124 1 1
124 1 1
124 1 1
124 1 1
124 1 1
124 1 1
124 1 1
124 1 1
124 1 1
124 1 1
124 1 1
124 1 1
124 1 1
124 1 1
124 1 1
124 1 1
124 1 1
124 1 1
124 1 1
124 1 1
124 1 1
124 1 1
124 1 1
124 5 1
124 37 0
124 14 1
124 14 1
124 23 0
125 19 1
125 19 1
125 19 1
125 49 0
125 20 1
125 73 1
125 28 1
125 28 1
125 55 0
125 55 1
125 55 1
125 55 1
125 8 0
125 8 0
125 15 0
125 15 0
125 21 1
125 21 1
125 22 1
125 22 1
125 74 1
125 1 1
125 1 1
125 1 1
125 1 1
125 1 1
125 1 0
125 1 1
125 1 1
125 1 1
125 1 0
125 1 1
125 1 1
125 1 1
125 1 1
125 1 1
125 1 1
125 1 1
125 1 0
125 1 0
125 1 1
125 1 1
125 1 1
125 1 1
125 1 1
125 1 1
125 1 1
125 1 1
125 1 1
125 1 1
125 1 1
125 1 1
125 1 1
125 1 1
125 1 1
125 1 1
125 75 1
125 32 1
125 32 0
125 32 1
125 32 1
125 36 1
125 36 0
125 24 0
125 34 1
125 26 1
125 26 1
125 43 0
125 43 0
125 23 1
125 23 1
125 2 1
125 2 0
125 2 0
125 2 1
125 2 1
125 76 0
125 44 1
125 45 1
125 14 0
125 47 0
125 47 1
125 47 1
126 19 1
126 10 0
126 65 1
126 21 1
126 21 1
126 2 1
126 3 1
126 1 1
126 1 1
126 1 1
126 1 1
126 1 1
126 1 1
126 1 1
126 1 1
126 1 1
126 1 1
126 1 1
126 1 1
126 1 1
126 1 1
126 1 1
126 1 1
126 1 1
126 1 1
126 1 1
126 1 1
126 1 1
126 1 1
126 1 1
126 1 1
126 1 1
126 1 1
126 1 1
126 1 1
126 1 1
126 1 1
126 1 1
126 1 1
126 1 1
126 1 1
126 1 1
126 1 1
126 1 1
126 1 1
126 1 1
126 63 1
126 14 1
127 19 1
127 19 0
127 19 1
127 19 1
127 69 1
127 9 1
127 8 0
127 11 1
127 15 1
127 25 0
127 21 0
127 51 1
127 12 1
127 12 1
127 2 0
127 2 1
127 2 1
127 2 1
127 2 1
127 2 0
127 55 0
127 55 1
127 55 1
127 44 1
127 7 1
127 1 1
127 1 1
127 1 1
127 1 1
127 1 1
127 1 1
127 1 1
127 1 1
127 1 1
127 1 1
127 1 1
127 1 1
127 1 1
127 1 1
127 1 1
127 1 1
127 1 1
127 1 1
127 1 1
127 1 1
127 1 1
127 1 1
127 1 1
127 1 1
127 1 1
127 1 1
127 1 1
127 1 1
127 1 1
127 1 1
127 1 1
127 1 1
127 1 1
127 1 1
127 1 1
127 1 1
127 1 1
127 1 1
127 1 1
127 1 1
127 1 1
127 1 1
127 1 1
127 32 1
127 32 1
127 14 1
127 14 1
127 14 1
127 14 1
127 14 1
127 14 1
127 13 1
128 10 0
128 22 1
128 54 0
128 2 1
128 2 1
128 1 1
128 1 1
128 1 1
128 1 1
128 1 1
128 1 1
128 1 1
128 1 0
128 1 1
128 1 1
128 1 1
128 1 1
128 1 1
128 1 1
128 1 1
128 1 1
128 1 1
128 1 1
128 1 1
128 1 1
128 1 1
128 1 1
128 1 1
128 1 1
128 1 1
128 1 1
128 1 1
128 15 1
129 1 1
129 1 1
129 1 1
129 1 1
129 1 1
129 1 1
129 1 1
129 1 1
129 13 1
129 13 1
130 10 0
130 10 1
130 10 0
130 19 1
130 19 0
130 19 1
130 20 0
130 20 1
130 49 1
130 14 1
130 14 1
130 26 1
130 26 1
130 3 1
130 3 1
130 57 1
130 8 0
130 15 0
130 25 1
130 21 1
130 21 1
130 58 0
130 12 1
130 13 1
130 74 1
130 45 1
130 1 1
130 1 1
130 1 1
130 1 1
130 1 1
130 1 1
130 1 1
130 1 1
130 1 1
130 1 1
130 1 1
130 1 0
130 1 1
130 1 1
130 1 1
130 1 1
130 1 1
130 1 1
130 1 1
130 1 1
130 1 1
130 1 1
130 1 1
130 1 1
130 1 1
130 1 1
130 1 1
130 1 1
130 1 1
130 1 1
130 1 1
130 1 1
130 1 1
130 1 1
130 1 1
130 1 1
130 1 1
130 1 1
130 1 1
130 1 1
130 36 1
130 36 1
130 2 1
130 2 1
130 2 1
131 10 0
131 78 1
131 49 1
131 16 0
131 14 0
131 8 1
131 8 1
131 15 1
131 15 0
131 21 1
131 22 1
131 18 0
131 18 1
131 2 1
131 2 1
131 44 0
131 1 1
131 1 1
131 1 1
131 1 1
131 1 1
131 1 1
131 1 1
131 1 0
131 1 1
131 1 1
131 1 1
131 1 1
131 1 1
131 1 1
131 1 1
131 1 1
131 1 0
131 1 1
131 1 1
131 1 1
131 1 1
131 1 1
131 1 1
131 1 1
131 1 1
131 1 1
131 1 1
131 1 1
131 1 1
131 1 1
131 1 1
131 1 1
131 1 1
131 45 1
131 32 0
131 77 1
131 13 1
131 13 1
131 13 1
132 57 1
132 19 0
132 19 0
132 19 1
132 19 1
132 19 1
132 17 1
132 16 1
132 20 1
132 20 1
132 26 0
132 3 1
132 3 1
132 8 0
132 8 0
132 25 0
132 22 1
132 51 0
132 51 1
132 72 1
132 72 0
132 14 0
132 14 0
132 14 1
132 14 1
132 14 1
132 14 1
132 1 1
132 1 0
132 1 1
132 1 1
132 1 1
132 1 1
132 1 1
132 1 1
132 1 1
132 1 1
132 1 1
132 1 1
132 1 1
132 1 1
132 1 1
132 1 1
132 1 1
132 1 0
132 1 1
132 1 1
132 1 1
132 1 0
132 1 0
132 1 1
132 1 1
132 1 1
132 1 1
132 1 1
132 1 1
132 1 1
132 1 1
132 1 1
132 1 1
132 1 1
132 1 1
132 79 1
132 32 1
132 36 1
132 36 1
132 36 1
132 2 1
132 2 1
132 2 1
132 2 1
133 10 1
133 10 0
133 69 0
133 80 1
133 31 1
133 3 1
133 8 1
133 15 0
133 83 1
133 21 1
133 21 1
133 21 0
133 22 1
133 51 0
133 13 1
133 7 0
133 1 1
133 1 1
133 1 1
133 1 1
133 1 1
133 1 1
133 1 1
133 1 1
133 1 1
133 1 1
133 1 1
133 1 1
133 1 1
133 1 1
133 1 1
133 1 1
133 1 1
133 1 1
133 1 1
133 1 1
133 1 1
133 1 1
133 1 1
133 1 1
133 1 1
133 1 1
133 1 1
133 1 1
133 1 1
133 1 1
133 1 1
133 1 1
133 1 1
133 1 1
133 1 1
133 1 1
133 1 1
133 1 1
133 1 1
133 1 1
133 1 1
133 1 1
133 1 1
133 1 1
133 1 1
133 1 1
133 1 1
133 1 0
133 36 1
133 59 0
133 45 1
133 45 0
133 54 1
133 81 1
133 81 1
133 12 1
133 12 1
133 44 0
133 64 0
133 64 0
133 38 1
133 82 0
133 2 1
133 2 1
133 2 1
133 2 0
133 2 0
133 2 1
133 2 1
133 2 1
133 2 1
133 2 0
133 2 0
134 10 1
134 69 1
134 45 0
134 86 1
134 9 0
134 6 1
134 85 1
134 84 1
134 2 1
134 2 1
134 22 1
134 22 0
134 19 1
134 19 1
134 58 0
134 13 1
134 36 1
134 1 1
134 1 1
134 1 1
134 1 1
134 1 1
134 1 1
134 1 1
134 1 0
134 1 1
134 1 1
134 1 1
134 1 1
134 1 1
134 1 1
134 1 1
134 1 1
134 1 1
134 1 1
134 1 1
134 1 1
134 1 1
134 1 1
134 1 1
134 1 1
134 1 1
134 1 1
134 1 1
134 1 1
134 1 1
134 1 1
134 1 1
134 1 1
134 1 1
134 1 1
134 1 1
134 5 0
134 14 0
134 12 1
135 10 0
135 10 0
135 19 1
135 19 1
135 20 1
135 20 1
135 20 1
135 84 1
135 8 0
135 15 0
135 21 0
135 22 1
135 22 1
135 22 1
135 22 1
135 22 1
135 22 1
135 68 0
135 13 1
135 13 1
135 13 1
135 13 1
135 13 1
135 7 1
135 1 1
135 1 1
135 1 1
135 1 1
135 1 1
135 1 1
135 1 1
135 1 1
135 1 0
135 1 1
135 1 1
135 1 1
135 1 1
135 1 1
135 1 1
135 1 1
135 1 1
135 1 1
135 1 1
135 1 1
135 1 1
135 32 1
135 32 0
135 36 1
135 57 0
135 34 1
135 34 1
135 34 0
135 38 1
135 26 1
135 26 1
135 9 1
135 9 1
135 6 0
135 6 0
135 23 1
135 23 0
135 25 0
135 25 0
135 2 0
135 2 1
135 2 0
135 2 1
135 2 1
135 2 1
135 2 1
135 55 0
135 55 1
135 55 1
135 44 0
135 64 0
135 45 0
135 45 0
135 12 1
135 12 1
135 12 1
136 10 0
136 19 1
136 1 0
136 1 1
136 1 1
136 1 1
136 1 1
136 1 1
136 1 0
136 1 1
136 1 1
136 1 1
136 1 1
136 1 1
136 1 1
136 1 1
136 1 1
136 1 1
136 1 1
136 1 1
136 1 1
136 1 1
136 1 1
136 1 1
136 1 1
136 1 1
136 1 1
136 1 1
136 1 1
136 1 1
136 1 1
136 1 1
136 1 1
136 1 1
136 1 1
136 1 1
136 1 1
136 16 1
136 20 1
136 20 0
136 43 1
136 15 1
136 25 0
136 21 1
136 22 1
136 18 1
136 2 1
136 2 1
136 2 1
136 2 1
136 44 1
136 38 1
136 12 1
136 14 1
136 13 0
136 13 0
137 10 1
137 10 0
137 10 1
137 19 1
137 19 1
137 19 1
137 19 1
137 49 1
137 84 1
137 21 0
137 21 1
137 22 1
137 72 1
137 13 1
137 40 1
137 7 0
137 1 1
137 1 1
137 1 0
137 1 1
137 1 1
137 1 1
137 1 0
137 1 1
137 1 1
137 1 1
137 1 1
137 1 1
137 1 1
137 1 1
137 1 1
137 1 1
137 1 1
137 1 1
137 1 1
137 1 1
137 1 1
137 1 1
137 1 1
137 1 1
137 1 1
137 1 1
137 1 1
137 1 1
137 1 1
137 75 1
137 75 1
137 75 1
137 36 0
137 36 1
137 57 1
137 57 1
137 63 1
137 41 1
137 41 1
137 6 1
137 37 1
137 25 1
137 2 0
137 2 0
137 2 1
137 2 1
137 2 0
137 2 1
137 2 1
137 2 1
137 2 1
137 2 1
137 55 1
137 55 1
137 55 1
137 55 1
137 55 1
137 12 1
137 12 1
137 14 1
137 14 1
137 14 1
137 14 1
137 47 1
138 19 1
138 19 1
138 19 1
138 69 1
138 10 0
138 76 0
138 87 1
138 84 1
138 15 1
138 88 0
138 72 0
138 72 0
138 13 1
138 40 0
138 1 1
138 1 1
138 1 1
138 1 1
138 1 1
138 1 1
138 1 1
138 1 1
138 1 1
138 1 1
138 1 1
138 1 1
138 1 1
138 1 1
138 1 1
138 1 1
138 1 1
138 1 1
138 1 1
138 1 1
138 1 1
138 1 1
138 1 1
138 1 1
138 1 1
138 1 1
138 1 1
138 1 1
138 1 1
138 1 1
138 1 1
138 1 1
138 1 1
138 1 1
138 1 1
138 1 1
138 1 1
138 1 1
138 1 1
138 1 1
138 1 1
138 1 1
138 1 1
138 1 1
138 34 1
138 16 0
138 25 0
138 89 0
138 2 1
138 2 1
138 2 1
138 2 1
138 2 0
138 2 1
138 2 1
138 2 1
138 2 1
138 2 1
138 2 1
138 55 0
138 55 1
138 44 1
138 64 0
138 38 1
138 14 1
138 12 1
139 57 1
139 19 1
139 19 1
139 20 0
139 90 0
139 9 0
139 9 0
139 31 1
139 6 1
139 15 1
139 15 0
139 2 1
139 2 1
139 13 1
139 13 1
139 13 1
139 40 1
139 1 1
139 1 1
139 1 1
139 1 1
139 1 1
139 1 1
139 1 1
139 1 1
139 1 1
139 1 1
139 1 1
139 1 0
139 1 1
139 1 1
139 1 1
139 1 1
139 1 1
139 1 1
139 1 1
139 1 1
139 1 1
139 1 1
139 14 0
139 14 1
139 12 1
140 10 0
140 10 0
140 10 1
140 10 0
140 34 1
140 45 0
140 4 1
140 47 1
140 60 1
140 20 1
140 20 1
140 28 1
140 15 1
140 21 0
140 18 1
140 72 0
140 72 1
140 72 0
140 72 1
140 2 0
140 2 1
140 2 0
140 2 1
140 13 1
140 13 1
140 13 1
140 44 0
140 92 0
140 91 1
140 1 1
140 1 1
140 1 1
140 1 1
140 1 1
140 1 1
140 1 1
140 1 0
140 1 1
140 1 1
140 1 1
140 1 1
140 1 1
140 1 1
140 1 1
140 1 1
140 1 1
140 1 1
140 1 1
140 1 1
140 1 1
140 1 1
140 1 1
140 1 1
140 1 1
140 1 1
140 1 1
140 1 1
140 1 1
140 1 1
140 1 1
140 1 1
140 1 1
140 1 1
140 1 0
140 32 0
140 32 0
140 14 0
140 12 1
141 10 0
141 10 1
141 10 1
141 10 0
141 57 0
141 38 0
141 4 1
141 26 0
141 48 0
141 93 0
141 23 0
141 21 0
141 22 0
141 49 0
141 72 1
141 2 1
141 2 1
141 2 1
141 40 0
141 7 0
141 1 1
141 1 1
141 1 1
141 1 1
141 1 1
141 1 1
141 1 1
141 1 1
141 1 1
141 1 1
141 1 1
141 1 1
141 1 1
141 1 1
141 1 1
141 1 1
141 1 1
141 1 1
141 1 1
141 5 1
141 32 0
141 36 1
141 14 1
141 14 0
142 21 0
142 34 1
142 34 1
142 1 1
142 1 1
142 1 1
142 1 1
142 1 1
142 1 1
142 1 1
142 1 1
142 1 0
142 1 1
142 1 1
142 1 1
142 1 1
142 1 1
142 1 1
142 1 1
142 1 1
142 1 1
142 1 1
142 2 1
142 2 1
142 25 0
142 22 1
142 22 1
142 45 0
142 32 1
142 14 1
142 20 1
142 20 1
142 20 1
143 19 1
143 19 0
143 34 0
143 34 1
143 34 1
143 20 1
143 20 1
143 20 1
143 11 0
143 11 1
143 21 1
143 21 1
143 22 1
143 22 1
143 22 1
143 12 1
143 12 1
143 2 1
143 2 1
143 1 1
143 1 1
143 1 1
143 1 1
143 1 1
143 1 1
143 1 1
143 1 1
143 1 1
143 1 1
143 1 0
143 1 1
143 1 1
143 1 1
143 1 1
143 1 0
143 1 1
143 1 1
143 1 1
143 1 1
143 1 1
143 1 1
143 1 1
143 1 1
143 1 1
143 1 1
143 1 1
143 1 1
143 1 1
143 1 1
143 1 1
143 1 1
143 1 1
143 1 1
143 1 1
143 1 1
143 1 1
143 1 1
143 5 1
143 32 1
143 14 1
143 13 1
144 10 0
144 10 1
144 19 1
144 19 1
144 19 1
144 49 0
144 49 0
144 49 1
144 70 1
144 3 1
144 48 0
144 48 1
144 8 1
144 15 1
144 25 1
144 21 0
144 51 0
144 72 0
144 72 0
144 13 1
144 42 0
144 1 1
144 1 1
144 1 1
144 1 1
144 1 1
144 1 1
144 1 1
144 1 1
144 1 0
144 1 1
144 1 1
144 1 1
144 1 1
144 1 1
144 1 1
144 1 1
144 1 1
144 1 1
144 1 1
144 1 1
144 1 1
144 1 1
144 1 1
144 1 1
144 1 1
144 1 1
144 1 1
144 1 1
144 32 1
144 24 1
144 26 1
144 43 1
144 6 0
144 95 1
144 94 0
144 71 1
144 2 0
144 47 0
145 21 0
145 54 0
145 2 1
145 2 1
145 2 1
145 2 1
145 2 1
145 2 0
145 44 0
145 44 1
145 51 0
145 1 1
145 1 1
145 1 1
145 1 1
145 1 1
145 1 1
145 1 0
145 1 1
145 1 1
145 1 1
145 1 1
145 1 1
145 1 1
145 1 1
145 1 1
145 1 1
145 1 1
145 1 1
145 1 1
145 1 1
145 1 1
145 1 1
145 1 1
145 1 1
145 1 1
145 1 1
145 1 1
145 1 1
145 1 1
145 1 1
145 1 1
145 1 1
145 1 1
145 1 1
145 1 1
145 1 1
145 1 1
145 1 1
145 1 1
145 1 1
145 1 1
145 1 1
145 1 1
145 8 1
145 15 1
145 15 0
145 12 1
146 19 1
146 19 1
146 56 1
146 20 1
146 3 1
146 11 1
146 8 1
146 8 1
146 15 0
146 21 0
146 72 0
146 13 1
146 7 1
146 7 1
146 7 1
146 1 1
146 1 1
146 1 1
146 1 1
146 1 1
146 1 1
146 1 1
146 1 1
146 1 1
146 1 1
146 1 0
146 1 1
146 1 1
146 1 1
146 1 0
146 1 1
146 1 1
146 1 1
146 1 1
146 1 1
146 1 1
146 1 1
146 1 1
146 1 1
146 1 1
146 1 1
146 1 1
146 1 1
146 1 1
146 1 1
146 1 1
146 1 1
146 1 1
146 1 1
146 1 1
146 1 1
146 1 1
146 1 1
146 1 1
146 1 1
146 1 1
146 1 1
146 1 1
146 1 1
146 1 1
146 1 1
146 75 1
146 32 1
146 32 0
146 36 1
146 24 1
146 97 0
146 6 0
146 94 1
146 96 1
146 2 0
146 2 0
146 2 0
146 2 0
146 2 0
146 2 0
146 2 0
146 2 0
146 2 1
146 2 1
146 2 1
146 55 1
146 44 1
146 45 0
146 45 1
146 45 1
146 14 1
146 12 1
147 19 1
147 19 1
147 10 1
147 34 0
147 26 1
147 8 0
147 11 1
147 15 0
147 15 0
147 25 1
147 21 1
147 21 1
147 22 1
147 22 1
147 12 1
147 12 1
147 2 1
147 2 1
147 2 1
147 2 1
147 2 1
147 2 1
147 55 0
147 44 1
147 64 0
147 1 1
147 1 1
147 1 1
147 1 1
147 1 1
147 1 1
147 1 1
147 1 1
147 1 1
147 1 1
147 1 1
147 1 1
147 1 1
147 1 1
147 1 1
147 1 1
147 1 1
147 1 1
147 1 1
147 1 1
147 1 1
147 1 1
147 1 1
147 1 1
147 1 0
147 1 1
147 1 1
147 1 1
147 1 1
147 1 1
147 1 1
147 1 1
147 1 1
147 1 1
147 1 1
147 1 1
147 1 1
147 1 1
147 1 1
147 1 1
147 1 0
147 1 1
147 1 1
147 32 1
147 32 1
147 13 1
147 13 1
148 10 0
148 19 0
148 19 1
148 20 1
148 20 1
148 20 1
148 54 1
148 16 1
148 26 1
148 9 1
148 6 1
148 8 0
148 8 0
148 11 1
148 2 0
148 2 1
148 2 1
148 21 0
148 22 1
148 49 1
148 12 0
148 55 1
148 24 1
148 1 1
148 1 1
148 1 0
148 1 1
148 1 1
148 1 1
148 1 1
148 1 1
148 1 1
148 1 1
148 1 1
148 1 1
148 1 1
148 1 1
148 1 1
148 1 1
148 1 1
148 1 1
148 1 1
148 1 1
148 1 1
148 1 1
148 1 1
148 1 1
148 1 1
148 1 1
148 1 1
148 1 1
148 1 1
148 1 0
148 1 1
148 1 1
148 1 1
148 32 0
148 45 0
149 34 1
149 34 1
149 34 1
149 1 1
149 1 1
149 1 1
149 1 1
149 1 1
149 1 1
149 1 1
149 1 1
149 1 1
149 1 1
149 1 1
149 1 1
149 1 1
149 1 1
149 1 1
149 1 1
149 1 1
149 1 1
149 1 1
149 1 1
149 1 1
149 1 1
149 1 1
149 1 1
149 1 1
149 1 1
149 1 1
149 1 1
149 1 1
149 1 1
149 1 1
149 1 1
149 1 1
149 1 1
149 1 1
149 16 1
149 20 1
149 9 1
149 2 1
149 2 1
149 15 1
149 21 0
149 21 0
149 22 1
149 22 1
149 12 1
149 38 1
149 14 1
149 13 1
150 10 1
150 10 1
150 19 1
150 19 1
150 70 1
150 20 1
150 84 1
150 15 0
150 21 0
150 21 1
150 51 1
150 58 1
150 42 1
150 1 1
150 1 1
150 1 1
150 1 1
150 1 1
150 1 1
150 1 1
150 1 1
150 1 0
150 1 1
150 1 1
150 1 1
150 1 1
150 1 1
150 1 1
150 1 1
150 1 1
150 1 1
150 1 1
150 1 1
150 1 1
150 1 1
150 1 1
150 1 1
150 1 1
150 1 1
150 1 1
150 1 1
150 1 1
150 1 1
150 1 1
150 1 1
150 1 1
150 1 1
150 1 1
150 1 1
150 1 1
150 1 1
150 1 1
150 1 1
150 1 1
150 1 1
150 1 1
150 1 1
150 1 1
150 41 1
150 41 1
150 32 1
150 36 1
150 36 1
150 18 1
150 26 1
150 60 1
150 25 1
150 25 1
150 25 1
150 98 1
150 2 1
150 2 1
150 2 1
150 44 1
150 72 1
150 45 1
150 14 1
150 14 1
151 10 0
151 86 1
151 34 0
151 18 1
151 16 1
151 20 1
151 20 1
151 9 1
151 9 0
151 11 0
151 11 1
151 15 1
151 93 1
151 21 1
151 22 1
151 22 1
151 72 1
151 2 0
151 2 1
151 2 1
151 2 1
151 2 0
151 40 0
151 44 1
151 44 1
151 1 1
151 1 1
151 1 1
151 1 1
151 1 1
151 1 1
151 1 1
151 1 1
151 1 1
151 1 1
151 1 1
151 1 1
151 1 1
151 1 1
151 1 1
151 1 1
151 1 1
151 1 1
151 1 1
151 1 1
151 1 1
151 1 1
151 1 1
151 1 1
151 1 1
151 1 1
151 1 1
151 1 1
151 12 1
151 12 1
151 36 1
151 36 1
151 13 1
151 13 1
151 13 1
151 13 1
152 57 0
152 63 0
152 1 1
152 1 1
152 1 1
152 1 1
152 1 1
152 1 1
152 1 1
152 1 1
152 1 1
152 1 1
152 1 1
152 1 1
152 1 1
152 1 1
152 1 1
152 1 1
152 1 1
152 1 1
152 1 1
152 1 1
152 1 1
152 1 1
152 1 1
152 1 1
152 1 1
152 1 1
152 1 1
152 1 1
152 1 1
152 1 1
152 1 1
152 1 1
152 1 1
152 1 1
152 1 1
152 1 1
152 1 1
152 1 1
152 1 1
152 1 1
152 1 1
152 16 1
152 30 1
152 26 1
152 18 1
152 18 1
152 19 1
152 2 1
152 15 1
152 15 0
152 25 0
152 25 0
152 25 1
152 25 1
152 21 0
152 21 1
152 67 1
152 58 1
152 58 1
152 12 1
152 7 1
152 45 1
152 32 0
152 36 0
152 36 1
152 36 1
152 47 1
153 6 1
153 22 1
153 22 1
153 1 1
153 1 1
153 1 1
153 1 1
153 1 1
153 1 1
153 1 1
153 1 1
153 1 1
153 1 1
153 1 1
153 1 1
153 1 1
153 1 1
153 1 1
153 1 1
153 1 1
153 1 1
153 1 1
153 1 1
153 1 1
153 1 1
153 1 1
153 1 1
153 1 1
153 1 1
153 1 1
153 2 1
153 2 1
153 2 1
153 13 1
153 13 1
154 19 1
154 19 0
154 10 0
154 20 1
154 20 1
154 1 1
154 1 1
154 1 1
154 1 1
154 1 1
154 1 1
154 1 1
154 1 1
154 1 0
154 1 1
154 1 1
154 1 1
154 1 1
154 1 1
154 1 1
154 1 1
154 1 1
154 1 1
154 1 1
154 1 1
154 1 1
154 1 1
154 1 1
154 1 1
154 1 1
154 1 1
154 4 1
154 93 1
154 25 1
154 23 0
154 67 0
154 54 1
154 72 0
154 2 1
154 2 0
154 44 0
154 92 1
154 36 1
154 38 1
154 14 1
154 14 1
154 14 1
154 47 1
155 10 1
155 19 1
155 49 0
155 70 1
155 20 1
155 20 1
155 31 1
155 48 1
155 48 1
155 15 0
155 83 1
155 21 0
155 51 1
155 40 0
155 7 1
155 1 1
155 1 1
155 1 1
155 1 1
155 1 1
155 1 1
155 1 1
155 1 1
155 1 0
155 1 1
155 1 1
155 1 1
155 1 1
155 1 1
155 1 1
155 1 1
155 1 1
155 1 1
155 1 1
155 1 1
155 1 1
155 1 1
155 1 1
155 1 1
155 1 1
155 1 1
155 1 1
155 1 1
155 1 1
155 1 1
155 1 1
155 1 1
155 1 1
155 1 1
155 1 1
155 1 1
155 1 1
155 32 0
155 32 1
155 18 1
155 18 1
155 18 1
155 26 1
155 9 1
155 6 0
155 6 1
155 94 1
155 94 1
155 2 1
155 2 1
155 42 1
156 10 0
156 16 1
156 20 1
156 43 1
156 8 0
156 15 0
156 94 1
156 14 0
156 22 1
156 2 1
156 2 1
156 2 1
156 2 1
156 1 1
156 1 1
156 1 1
156 1 1
156 1 1
156 1 1
156 1 1
156 1 1
156 1 1
156 1 1
156 1 1
156 1 1
156 1 1
156 1 1
156 1 1
156 1 1
156 1 1
156 1 1
156 1 0
156 1 1
156 1 1
156 1 1
156 1 1
156 1 1
156 1 1
156 1 1
156 1 1
156 1 1
156 1 1
156 1 1
156 1 1
156 1 1
156 1 1
156 1 1
156 12 1
156 12 1
156 90 1
156 13 1
156 13 1
157 10 1
157 19 1
157 20 1
157 2 1
157 2 0
157 2 1
157 4 0
157 76 1
157 11 0
157 11 0
157 15 1
157 94 1
157 21 0
157 21 0
157 25 1
157 1 1
157 1 1
157 1 1
157 1 1
157 1 1
157 1 1
157 1 1
157 1 1
157 1 1
157 1 1
157 1 1
157 1 1
157 1 1
157 1 1
157 1 1
157 1 1
157 1 1
157 1 1
157 1 1
157 1 1
157 1 1
157 1 1
157 1 1
157 1 1
157 1 1
157 1 1
157 1 1
157 1 1
157 14 1
157 14 1
157 14 1
157 24 1
158 10 0
158 10 1
158 10 1
158 10 1
158 19 1
158 59 1
158 59 1
158 38 0
158 9 0
158 6 1
158 65 0
158 21 0
158 54 1
158 72 1
158 2 1
158 2 1
158 2 1
158 2 1
158 2 0
158 2 1
158 55 1
158 55 1
158 55 1
158 44 1
158 44 0
158 7 0
158 1 1
158 1 1
158 1 1
158 1 1
158 1 1
158 1 1
158 1 1
158 1 1
158 1 1
158 1 1
158 1 1
158 1 0
158 1 1
158 1 1
158 1 1
158 1 1
158 1 1
158 1 1
158 1 1
158 1 1
158 1 1
158 1 1
158 1 1
158 1 1
158 1 1
158 1 1
158 1 1
158 1 1
158 1 1
158 1 1
158 1 1
158 1 1
158 1 1
158 1 1
158 1 1
158 1 1
158 1 1
158 1 1
158 1 1
158 1 1
158 1 1
158 1 1
158 1 1
158 1 1
158 1 1
158 14 1
158 14 1
158 14 1
158 13 1
158 13 1
159 22 1
159 54 1
159 12 1
159 12 1
159 12 1
159 20 1
159 20 1
159 65 1
159 1 1
159 1 1
159 1 1
159 1 1
159 1 1
159 1 1
159 1 1
159 1 1
159 1 1
159 1 1
159 1 0
159 1 1
159 1 1
159 1 0
159 1 0
159 1 1
159 1 1
159 1 1
159 1 1
159 1 1
159 1 1
159 1 1
159 1 0
159 1 1
159 1 1
159 1 1
159 1 1
159 38 1
159 2 1
159 2 1
159 2 0
159 15 0
159 14 1
159 13 1
159 13 1
159 13 1
160 19 1
160 19 1
160 34 0
160 34 1
160 1 1
160 1 1
160 1 1
160 1 1
160 1 1
160 1 0
160 1 0
160 1 1
160 1 1
160 1 1
160 1 1
160 1 1
160 1 1
160 1 1
160 1 1
160 1 1
160 1 1
160 1 1
160 1 1
160 1 1
160 1 1
160 1 1
160 1 1
160 1 1
160 1 1
160 1 1
160 20 1
160 20 1
160 20 1
160 15 0
160 15 0
160 22 1
160 22 1
160 22 1
160 22 1
160 22 1
160 12 1
160 12 1
160 2 1
160 2 1
160 2 0
160 2 1
160 2 1
160 55 1
160 55 1
160 55 1
160 59 1
160 59 1
160 7 1
160 64 0
160 45 0
160 32 1
160 32 1
160 14 0
160 13 1
160 13 1
160 13 1
160 13 1
160 13 1
160 13 1
161 99 1
161 54 0
161 16 1
161 59 1
161 21 1
161 21 1
161 2 1
161 2 1
161 2 1
161 2 1
161 2 1
161 13 1
161 13 1
161 7 0
161 7 0
161 64 0
161 1 1
161 1 1
161 1 1
161 1 1
161 1 1
161 1 1
161 1 1
161 1 1
161 1 1
161 1 1
161 1 1
161 1 1
161 1 1
161 1 1
161 1 1
161 1 1
161 1 1
161 1 1
161 1 1
161 1 1
161 1 1
161 1 1
161 1 1
161 1 1
161 1 0
161 1 1
161 1 1
161 32 1
161 12 1
162 19 1
162 19 1
162 19 1
162 19 1
162 10 1
162 20 1
162 45 1
162 16 1
162 14 1
162 14 1
162 14 1
162 9 1
162 47 1
162 57 1
162 48 0
162 48 1
162 25 1
162 21 0
162 22 1
162 12 1
162 2 1
162 2 1
162 2 1
162 2 1
162 44 1
162 1 1
162 1 1
162 1 1
162 1 1
162 1 1
162 1 1
162 1 1
162 1 1
162 1 1
162 1 1
162 1 1
162 1 1
162 1 1
162 1 1
162 1 1
162 1 1
162 1 1
162 1 1
162 1 1
162 1 1
162 1 1
162 1 1
162 1 1
162 1 1
162 1 1
162 1 1
162 1 1
162 1 1
162 1 1
162 1 1
162 32 1
162 32 1
162 36 1
162 13 1
162 13 1
162 13 1
163 19 1
163 69 0
163 34 1
163 34 1
163 54 0
163 20 1
163 20 1
163 6 1
163 11 0
163 2 1
163 2 1
163 25 0
163 25 1
163 15 1
163 21 0
163 22 1
163 22 1
163 22 1
163 22 1
163 22 1
163 72 1
163 12 1
163 12 1
163 100 1
163 36 0
163 1 1
163 1 1
163 1 1
163 1 1
163 1 1
163 1 1
163 1 1
163 1 1
163 1 1
163 1 0
163 1 1
163 1 1
163 1 1
163 1 1
163 1 1
163 1 1
163 1 1
163 1 1
163 1 1
163 1 1
163 1 1
163 32 0
163 14 1
163 13 1
163 13 1
163 13 1
163 13 1
163 13 1
163 13 1
163 13 1
163 13 1
164 19 1
164 19 1
164 19 1
164 19 1
164 19 1
164 10 0
164 10 1
164 101 0
164 90 1
164 26 0
164 9 1
164 6 0
164 8 0
164 8 0
164 48 1
164 11 1
164 25 0
164 25 1
164 25 1
164 21 0
164 22 0
164 22 1
164 72 0
164 72 0
164 2 1
164 2 1
164 2 1
164 2 1
164 2 0
164 2 0
164 2 1
164 2 0
164 2 1
164 44 0
164 92 1
164 1 1
164 1 1
164 1 1
164 1 1
164 1 1
164 1 1
164 1 1
164 1 1
164 1 1
164 1 1
164 1 0
164 1 1
164 1 1
164 1 1
164 1 1
164 1 1
164 1 1
164 1 0
164 1 1
164 1 1
164 1 1
164 1 1
164 1 1
164 1 1
164 1 1
164 1 1
164 1 1
164 1 1
164 1 1
164 1 1
164 1 1
164 1 1
164 1 1
164 1 1
164 1 1
164 1 1
164 1 1
164 1 0
164 1 1
164 1 1
164 1 1
164 1 1
164 1 0
164 1 1
164 1 1
164 1 1
164 1 1
164 1 1
164 1 1
164 1 1
164 1 1
164 1 1
164 1 1
164 1 1
164 75 1
164 14 0
164 14 1
164 13 1
164 13 1
164 13 1
165 34 0
165 1 1
165 1 1
165 1 1
165 1 1
165 1 1
165 1 1
165 1 1
165 1 1
165 1 1
165 1 1
165 1 1
165 1 1
165 1 1
165 1 1
165 1 1
165 1 1
165 1 1
165 1 1
165 1 1
165 1 1
165 1 1
165 1 1
165 1 1
165 1 1
165 1 1
165 1 1
165 52 1
165 6 0
165 20 1
165 20 0
165 25 1
165 21 1
165 21 1
165 22 1
165 22 1
165 54 0
165 12 1
165 12 1
165 2 0
165 2 1
165 44 0
165 45 1
165 32 1
165 13 1
165 13 1
165 13 1
165 13 1
166 19 1
166 10 0
166 10 0
166 34 0
166 34 1
166 20 1
166 20 1
166 20 1
166 8 1
166 93 1
166 25 1
166 15 0
166 15 0
166 22 1
166 22 1
166 22 1
166 22 1
166 22 1
166 2 0
166 2 1
166 2 0
166 2 1
166 1 1
166 1 1
166 1 1
166 1 1
166 1 1
166 1 1
166 1 1
166 1 1
166 1 1
166 1 1
166 1 1
166 1 1
166 1 1
166 1 1
166 1 1
166 1 1
166 1 1
166 1 1
166 1 0
166 1 1
166 1 1
166 1 0
166 1 1
166 1 1
166 1 1
166 1 1
166 1 1
166 1 1
166 1 1
166 1 1
166 1 1
166 14 1
166 14 0
166 14 0
167 19 1
167 21 1
167 21 0
167 2 1
167 2 1
167 2 1
167 1 1
167 1 1
167 1 1
167 1 1
167 1 1
167 1 1
167 1 1
167 1 1
167 1 1
167 1 1
167 1 1
167 1 1
167 1 1
167 1 1
167 1 1
167 1 1
167 1 0
167 1 1
167 1 1
167 1 1
167 1 1
167 1 1
167 1 1
167 1 1
167 1 1
167 1 1
167 1 1
167 1 1
167 1 1
167 1 1
167 1 1
167 1 1
167 1 1
167 1 1
167 1 1
167 1 1
167 1 1
167 1 1
167 1 1
167 1 1
167 1 1
167 1 1
167 1 1
167 1 1
167 1 1
167 1 1
167 1 1
167 32 1
167 94 0
