1 10 0
1 10 0
1 10 0
1 10 1
1 10 0
1 10 1
1 19 1
1 19 1
1 19 1
1 2 0
1 2 1
1 2 1
1 2 1
1 2 0
1 2 1
1 14 1
1 14 1
1 9 0
1 8 1
1 93 1
1 25 0
1 25 1
1 37 1
1 21 0
1 21 0
1 22 1
1 22 1
1 51 1
1 72 0
1 12 1
1 12 1
1 12 1
1 12 1
1 12 1
1 12 1
1 12 1
1 12 0
1 12 1
1 12 1
1 12 1
1 12 1
1 12 1
1 102 1
1 55 1
1 55 1
1 64 1
1 64 0
1 64 0
1 1 1
1 1 1
1 1 1
1 1 1
1 1 1
1 1 1
1 1 1
1 1 1
1 1 1
1 1 1
1 1 1
1 1 1
1 1 1
1 1 1
1 1 1
1 1 1
1 1 1
1 1 1
1 1 1
1 1 1
1 82 1
1 13 1
1 13 1
2 10 0
2 10 0
2 10 0
2 10 0
2 57 1
2 56 1
2 14 1
2 14 1
2 14 1
2 9 1
2 9 1
2 43 1
2 43 1
2 55 1
2 19 1
2 19 1
2 19 1
2 25 0
2 81 1
2 21 0
2 21 0
2 58 1
2 58 1
2 2 1
2 2 1
2 2 1
2 2 1
2 2 1
2 2 1
2 40 1
2 72 0
2 72 0
2 72 0
2 72 1
2 64 1
2 64 0
2 64 0
2 1 1
2 1 1
2 1 1
2 1 1
2 1 1
2 1 1
2 1 1
2 1 1
2 1 1
2 1 1
2 1 1
2 1 0
2 1 1
2 1 1
2 1 1
2 1 1
2 1 0
2 1 1
2 1 1
2 1 1
2 1 1
2 1 1
2 1 1
2 1 1
2 1 1
2 1 1
2 1 1
2 1 1
2 1 1
2 1 1
2 36 1
2 13 1
3 10 1
3 19 1
3 19 1
3 19 1
3 19 1
3 34 1
3 104 0
3 105 1
3 9 0
3 8 1
3 8 0
3 21 0
3 22 1
3 65 0
3 2 1
3 2 1
3 2 1
3 2 1
3 102 1
3 55 1
3 55 0
3 55 1
3 103 1
3 64 1
3 64 1
3 64 0
3 1 1
3 1 1
3 1 1
3 1 1
3 1 1
3 1 1
3 1 1
3 1 1
3 1 1
3 1 1
3 1 1
3 1 1
3 1 1
3 1 1
3 1 0
3 1 1
3 1 1
3 1 1
3 1 1
3 1 1
3 1 1
3 1 1
3 1 1
3 1 1
3 1 1
3 1 1
3 1 1
3 1 1
3 1 1
3 1 1
3 1 1
3 1 1
3 1 1
3 1 1
3 1 1
3 1 1
3 1 1
3 1 1
3 1 1
3 1 1
3 1 1
3 1 1
3 1 1
3 1 1
3 32 1
3 36 1
3 13 1
3 13 1
4 19 1
4 102 0
4 22 1
4 22 1
4 22 1
4 22 1
4 2 1
4 2 1
4 2 1
4 2 0
4 13 1
4 13 1
4 13 1
4 13 1
4 55 1
4 55 0
4 55 0
4 64 1
4 64 0
4 1 1
4 1 1
4 1 1
4 1 1
4 1 1
4 1 1
4 1 1
4 1 1
4 1 1
4 1 1
4 8 0
4 12 1
4 12 1
4 12 1
4 12 1
4 12 1
4 12 1
4 12 1
4 12 1
4 12 1
4 12 1
4 12 1
4 12 1
4 12 1
4 12 1
4 12 1
4 12 1
4 12 0
5 10 1
5 10 1
5 19 1
5 56 0
5 43 1
5 84 1
5 8 1
5 59 1
5 25 0
5 21 0
5 22 1
5 22 1
5 58 1
5 2 1
5 2 1
5 2 0
5 2 1
5 55 0
5 55 1
5 72 1
5 64 1
5 64 0
5 64 1
5 1 1
5 1 0
5 1 1
5 1 1
5 1 1
5 1 1
5 1 1
5 1 1
5 1 1
5 1 1
5 1 1
5 1 1
5 1 1
5 1 1
5 1 1
5 1 1
5 1 0
5 1 0
5 1 1
5 1 1
5 1 1
5 1 0
5 1 1
5 1 1
5 1 1
5 1 1
5 1 1
5 1 1
5 1 1
5 1 1
5 1 1
5 1 1
5 1 1
5 1 1
5 1 1
5 1 1
5 1 1
5 1 1
5 1 1
5 1 1
5 75 1
5 12 1
5 12 0
5 12 1
5 12 1
5 13 1
5 13 1
6 10 1
6 34 1
6 34 1
6 16 1
6 106 0
6 26 1
6 8 0
6 28 1
6 15 0
6 25 0
6 22 1
6 22 1
6 22 1
6 22 1
6 22 1
6 22 1
6 2 1
6 2 0
6 2 1
6 64 0
6 64 1
6 1 1
6 1 1
6 1 1
6 1 1
6 1 1
6 1 1
6 75 1
6 12 1
6 12 0
6 12 1
6 12 1
6 12 1
6 12 1
6 12 1
6 12 1
6 12 1
6 12 1
6 12 1
6 56 0
6 13 1
6 13 1
6 13 1
6 13 1
6 13 1
7 10 1
7 107 0
7 8 1
7 23 0
7 25 1
7 25 0
7 21 0
7 22 1
7 2 1
7 2 1
7 2 0
7 2 1
7 64 1
7 64 0
7 64 0
7 1 1
7 1 1
7 1 1
7 1 0
7 1 1
7 1 1
7 1 1
7 1 1
7 1 1
7 1 1
7 1 1
7 1 1
7 1 1
7 1 1
7 1 1
7 1 1
7 1 1
7 1 1
7 1 1
7 1 1
7 1 1
7 1 1
7 1 1
7 1 1
7 1 1
7 1 1
7 1 1
7 1 1
7 1 1
7 1 1
7 1 1
7 36 0
7 12 1
8 19 1
8 19 1
8 19 1
8 19 1
8 19 1
8 19 1
8 19 1
8 19 1
8 19 1
8 19 1
8 10 0
8 10 0
8 56 1
8 28 1
8 21 1
8 21 0
8 21 0
8 22 1
8 22 1
8 88 1
8 72 1
8 13 1
8 13 1
8 13 1
8 92 1
8 1 1
8 1 1
8 1 1
8 1 1
8 1 0
8 1 1
8 1 1
8 1 1
8 1 1
8 1 1
8 1 1
8 1 0
8 1 1
8 1 1
8 1 1
8 1 1
8 1 1
8 1 1
8 1 1
8 1 1
8 1 1
8 1 1
8 1 1
8 1 1
8 1 1
8 1 1
8 1 1
8 1 1
8 1 1
8 1 0
8 1 1
8 1 1
8 1 1
8 1 1
8 75 1
8 75 1
8 57 1
8 57 1
8 57 1
8 43 1
8 43 0
8 6 0
8 25 0
8 2 1
8 2 1
8 2 1
8 2 1
8 2 0
8 2 0
8 2 0
8 2 0
8 2 0
8 55 1
8 55 1
8 55 1
8 55 1
8 64 1
8 64 1
8 64 1
8 64 1
8 64 1
8 64 0
8 45 0
8 14 1
8 14 1
8 14 1
8 14 1
8 14 1
8 14 1
8 14 1
8 12 0
9 1 1
9 1 1
9 1 1
9 1 1
9 35 1
9 25 0
10 10 1
10 56 1
10 1 1
10 1 1
10 1 1
10 1 1
10 1 1
10 1 1
10 1 1
10 1 0
10 1 1
10 1 1
10 1 1
10 1 1
10 1 1
10 1 1
10 1 1
10 1 1
10 1 1
10 1 1
10 1 1
10 1 1
10 1 1
10 1 1
10 1 1
10 1 1
10 1 1
10 1 1
10 1 1
10 1 1
10 1 1
10 1 1
10 1 1
10 1 1
10 1 1
10 1 1
10 1 1
10 1 1
10 1 1
10 1 1
10 8 1
10 23 1
10 22 1
10 22 1
10 72 1
10 12 1
10 12 1
10 12 1
10 12 1
10 12 1
10 2 1
10 2 1
10 2 1
10 55 1
10 64 1
10 64 0
10 64 0
10 101 1
10 13 1
11 10 1
11 16 1
11 59 1
11 1 1
11 1 1
11 1 1
11 1 1
11 1 1
11 1 1
11 1 1
11 1 1
11 1 0
11 1 1
11 1 1
11 1 1
11 1 1
11 1 1
11 1 1
11 1 1
11 1 1
11 1 1
11 1 1
11 1 1
11 1 1
11 1 1
11 1 1
11 1 1
11 1 1
11 1 1
11 1 1
11 1 1
11 1 1
11 1 1
11 1 1
11 1 1
11 1 1
11 1 1
11 1 1
11 1 1
11 1 1
11 108 1
11 23 1
11 25 1
11 25 1
11 21 0
11 21 1
11 2 1
11 2 1
11 2 1
11 2 1
11 2 1
11 2 1
11 2 1
11 55 1
11 7 0
11 64 1
11 64 1
11 64 0
11 64 0
11 45 1
11 12 1
11 12 1
11 12 1
11 12 1
11 13 1
11 13 1
12 10 0
12 10 0
12 19 1
12 19 1
12 59 0
12 60 0
12 25 0
12 25 0
12 22 1
12 2 1
12 2 1
12 2 1
12 2 1
12 2 1
12 2 1
12 2 0
12 55 1
12 55 0
12 55 1
12 55 1
12 55 1
12 55 1
12 55 1
12 55 1
12 7 1
12 64 1
12 64 1
12 64 1
12 64 1
12 1 1
12 1 0
12 1 1
12 1 1
12 1 1
12 1 1
12 1 1
12 1 1
12 1 1
12 1 1
12 1 1
12 1 1
12 1 1
12 1 1
12 1 1
12 1 1
12 1 1
12 1 1
12 1 1
12 1 1
12 1 1
12 1 1
12 1 1
12 1 1
12 1 1
12 1 1
12 1 1
12 1 1
12 1 1
12 1 1
12 1 1
12 1 1
12 1 1
12 1 1
12 1 1
12 1 1
12 1 1
12 1 1
12 1 1
12 1 1
12 1 1
12 1 1
12 1 1
12 75 1
12 12 1
12 12 1
12 79 1
12 13 1
12 13 1
12 13 1
13 23 0
14 19 0
14 2 1
14 2 1
14 2 1
14 2 1
14 26 1
14 55 0
14 8 0
14 84 0
14 64 1
14 64 1
14 1 1
14 1 1
14 1 1
14 1 0
14 1 1
14 1 1
14 1 1
14 1 1
14 1 1
14 1 1
14 1 1
14 1 1
14 1 1
14 1 1
14 1 1
14 1 1
14 11 0
14 15 0
14 12 0
15 10 0
15 10 0
15 19 1
15 34 1
15 34 1
15 53 0
15 8 0
15 8 0
15 22 1
15 22 1
15 22 1
15 22 1
15 22 1
15 22 1
15 22 1
15 51 0
15 58 1
15 2 1
15 2 1
15 2 0
15 2 1
15 2 1
15 2 0
15 2 1
15 2 0
15 2 1
15 2 1
15 2 1
15 2 0
15 55 1
15 55 1
15 55 1
15 42 1
15 64 0
15 64 1
15 64 1
15 64 1
15 64 0
15 64 0
15 64 0
15 1 1
15 1 1
15 1 1
15 1 1
15 1 1
15 1 1
15 1 1
15 1 1
15 1 1
15 1 1
15 1 1
15 1 1
15 12 1
15 12 1
15 12 1
15 12 1
15 12 1
15 12 1
15 12 1
15 12 1
15 12 1
15 12 0
15 12 1
15 12 1
15 12 1
15 12 1
15 36 1
15 13 1
15 13 1
15 13 1
15 13 1
15 13 1
15 13 1
15 13 1
16 10 1
16 22 1
16 22 1
16 22 1
16 2 0
16 2 1
16 72 1
16 13 1
16 26 1
16 64 0
16 64 1
16 64 0
16 1 1
16 1 0
16 1 1
16 1 1
16 1 1
16 1 1
16 1 1
16 1 1
16 1 1
16 1 1
16 1 1
16 1 1
16 8 0
16 12 1
16 12 1
16 12 1
17 8 0
17 11 1
17 23 0
17 21 1
17 22 1
17 22 1
17 22 1
17 22 1
17 51 0
17 13 1
17 13 1
17 13 1
17 13 1
17 13 1
17 7 1
17 1 1
17 1 1
17 1 1
17 1 1
17 1 1
17 1 1
17 1 1
17 1 0
17 1 1
17 1 1
17 1 1
17 1 1
17 1 0
17 1 1
17 1 1
17 1 1
17 1 1
17 1 1
17 1 1
17 1 1
17 1 1
17 1 1
17 1 1
17 1 1
17 32 1
17 36 1
17 36 0
17 36 0
17 59 1
17 54 1
17 54 1
17 9 0
17 9 0
17 105 0
17 93 1
17 25 0
17 109 0
17 2 0
17 2 1
17 2 0
17 2 0
17 55 1
17 55 1
17 64 1
17 82 1
17 12 1
17 12 1
17 12 1
17 12 1
17 12 1
17 12 1
17 12 1
18 19 0
18 19 1
18 19 1
18 19 1
18 10 1
18 10 0
18 56 1
18 8 1
18 37 0
18 22 1
18 22 0
18 22 1
18 88 0
18 58 0
18 58 0
18 13 1
18 13 1
18 13 1
18 13 1
18 13 1
18 13 1
18 13 1
18 65 1
18 1 1
18 1 1
18 1 1
18 1 1
18 1 1
18 1 1
18 1 1
18 1 1
18 1 1
18 1 1
18 1 1
18 1 1
18 1 1
18 1 1
18 1 1
18 1 1
18 1 1
18 1 1
18 1 1
18 1 1
18 32 1
18 59 1
18 16 0
18 43 1
18 23 1
18 23 0
18 25 1
18 111 1
18 14 1
18 67 1
18 2 1
18 2 0
18 2 1
18 2 1
18 2 1
18 2 1
18 2 1
18 2 1
18 110 0
18 55 0
18 55 0
18 64 1
18 64 0
18 82 0
18 12 1
18 12 1
18 12 1
18 12 1
18 12 1
18 12 1
18 12 0
18 12 1
19 10 1
19 10 1
19 10 0
19 19 1
19 19 1
19 56 1
19 20 1
19 20 1
19 84 1
19 34 1
19 34 1
19 21 1
19 21 1
19 22 1
19 22 1
19 22 1
19 22 1
19 22 1
19 13 1
19 13 1
19 13 1
19 13 1
19 13 1
19 13 1
19 13 1
19 13 1
19 40 0
19 1 1
19 1 1
19 1 1
19 1 1
19 1 1
19 1 1
19 1 1
19 1 1
19 1 1
19 1 1
19 1 1
19 1 1
19 1 1
19 36 1
19 24 1
19 114 1
19 9 1
19 26 0
19 26 1
19 112 1
19 112 1
19 113 0
19 2 1
19 2 0
19 2 1
19 2 1
19 2 1
19 55 1
19 59 1
19 64 0
19 64 1
19 64 0
19 12 1
19 12 1
19 12 1
19 12 1
19 12 1
19 12 1
19 12 1
19 12 1
19 12 1
19 12 1
19 12 1
19 12 1
20 10 0
20 54 1
20 20 1
20 11 1
20 21 1
20 22 1
20 22 1
20 72 1
20 2 1
20 2 0
20 2 1
20 2 1
20 2 1
20 2 1
20 2 1
20 2 0
20 13 1
20 13 1
20 13 1
20 13 1
20 13 1
20 55 1
20 64 1
20 64 1
20 1 1
20 1 1
20 1 1
20 1 1
20 1 1
20 1 1
20 1 1
20 1 1
20 1 1
20 1 1
20 1 1
20 1 1
20 1 0
20 1 1
20 1 1
20 1 1
20 1 1
20 1 1
20 1 1
20 1 1
20 1 1
20 1 1
20 1 1
20 1 1
20 1 1
20 1 1
20 1 1
20 1 1
20 1 1
20 1 1
20 1 1
20 1 1
20 1 1
20 1 1
20 1 1
20 1 1
20 1 1
20 32 1
20 12 1
21 10 0
21 10 1
21 10 0
21 10 1
21 19 0
21 19 1
21 19 1
21 56 1
21 8 0
21 11 0
21 21 0
21 21 0
21 21 1
21 22 1
21 22 1
21 22 1
21 22 1
21 22 1
21 79 1
21 1 1
21 1 1
21 1 1
21 1 1
21 1 0
21 1 1
21 1 1
21 1 1
21 1 1
21 1 1
21 1 1
21 1 1
21 75 1
21 36 1
21 36 1
21 114 1
21 16 1
21 6 1
21 2 1
21 2 1
21 2 1
21 2 1
21 2 1
21 2 1
21 2 0
21 2 1
21 13 0
21 13 1
21 13 1
21 13 1
21 13 1
21 13 1
21 13 1
21 13 1
21 13 1
21 55 0
21 55 0
21 55 1
21 55 1
21 64 0
21 64 1
21 115 1
21 116 0
21 14 0
21 14 1
21 14 1
21 12 1
21 12 1
21 12 1
21 12 1
21 12 1
21 12 1
21 12 1
21 12 1
21 12 1
21 12 1
21 12 1
21 12 1
22 10 0
22 19 1
22 19 1
22 19 1
22 19 1
22 19 1
22 43 1
22 11 1
22 25 1
22 22 1
22 65 1
22 12 1
22 12 1
22 12 0
22 12 1
22 12 1
22 2 1
22 2 1
22 2 1
22 2 0
22 2 1
22 2 0
22 2 0
22 64 1
22 64 1
22 64 1
22 64 1
22 64 0
22 1 1
22 1 1
22 1 1
22 1 1
22 1 1
22 1 1
22 1 1
22 1 1
22 1 0
22 1 1
22 1 1
22 1 1
22 1 1
22 1 1
22 1 1
22 1 1
22 1 1
22 1 1
22 1 1
22 1 1
22 1 1
22 1 1
22 75 1
22 32 1
22 13 1
22 13 1
22 13 1
22 13 1
22 13 1
22 13 1
22 13 1
22 13 1
23 21 0
23 22 1
23 22 1
23 2 1
23 2 1
23 55 1
23 23 0
23 64 0
23 1 1
23 1 1
23 1 1
23 1 1
23 1 1
23 1 1
23 1 1
23 1 1
23 1 1
23 1 1
23 1 1
23 1 0
23 1 1
23 1 1
23 1 1
23 1 1
23 1 1
23 1 1
23 1 1
23 1 1
23 1 1
23 1 1
23 12 1
23 12 1
23 12 1
23 12 1
23 13 1
23 13 1
24 10 1
24 10 1
24 22 1
24 22 1
24 1 1
24 1 1
24 2 1
24 2 0
24 2 1
24 13 1
24 13 1
24 13 1
24 65 1
24 115 1
24 32 1
24 14 1
24 14 0
24 12 1
24 12 1
24 12 1
24 12 1
24 12 1
25 10 0
25 10 1
25 20 1
25 73 0
25 76 0
25 11 1
25 25 1
25 21 1
25 22 1
25 22 1
25 22 1
25 72 0
25 72 1
25 72 1
25 2 0
25 2 1
25 2 1
25 2 1
25 55 1
25 55 1
25 64 1
25 64 1
25 64 1
25 64 0
25 1 1
25 1 1
25 1 1
25 1 1
25 1 1
25 1 1
25 1 1
25 1 1
25 1 1
25 12 1
25 12 1
25 12 1
25 12 1
25 12 1
25 12 1
25 12 1
25 13 1
25 13 1
25 13 1
26 10 0
26 69 0
26 56 1
26 8 1
26 59 1
26 21 1
26 88 1
26 88 0
26 2 1
26 2 0
26 2 1
26 2 1
26 2 1
26 2 0
26 2 0
26 2 1
26 55 0
26 55 0
26 55 0
26 64 1
26 64 1
26 64 1
26 64 1
26 64 1
26 1 1
26 1 1
26 1 1
26 1 1
26 1 0
26 1 1
26 1 0
26 1 1
26 1 1
26 1 1
26 1 1
26 1 1
26 1 1
26 1 1
26 1 1
26 1 1
26 1 1
26 1 1
26 1 1
26 1 1
26 1 1
26 1 1
26 1 1
26 1 1
26 1 1
26 1 1
26 1 1
26 1 1
26 1 1
26 1 1
26 1 1
26 1 1
26 1 1
26 1 1
26 1 1
26 1 1
26 1 1
26 1 1
26 1 1
26 32 1
26 19 1
27 2 1
28 69 1
28 59 1
28 8 1
28 8 1
28 23 0
28 22 1
28 2 1
28 2 1
28 2 1
28 2 0
28 2 1
28 13 1
28 13 1
28 13 1
28 13 1
28 13 1
28 55 1
28 55 1
28 55 1
28 7 1
28 64 1
28 1 1
28 1 1
28 1 1
28 1 1
28 1 1
28 1 1
28 1 1
28 1 0
28 1 1
28 1 1
28 1 1
28 1 0
28 1 1
28 1 0
28 1 1
28 1 1
28 1 1
28 1 1
28 1 1
28 1 1
28 1 1
28 1 1
28 1 1
28 1 1
28 1 1
28 1 1
28 1 1
28 1 1
28 1 1
28 1 1
28 1 1
28 1 0
28 1 1
28 1 1
28 1 1
28 1 1
28 1 1
28 1 1
28 12 1
28 12 0
29 10 0
29 10 0
29 10 0
29 57 0
29 56 0
29 117 1
29 117 1
29 26 1
29 26 0
29 26 1
29 9 0
29 43 1
29 3 0
29 93 1
29 53 1
29 72 0
29 72 1
29 2 1
29 2 1
29 2 0
29 13 1
29 7 0
29 7 0
29 42 1
29 64 0
29 64 0
29 1 1
29 1 1
29 1 1
29 1 1
29 1 1
29 1 1
29 1 1
29 1 1
29 1 1
29 1 1
29 1 1
29 1 0
29 1 1
29 1 1
29 1 1
29 1 1
29 1 1
29 1 1
29 1 1
29 1 1
29 1 1
29 1 1
29 1 1
29 36 1
29 12 1
30 19 1
30 56 1
30 104 1
30 8 0
30 8 1
30 8 1
30 8 0
30 65 1
30 65 0
30 88 0
30 2 1
30 2 1
30 2 0
30 2 0
30 2 1
30 2 0
30 2 1
30 2 0
30 2 0
30 2 1
30 55 0
30 55 1
30 44 1
30 44 0
30 92 0
30 64 1
30 64 1
30 64 1
30 64 0
30 1 1
30 1 1
30 1 1
30 1 1
30 1 1
30 1 1
30 1 1
30 1 0
30 1 1
30 1 1
30 1 1
30 1 1
30 1 1
30 1 1
30 1 1
30 1 1
30 1 1
30 1 1
30 1 0
30 1 1
30 1 1
30 1 1
30 1 1
30 1 1
30 1 1
30 1 1
30 1 1
30 1 1
30 1 1
30 1 1
30 1 1
30 1 1
30 1 1
30 1 1
30 1 1
30 1 1
30 1 1
30 1 1
30 1 1
30 1 1
30 1 1
30 1 1
30 1 1
30 1 1
30 1 1
30 1 1
30 1 1
30 1 1
30 1 1
30 1 1
30 75 1
30 32 1
30 14 1
30 12 0
31 10 0
31 10 0
31 10 0
31 19 1
31 19 1
31 20 1
31 107 1
31 8 0
31 11 1
31 25 0
31 25 0
31 25 1
31 22 1
31 22 1
31 22 1
31 22 1
31 2 1
31 2 1
31 2 1
31 2 0
31 2 1
31 2 0
31 13 1
31 13 1
31 13 1
31 13 1
31 13 1
31 13 1
31 55 1
31 64 0
31 64 1
31 64 1
31 64 1
31 64 1
31 64 0
31 64 0
31 1 1
31 1 1
31 1 1
31 1 1
31 1 1
31 12 1
31 12 1
31 12 1
31 12 1
31 12 1
31 12 1
31 12 1
31 12 1
31 36 1
31 79 1
32 19 1
32 34 1
32 34 1
32 1 0
32 1 1
32 1 1
32 23 0
32 22 1
32 22 1
32 22 1
32 22 1
32 2 1
32 2 0
32 2 1
32 13 1
32 13 1
32 13 1
32 13 1
32 13 1
32 13 1
32 13 1
32 13 1
32 55 1
32 59 1
32 64 1
32 64 0
32 77 1
32 75 1
32 36 1
32 12 1
32 12 1
32 12 1
32 12 1
32 12 1
32 12 1
32 12 1
33 56 0
33 51 0
33 12 1
33 9 0
33 55 1
33 73 1
33 64 0
33 64 1
33 1 1
33 1 1
33 1 1
33 1 1
33 1 1
33 1 1
33 1 1
33 1 1
33 1 1
33 1 1
33 1 1
33 2 0
33 59 1
33 13 1
33 13 1
34 10 0
34 1 1
34 1 1
34 2 1
34 2 1
35 1 1
36 57 1
36 19 1
36 19 0
36 34 1
36 34 1
36 18 0
36 10 0
36 43 1
36 8 0
36 11 1
36 11 1
36 15 0
36 21 0
36 118 1
36 65 1
36 2 0
36 2 1
36 2 0
36 2 1
36 2 0
36 2 1
36 2 1
36 55 0
36 22 1
36 64 1
36 64 1
36 64 1
36 64 1
36 64 1
36 64 0
36 64 0
36 64 1
36 64 0
36 64 0
36 1 1
36 1 1
36 1 1
36 1 1
36 1 1
36 1 1
36 1 1
36 1 1
36 1 1
36 1 1
36 1 1
36 1 1
36 1 1
36 1 1
36 1 1
36 1 1
36 1 1
36 1 1
36 1 1
36 1 1
36 1 1
36 1 1
36 1 1
36 1 1
36 1 1
36 1 1
36 1 1
36 1 1
36 1 1
36 1 1
36 1 1
36 1 1
36 1 1
36 1 1
36 1 1
36 1 1
36 1 1
36 1 1
36 79 0
36 14 0
36 14 1
36 13 1
36 13 1
36 13 1
36 13 1
37 10 0
37 10 0
37 10 0
37 10 0
37 69 1
37 20 1
37 20 1
37 105 0
37 8 0
37 22 1
37 22 1
37 22 1
37 22 1
37 22 1
37 22 1
37 22 1
37 22 1
37 72 0
37 2 1
37 2 0
37 2 1
37 2 1
37 2 1
37 13 1
37 13 1
37 13 1
37 13 1
37 13 1
37 13 1
37 55 0
37 55 0
37 55 0
37 44 0
37 64 0
37 64 1
37 64 0
37 41 1
37 36 1
37 12 1
37 12 1
37 12 1
37 12 1
37 12 1
37 12 1
37 12 1
37 12 1
37 12 1
37 12 1
37 12 1
38 10 1
38 22 1
38 2 1
38 2 1
38 2 1
38 2 0
38 2 1
38 55 1
38 55 0
38 24 0
38 64 0
38 64 1
38 64 0
38 1 1
38 1 1
38 1 1
38 1 1
38 1 1
38 1 1
38 1 1
38 1 1
38 1 1
38 1 1
38 1 1
38 1 1
38 1 0
38 1 0
38 1 1
38 1 1
38 1 1
38 1 1
38 1 1
38 1 1
38 1 1
38 1 1
38 1 1
38 1 1
38 1 1
38 1 1
38 1 1
38 1 1
38 1 1
38 1 1
38 1 1
38 1 1
38 1 1
38 8 0
38 12 1
38 12 1
38 36 0
38 13 1
38 13 1
38 13 1
39 10 1
39 10 0
39 10 1
39 10 1
39 19 1
39 25 0
39 25 1
39 21 0
39 22 1
39 22 1
39 22 1
39 65 0
39 65 0
39 2 1
39 2 1
39 2 1
39 13 0
39 13 1
39 13 1
39 55 0
39 55 0
39 55 1
39 55 1
39 64 1
39 64 0
39 64 0
39 1 1
39 1 1
39 1 1
39 1 1
39 1 1
39 1 1
39 1 1
39 1 1
39 1 1
39 1 1
39 1 1
39 1 1
39 1 0
39 1 1
39 1 1
39 1 1
39 1 1
39 1 1
39 1 1
39 1 1
39 1 1
39 1 1
39 1 1
39 1 1
39 1 1
39 1 1
39 1 1
39 32 1
39 12 1
40 19 1
40 34 1
40 34 1
40 2 1
40 2 0
40 2 1
40 2 1
40 2 1
40 20 1
40 15 1
40 22 1
40 22 1
40 22 1
40 22 1
40 22 1
40 22 0
40 22 1
40 53 1
40 35 1
40 13 1
40 13 1
40 13 1
40 13 1
40 13 1
40 13 1
40 13 1
40 13 1
40 13 1
40 13 1
40 55 1
40 64 1
40 64 1
40 64 1
40 64 0
40 64 0
40 1 1
40 36 1
40 12 1
40 12 1
40 12 1
40 12 1
40 12 1
40 12 1
40 12 1
40 12 1
40 12 1
40 12 1
40 12 1
40 12 1
40 12 1
40 12 1
40 12 1
40 12 1
40 12 1
40 12 1
41 10 0
41 10 1
41 10 0
41 10 1
41 56 1
41 20 1
41 105 1
41 64 1
41 64 1
41 23 1
41 34 1
41 34 1
41 21 1
41 21 1
41 51 1
41 58 1
41 2 1
41 2 0
41 2 0
41 2 1
41 2 1
41 2 1
41 2 1
41 2 1
41 55 1
41 55 1
41 65 1
41 12 1
41 12 1
41 12 1
41 12 1
41 12 1
41 12 1
41 12 1
41 12 1
41 12 1
41 12 1
41 1 1
41 1 1
41 1 1
41 1 1
41 1 1
41 1 1
41 1 1
41 1 1
41 1 1
41 1 1
41 1 1
41 1 1
41 1 1
41 1 1
41 1 1
41 1 1
41 1 1
41 1 1
41 1 1
41 1 1
41 1 1
41 1 1
41 1 1
41 1 1
41 1 1
41 1 1
41 1 1
41 1 1
41 1 1
41 32 1
41 13 1
41 13 1
41 13 1
41 13 1
41 13 1
41 13 1
41 13 1
41 13 1
42 10 0
42 10 1
42 34 1
42 34 1
42 1 1
42 1 1
42 1 1
42 1 1
42 1 1
42 1 1
42 1 1
42 1 1
42 1 1
42 1 1
42 1 1
42 1 1
42 1 0
42 1 1
42 1 1
42 1 1
42 1 1
42 1 1
42 1 1
42 1 1
42 1 1
42 1 1
42 1 1
42 9 1
42 93 1
42 22 1
42 2 1
42 2 1
42 2 1
42 2 1
42 55 1
42 55 1
42 55 1
42 64 0
42 64 1
42 64 0
42 64 1
42 45 0
42 12 1
42 12 1
42 12 1
42 12 1
42 13 1
43 10 0
43 10 1
43 10 0
43 19 1
43 19 1
43 59 1
43 49 1
43 106 0
43 43 1
43 6 1
43 8 0
43 82 0
43 81 1
43 22 1
43 22 1
43 22 1
43 22 1
43 22 1
43 72 1
43 72 1
43 2 1
43 2 0
43 2 1
43 2 0
43 2 0
43 2 0
43 2 0
43 2 1
43 2 1
43 2 0
43 13 1
43 13 1
43 13 1
43 13 1
43 13 1
43 13 1
43 55 1
43 55 1
43 55 1
43 55 1
43 64 0
43 64 1
43 64 1
43 64 1
43 64 1
43 1 1
43 1 1
43 1 1
43 1 1
43 1 1
43 1 1
43 1 1
43 1 1
43 1 1
43 1 0
43 1 1
43 1 1
43 1 1
43 1 1
43 1 1
43 1 1
43 1 1
43 1 1
43 1 1
43 1 1
43 1 1
43 1 1
43 1 1
43 1 1
43 1 1
43 1 1
43 1 1
43 1 1
43 1 1
43 1 1
43 1 1
43 1 1
43 1 1
43 1 1
43 1 1
43 1 1
43 1 1
43 1 1
43 1 1
43 75 1
43 36 0
43 36 0
43 12 1
43 12 0
43 12 1
44 10 0
44 10 0
44 10 0
44 10 0
44 57 0
44 34 1
44 26 0
44 8 0
44 56 1
44 21 0
44 22 1
44 22 1
44 65 1
44 65 1
44 72 1
44 72 1
44 2 1
44 2 1
44 2 0
44 2 1
44 2 1
44 2 0
44 13 1
44 13 1
44 55 1
44 44 0
44 7 1
44 7 1
44 64 1
44 64 1
44 64 0
44 1 1
44 1 1
44 1 1
44 1 1
44 1 1
44 1 1
44 1 1
44 1 1
44 1 1
44 1 0
44 1 1
44 1 1
44 1 1
44 1 1
44 1 1
44 1 1
44 1 1
44 1 1
44 1 1
44 1 1
44 1 1
44 1 1
44 1 1
44 1 1
44 1 1
44 1 1
44 1 1
44 1 1
44 1 1
44 1 1
44 1 1
44 1 1
44 1 1
44 1 1
44 1 1
44 1 1
44 1 1
44 1 1
44 1 1
44 1 1
44 1 1
44 1 1
44 36 1
44 36 1
44 12 1
45 19 1
45 20 1
45 20 1
45 11 0
45 23 1
45 23 0
45 21 0
45 22 1
45 22 1
45 51 1
45 58 0
45 12 0
45 12 1
45 55 1
45 55 1
45 92 0
45 92 0
45 64 0
45 64 0
45 64 0
45 1 1
45 1 1
45 1 1
45 1 0
45 1 1
45 1 1
45 1 1
45 1 1
45 1 1
45 1 1
45 1 1
45 1 1
45 1 1
45 75 0
45 2 1
45 2 1
46 19 1
46 19 1
46 19 1
46 56 1
46 20 1
46 26 0
46 21 1
46 11 0
46 59 1
46 81 0
46 119 1
46 22 1
46 65 1
46 88 0
46 2 1
46 2 1
46 2 1
46 2 0
46 2 1
46 2 1
46 2 1
46 2 1
46 2 0
46 2 1
46 55 1
46 55 1
46 64 1
46 64 1
46 64 1
46 64 1
46 64 1
46 64 0
46 1 1
46 1 1
46 1 1
46 1 1
46 1 0
46 1 1
46 1 1
46 1 1
46 1 1
46 1 1
46 1 1
46 1 1
46 1 1
46 1 1
46 1 0
46 1 1
46 1 1
46 1 1
46 1 1
46 1 1
46 1 1
46 1 1
46 1 1
46 1 1
46 1 1
46 1 1
46 1 1
46 1 1
46 1 1
46 1 1
46 1 1
46 1 1
46 1 1
46 1 1
46 1 1
46 1 1
46 1 1
46 1 1
46 1 1
46 12 1
46 13 1
47 10 0
47 10 0
47 14 1
47 45 1
47 2 1
47 2 1
47 2 0
47 2 1
47 2 1
47 55 1
47 64 1
47 64 1
47 64 1
47 1 1
47 1 1
47 1 1
47 1 1
47 1 1
47 1 0
47 1 1
47 1 1
47 1 1
47 1 1
47 1 1
47 1 1
47 12 1
47 120 1
47 25 0
48 19 1
48 59 1
48 3 1
48 43 0
48 55 1
48 55 1
48 55 1
48 25 1
48 81 1
48 119 1
48 58 1
48 2 1
48 2 1
48 2 1
48 2 0
48 2 1
48 13 1
48 40 1
48 7 1
48 7 1
48 64 0
48 64 1
48 1 0
48 1 1
48 1 1
48 1 1
48 1 1
48 1 1
48 1 1
48 1 1
48 1 1
48 1 1
48 1 1
48 1 1
48 1 1
48 1 1
48 1 1
48 1 1
48 1 1
48 1 1
48 1 1
48 1 1
48 1 1
48 1 1
48 1 1
48 1 1
48 1 0
48 1 0
48 1 1
48 1 1
48 1 1
48 1 1
48 1 1
48 1 1
48 1 1
48 1 1
48 1 1
48 1 1
48 1 1
48 1 1
48 1 1
48 1 1
48 1 1
48 12 1
49 64 1
49 64 1
49 64 0
49 1 1
49 12 1
49 2 1
49 2 1
49 15 1
50 21 1
50 21 1
50 104 1
50 12 1
50 2 1
50 2 0
50 2 0
50 2 0
50 2 0
50 2 0
50 2 1
50 2 0
50 55 0
50 55 1
50 55 0
50 55 1
50 60 0
50 64 1
50 64 1
50 64 1
50 64 1
50 64 0
50 1 1
50 1 1
50 1 1
50 1 0
50 1 1
50 1 1
50 1 1
50 1 1
50 1 1
50 1 1
50 1 1
50 1 1
50 1 0
50 1 1
50 1 1
50 1 1
50 1 1
50 1 1
50 1 1
50 1 1
50 1 1
50 1 1
50 1 1
50 1 1
50 1 1
50 1 1
50 1 1
50 1 1
50 1 1
50 1 1
50 1 1
50 1 1
50 1 1
50 1 1
50 1 1
50 1 1
50 1 1
50 1 1
50 1 1
50 1 1
50 1 1
50 1 1
50 1 1
50 1 1
50 1 1
50 1 1
50 1 1
50 1 1
50 1 1
50 1 1
50 8 0
50 23 0
50 13 1
50 13 1
51 114 1
51 1 0
51 1 1
51 1 1
51 106 0
51 2 1
51 2 1
51 2 1
51 2 0
51 25 1
51 25 1
51 25 1
51 21 1
51 21 0
51 22 1
51 22 1
51 22 1
51 22 1
51 22 1
51 22 1
51 22 1
51 22 1
51 22 1
51 12 1
51 12 1
51 12 1
51 12 1
51 12 1
51 20 1
51 24 1
51 32 1
51 13 1
51 13 1
51 13 1
51 13 1
51 13 1
52 81 1
52 22 1
52 2 1
52 2 0
52 20 1
52 1 1
52 1 1
52 1 1
52 1 1
52 1 1
52 1 1
52 1 1
52 1 1
52 1 0
52 1 1
52 1 0
52 13 1
52 13 1
53 10 0
53 10 0
53 10 0
53 10 0
53 10 0
53 19 1
53 19 1
53 19 0
53 19 1
53 19 1
53 75 1
53 20 1
53 8 1
53 8 1
53 8 0
53 8 1
53 11 1
53 11 0
53 11 1
53 34 1
53 34 1
53 34 1
53 21 1
53 22 1
53 22 1
53 22 1
53 22 1
53 22 1
53 22 1
53 22 1
53 22 1
53 58 1
53 79 1
53 1 1
53 1 1
53 1 1
53 1 1
53 1 1
53 1 1
53 1 0
53 1 1
53 1 1
53 1 1
53 1 0
53 1 1
53 1 1
53 5 1
53 32 1
53 114 0
53 77 1
53 6 0
53 121 1
53 25 1
53 81 0
53 107 1
53 107 1
53 2 0
53 2 0
53 2 0
53 2 1
53 13 1
53 13 1
53 13 0
53 13 1
53 13 1
53 13 1
53 13 1
53 13 1
53 55 0
53 55 1
53 55 1
53 55 1
53 55 1
53 59 1
53 64 0
53 64 1
53 64 1
53 64 0
53 115 1
53 14 0
53 14 1
53 14 1
53 12 1
53 12 1
53 12 1
53 12 1
53 12 1
53 12 1
53 12 1
53 12 1
53 12 1
53 12 1
53 12 1
53 12 1
53 12 1
53 12 1
53 12 1
53 12 1
53 12 1
53 12 1
54 21 0
54 64 1
54 1 1
54 1 1
54 1 1
54 1 1
54 1 1
54 1 1
54 1 1
54 1 1
54 1 1
54 1 1
54 1 1
54 1 1
54 1 1
54 8 0
54 2 1
54 2 1
54 2 1
54 2 1
55 54 0
56 21 0
56 12 1
56 12 1
56 13 1
56 64 1
56 64 1
56 64 0
56 1 0
56 1 1
56 1 1
56 1 1
56 1 0
56 1 1
56 1 1
56 1 1
56 1 1
56 15 0
56 2 0
56 2 0
57 10 0
57 10 0
57 10 1
57 10 0
57 10 0
57 69 0
57 56 0
57 8 1
57 8 0
57 11 1
57 123 0
57 21 1
57 21 1
57 22 1
57 22 1
57 22 1
57 22 1
57 22 1
57 22 1
57 51 0
57 72 1
57 13 1
57 13 1
57 13 1
57 13 1
57 13 1
57 1 1
57 1 1
57 1 1
57 1 1
57 1 1
57 1 1
57 1 1
57 1 1
57 1 1
57 1 1
57 1 1
57 1 1
57 1 1
57 1 1
57 1 1
57 1 1
57 1 1
57 1 1
57 1 1
57 1 1
57 1 1
57 1 1
57 1 1
57 1 1
57 1 1
57 1 1
57 1 1
57 75 1
57 32 1
57 59 1
57 45 0
57 122 0
57 93 1
57 25 1
57 81 1
57 88 1
57 2 1
57 2 0
57 2 0
57 2 1
57 2 0
57 2 0
57 2 1
57 2 0
57 2 1
57 2 0
57 55 1
57 55 1
57 64 1
57 64 1
57 52 1
57 52 1
57 12 1
57 12 1
57 12 1
57 12 1
57 12 1
57 12 1
58 19 1
58 19 1
58 19 1
58 19 1
58 19 0
58 19 1
58 59 1
58 2 1
58 2 1
58 2 1
58 2 1
58 55 1
58 64 0
58 1 1
58 1 1
58 1 0
58 1 1
58 1 1
58 1 1
58 1 1
58 1 1
58 1 1
58 75 1
59 2 1
59 2 1
59 2 1
59 55 1
59 55 1
59 55 1
59 55 1
59 64 0
59 64 1
59 64 0
59 1 1
59 1 1
59 1 1
59 1 1
59 1 1
59 1 1
59 1 1
59 1 1
59 1 1
59 1 1
59 84 0
59 13 1
59 13 1
59 13 1
60 1 1
61 10 1
61 19 1
61 19 1
61 19 1
61 106 0
61 26 1
61 26 1
61 55 1
61 55 0
61 55 1
61 55 1
61 25 1
61 21 1
61 21 0
61 2 1
61 2 1
61 2 0
61 2 1
61 40 1
61 64 0
61 64 1
61 64 0
61 1 1
61 1 1
61 1 1
61 1 1
61 1 1
61 1 1
61 1 1
61 1 1
61 1 1
61 1 1
61 1 1
61 1 0
61 1 1
61 1 1
61 1 1
61 1 1
61 1 1
61 1 1
61 1 1
61 1 1
61 1 1
61 1 1
61 1 1
61 1 1
61 1 1
61 1 1
61 1 1
61 1 1
61 1 1
61 1 1
61 1 1
61 1 1
61 1 1
61 1 1
61 1 1
61 1 1
61 1 1
61 1 1
61 14 1
62 19 1
62 19 1
62 21 1
62 22 1
62 22 1
62 51 0
62 58 1
62 79 0
62 79 1
62 103 1
62 117 0
62 117 0
62 64 1
62 64 0
62 64 0
62 36 0
62 114 1
62 1 1
62 1 1
62 1 1
62 1 1
62 1 1
62 1 1
62 1 1
62 1 0
62 1 1
62 1 1
62 1 0
62 1 1
62 1 0
62 1 0
62 1 1
62 1 1
62 1 1
62 1 1
62 1 1
62 1 1
62 1 1
62 1 1
62 1 1
62 1 1
62 1 1
62 1 1
62 1 1
62 1 1
62 1 1
62 1 1
62 1 0
62 1 1
62 1 1
62 1 1
62 1 1
62 1 1
62 1 1
62 25 0
62 25 1
62 25 0
62 81 0
62 53 1
62 2 1
62 2 1
62 2 1
62 2 0
62 55 1
62 55 1
62 55 1
62 62 1
62 72 1
62 12 1
62 12 1
62 12 1
62 12 0
62 14 1
62 14 0
62 35 1
63 57 1
63 18 0
63 26 0
63 84 1
63 84 1
63 84 1
63 21 0
63 21 1
63 21 1
63 22 0
63 22 1
63 22 1
63 72 0
63 2 1
63 2 1
63 2 1
63 2 1
63 2 1
63 2 1
63 2 1
63 2 1
63 13 1
63 13 1
63 13 1
63 13 1
63 13 1
63 13 1
63 13 1
63 13 1
63 55 0
63 55 1
63 44 0
63 64 1
63 1 1
63 1 1
63 1 1
63 1 1
63 1 1
63 1 1
63 1 0
63 1 1
63 1 1
63 1 1
63 1 1
63 1 1
63 1 1
63 1 1
63 1 1
63 1 1
63 1 1
63 1 1
63 1 1
63 1 1
63 1 1
63 1 1
63 1 1
63 1 1
63 36 1
63 12 1
63 12 1
63 12 1
63 12 1
63 12 1
63 12 1
63 12 1
63 12 1
63 12 1
63 12 1
63 12 1
64 10 0
64 22 1
64 2 1
64 2 0
64 2 1
64 1 1
64 1 1
64 1 1
64 1 1
64 1 1
64 1 1
64 1 1
64 1 1
64 1 1
64 1 1
64 1 1
64 1 1
64 1 1
64 1 1
64 1 1
64 1 0
64 1 0
64 1 0
64 1 0
64 1 1
64 15 1
64 25 0
65 10 0
65 19 1
65 19 1
65 2 1
65 2 1
65 20 1
65 9 0
65 69 1
65 76 0
65 64 0
65 64 1
65 25 1
65 22 1
65 79 1
65 13 1
65 24 1
65 24 1
65 36 0
65 1 1
65 1 1
65 1 1
65 1 1
65 1 1
65 1 1
65 1 1
65 1 1
65 1 1
65 1 1
65 1 1
65 1 1
65 1 1
65 1 1
65 1 0
65 1 1
65 32 1
65 14 1
65 12 1
65 12 1
65 12 1
65 12 1
66 2 1
66 2 1
66 2 0
67 10 0
67 56 1
67 106 0
67 8 0
67 59 1
67 21 0
67 65 0
67 2 1
67 2 1
67 2 1
67 2 1
67 2 0
67 2 1
67 2 1
67 2 1
67 13 1
67 55 1
67 55 1
67 64 1
67 64 1
67 64 1
67 64 1
67 64 1
67 64 0
67 1 1
67 1 1
67 1 1
67 1 1
67 1 1
67 1 1
67 1 1
67 1 1
67 1 1
67 1 1
67 1 1
67 1 1
67 1 1
67 1 1
67 1 1
67 1 1
67 1 1
67 1 1
67 1 1
67 1 1
67 1 1
67 1 1
67 1 1
67 1 1
67 1 1
67 1 1
67 1 1
67 1 1
67 1 1
67 1 1
67 1 1
67 1 1
67 1 1
67 1 1
67 1 1
67 1 1
67 1 1
67 1 1
67 1 1
67 1 1
67 1 1
67 1 1
67 1 1
67 1 1
67 1 1
67 1 1
67 1 1
67 1 1
67 1 1
67 1 1
67 1 1
67 1 1
67 1 1
67 1 1
67 12 0
67 12 1
68 19 1
68 2 0
68 2 0
68 2 0
68 2 0
68 2 0
68 9 1
68 8 0
68 93 1
68 93 0
68 93 1
68 93 0
68 93 0
68 93 0
68 93 0
68 93 0
68 93 1
68 23 0
68 88 1
68 124 1
68 55 0
68 55 1
68 7 1
68 64 1
68 64 1
68 64 1
68 64 1
68 64 0
68 1 1
68 1 1
68 1 1
68 1 1
68 1 1
68 1 1
68 1 1
68 1 0
68 1 1
68 1 1
68 1 1
68 1 1
68 1 1
68 1 0
68 1 1
68 1 1
68 1 1
68 1 1
68 1 1
68 1 1
68 1 1
68 1 1
68 1 1
68 1 1
68 1 1
68 1 1
68 1 1
68 1 1
68 1 1
68 1 1
68 1 1
68 1 0
68 1 1
68 1 1
68 1 1
68 1 1
68 1 1
68 1 1
68 1 1
68 1 1
68 1 1
68 1 1
68 1 1
68 1 1
68 1 1
68 14 0
68 13 0
68 13 1
69 57 0
69 19 1
69 34 1
69 20 1
69 43 0
69 6 0
69 59 1
69 25 0
69 14 1
69 22 1
69 22 0
69 2 1
69 2 1
69 2 0
69 2 1
69 2 1
69 55 1
69 55 1
69 92 1
69 64 0
69 64 1
69 64 0
69 1 1
69 1 1
69 1 1
69 1 1
69 1 1
69 1 1
69 1 1
69 1 1
69 1 1
69 1 0
69 1 1
69 1 1
69 1 1
69 1 1
69 1 1
69 1 1
69 12 1
69 12 1
69 12 1
69 12 1
69 12 1
69 12 1
69 79 0
69 13 1
69 13 1
70 19 1
70 19 1
70 19 1
70 19 1
70 10 0
70 10 0
70 59 1
70 77 1
70 28 1
70 15 0
70 25 0
70 25 1
70 44 0
70 21 0
70 22 1
70 54 0
70 72 0
70 2 1
70 2 1
70 2 1
70 2 0
70 2 1
70 55 1
70 55 1
70 55 1
70 55 1
70 74 1
70 65 1
70 64 0
70 64 1
70 1 1
70 1 1
70 1 1
70 1 1
70 1 1
70 1 1
70 1 1
70 1 1
70 1 1
70 1 1
70 1 1
70 1 1
70 1 0
70 1 1
70 1 1
70 1 1
70 1 1
70 1 1
70 1 1
70 1 1
70 1 1
70 1 1
70 1 1
70 1 1
70 1 1
70 1 1
70 1 1
70 1 1
70 1 1
70 1 1
70 1 1
70 1 1
70 1 1
70 1 1
70 32 0
70 82 1
70 12 1
70 12 1
70 12 0
71 1 1
71 1 1
71 1 1
71 1 1
71 1 1
71 1 1
71 1 1
71 1 1
71 1 1
71 1 1
71 1 1
71 1 1
71 1 1
71 1 1
71 1 1
71 1 1
71 1 1
71 1 1
71 1 1
71 1 1
71 1 1
71 2 1
71 2 1
72 10 1
72 10 0
72 17 1
72 20 1
72 2 1
72 2 0
72 2 1
72 16 1
72 16 1
72 4 0
72 4 1
72 4 0
72 9 1
72 3 1
72 6 0
72 6 1
72 11 1
72 19 1
72 8 1
72 8 0
72 15 1
72 18 1
72 12 1
72 12 1
72 12 1
72 7 1
72 7 0
72 7 0
72 1 1
72 1 1
72 1 1
72 1 1
72 1 1
72 1 1
72 1 1
72 1 1
72 1 1
72 1 1
72 1 1
72 1 1
72 1 1
72 1 1
72 1 1
72 1 1
72 1 1
72 1 1
72 1 1
72 1 1
72 1 1
72 1 1
72 1 1
72 1 1
72 1 1
72 1 1
72 1 1
72 1 1
72 1 1
72 1 1
72 1 1
72 1 1
72 1 1
72 1 1
72 1 1
72 5 1
72 14 1
72 14 1
72 14 1
72 13 1
72 13 1
73 10 0
73 10 1
73 21 0
73 21 0
73 22 1
73 22 1
73 2 1
73 2 1
73 2 1
73 24 1
73 20 1
73 20 1
73 1 1
73 1 1
73 1 1
73 1 1
73 1 1
73 1 0
73 1 1
73 1 1
73 1 1
73 1 1
73 1 1
73 1 1
73 1 1
73 1 1
73 1 1
73 1 1
73 1 1
73 1 1
73 1 1
73 1 1
73 1 1
73 1 1
73 1 1
73 1 1
73 1 1
73 1 1
73 1 1
73 1 1
73 1 1
73 1 1
73 1 1
73 1 1
73 1 1
73 1 1
73 1 1
73 1 1
73 1 1
73 1 0
73 1 1
73 1 1
73 23 0
73 25 1
73 25 1
73 13 1
73 13 1
74 19 0
74 29 0
74 20 1
74 2 1
74 2 1
74 2 1
74 2 1
74 2 0
74 2 1
74 2 0
74 4 1
74 27 1
74 26 1
74 8 0
74 28 1
74 25 0
74 25 1
74 21 0
74 21 0
74 12 1
74 30 0
74 1 1
74 1 1
74 1 1
74 1 1
74 1 1
74 1 1
74 1 1
74 1 1
74 1 1
74 1 1
74 1 1
74 1 1
74 1 1
74 1 1
74 1 1
74 1 1
74 1 1
74 1 1
74 1 1
74 1 1
74 1 1
74 1 1
74 1 1
74 1 1
74 1 1
74 1 1
74 1 1
74 1 1
74 1 1
74 1 1
74 1 1
74 1 1
74 1 1
74 1 1
74 1 1
74 1 1
74 1 1
74 1 1
74 1 1
74 1 1
74 1 1
74 1 1
74 1 1
74 1 1
74 1 1
74 1 1
74 1 1
74 1 1
74 1 1
74 1 1
74 1 1
74 14 1
74 14 1
74 13 1
75 34 1
75 34 1
75 34 1
75 2 1
75 20 1
75 20 1
75 20 1
75 31 0
75 31 1
75 28 0
75 33 1
75 21 1
75 21 1
75 22 1
75 22 1
75 12 0
75 12 1
75 35 1
75 1 1
75 1 1
75 1 1
75 1 1
75 1 1
75 1 1
75 1 1
75 1 1
75 1 1
75 1 1
75 1 1
75 1 1
75 1 1
75 1 1
75 1 1
75 1 0
75 1 1
75 1 1
75 1 1
75 1 1
75 1 1
75 1 1
75 1 1
75 1 1
75 1 1
75 32 1
75 14 0
75 13 1
75 13 1
75 13 1
76 10 1
76 10 1
76 49 1
76 46 1
76 3 1
76 3 1
76 23 0
76 48 1
76 48 1
76 48 1
76 8 1
76 39 0
76 21 1
76 21 1
76 22 1
76 22 1
76 22 1
76 22 1
76 22 1
76 22 1
76 51 1
76 13 1
76 40 1
76 42 1
76 1 1
76 1 1
76 1 0
76 1 1
76 1 1
76 1 0
76 1 1
76 1 1
76 1 1
76 1 1
76 1 1
76 1 1
76 1 0
76 1 1
76 1 1
76 1 1
76 1 1
76 1 1
76 1 1
76 1 1
76 1 1
76 1 1
76 1 1
76 1 1
76 1 1
76 1 1
76 1 1
76 1 1
76 1 1
76 1 1
76 1 1
76 1 1
76 32 1
76 32 1
76 41 1
76 34 0
76 34 1
76 34 1
76 38 1
76 9 1
76 9 0
76 9 1
76 26 1
76 26 1
76 26 1
76 43 1
76 43 1
76 6 1
76 6 0
76 52 1
76 37 0
76 25 1
76 47 1
76 53 1
76 2 1
76 2 0
76 2 1
76 44 0
76 44 1
76 44 1
76 44 1
76 36 1
76 36 1
76 36 1
76 36 1
76 45 1
76 45 1
76 45 1
76 50 1
76 12 1
76 12 1
76 12 1
77 19 1
77 19 1
77 19 1
77 10 1
77 34 1
77 54 1
77 8 0
77 22 1
77 22 1
77 2 1
77 2 1
77 55 1
77 24 1
77 1 1
77 1 0
77 1 1
77 1 1
77 1 1
77 1 1
77 1 1
77 1 1
77 1 1
77 1 1
77 1 1
77 1 1
77 1 1
77 1 1
77 1 1
77 1 1
77 1 1
77 1 1
77 1 1
77 1 1
77 1 1
77 1 1
77 1 1
77 1 1
77 1 1
77 1 1
77 1 1
77 1 1
77 12 0
77 13 1
77 13 1
78 10 1
78 34 1
78 2 0
78 2 1
78 2 1
78 2 1
78 2 1
78 2 1
78 2 1
78 20 1
78 11 1
78 28 1
78 28 1
78 23 0
78 25 1
78 25 0
78 22 1
78 22 1
78 22 1
78 51 1
78 13 1
78 13 1
78 13 1
78 13 1
78 13 1
78 13 1
78 13 1
78 55 1
78 55 1
78 44 1
78 1 1
78 1 1
78 1 1
78 1 1
78 1 1
78 1 1
78 1 1
78 1 1
78 1 1
78 1 1
78 1 1
78 1 1
78 1 1
78 1 1
78 1 1
78 1 1
78 1 1
78 1 1
78 1 1
78 1 1
78 1 1
78 1 1
78 1 0
78 56 0
78 12 1
78 12 1
78 12 1
79 19 1
79 19 0
79 10 1
79 10 0
79 10 0
79 10 0
79 10 1
79 10 1
79 20 1
79 20 1
79 31 1
79 15 1
79 33 1
79 33 1
79 21 1
79 21 0
79 21 0
79 22 1
79 22 1
79 22 1
79 22 1
79 22 1
79 22 1
79 58 1
79 13 1
79 13 1
79 13 1
79 13 1
79 13 1
79 13 1
79 7 1
79 7 1
79 1 1
79 1 1
79 1 1
79 1 1
79 1 1
79 1 1
79 1 1
79 1 0
79 1 1
79 1 0
79 1 1
79 1 1
79 1 1
79 1 1
79 1 1
79 1 1
79 1 1
79 1 1
79 1 1
79 1 1
79 1 1
79 1 1
79 1 1
79 1 1
79 1 1
79 1 1
79 1 1
79 1 1
79 1 1
79 1 1
79 1 1
79 1 1
79 1 1
79 32 0
79 36 0
79 36 1
79 24 1
79 57 0
79 57 1
79 34 1
79 34 1
79 34 1
79 34 1
79 38 1
79 26 1
79 23 0
79 23 1
79 25 0
79 25 1
79 25 0
79 2 0
79 2 0
79 2 1
79 2 1
79 2 1
79 2 0
79 2 1
79 55 1
79 55 1
79 59 1
79 45 0
79 45 0
79 14 1
79 14 1
79 14 1
79 12 1
79 12 1
79 12 1
79 12 1
79 12 1
80 10 0
80 19 0
80 20 1
80 20 1
80 1 1
80 1 1
80 1 1
80 1 1
80 1 1
80 1 1
80 1 1
80 1 0
80 1 1
80 1 1
80 1 1
80 1 1
80 1 1
80 1 1
80 1 1
80 1 1
80 1 1
80 1 1
80 1 1
80 1 1
80 1 1
80 1 1
80 1 1
80 1 1
80 1 1
80 1 1
80 1 1
80 1 1
80 1 1
80 1 1
80 1 1
80 1 1
80 1 1
80 1 1
80 31 0
80 26 1
80 60 0
80 11 0
80 22 1
80 2 1
80 2 1
80 2 1
80 2 1
80 2 1
80 2 0
80 2 1
80 2 0
80 2 0
80 2 1
80 2 1
80 2 0
80 2 1
80 2 0
80 2 1
80 2 1
80 2 1
80 13 1
80 13 1
80 55 0
80 38 0
80 38 1
80 32 0
80 14 1
80 14 1
80 14 1
80 12 1
80 12 1
81 10 1
81 10 0
81 19 1
81 34 1
81 34 1
81 34 1
81 21 1
81 20 1
81 20 1
81 20 1
81 9 1
81 3 1
81 8 1
81 15 1
81 15 0
81 32 0
81 32 1
81 14 1
81 22 1
81 22 1
81 22 1
81 22 1
81 22 1
81 22 1
81 22 1
81 2 0
81 2 0
81 2 1
81 2 0
81 2 1
81 2 0
81 2 0
81 2 1
81 55 0
81 55 1
81 55 1
81 59 1
81 7 1
81 1 1
81 1 1
81 1 1
81 1 1
81 1 1
81 1 1
81 1 1
81 1 1
81 1 1
81 1 1
81 1 1
81 1 1
81 1 1
81 1 1
81 1 1
81 1 1
81 1 1
81 1 1
81 1 1
81 1 1
81 1 1
81 1 1
81 1 1
81 1 1
81 1 1
81 1 1
81 1 1
81 1 1
81 1 1
81 1 1
81 1 1
81 1 1
81 1 0
81 1 1
81 1 1
81 5 1
81 12 1
81 12 1
81 12 1
81 36 0
81 13 1
81 13 1
81 13 1
81 13 1
82 19 1
82 61 0
82 15 0
82 59 1
82 59 1
82 21 0
82 22 1
82 22 1
82 22 1
82 22 1
82 13 1
82 1 1
82 1 1
82 1 1
82 1 1
82 1 1
82 1 1
82 1 1
82 1 1
82 1 1
82 1 1
82 1 1
82 1 1
82 1 1
82 1 1
82 1 1
82 1 1
82 1 1
82 1 1
82 1 1
82 1 1
82 1 1
82 1 1
82 1 1
82 1 1
82 1 1
82 32 0
82 32 1
82 57 1
82 63 0
82 34 1
82 34 1
82 34 1
82 38 1
82 38 1
82 9 0
82 26 0
82 25 1
82 25 0
82 2 1
82 2 1
82 2 0
82 2 1
82 2 1
82 2 1
82 2 1
82 55 1
82 44 0
82 62 1
82 64 0
82 45 1
82 14 0
82 14 0
82 12 1
82 12 1
83 19 1
83 34 1
83 65 1
83 2 1
83 2 1
83 44 1
83 45 0
83 45 1
83 1 1
83 1 1
83 1 1
83 1 1
83 1 1
83 1 1
83 1 1
83 1 1
83 1 1
83 1 1
83 1 1
83 1 1
83 1 1
83 1 1
83 1 1
83 1 1
83 1 1
83 1 1
83 1 1
83 1 1
83 22 1
83 12 1
83 20 1
83 20 1
83 20 1
83 13 1
83 13 1
83 13 1
83 13 1
84 10 0
84 10 1
84 10 0
84 10 1
84 19 1
84 70 1
84 20 1
84 16 1
84 8 1
84 8 0
84 8 1
84 28 1
84 21 0
84 21 1
84 69 0
84 68 1
84 13 1
84 7 1
84 1 1
84 1 1
84 1 1
84 1 1
84 1 1
84 1 1
84 1 1
84 1 1
84 1 1
84 1 1
84 1 1
84 1 0
84 1 1
84 1 1
84 1 1
84 1 1
84 1 1
84 1 1
84 1 1
84 1 1
84 1 1
84 1 1
84 1 1
84 1 1
84 1 1
84 1 1
84 1 1
84 1 1
84 1 1
84 1 1
84 1 1
84 1 1
84 1 1
84 1 1
84 1 1
84 1 1
84 1 1
84 1 1
84 1 1
84 1 1
84 1 1
84 1 1
84 1 1
84 1 1
84 1 1
84 1 1
84 1 1
84 1 1
84 1 1
84 1 1
84 1 1
84 1 1
84 1 1
84 1 1
84 5 1
84 63 1
84 45 0
84 66 0
84 9 0
84 9 1
84 71 0
84 67 1
84 2 1
84 2 1
84 2 1
84 2 1
84 2 1
84 2 1
84 2 1
84 2 1
84 55 1
84 55 1
84 55 1
84 44 0
84 64 0
84 64 0
84 38 1
84 12 1
84 12 1
85 34 1
85 54 0
85 26 1
85 31 0
85 3 1
85 15 1
85 22 1
85 22 1
85 65 1
85 13 1
85 13 1
85 13 1
85 13 1
85 13 1
85 1 1
85 1 1
85 1 1
85 1 0
85 1 1
85 1 1
85 1 1
85 1 1
85 1 1
85 1 1
85 1 1
85 1 1
85 1 1
85 1 1
85 1 1
85 1 1
85 1 1
85 1 1
85 1 1
85 1 1
85 1 1
85 12 1
85 12 1
85 12 1
85 12 0
85 36 1
85 2 1
85 2 1
86 19 1
86 19 1
86 10 0
86 10 1
86 2 0
86 2 1
86 2 1
86 2 1
86 2 1
86 2 1
86 2 1
86 2 1
86 2 1
86 2 1
86 2 1
86 2 1
86 2 1
86 8 0
86 8 1
86 59 1
86 21 1
86 21 0
86 58 0
86 13 1
86 13 1
86 13 1
86 7 0
86 7 1
86 35 1
86 1 0
86 1 1
86 1 1
86 1 1
86 1 1
86 1 1
86 1 1
86 1 1
86 1 1
86 1 1
86 1 1
86 1 1
86 1 1
86 1 1
86 1 1
86 1 1
86 1 1
86 1 1
86 1 1
86 1 1
86 1 1
86 1 1
86 1 1
86 1 1
86 1 1
86 1 1
86 1 0
86 1 1
86 1 1
86 1 1
86 1 1
86 1 1
86 1 1
86 1 0
86 1 1
86 1 1
86 1 1
86 1 1
86 1 1
86 1 1
86 5 1
86 36 0
86 36 1
86 24 1
86 57 0
86 57 0
86 57 1
86 57 0
86 34 1
86 54 1
86 26 0
86 26 1
86 6 1
86 25 1
86 12 1
86 12 0
86 12 1
86 12 1
86 12 1
86 12 1
86 12 1
86 55 0
86 55 1
86 72 1
86 72 1
86 38 0
86 14 0
86 14 1
86 47 0
87 19 0
87 21 1
87 2 1
87 2 1
87 2 1
87 2 1
87 9 1
87 9 0
87 11 1
87 1 1
87 1 1
87 1 1
87 1 1
87 1 1
87 1 1
87 1 1
87 1 1
87 1 1
87 1 1
87 1 1
87 1 1
87 1 1
87 1 1
87 1 1
87 1 1
87 1 1
87 1 1
87 1 1
87 1 1
87 1 1
87 1 1
87 1 1
87 1 1
87 1 1
87 1 1
87 1 1
87 1 1
87 1 1
87 1 1
87 1 1
87 1 1
87 1 1
87 1 1
87 1 1
87 1 1
87 1 1
87 1 1
87 5 1
87 37 0
87 14 1
87 14 1
87 23 0
88 19 1
88 19 1
88 19 1
88 49 0
88 20 1
88 73 1
88 28 1
88 28 1
88 55 0
88 55 1
88 55 1
88 55 1
88 8 0
88 8 0
88 15 0
88 15 0
88 21 1
88 21 1
88 22 1
88 22 1
88 74 1
88 1 1
88 1 1
88 1 1
88 1 1
88 1 1
88 1 0
88 1 1
88 1 1
88 1 1
88 1 0
88 1 1
88 1 1
88 1 1
88 1 1
88 1 1
88 1 1
88 1 1
88 1 0
88 1 0
88 1 1
88 1 1
88 1 1
88 1 1
88 1 1
88 1 1
88 1 1
88 1 1
88 1 1
88 1 1
88 1 1
88 1 1
88 1 1
88 1 1
88 1 1
88 1 1
88 75 1
88 32 1
88 32 0
88 32 1
88 32 1
88 36 1
88 36 0
88 24 0
88 34 1
88 26 1
88 26 1
88 43 0
88 43 0
88 23 1
88 23 1
88 2 1
88 2 0
88 2 0
88 2 1
88 2 1
88 76 0
88 44 1
88 45 1
88 14 0
88 47 0
88 47 1
88 47 1
89 19 1
89 10 0
89 65 1
89 21 1
89 21 1
89 2 1
89 3 1
89 1 1
89 1 1
89 1 1
89 1 1
89 1 1
89 1 1
89 1 1
89 1 1
89 1 1
89 1 1
89 1 1
89 1 1
89 1 1
89 1 1
89 1 1
89 1 1
89 1 1
89 1 1
89 1 1
89 1 1
89 1 1
89 1 1
89 1 1
89 1 1
89 1 1
89 1 1
89 1 1
89 1 1
89 1 1
89 1 1
89 1 1
89 1 1
89 1 1
89 1 1
89 1 1
89 1 1
89 1 1
89 1 1
89 1 1
89 63 1
89 14 1
90 19 1
90 19 0
90 19 1
90 19 1
90 69 1
90 9 1
90 8 0
90 11 1
90 15 1
90 25 0
90 21 0
90 51 1
90 12 1
90 12 1
90 2 0
90 2 1
90 2 1
90 2 1
90 2 1
90 2 0
90 55 0
90 55 1
90 55 1
90 44 1
90 7 1
90 1 1
90 1 1
90 1 1
90 1 1
90 1 1
90 1 1
90 1 1
90 1 1
90 1 1
90 1 1
90 1 1
90 1 1
90 1 1
90 1 1
90 1 1
90 1 1
90 1 1
90 1 1
90 1 1
90 1 1
90 1 1
90 1 1
90 1 1
90 1 1
90 1 1
90 1 1
90 1 1
90 1 1
90 1 1
90 1 1
90 1 1
90 1 1
90 1 1
90 1 1
90 1 1
90 1 1
90 1 1
90 1 1
90 1 1
90 1 1
90 1 1
90 1 1
90 1 1
90 32 1
90 32 1
90 14 1
90 14 1
90 14 1
90 14 1
90 14 1
90 14 1
90 13 1
91 10 0
91 22 1
91 54 0
91 2 1
91 2 1
91 1 1
91 1 1
91 1 1
91 1 1
91 1 1
91 1 1
91 1 1
91 1 0
91 1 1
91 1 1
91 1 1
91 1 1
91 1 1
91 1 1
91 1 1
91 1 1
91 1 1
91 1 1
91 1 1
91 1 1
91 1 1
91 1 1
91 1 1
91 1 1
91 1 1
91 1 1
91 1 1
91 15 1
92 1 1
92 1 1
92 1 1
92 1 1
92 1 1
92 1 1
92 1 1
92 1 1
92 13 1
92 13 1
93 10 0
93 10 1
93 10 0
93 19 1
93 19 0
93 19 1
93 20 0
93 20 1
93 49 1
93 14 1
93 14 1
93 26 1
93 26 1
93 3 1
93 3 1
93 57 1
93 8 0
93 15 0
93 25 1
93 21 1
93 21 1
93 58 0
93 12 1
93 13 1
93 74 1
93 45 1
93 1 1
93 1 1
93 1 1
93 1 1
93 1 1
93 1 1
93 1 1
93 1 1
93 1 1
93 1 1
93 1 1
93 1 0
93 1 1
93 1 1
93 1 1
93 1 1
93 1 1
93 1 1
93 1 1
93 1 1
93 1 1
93 1 1
93 1 1
93 1 1
93 1 1
93 1 1
93 1 1
93 1 1
93 1 1
93 1 1
93 1 1
93 1 1
93 1 1
93 1 1
93 1 1
93 1 1
93 1 1
93 1 1
93 1 1
93 1 1
93 36 1
93 36 1
93 2 1
93 2 1
93 2 1
94 10 0
94 78 1
94 49 1
94 16 0
94 14 0
94 8 1
94 8 1
94 15 1
94 15 0
94 21 1
94 22 1
94 18 0
94 18 1
94 2 1
94 2 1
94 44 0
94 1 1
94 1 1
94 1 1
94 1 1
94 1 1
94 1 1
94 1 1
94 1 0
94 1 1
94 1 1
94 1 1
94 1 1
94 1 1
94 1 1
94 1 1
94 1 1
94 1 0
94 1 1
94 1 1
94 1 1
94 1 1
94 1 1
94 1 1
94 1 1
94 1 1
94 1 1
94 1 1
94 1 1
94 1 1
94 1 1
94 1 1
94 1 1
94 1 1
94 45 1
94 32 0
94 77 1
94 13 1
94 13 1
94 13 1
95 57 1
95 19 0
95 19 0
95 19 1
95 19 1
95 19 1
95 17 1
95 16 1
95 20 1
95 20 1
95 26 0
95 3 1
95 3 1
95 8 0
95 8 0
95 25 0
95 22 1
95 51 0
95 51 1
95 72 1
95 72 0
95 14 0
95 14 0
95 14 1
95 14 1
95 14 1
95 14 1
95 1 1
95 1 0
95 1 1
95 1 1
95 1 1
95 1 1
95 1 1
95 1 1
95 1 1
95 1 1
95 1 1
95 1 1
95 1 1
95 1 1
95 1 1
95 1 1
95 1 1
95 1 0
95 1 1
95 1 1
95 1 1
95 1 0
95 1 0
95 1 1
95 1 1
95 1 1
95 1 1
95 1 1
95 1 1
95 1 1
95 1 1
95 1 1
95 1 1
95 1 1
95 1 1
95 79 1
95 32 1
95 36 1
95 36 1
95 36 1
95 2 1
95 2 1
95 2 1
95 2 1
96 10 1
96 10 0
96 69 0
96 80 1
96 31 1
96 3 1
96 8 1
96 15 0
96 83 1
96 21 1
96 21 1
96 21 0
96 22 1
96 51 0
96 13 1
96 7 0
96 1 1
96 1 1
96 1 1
96 1 1
96 1 1
96 1 1
96 1 1
96 1 1
96 1 1
96 1 1
96 1 1
96 1 1
96 1 1
96 1 1
96 1 1
96 1 1
96 1 1
96 1 1
96 1 1
96 1 1
96 1 1
96 1 1
96 1 1
96 1 1
96 1 1
96 1 1
96 1 1
96 1 1
96 1 1
96 1 1
96 1 1
96 1 1
96 1 1
96 1 1
96 1 1
96 1 1
96 1 1
96 1 1
96 1 1
96 1 1
96 1 1
96 1 1
96 1 1
96 1 1
96 1 1
96 1 1
96 1 1
96 1 0
96 36 1
96 59 0
96 45 1
96 45 0
96 54 1
96 81 1
96 81 1
96 12 1
96 12 1
96 44 0
96 64 0
96 64 0
96 38 1
96 82 0
96 2 1
96 2 1
96 2 1
96 2 0
96 2 0
96 2 1
96 2 1
96 2 1
96 2 1
96 2 0
96 2 0
97 10 1
97 69 1
97 45 0
97 86 1
97 9 0
97 6 1
97 85 1
97 84 1
97 2 1
97 2 1
97 22 1
97 22 0
97 19 1
97 19 1
97 58 0
97 13 1
97 36 1
97 1 1
97 1 1
97 1 1
97 1 1
97 1 1
97 1 1
97 1 1
97 1 0
97 1 1
97 1 1
97 1 1
97 1 1
97 1 1
97 1 1
97 1 1
97 1 1
97 1 1
97 1 1
97 1 1
97 1 1
97 1 1
97 1 1
97 1 1
97 1 1
97 1 1
97 1 1
97 1 1
97 1 1
97 1 1
97 1 1
97 1 1
97 1 1
97 1 1
97 1 1
97 1 1
97 5 0
97 14 0
97 12 1
98 10 0
98 10 0
98 19 1
98 19 1
98 20 1
98 20 1
98 20 1
98 84 1
98 8 0
98 15 0
98 21 0
98 22 1
98 22 1
98 22 1
98 22 1
98 22 1
98 22 1
98 68 0
98 13 1
98 13 1
98 13 1
98 13 1
98 13 1
98 7 1
98 1 1
98 1 1
98 1 1
98 1 1
98 1 1
98 1 1
98 1 1
98 1 1
98 1 0
98 1 1
98 1 1
98 1 1
98 1 1
98 1 1
98 1 1
98 1 1
98 1 1
98 1 1
98 1 1
98 1 1
98 1 1
98 32 1
98 32 0
98 36 1
98 57 0
98 34 1
98 34 1
98 34 0
98 38 1
98 26 1
98 26 1
98 9 1
98 9 1
98 6 0
98 6 0
98 23 1
98 23 0
98 25 0
98 25 0
98 2 0
98 2 1
98 2 0
98 2 1
98 2 1
98 2 1
98 2 1
98 55 0
98 55 1
98 55 1
98 44 0
98 64 0
98 45 0
98 45 0
98 12 1
98 12 1
98 12 1
99 10 0
99 19 1
99 1 0
99 1 1
99 1 1
99 1 1
99 1 1
99 1 1
99 1 0
99 1 1
99 1 1
99 1 1
99 1 1
99 1 1
99 1 1
99 1 1
99 1 1
99 1 1
99 1 1
99 1 1
99 1 1
99 1 1
99 1 1
99 1 1
99 1 1
99 1 1
99 1 1
99 1 1
99 1 1
99 1 1
99 1 1
99 1 1
99 1 1
99 1 1
99 1 1
99 1 1
99 1 1
99 16 1
99 20 1
99 20 0
99 43 1
99 15 1
99 25 0
99 21 1
99 22 1
99 18 1
99 2 1
99 2 1
99 2 1
99 2 1
99 44 1
99 38 1
99 12 1
99 14 1
99 13 0
99 13 0
100 10 1
100 10 0
100 10 1
100 19 1
100 19 1
100 19 1
100 19 1
100 49 1
100 84 1
100 21 0
100 21 1
100 22 1
100 72 1
100 13 1
100 40 1
100 7 0
100 1 1
100 1 1
100 1 0
100 1 1
100 1 1
100 1 1
100 1 0
100 1 1
100 1 1
100 1 1
100 1 1
100 1 1
100 1 1
100 1 1
100 1 1
100 1 1
100 1 1
100 1 1
100 1 1
100 1 1
100 1 1
100 1 1
100 1 1
100 1 1
100 1 1
100 1 1
100 1 1
100 1 1
100 1 1
100 75 1
100 75 1
100 75 1
100 36 0
100 36 1
100 57 1
100 57 1
100 63 1
100 41 1
100 41 1
100 6 1
100 37 1
100 25 1
100 2 0
100 2 0
100 2 1
100 2 1
100 2 0
100 2 1
100 2 1
100 2 1
100 2 1
100 2 1
100 55 1
100 55 1
100 55 1
100 55 1
100 55 1
100 12 1
100 12 1
100 14 1
100 14 1
100 14 1
100 14 1
100 47 1
101 19 1
101 19 1
101 19 1
101 69 1
101 10 0
101 76 0
101 87 1
101 84 1
101 15 1
101 88 0
101 72 0
101 72 0
101 13 1
101 40 0
101 1 1
101 1 1
101 1 1
101 1 1
101 1 1
101 1 1
101 1 1
101 1 1
101 1 1
101 1 1
101 1 1
101 1 1
101 1 1
101 1 1
101 1 1
101 1 1
101 1 1
101 1 1
101 1 1
101 1 1
101 1 1
101 1 1
101 1 1
101 1 1
101 1 1
101 1 1
101 1 1
101 1 1
101 1 1
101 1 1
101 1 1
101 1 1
101 1 1
101 1 1
101 1 1
101 1 1
101 1 1
101 1 1
101 1 1
101 1 1
101 1 1
101 1 1
101 1 1
101 1 1
101 34 1
101 16 0
101 25 0
101 89 0
101 2 1
101 2 1
101 2 1
101 2 1
101 2 0
101 2 1
101 2 1
101 2 1
101 2 1
101 2 1
101 2 1
101 55 0
101 55 1
101 44 1
101 64 0
101 38 1
101 14 1
101 12 1
102 57 1
102 19 1
102 19 1
102 20 0
102 90 0
102 9 0
102 9 0
102 31 1
102 6 1
102 15 1
102 15 0
102 2 1
102 2 1
102 13 1
102 13 1
102 13 1
102 40 1
102 1 1
102 1 1
102 1 1
102 1 1
102 1 1
102 1 1
102 1 1
102 1 1
102 1 1
102 1 1
102 1 1
102 1 0
102 1 1
102 1 1
102 1 1
102 1 1
102 1 1
102 1 1
102 1 1
102 1 1
102 1 1
102 1 1
102 14 0
102 14 1
102 12 1
103 10 0
103 10 0
103 10 1
103 10 0
103 34 1
103 45 0
103 4 1
103 47 1
103 60 1
103 20 1
103 20 1
103 28 1
103 15 1
103 21 0
103 18 1
103 72 0
103 72 1
103 72 0
103 72 1
103 2 0
103 2 1
103 2 0
103 2 1
103 13 1
103 13 1
103 13 1
103 44 0
103 92 0
103 91 1
103 1 1
103 1 1
103 1 1
103 1 1
103 1 1
103 1 1
103 1 1
103 1 0
103 1 1
103 1 1
103 1 1
103 1 1
103 1 1
103 1 1
103 1 1
103 1 1
103 1 1
103 1 1
103 1 1
103 1 1
103 1 1
103 1 1
103 1 1
103 1 1
103 1 1
103 1 1
103 1 1
103 1 1
103 1 1
103 1 1
103 1 1
103 1 1
103 1 1
103 1 1
103 1 0
103 32 0
103 32 0
103 14 0
103 12 1
104 10 0
104 10 1
104 10 1
104 10 0
104 57 0
104 38 0
104 4 1
104 26 0
104 48 0
104 93 0
104 23 0
104 21 0
104 22 0
104 49 0
104 72 1
104 2 1
104 2 1
104 2 1
104 40 0
104 7 0
104 1 1
104 1 1
104 1 1
104 1 1
104 1 1
104 1 1
104 1 1
104 1 1
104 1 1
104 1 1
104 1 1
104 1 1
104 1 1
104 1 1
104 1 1
104 1 1
104 1 1
104 1 1
104 1 1
104 5 1
104 32 0
104 36 1
104 14 1
104 14 0
105 21 0
105 34 1
105 34 1
105 1 1
105 1 1
105 1 1
105 1 1
105 1 1
105 1 1
105 1 1
105 1 1
105 1 0
105 1 1
105 1 1
105 1 1
105 1 1
105 1 1
105 1 1
105 1 1
105 1 1
105 1 1
105 1 1
105 2 1
105 2 1
105 25 0
105 22 1
105 22 1
105 45 0
105 32 1
105 14 1
105 20 1
105 20 1
105 20 1
106 19 1
106 19 0
106 34 0
106 34 1
106 34 1
106 20 1
106 20 1
106 20 1
106 11 0
106 11 1
106 21 1
106 21 1
106 22 1
106 22 1
106 22 1
106 12 1
106 12 1
106 2 1
106 2 1
106 1 1
106 1 1
106 1 1
106 1 1
106 1 1
106 1 1
106 1 1
106 1 1
106 1 1
106 1 1
106 1 0
106 1 1
106 1 1
106 1 1
106 1 1
106 1 0
106 1 1
106 1 1
106 1 1
106 1 1
106 1 1
106 1 1
106 1 1
106 1 1
106 1 1
106 1 1
106 1 1
106 1 1
106 1 1
106 1 1
106 1 1
106 1 1
106 1 1
106 1 1
106 1 1
106 1 1
106 1 1
106 1 1
106 5 1
106 32 1
106 14 1
106 13 1
107 10 0
107 10 1
107 19 1
107 19 1
107 19 1
107 49 0
107 49 0
107 49 1
107 70 1
107 3 1
107 48 0
107 48 1
107 8 1
107 15 1
107 25 1
107 21 0
107 51 0
107 72 0
107 72 0
107 13 1
107 42 0
107 1 1
107 1 1
107 1 1
107 1 1
107 1 1
107 1 1
107 1 1
107 1 1
107 1 0
107 1 1
107 1 1
107 1 1
107 1 1
107 1 1
107 1 1
107 1 1
107 1 1
107 1 1
107 1 1
107 1 1
107 1 1
107 1 1
107 1 1
107 1 1
107 1 1
107 1 1
107 1 1
107 1 1
107 32 1
107 24 1
107 26 1
107 43 1
107 6 0
107 95 1
107 94 0
107 71 1
107 2 0
107 47 0
108 21 0
108 54 0
108 2 1
108 2 1
108 2 1
108 2 1
108 2 1
108 2 0
108 44 0
108 44 1
108 51 0
108 1 1
108 1 1
108 1 1
108 1 1
108 1 1
108 1 1
108 1 0
108 1 1
108 1 1
108 1 1
108 1 1
108 1 1
108 1 1
108 1 1
108 1 1
108 1 1
108 1 1
108 1 1
108 1 1
108 1 1
108 1 1
108 1 1
108 1 1
108 1 1
108 1 1
108 1 1
108 1 1
108 1 1
108 1 1
108 1 1
108 1 1
108 1 1
108 1 1
108 1 1
108 1 1
108 1 1
108 1 1
108 1 1
108 1 1
108 1 1
108 1 1
108 1 1
108 1 1
108 8 1
108 15 1
108 15 0
108 12 1
109 19 1
109 19 1
109 56 1
109 20 1
109 3 1
109 11 1
109 8 1
109 8 1
109 15 0
109 21 0
109 72 0
109 13 1
109 7 1
109 7 1
109 7 1
109 1 1
109 1 1
109 1 1
109 1 1
109 1 1
109 1 1
109 1 1
109 1 1
109 1 1
109 1 1
109 1 0
109 1 1
109 1 1
109 1 1
109 1 0
109 1 1
109 1 1
109 1 1
109 1 1
109 1 1
109 1 1
109 1 1
109 1 1
109 1 1
109 1 1
109 1 1
109 1 1
109 1 1
109 1 1
109 1 1
109 1 1
109 1 1
109 1 1
109 1 1
109 1 1
109 1 1
109 1 1
109 1 1
109 1 1
109 1 1
109 1 1
109 1 1
109 1 1
109 1 1
109 1 1
109 1 1
109 75 1
109 32 1
109 32 0
109 36 1
109 24 1
109 97 0
109 6 0
109 94 1
109 96 1
109 2 0
109 2 0
109 2 0
109 2 0
109 2 0
109 2 0
109 2 0
109 2 0
109 2 1
109 2 1
109 2 1
109 55 1
109 44 1
109 45 0
109 45 1
109 45 1
109 14 1
109 12 1
110 19 1
110 19 1
110 10 1
110 34 0
110 26 1
110 8 0
110 11 1
110 15 0
110 15 0
110 25 1
110 21 1
110 21 1
110 22 1
110 22 1
110 12 1
110 12 1
110 2 1
110 2 1
110 2 1
110 2 1
110 2 1
110 2 1
110 55 0
110 44 1
110 64 0
110 1 1
110 1 1
110 1 1
110 1 1
110 1 1
110 1 1
110 1 1
110 1 1
110 1 1
110 1 1
110 1 1
110 1 1
110 1 1
110 1 1
110 1 1
110 1 1
110 1 1
110 1 1
110 1 1
110 1 1
110 1 1
110 1 1
110 1 1
110 1 1
110 1 0
110 1 1
110 1 1
110 1 1
110 1 1
110 1 1
110 1 1
110 1 1
110 1 1
110 1 1
110 1 1
110 1 1
110 1 1
110 1 1
110 1 1
110 1 1
110 1 0
110 1 1
110 1 1
110 32 1
110 32 1
110 13 1
110 13 1
111 10 0
111 19 0
111 19 1
111 20 1
111 20 1
111 20 1
111 54 1
111 16 1
111 26 1
111 9 1
111 6 1
111 8 0
111 8 0
111 11 1
111 2 0
111 2 1
111 2 1
111 21 0
111 22 1
111 49 1
111 12 0
111 55 1
111 24 1
111 1 1
111 1 1
111 1 0
111 1 1
111 1 1
111 1 1
111 1 1
111 1 1
111 1 1
111 1 1
111 1 1
111 1 1
111 1 1
111 1 1
111 1 1
111 1 1
111 1 1
111 1 1
111 1 1
111 1 1
111 1 1
111 1 1
111 1 1
111 1 1
111 1 1
111 1 1
111 1 1
111 1 1
111 1 1
111 1 0
111 1 1
111 1 1
111 1 1
111 32 0
111 45 0
112 34 1
112 34 1
112 34 1
112 1 1
112 1 1
112 1 1
112 1 1
112 1 1
112 1 1
112 1 1
112 1 1
112 1 1
112 1 1
112 1 1
112 1 1
112 1 1
112 1 1
112 1 1
112 1 1
112 1 1
112 1 1
112 1 1
112 1 1
112 1 1
112 1 1
112 1 1
112 1 1
112 1 1
112 1 1
112 1 1
112 1 1
112 1 1
112 1 1
112 1 1
112 1 1
112 1 1
112 1 1
112 1 1
112 16 1
112 20 1
112 9 1
112 2 1
112 2 1
112 15 1
112 21 0
112 21 0
112 22 1
112 22 1
112 12 1
112 38 1
112 14 1
112 13 1
113 10 1
113 10 1
113 19 1
113 19 1
113 70 1
113 20 1
113 84 1
113 15 0
113 21 0
113 21 1
113 51 1
113 58 1
113 42 1
113 1 1
113 1 1
113 1 1
113 1 1
113 1 1
113 1 1
113 1 1
113 1 1
113 1 0
113 1 1
113 1 1
113 1 1
113 1 1
113 1 1
113 1 1
113 1 1
113 1 1
113 1 1
113 1 1
113 1 1
113 1 1
113 1 1
113 1 1
113 1 1
113 1 1
113 1 1
113 1 1
113 1 1
113 1 1
113 1 1
113 1 1
113 1 1
113 1 1
113 1 1
113 1 1
113 1 1
113 1 1
113 1 1
113 1 1
113 1 1
113 1 1
113 1 1
113 1 1
113 1 1
113 1 1
113 41 1
113 41 1
113 32 1
113 36 1
113 36 1
113 18 1
113 26 1
113 60 1
113 25 1
113 25 1
113 25 1
113 98 1
113 2 1
113 2 1
113 2 1
113 44 1
113 72 1
113 45 1
113 14 1
113 14 1
114 10 0
114 86 1
114 34 0
114 18 1
114 16 1
114 20 1
114 20 1
114 9 1
114 9 0
114 11 0
114 11 1
114 15 1
114 93 1
114 21 1
114 22 1
114 22 1
114 72 1
114 2 0
114 2 1
114 2 1
114 2 1
114 2 0
114 40 0
114 44 1
114 44 1
114 1 1
114 1 1
114 1 1
114 1 1
114 1 1
114 1 1
114 1 1
114 1 1
114 1 1
114 1 1
114 1 1
114 1 1
114 1 1
114 1 1
114 1 1
114 1 1
114 1 1
114 1 1
114 1 1
114 1 1
114 1 1
114 1 1
114 1 1
114 1 1
114 1 1
114 1 1
114 1 1
114 1 1
114 12 1
114 12 1
114 36 1
114 36 1
114 13 1
114 13 1
114 13 1
114 13 1
115 57 0
115 63 0
115 1 1
115 1 1
115 1 1
115 1 1
115 1 1
115 1 1
115 1 1
115 1 1
115 1 1
115 1 1
115 1 1
115 1 1
115 1 1
115 1 1
115 1 1
115 1 1
115 1 1
115 1 1
115 1 1
115 1 1
115 1 1
115 1 1
115 1 1
115 1 1
115 1 1
115 1 1
115 1 1
115 1 1
115 1 1
115 1 1
115 1 1
115 1 1
115 1 1
115 1 1
115 1 1
115 1 1
115 1 1
115 1 1
115 1 1
115 1 1
115 1 1
115 16 1
115 30 1
115 26 1
115 18 1
115 18 1
115 19 1
115 2 1
115 15 1
115 15 0
115 25 0
115 25 0
115 25 1
115 25 1
115 21 0
115 21 1
115 67 1
115 58 1
115 58 1
115 12 1
115 7 1
115 45 1
115 32 0
115 36 0
115 36 1
115 36 1
115 47 1
116 6 1
116 22 1
116 22 1
116 1 1
116 1 1
116 1 1
116 1 1
116 1 1
116 1 1
116 1 1
116 1 1
116 1 1
116 1 1
116 1 1
116 1 1
116 1 1
116 1 1
116 1 1
116 1 1
116 1 1
116 1 1
116 1 1
116 1 1
116 1 1
116 1 1
116 1 1
116 1 1
116 1 1
116 1 1
116 1 1
116 2 1
116 2 1
116 2 1
116 13 1
116 13 1
117 19 1
117 19 0
117 10 0
117 20 1
117 20 1
117 1 1
117 1 1
117 1 1
117 1 1
117 1 1
117 1 1
117 1 1
117 1 1
117 1 0
117 1 1
117 1 1
117 1 1
117 1 1
117 1 1
117 1 1
117 1 1
117 1 1
117 1 1
117 1 1
117 1 1
117 1 1
117 1 1
117 1 1
117 1 1
117 1 1
117 1 1
117 4 1
117 93 1
117 25 1
117 23 0
117 67 0
117 54 1
117 72 0
117 2 1
117 2 0
117 44 0
117 92 1
117 36 1
117 38 1
117 14 1
117 14 1
117 14 1
117 47 1
118 10 1
118 19 1
118 49 0
118 70 1
118 20 1
118 20 1
118 31 1
118 48 1
118 48 1
118 15 0
118 83 1
118 21 0
118 51 1
118 40 0
118 7 1
118 1 1
118 1 1
118 1 1
118 1 1
118 1 1
118 1 1
118 1 1
118 1 1
118 1 0
118 1 1
118 1 1
118 1 1
118 1 1
118 1 1
118 1 1
118 1 1
118 1 1
118 1 1
118 1 1
118 1 1
118 1 1
118 1 1
118 1 1
118 1 1
118 1 1
118 1 1
118 1 1
118 1 1
118 1 1
118 1 1
118 1 1
118 1 1
118 1 1
118 1 1
118 1 1
118 1 1
118 1 1
118 32 0
118 32 1
118 18 1
118 18 1
118 18 1
118 26 1
118 9 1
118 6 0
118 6 1
118 94 1
118 94 1
118 2 1
118 2 1
118 42 1
119 10 0
119 16 1
119 20 1
119 43 1
119 8 0
119 15 0
119 94 1
119 14 0
119 22 1
119 2 1
119 2 1
119 2 1
119 2 1
119 1 1
119 1 1
119 1 1
119 1 1
119 1 1
119 1 1
119 1 1
119 1 1
119 1 1
119 1 1
119 1 1
119 1 1
119 1 1
119 1 1
119 1 1
119 1 1
119 1 1
119 1 1
119 1 0
119 1 1
119 1 1
119 1 1
119 1 1
119 1 1
119 1 1
119 1 1
119 1 1
119 1 1
119 1 1
119 1 1
119 1 1
119 1 1
119 1 1
119 1 1
119 12 1
119 12 1
119 90 1
119 13 1
119 13 1
120 10 1
120 19 1
120 20 1
120 2 1
120 2 0
120 2 1
120 4 0
120 76 1
120 11 0
120 11 0
120 15 1
120 94 1
120 21 0
120 21 0
120 25 1
120 1 1
120 1 1
120 1 1
120 1 1
120 1 1
120 1 1
120 1 1
120 1 1
120 1 1
120 1 1
120 1 1
120 1 1
120 1 1
120 1 1
120 1 1
120 1 1
120 1 1
120 1 1
120 1 1
120 1 1
120 1 1
120 1 1
120 1 1
120 1 1
120 1 1
120 1 1
120 1 1
120 1 1
120 14 1
120 14 1
120 14 1
120 24 1
121 10 0
121 10 1
121 10 1
121 10 1
121 19 1
121 59 1
121 59 1
121 38 0
121 9 0
121 6 1
121 65 0
121 21 0
121 54 1
121 72 1
121 2 1
121 2 1
121 2 1
121 2 1
121 2 0
121 2 1
121 55 1
121 55 1
121 55 1
121 44 1
121 44 0
121 7 0
121 1 1
121 1 1
121 1 1
121 1 1
121 1 1
121 1 1
121 1 1
121 1 1
121 1 1
121 1 1
121 1 1
121 1 0
121 1 1
121 1 1
121 1 1
121 1 1
121 1 1
121 1 1
121 1 1
121 1 1
121 1 1
121 1 1
121 1 1
121 1 1
121 1 1
121 1 1
121 1 1
121 1 1
121 1 1
121 1 1
121 1 1
121 1 1
121 1 1
121 1 1
121 1 1
121 1 1
121 1 1
121 1 1
121 1 1
121 1 1
121 1 1
121 1 1
121 1 1
121 1 1
121 1 1
121 14 1
121 14 1
121 14 1
121 13 1
121 13 1
122 22 1
122 54 1
122 12 1
122 12 1
122 12 1
122 20 1
122 20 1
122 65 1
122 1 1
122 1 1
122 1 1
122 1 1
122 1 1
122 1 1
122 1 1
122 1 1
122 1 1
122 1 1
122 1 0
122 1 1
122 1 1
122 1 0
122 1 0
122 1 1
122 1 1
122 1 1
122 1 1
122 1 1
122 1 1
122 1 1
122 1 0
122 1 1
122 1 1
122 1 1
122 1 1
122 38 1
122 2 1
122 2 1
122 2 0
122 15 0
122 14 1
122 13 1
122 13 1
122 13 1
123 19 1
123 19 1
123 34 0
123 34 1
123 1 1
123 1 1
123 1 1
123 1 1
123 1 1
123 1 0
123 1 0
123 1 1
123 1 1
123 1 1
123 1 1
123 1 1
123 1 1
123 1 1
123 1 1
123 1 1
123 1 1
123 1 1
123 1 1
123 1 1
123 1 1
123 1 1
123 1 1
123 1 1
123 1 1
123 1 1
123 20 1
123 20 1
123 20 1
123 15 0
123 15 0
123 22 1
123 22 1
123 22 1
123 22 1
123 22 1
123 12 1
123 12 1
123 2 1
123 2 1
123 2 0
123 2 1
123 2 1
123 55 1
123 55 1
123 55 1
123 59 1
123 59 1
123 7 1
123 64 0
123 45 0
123 32 1
123 32 1
123 14 0
123 13 1
123 13 1
123 13 1
123 13 1
123 13 1
123 13 1
124 99 1
124 54 0
124 16 1
124 59 1
124 21 1
124 21 1
124 2 1
124 2 1
124 2 1
124 2 1
124 2 1
124 13 1
124 13 1
124 7 0
124 7 0
124 64 0
124 1 1
124 1 1
124 1 1
124 1 1
124 1 1
124 1 1
124 1 1
124 1 1
124 1 1
124 1 1
124 1 1
124 1 1
124 1 1
124 1 1
124 1 1
124 1 1
124 1 1
124 1 1
124 1 1
124 1 1
124 1 1
124 1 1
124 1 1
124 1 1
124 1 0
124 1 1
124 1 1
124 32 1
124 12 1
125 19 1
125 19 1
125 19 1
125 19 1
125 10 1
125 20 1
125 45 1
125 16 1
125 14 1
125 14 1
125 14 1
125 9 1
125 47 1
125 57 1
125 48 0
125 48 1
125 25 1
125 21 0
125 22 1
125 12 1
125 2 1
125 2 1
125 2 1
125 2 1
125 44 1
125 1 1
125 1 1
125 1 1
125 1 1
125 1 1
125 1 1
125 1 1
125 1 1
125 1 1
125 1 1
125 1 1
125 1 1
125 1 1
125 1 1
125 1 1
125 1 1
125 1 1
125 1 1
125 1 1
125 1 1
125 1 1
125 1 1
125 1 1
125 1 1
125 1 1
125 1 1
125 1 1
125 1 1
125 1 1
125 1 1
125 32 1
125 32 1
125 36 1
125 13 1
125 13 1
125 13 1
126 19 1
126 69 0
126 34 1
126 34 1
126 54 0
126 20 1
126 20 1
126 6 1
126 11 0
126 2 1
126 2 1
126 25 0
126 25 1
126 15 1
126 21 0
126 22 1
126 22 1
126 22 1
126 22 1
126 22 1
126 72 1
126 12 1
126 12 1
126 100 1
126 36 0
126 1 1
126 1 1
126 1 1
126 1 1
126 1 1
126 1 1
126 1 1
126 1 1
126 1 1
126 1 0
126 1 1
126 1 1
126 1 1
126 1 1
126 1 1
126 1 1
126 1 1
126 1 1
126 1 1
126 1 1
126 1 1
126 32 0
126 14 1
126 13 1
126 13 1
126 13 1
126 13 1
126 13 1
126 13 1
126 13 1
126 13 1
127 19 1
127 19 1
127 19 1
127 19 1
127 19 1
127 10 0
127 10 1
127 101 0
127 90 1
127 26 0
127 9 1
127 6 0
127 8 0
127 8 0
127 48 1
127 11 1
127 25 0
127 25 1
127 25 1
127 21 0
127 22 0
127 22 1
127 72 0
127 72 0
127 2 1
127 2 1
127 2 1
127 2 1
127 2 0
127 2 0
127 2 1
127 2 0
127 2 1
127 44 0
127 92 1
127 1 1
127 1 1
127 1 1
127 1 1
127 1 1
127 1 1
127 1 1
127 1 1
127 1 1
127 1 1
127 1 0
127 1 1
127 1 1
127 1 1
127 1 1
127 1 1
127 1 1
127 1 0
127 1 1
127 1 1
127 1 1
127 1 1
127 1 1
127 1 1
127 1 1
127 1 1
127 1 1
127 1 1
127 1 1
127 1 1
127 1 1
127 1 1
127 1 1
127 1 1
127 1 1
127 1 1
127 1 1
127 1 0
127 1 1
127 1 1
127 1 1
127 1 1
127 1 0
127 1 1
127 1 1
127 1 1
127 1 1
127 1 1
127 1 1
127 1 1
127 1 1
127 1 1
127 1 1
127 1 1
127 75 1
127 14 0
127 14 1
127 13 1
127 13 1
127 13 1
128 34 0
128 1 1
128 1 1
128 1 1
128 1 1
128 1 1
128 1 1
128 1 1
128 1 1
128 1 1
128 1 1
128 1 1
128 1 1
128 1 1
128 1 1
128 1 1
128 1 1
128 1 1
128 1 1
128 1 1
128 1 1
128 1 1
128 1 1
128 1 1
128 1 1
128 1 1
128 1 1
128 52 1
128 6 0
128 20 1
128 20 0
128 25 1
128 21 1
128 21 1
128 22 1
128 22 1
128 54 0
128 12 1
128 12 1
128 2 0
128 2 1
128 44 0
128 45 1
128 32 1
128 13 1
128 13 1
128 13 1
128 13 1
129 19 1
129 10 0
129 10 0
129 34 0
129 34 1
129 20 1
129 20 1
129 20 1
129 8 1
129 93 1
129 25 1
129 15 0
129 15 0
129 22 1
129 22 1
129 22 1
129 22 1
129 22 1
129 2 0
129 2 1
129 2 0
129 2 1
129 1 1
129 1 1
129 1 1
129 1 1
129 1 1
129 1 1
129 1 1
129 1 1
129 1 1
129 1 1
129 1 1
129 1 1
129 1 1
129 1 1
129 1 1
129 1 1
129 1 1
129 1 1
129 1 0
129 1 1
129 1 1
129 1 0
129 1 1
129 1 1
129 1 1
129 1 1
129 1 1
129 1 1
129 1 1
129 1 1
129 1 1
129 14 1
129 14 0
129 14 0
130 19 1
130 21 1
130 21 0
130 2 1
130 2 1
130 2 1
130 1 1
130 1 1
130 1 1
130 1 1
130 1 1
130 1 1
130 1 1
130 1 1
130 1 1
130 1 1
130 1 1
130 1 1
130 1 1
130 1 1
130 1 1
130 1 1
130 1 0
130 1 1
130 1 1
130 1 1
130 1 1
130 1 1
130 1 1
130 1 1
130 1 1
130 1 1
130 1 1
130 1 1
130 1 1
130 1 1
130 1 1
130 1 1
130 1 1
130 1 1
130 1 1
130 1 1
130 1 1
130 1 1
130 1 1
130 1 1
130 1 1
130 1 1
130 1 1
130 1 1
130 1 1
130 1 1
130 1 1
130 32 1
130 94 0
