1
1,1,1,1,1
1,1,1,1,1
2
2
1
3
6,9,9,9,1,1,1,3,3,3,3,3,3,3,5,8,11,7,7,7,10,2,2,2,2,4
1,0,1,0,1,1,1,1,1,1,0,1,1,1,1,0,1,1,1,1,1,0,1,1,1,0
4
9,9,9,1,1,10,10
0,1,0,1,1,1,1
5
1,1,1,1,1
1,1,1,1,1
6
6
9,9,9,1,1,1,1,1,12
1,0,0,1,1,1,1,1,1
7
1,1,1,1,1,1,2
1,1,1,1,1,1,1
8
9,9,5,17,11,11,21,3,3,3,20,1,1,1,1,1,1,1,1,1,1,1,1,1,1,1,1,1,1,1,2,2,2,2,16,14,13,13,15,18,19,19,19
0,0,1,0,1,1,1,1,1,1,0,1,1,1,1,1,1,1,1,1,1,1,1,1,1,1,1,1,1,1,0,0,1,0,1,0,0,1,0,1,0,1,1
9
1,1,1,1
1,1,1,1
10
1,1,1,1,1,5,5,8,8,11,11,2,2,7
0,1,1,1,1,1,1,1,1,1,1,1,1,1
11
9,9,1,1,1,1,1,1,1,1,1,23,22,2,2,10,10
1,1,1,1,1,1,1,1,1,1,1,1,1,1,1,1,1
12
27,27,5,5,8,8,8,24,25,1,1,1,1,1,28,12,26,13,3,2,2,2,7
0,0,1,1,1,1,1,1,0,1,1,1,1,1,0,1,0,0,1,1,1,0,0
13
9,9,9,1,1,1,16
0,1,0,1,1,1,1
14
33,29,32,5,5,31,19,11,11,16,16,9,9,3,3,30,1,1,1,1,1,1,1,1,1,1,1,1,1,1,1,8,8,13,10,2,2,2,2
1,1,0,1,1,1,1,1,1,1,1,1,1,1,1,1,1,1,1,1,1,1,1,1,1,1,1,1,1,1,1,1,1,1,1,1,1,1,1
15
27
0
16
6,1,1,1,1,1,1,1,3,5,13,11,11,34,2,2,2,7
1,1,1,1,1,1,1,1,1,1,1,1,1,1,1,1,1,1
17
27,35,9,9,36,5,11,11,11,16,16,16,3,1,1,1,1,1,1,1,1,1,1,1,1,8,13,2,2,2,2,7
0,0,1,1,1,1,1,1,1,1,1,0,1,1,1,1,1,1,1,1,1,1,1,1,1,1,1,1,1,1,1,1
18
37,6,6,6,33,1,1,1,1,1,1,1,1,1,1,1,1,3,3,11,11,2,2,2,2
1,1,0,1,0,1,1,1,1,1,1,1,1,1,1,1,1,1,1,1,1,1,0,1,1
19
27,2,2,31,12,12
0,0,1,1,0,1
20
27,27,40,40,40,1,1,1,1,1,1,1,1,1,1,1,1,2,2,2,2,2,3,39,19,10,18,38
0,0,1,1,1,1,1,1,1,1,0,1,1,1,1,1,1,1,1,0,1,1,1,1,1,1,0,1
21
27,9,9,9,9,5,5,41,11,32,42,3,10,10,43,1,1,1,16,19
0,0,1,0,0,1,1,0,1,0,1,1,1,1,1,1,1,1,1,1
22
1,1,1,1,2,2,2,10
1,1,1,1,0,1,1,0
23
2,2
1,1
24
29
0
25
1,1,1,1,1,1,1,1,1,5,5,17,11,30,2,2,2,2
1,1,0,0,1,1,1,1,1,1,1,1,1,0,0,1,1,1
26
33,44,5,5,5,31,11,11,11,3,1,1,1,1,1,1,1,1,1,1,1,1,1,1,45,8,8,46,2,2,2,2,7,7
1,0,1,1,1,1,1,1,1,1,1,1,1,1,1,1,1,1,1,1,1,1,1,1,1,1,1,0,1,1,0,1,1,1
27
1,1,1,1,3
1,1,1,1,1
28
1,1,1,1,1,1,1,1,1,1,2,2,2,2,2,5,14,13,3
1,1,1,1,1,1,0,1,1,1,1,1,0,1,1,1,1,1,1
29
1,1
1,1
30
27,27,47,9,5,17,11,11,11,11,11,16,16,3,3,1,1,1,1,1,1,1,1,1,1,1,1,1,45,8,14,13,2,2,2,2
0,0,0,1,1,0,1,1,1,1,1,0,1,1,1,1,1,1,1,1,1,1,1,1,1,1,1,1,1,1,1,1,1,1,1,1
31
1,1,1,1,30,48
1,1,1,1,0,0
32
27,27,27,27,50,9,9,32,36,31,17,17,11,16,52,3,20,33,49,1,1,1,1,1,1,1,1,1,1,1,1,1,1,1,1,1,1,8,51,15,53,2,2,2,7
1,0,0,0,0,0,0,0,1,0,1,0,1,1,0,1,0,1,0,1,1,1,1,1,1,1,0,1,1,1,1,1,1,1,1,1,1,0,1,0,1,0,1,1,1
33
49,1,1,1,1,1,1,1,1,54,54,12,2,2,2
0,1,1,1,1,1,1,1,1,1,1,1,0,1,0
34
27,6,9,32,54,31,50,19,19,11,11,11,11,16,55,3,56,33,33,1,1,1,1,1,8,10,15,2,2,7,7
0,1,1,0,1,1,1,1,1,1,1,1,1,0,1,1,1,1,1,1,1,1,1,1,1,1,1,1,1,1,1
35
9,1,1,31,12,10,10
1,1,1,1,1,1,0
36
6,49,1,1,1,1,2,2,31,8,3,28
1,1,1,1,1,1,1,1,0,1,1,0
37
6,9,9,9,9,1,1,1,1,1,1,1,1,1,1,1,1,1,1,1,3,3,5,5,8,19,19,11,11,11,11,11,11,11,11,16,53,2,2,2,2
1,1,1,0,0,1,1,1,1,1,1,1,1,1,1,1,1,1,1,1,1,1,1,1,1,0,1,1,1,1,1,1,1,1,1,1,0,1,1,1,0
