1 1 1
1 1 1
1 1 1
1 1 1
1 1 1
2 3 1
3 14 1
3 8 0
3 8 1
3 8 0
3 24 1
3 38 0
3 21 1
3 21 1
3 21 1
3 21 0
3 21 1
3 21 1
3 21 1
3 5 1
3 22 0
3 1 1
3 1 1
3 1 1
3 62 1
3 62 1
3 62 1
3 10 1
3 3 0
3 3 1
3 3 1
3 3 1
4 8 0
4 8 1
4 8 0
4 1 1
4 1 1
4 10 1
4 10 1
5 1 1
5 1 1
5 1 1
5 1 1
5 1 1
6 8 1
6 8 0
6 8 0
6 1 1
6 1 1
6 1 1
6 1 1
6 1 1
6 39 1
7 1 1
7 1 1
7 1 1
7 1 1
7 1 1
7 1 1
7 3 1
8 8 0
8 8 0
8 63 0
8 63 1
8 26 0
8 17 1
8 35 0
8 9 1
8 64 1
8 57 0
8 24 1
8 21 1
8 21 1
8 21 1
8 5 1
8 5 1
8 15 0
8 15 1
8 15 1
8 7 0
8 1 1
8 1 1
8 1 1
8 1 1
8 1 1
8 1 1
8 1 1
8 1 1
8 1 1
8 1 1
8 1 1
8 1 1
8 1 1
8 1 1
8 1 1
8 1 1
8 1 1
8 1 1
8 1 1
8 3 0
8 3 0
8 3 1
8 3 0
9 1 1
9 1 1
9 1 1
9 1 1
10 24 1
10 24 1
10 3 1
10 3 1
10 5 1
10 5 1
10 1 0
10 1 1
10 1 1
10 1 1
10 1 1
10 62 1
10 22 1
10 22 1
11 8 1
11 8 1
11 65 1
11 3 1
11 3 1
11 6 1
11 1 1
11 1 1
11 1 1
11 1 1
11 1 1
11 1 1
11 1 1
11 1 1
11 1 1
11 10 1
11 10 1
12 29 0
12 27 0
12 27 0
12 62 0
12 22 1
12 22 1
12 22 1
12 4 0
12 63 0
12 66 1
12 24 1
12 24 1
12 3 1
12 3 1
12 3 0
12 1 1
12 1 1
12 1 1
12 1 1
12 1 1
12 41 0
12 39 1
12 21 1
13 8 0
13 8 1
13 8 0
13 9 1
13 1 1
13 1 1
13 1 1
14 8 1
14 8 1
14 63 1
14 9 1
14 9 1
14 3 1
14 3 1
14 3 1
14 3 1
14 22 1
14 22 1
14 40 1
14 15 1
14 16 1
14 68 0
14 24 1
14 24 1
14 37 1
14 21 1
14 21 1
14 67 1
14 1 1
14 1 1
14 1 1
14 1 1
14 1 1
14 1 1
14 1 1
14 1 1
14 1 1
14 1 1
14 1 1
14 1 1
14 1 1
14 1 1
14 1 1
14 10 1
14 5 1
14 5 1
15 27 0
16 14 1
16 63 1
16 62 1
16 21 1
16 5 1
16 5 1
16 69 1
16 1 1
16 1 1
16 1 1
16 1 1
16 1 1
16 1 1
16 1 1
16 24 1
16 3 1
16 3 1
16 3 1
17 27 0
17 63 1
17 62 1
17 70 0
17 22 1
17 71 1
17 24 1
17 9 1
17 9 1
17 9 0
17 21 1
17 5 1
17 5 1
17 5 1
17 1 1
17 1 1
17 1 1
17 1 1
17 1 1
17 1 1
17 1 1
17 1 1
17 1 1
17 1 1
17 1 1
17 1 1
17 8 1
17 8 1
17 3 1
17 3 1
17 3 1
17 3 1
18 14 1
18 14 0
18 14 1
18 16 0
18 72 1
18 21 1
18 21 1
18 5 1
18 5 1
18 1 1
18 1 1
18 1 1
18 1 1
18 1 1
18 1 1
18 1 1
18 1 1
18 1 1
18 1 1
18 1 1
18 1 1
18 3 1
18 3 0
18 3 1
18 3 1
19 27 0
19 37 1
19 3 0
19 3 1
19 39 0
19 39 1
20 27 0
20 27 0
20 10 1
20 31 1
20 3 1
20 3 1
20 3 0
20 3 1
20 3 1
20 15 1
20 74 1
20 74 1
20 74 1
20 1 1
20 1 1
20 1 1
20 1 1
20 1 1
20 1 0
20 1 1
20 1 1
20 1 1
20 1 1
20 1 1
20 1 1
20 21 1
20 73 1
20 64 0
21 8 0
21 8 1
21 8 0
21 8 0
21 68 0
21 9 1
21 27 0
21 13 1
21 76 1
21 75 0
21 24 1
21 24 1
21 21 1
21 15 1
21 1 1
21 1 1
21 1 1
21 10 1
21 10 1
21 5 1
22 1 1
22 1 1
22 1 1
22 1 1
22 3 0
22 3 1
22 3 1
22 10 0
23 3 1
23 3 1
24 40 0
25 24 1
25 24 1
25 3 0
25 3 1
25 3 1
25 3 1
25 67 0
25 1 1
25 1 1
25 1 0
25 1 0
25 1 1
25 1 1
25 1 1
25 1 1
25 1 1
25 35 1
25 5 1
26 2 1
26 62 1
26 62 1
26 3 1
26 3 1
26 3 0
26 3 1
26 22 1
26 22 1
26 16 1
26 78 0
26 77 0
26 24 1
26 24 1
26 24 1
26 37 1
26 21 1
26 1 1
26 1 1
26 1 1
26 1 1
26 1 1
26 1 1
26 1 1
26 1 1
26 1 1
26 1 1
26 1 1
26 1 1
26 1 1
26 1 1
26 5 1
26 5 1
26 5 1
27 1 1
27 1 1
27 1 1
27 1 1
27 21 1
28 63 1
28 24 1
28 21 1
28 7 1
28 1 1
28 1 1
28 1 1
28 1 1
28 1 1
28 1 1
28 1 0
28 1 1
28 1 1
28 1 1
28 3 1
28 3 1
28 3 0
28 3 1
28 3 1
29 1 1
29 1 1
30 27 0
30 27 0
30 2 1
30 9 0
30 9 1
30 22 1
30 63 1
30 35 0
30 24 1
30 21 1
30 21 1
30 5 1
30 5 1
30 5 1
30 5 1
30 5 1
30 7 1
30 1 1
30 1 1
30 1 1
30 1 1
30 1 1
30 1 1
30 1 1
30 1 1
30 1 1
30 1 1
30 1 1
30 1 1
30 1 1
30 79 0
30 8 1
30 3 1
30 3 1
30 3 1
30 3 1
31 1 1
31 1 1
31 1 1
31 1 1
31 18 0
31 67 0
32 27 1
32 27 0
32 27 0
32 27 0
32 8 0
32 8 0
32 62 1
32 22 0
32 25 1
32 80 0
32 35 1
32 35 0
32 26 0
32 81 1
32 11 0
32 68 0
32 57 0
32 16 1
32 71 1
32 37 0
32 21 1
32 5 1
32 42 0
32 1 1
32 1 1
32 1 1
32 1 1
32 1 1
32 1 1
32 1 1
32 1 0
32 1 1
32 1 1
32 1 1
32 1 1
32 1 1
32 1 1
32 1 1
32 1 1
32 1 1
32 1 1
32 9 1
32 3 0
32 3 1
32 3 1
33 42 0
33 1 1
33 1 1
33 1 1
33 1 1
33 1 1
33 1 1
33 1 1
33 1 1
33 3 0
33 3 1
33 3 0
33 39 1
33 82 1
33 82 1
34 27 0
34 14 1
34 62 1
34 62 1
34 3 1
34 3 1
34 50 1
34 22 1
34 83 1
34 80 1
34 8 1
34 26 1
34 68 0
34 10 1
34 16 1
34 16 1
34 37 1
34 21 1
34 15 1
34 15 1
34 82 1
34 1 1
34 1 1
34 1 1
34 1 1
34 1 1
34 9 0
34 5 1
34 5 1
34 5 1
34 5 1
35 8 1
35 1 1
35 1 1
35 37 1
35 10 1
35 10 0
35 39 1
36 14 1
36 37 0
36 3 1
36 3 1
36 4 0
36 42 1
36 1 1
36 1 1
36 1 1
36 1 1
36 21 1
36 22 1
37 14 1
37 8 1
37 8 1
37 8 0
37 8 0
37 24 1
37 24 1
37 3 1
37 3 1
37 3 1
37 3 0
37 25 0
37 15 0
37 15 1
37 22 1
37 1 1
37 1 1
37 1 1
37 1 1
37 1 1
37 1 1
37 1 1
37 1 1
37 1 1
37 1 1
37 1 1
37 1 1
37 1 1
37 1 1
37 1 1
37 21 1
37 21 1
37 9 1
37 5 1
37 5 1
37 5 1
37 5 1
37 5 1
37 5 1
37 5 1
37 5 1
38 8 1
38 8 1
38 8 1
38 8 1
38 8 1
38 8 0
38 2 0
38 9 1
38 9 1
38 6 0
38 3 1
38 3 1
38 3 1
38 3 1
38 3 0
38 3 1
38 4 1
38 7 1
38 1 1
38 1 1
38 1 1
38 1 1
38 1 1
38 1 1
38 1 1
38 1 1
38 1 1
38 1 1
38 1 1
38 1 1
38 1 1
38 1 1
38 1 1
38 1 1
38 1 1
38 1 1
38 11 1
38 10 1
38 5 1
38 5 1
39 8 0
39 8 0
39 8 1
39 8 1
39 8 1
39 14 1
39 9 1
39 9 1
39 9 1
39 12 1
39 19 1
39 13 0
39 17 1
39 17 1
39 16 1
39 3 1
39 3 1
39 3 1
39 3 0
39 15 1
39 1 1
39 1 1
39 1 1
39 1 1
39 1 1
39 1 1
39 1 0
39 1 1
39 1 1
39 1 1
39 1 1
39 1 1
39 1 1
39 1 1
39 1 1
39 1 1
39 1 1
39 18 0
39 20 1
39 20 1
39 20 1
39 10 1
39 10 1
39 10 1
39 10 1
39 10 0
39 5 1
40 8 1
40 8 1
40 8 1
40 8 1
40 8 1
40 8 1
40 25 1
40 9 1
40 9 1
40 9 1
40 9 1
40 1 1
40 1 1
40 1 1
40 1 1
40 1 1
40 1 1
40 1 1
40 1 1
40 1 1
40 1 1
40 22 1
40 4 0
40 24 1
40 21 1
40 21 1
40 3 1
40 3 1
40 3 1
40 3 1
40 3 1
40 3 0
40 7 1
40 6 0
40 23 1
40 10 0
40 10 1
40 10 1
40 10 1
40 10 1
40 10 1
40 10 1
40 10 1
40 5 1
40 5 1
40 5 1
40 5 1
40 5 1
40 5 1
40 5 1
40 5 1
40 5 1
40 5 1
40 5 1
40 5 1
41 26 1
41 3 1
41 1 1
41 1 1
41 1 1
41 1 1
41 1 1
41 21 1
41 21 1
41 10 1
41 5 1
41 5 1
42 27 0
42 27 1
42 8 0
42 8 1
42 8 0
42 8 1
42 8 1
42 9 1
42 9 1
42 1 1
42 1 1
42 1 1
42 1 1
42 1 1
42 1 1
42 1 1
42 1 1
42 1 1
42 1 1
42 1 1
42 1 1
42 1 1
42 1 0
42 1 1
42 1 1
42 25 0
42 20 0
42 20 1
42 3 0
42 3 0
42 3 1
42 3 1
42 19 1
42 5 1
42 5 1
42 5 0
42 5 1
42 6 0
42 18 1
42 10 1
42 10 1
42 21 1
43 29 0
43 27 1
43 26 0
43 30 0
43 32 0
43 32 0
43 31 0
43 9 1
43 9 1
43 10 1
43 3 1
43 3 1
43 3 1
43 3 0
43 28 1
43 28 1
43 1 1
43 1 1
43 1 1
43 1 1
43 1 1
43 1 1
43 6 0
43 8 0
43 8 0
43 8 1
43 8 1
43 8 1
43 8 0
43 5 1
43 5 1
44 8 0
44 8 0
44 8 1
44 8 1
44 8 1
44 8 0
44 9 1
44 9 1
44 3 1
44 3 1
44 3 0
44 3 0
44 3 0
44 22 1
44 25 1
44 19 1
44 35 0
44 36 1
44 33 0
44 16 0
44 20 1
44 5 1
44 5 1
44 5 1
44 5 1
44 5 1
44 5 1
44 5 1
44 5 1
44 5 1
44 5 1
44 15 1
44 15 1
44 1 1
44 1 1
44 1 1
44 1 1
44 1 1
44 1 1
44 1 1
44 1 1
44 1 1
44 1 1
44 18 1
44 21 1
44 21 1
44 21 1
44 10 1
44 34 1
45 8 1
45 8 1
45 8 0
45 8 1
45 8 1
45 24 1
45 24 1
45 37 0
45 21 1
45 21 1
45 21 1
45 21 1
45 21 1
45 1 1
45 1 1
45 9 1
45 9 1
45 9 1
45 22 1
46 27 0
46 8 1
46 8 1
46 8 1
46 8 1
46 8 0
46 9 1
46 30 1
46 6 1
46 6 1
46 4 1
46 4 1
46 4 1
46 4 1
46 40 1
46 40 1
46 44 1
46 12 1
46 12 1
46 31 0
46 45 1
46 10 1
46 38 0
46 3 0
46 3 0
46 3 1
46 5 0
46 5 1
46 42 1
46 1 1
46 1 1
46 1 1
46 1 0
46 1 1
46 1 1
46 1 1
46 1 1
46 1 1
46 1 1
46 1 1
46 41 1
46 41 1
46 39 1
46 43 1
47 27 0
47 24 1
47 1 1
47 5 1
47 5 1
47 5 1
47 5 1
47 13 0
47 21 1
47 21 1
47 21 1
48 14 1
48 14 1
48 29 1
48 26 1
48 6 0
48 22 1
48 4 0
48 16 0
48 8 1
48 8 1
48 8 1
48 8 1
48 11 0
48 9 1
48 9 1
48 9 1
48 9 1
48 10 1
48 10 1
48 10 1
48 10 1
48 24 1
48 46 1
48 47 1
48 3 0
48 3 1
48 3 0
48 3 1
48 3 0
48 3 0
48 3 0
48 7 0
48 1 1
48 1 1
48 1 1
48 1 1
48 1 1
48 1 1
48 1 1
48 1 1
48 1 1
48 1 1
48 39 1
48 5 1
49 27 1
49 27 1
49 27 0
49 14 1
49 9 1
49 9 1
49 6 1
49 5 1
49 5 1
49 5 1
49 5 1
49 5 0
49 12 0
49 48 1
49 1 1
49 1 1
49 1 1
49 1 1
49 1 1
49 1 1
49 21 1
49 8 0
49 8 1
49 8 1
49 8 1
49 8 1
49 3 1
49 3 1
49 3 1
49 3 1
49 3 1
49 3 0
50 22 1
50 24 1
50 1 1
50 1 1
50 1 1
50 1 1
50 21 1
50 3 1
51 27 0
51 27 0
51 27 1
51 8 0
51 8 1
51 8 1
51 8 1
51 8 1
51 8 1
51 8 0
51 8 1
51 8 1
51 8 1
51 8 1
51 9 1
51 9 1
51 9 0
51 1 1
51 1 1
51 1 1
51 1 1
51 1 1
51 1 1
51 1 1
51 1 1
51 1 1
51 1 1
51 1 1
51 1 1
51 22 1
51 22 1
51 25 0
51 25 1
51 35 0
51 3 1
51 3 1
51 3 1
51 3 0
51 5 1
51 15 1
51 7 1
51 6 1
51 6 1
51 10 1
51 10 1
51 21 1
51 21 1
52 8 1
52 8 1
52 8 1
52 8 1
52 8 0
52 8 1
52 14 1
52 9 1
52 9 1
52 9 1
52 9 0
52 9 1
52 49 1
52 35 0
52 35 0
52 11 1
52 16 1
52 37 0
52 3 1
52 3 1
52 3 1
52 3 1
52 3 1
52 3 1
52 1 1
52 1 1
52 1 1
52 1 1
52 1 1
52 1 1
52 1 1
52 1 1
52 1 1
52 1 1
52 1 1
52 1 1
52 1 1
52 1 1
52 1 1
52 1 1
52 1 1
52 1 1
52 1 1
52 1 1
52 1 1
52 10 1
52 21 1
53 1 1
53 1 1
53 1 1
53 1 1
53 1 1
53 1 1
53 1 1
54 27 0
54 8 0
54 8 1
54 8 1
54 8 0
54 24 1
54 24 1
54 3 1
54 3 0
54 3 0
54 3 1
54 47 1
54 21 1
54 50 1
54 1 1
54 1 1
54 1 1
54 1 1
54 1 1
54 1 1
54 1 1
54 1 1
54 1 1
54 1 1
54 9 1
54 39 1
54 5 1
54 5 1
54 5 1
54 5 1
54 5 1
54 5 1
54 5 1
54 5 1
54 5 1
55 5 1
55 5 1
55 25 1
55 15 1
55 15 1
55 20 1
55 1 1
55 1 0
55 1 1
55 1 1
55 1 1
55 1 1
55 1 1
55 1 1
55 1 1
55 1 1
55 1 1
55 35 0
55 35 1
55 19 1
56 8 0
56 8 1
56 8 0
56 8 1
56 8 0
56 8 0
56 25 1
56 26 0
56 1 1
56 1 1
56 1 1
56 22 0
56 4 0
56 4 0
56 19 1
56 35 0
56 11 0
56 51 0
56 24 1
56 24 1
56 46 1
56 5 1
56 5 1
56 5 0
56 5 1
56 5 1
56 52 1
56 6 0
56 6 0
56 21 1
56 39 0
56 3 0
56 3 0
56 3 0
57 8 0
57 8 1
57 8 1
57 8 1
57 8 1
57 8 0
57 8 0
57 24 1
57 24 1
57 24 1
57 24 1
57 3 1
57 3 0
57 21 1
57 21 1
57 1 1
57 1 1
57 1 1
57 1 1
57 1 1
57 1 1
57 1 1
57 9 1
57 9 1
57 9 1
57 10 1
57 10 1
57 10 1
57 10 0
57 22 1
58 29 1
58 27 0
58 9 1
58 9 1
58 12 1
58 12 0
58 8 1
58 8 1
58 8 1
58 8 1
58 24 1
58 21 1
58 21 1
58 42 1
58 1 1
58 1 1
58 1 1
58 1 0
58 41 1
58 10 1
58 10 1
58 3 1
58 3 1
59 8 1
59 10 1
59 9 1
59 9 1
59 9 1
59 46 1
59 3 1
59 3 1
59 3 1
59 3 1
59 6 1
59 1 1
59 1 1
59 1 1
59 1 1
59 1 1
59 1 1
59 1 1
59 1 1
59 1 1
59 1 1
59 1 1
59 1 1
59 35 1
59 35 1
59 35 1
59 35 0
59 35 0
59 35 1
59 35 1
59 35 0
59 35 1
59 35 1
59 53 1
59 53 0
59 53 1
59 53 1
59 39 1
60 27 1
60 1 1
60 1 1
60 1 1
60 1 1
60 1 1
60 1 1
60 1 1
60 1 1
60 1 1
60 1 1
60 1 1
60 1 1
60 1 1
60 1 1
60 21 1
61 8 1
61 8 0
61 8 1
61 8 1
61 8 1
61 9 0
61 9 1
61 9 1
61 9 1
61 1 1
61 1 0
61 1 1
61 3 1
61 3 0
61 3 0
62 1 1
62 1 1
62 1 1
62 1 1
63 24 1
63 22 1
63 1 1
63 1 1
63 1 1
63 1 1
63 1 1
63 1 1
63 1 1
63 5 1
63 5 1
63 3 1
63 3 1
63 3 1
64 29 0
64 29 1
64 27 0
64 27 0
64 8 0
64 8 1
64 8 1
64 8 1
64 8 1
64 56 1
64 6 1
64 55 1
64 12 1
64 12 0
64 59 1
64 3 1
64 3 1
64 3 0
64 57 1
64 10 1
64 10 1
64 10 1
64 24 1
64 24 1
64 54 1
64 5 1
64 5 1
64 5 0
64 5 1
64 5 1
64 5 1
64 5 1
64 5 1
64 5 1
64 5 1
64 58 0
64 7 0
64 1 1
64 1 1
64 1 1
64 1 1
64 1 1
64 1 1
64 1 0
64 1 1
64 18 1
64 39 1
64 21 1
65 27 1
65 29 1
65 9 0
65 1 1
65 1 1
65 1 1
65 1 1
65 1 1
65 1 1
65 1 1
65 1 1
65 1 1
65 1 1
65 1 1
65 1 1
65 1 1
65 4 0
65 10 1
65 10 1
65 24 1
65 3 1
65 3 0
65 3 1
65 3 1
65 5 0
65 5 1
65 8 0
65 8 0
65 8 1
65 8 1
65 8 0
65 39 0
65 39 0
65 21 1
66 8 0
66 8 1
66 8 1
66 8 0
66 8 0
66 26 0
66 26 0
66 60 0
66 19 1
66 19 1
66 35 0
66 9 0
66 9 1
66 61 1
66 3 1
66 3 1
66 3 0
66 3 0
66 3 0
66 3 1
66 5 1
66 15 0
66 1 1
66 1 1
66 1 1
66 1 1
66 1 1
66 1 1
66 1 1
66 1 1
66 1 1
66 1 0
66 1 1
66 20 1
66 10 1
66 21 1
67 8 0
67 8 1
67 8 1
67 8 1
67 8 1
67 8 0
67 1 1
67 1 1
67 1 1
67 1 1
67 1 1
67 1 1
67 1 1
67 1 1
67 1 1
67 5 1
67 5 1
67 5 1
67 5 1
67 5 1
67 6 1
67 6 1
67 3 1
67 3 1
68 8 1
68 8 0
68 8 0
68 8 1
68 8 1
68 8 0
68 9 0
68 9 1
68 22 1
68 22 1
68 22 1
68 25 1
68 19 0
68 19 1
68 26 1
68 26 1
68 24 1
68 24 1
68 24 1
68 24 1
68 24 1
68 3 1
68 3 1
68 3 0
68 3 0
68 5 1
68 5 1
68 5 1
68 5 1
68 5 1
68 5 1
68 5 1
68 5 1
68 1 1
68 1 1
68 18 1
68 20 1
68 10 0
68 10 1
68 21 1
68 21 1
68 21 1
68 21 1
69 8 1
69 8 1
69 8 1
69 8 1
69 8 0
69 9 1
69 21 1
69 5 1
69 1 1
69 1 1
69 1 1
69 1 1
69 1 1
69 1 1
69 1 1
69 1 1
69 1 1
69 10 1
69 10 1
69 3 1
69 3 0
69 3 1
70 27 0
70 24 1
70 3 1
70 3 1
70 3 1
70 3 1
70 21 1
70 21 1
70 21 1
70 21 1
70 22 1
70 1 1
70 1 1
70 1 1
70 5 1
70 5 1
70 5 0
70 5 1
70 5 0
71 14 1
71 24 1
71 6 1
71 21 1
71 21 1
71 21 1
71 21 1
71 5 1
71 5 1
71 1 1
71 1 1
71 1 1
71 1 1
71 1 1
71 1 1
71 1 1
71 1 0
71 22 1
