1
3,1,1,1,1,1,1,1,1,1,1,1,2,2,2,4,7,7,6,5
1,1,1,1,1,1,1,1,0,1,1,1,0,1,1,1,1,0,0,1
2
1,1,1,1,1,1,1,1,4,4,7,7,7,8,11,11,10,2,2,9
0,1,0,1,1,1,1,1,0,0,0,1,1,0,1,1,1,1,0,0
3
14,14,7,7,7,1,2,2,4,13,6,6,11,11,11,11,12
1,0,1,1,1,1,0,1,1,0,1,1,1,1,1,1,0
4
14,1,1,2,2
0,0,0,0,1
5
7,7,7,1,1,1,1,1,1,1,1,1,1,1,11,11,11,11,2,15,15
1,1,1,1,1,1,1,1,1,1,0,1,1,1,1,1,1,1,0,1,1
6
2
1
7
14,14,16,3,3,1,1,1,1,1,1,1,1,1,1,1,1,1,1,1,1,1,1,1,1,1,1,1,1,1,1,1,1,1,1,1,1,1,1,2,2,2,4,8,8,8,17,6,11,11,11,10
0,1,1,1,1,0,1,1,1,1,1,1,1,1,0,1,1,1,1,1,1,1,1,1,1,0,1,1,1,1,1,1,1,1,1,1,1,1,1,1,1,0,1,1,1,1,1,0,1,1,1,0
8
7,7,1,1,1,1,1,1,1,1,1,1,1,1,1,1,1,1,1,1,1,1,1,1,1,11,11,11,11,2,2,2
1,1,1,1,1,1,1,1,1,1,1,1,1,1,1,1,1,1,1,1,1,1,1,1,1,1,1,1,1,1,0,0
9
1,1,1,1,1,1,1,1,1,1,1,1,1,11
1,1,1,1,1,1,1,1,1,1,1,1,1,1
10
1,1
1,1
11
14,19,1,7,18
1,1,1,0,1
12
14,21,1,1,1,7,7,7,18,18,17,22,10,10,6,2,20
0,1,1,1,1,1,1,1,0,1,0,1,0,0,0,1,1
13
1,1,1,1,1,1,1,1,1,1,1,1
1,1,1,1,1,0,1,1,1,1,1,1
14
23,1,1,1,20
1,1,1,1,0
15
22,1,1,1,11,2,10
0,1,1,1,1,1,1
16
1,1,1,1,1
1,1,1,1,1
17
14,22,1,1,1,7
0,1,1,1,1,1
18
1,1,1,1,1,1,6,2
1,1,1,1,1,1,0,1
19
1,1,1,1,1,11
1,1,1,1,1,1
20
26,2,7,7,7,18,18,18,8,22,25,24
0,1,1,1,1,1,0,1,1,1,1,1
21
8,1,1,1,1,1,1,1,7,18,18
1,1,1,1,1,1,1,1,1,0,1
22
28,28,1,1,1,1,1,1,1,1,1,1,1,1,27
1,1,1,1,1,1,1,1,1,1,1,1,1,1,1
23
1,1,1,1,1,1,1,2,2,2,7,6,6,11,11,11,15
1,1,1,1,1,1,1,1,1,1,1,1,1,1,1,1,1
24
1
1
25
14,1,1,1,1,1,1,1,20,24,18,18
0,1,0,1,1,1,1,1,1,0,0,1
26
14,14,14,30,1,1,1,1,1,1,1,1,1,1,1,1,1,1,1,24,17,17,17,25,26,29,29
1,0,1,1,1,1,1,1,0,1,1,1,1,1,1,1,1,1,1,1,1,1,1,0,1,0,0
27
22,1,1,7,7
1,1,1,1,1
28
16,16,1,1,1,1,1,1,1,1,1,1,1,1,1,1,1,1,1,1,1,1,1,1
1,1,1,1,1,1,1,1,1,1,1,1,1,1,1,1,1,1,1,1,1,1,1,1
29
31,1,1,1,1,1,18,20
1,1,1,1,1,1,1,1
30
14,32,1,1,1,1,1,1,8,18,2
0,0,1,1,0,1,1,1,1,1,1
31
14,1,1,1,1,2,7,7,22,11,20
1,1,1,1,1,1,1,1,1,1,1
32
14,21,1,1,1,1,1,1,1,1,1,1,1,1,1,1,1,1,1,1,1,1,1,24,34,33,35,6,27,2,2
0,1,1,1,1,1,1,1,1,1,1,1,1,1,1,1,1,1,1,1,1,1,1,1,1,1,1,0,1,1,1
33
14,14,16,36,1,1,1,1,1,1,1,1,1,1,1,1,1,11,11,11,4,8,37,7,7,2,15
0,1,1,1,1,1,1,1,0,1,1,1,0,0,1,1,1,1,1,0,0,0,0,1,1,1,1
34
1,1,1,1,1,1
1,1,1,1,1,1
35
23,14,1,1,1,1,1,18
1,1,1,1,1,1,1,1
36
1,1,7,18
1,1,1,1
37
3,1,1,1,1,1,1,1,1,1,1,22,7
0,1,1,1,1,1,1,1,0,1,1,1,1
38
14,14,14,14,1,1,1,1,8
0,1,0,0,1,1,1,1,1
39
17,22,1,1,1,1,2
1,1,1,1,1,1,1
40
1,1,1,1
1,1,1,1
41
1,1,1,1,1,1,1,1,20
1,1,1,1,1,1,1,1,1
42
16,1,1,1,1,1,1,1,1,11,7,7,6,6,2,2
1,1,1,1,1,1,1,1,1,1,1,1,0,1,1,1
43
1,1,1,1,1,1,18
1,1,1,1,1,0,1
44
14,1,1,1,1,1,1,1,1,1,4,2
0,1,1,1,1,1,1,0,1,0,0,0
45
2,2
1,1
46
14,1,1,1,1,1,1,1,1,1,1,1,1,8,17,38,27,2,20
1,1,1,1,1,1,1,1,1,1,1,1,1,0,0,1,1,1,1
47
2,1,1,1,1,1,1,1,1,1,24,24,18,13,19,29,29
1,1,1,1,1,1,1,1,1,1,0,0,1,1,0,1,1
48
1,1
1,1
49
1,1,1,1,1,39,11
1,1,1,1,1,0,1
50
21,1,1,1,1,1,1,1,1,1,1,1,2,2,7,40,22,41,5
1,1,1,1,1,1,1,1,1,1,1,1,1,1,1,1,1,1,1
51
17,1,1,1,1,2,42
0,1,1,1,1,1,1
52
7,7,7,7,18,17,22,11,20
1,1,1,1,0,0,1,1,1
53
17,14,14,14,1,1,1,43,18
0,1,1,0,1,1,1,1,0
54
22,1,1,1,4
1,1,1,1,0
55
36,1,1,1,1,1,1,1,1,1,1,1,7,7,25,27,11,11,15
1,1,1,1,1,1,1,1,1,1,1,1,1,1,0,0,1,1,1
56
1,1,1,1,1,2,11
1,1,1,1,1,0,1
57
1,18
1,1
58
16,16,1,1,1,1,1,1,1,1,1,1,1,1,1,1,34,34,7,7,2,11,11,11,15
1,1,0,1,1,1,1,1,1,1,1,1,1,1,1,1,1,1,0,1,1,1,1,1,1
59
1,29,23,23,10,6,2,20
1,0,0,0,0,0,1,1
60
14,36,1,1,1,1,1,1,1,1,1,1,2,2,2,25,6,44,11
0,1,1,1,1,1,1,0,1,1,1,1,0,1,0,0,1,0,1
61
14,16,16,16,16,16,1,1,1,1,1,1,1,1,1,28,7,7,22,11,11,11,15
0,0,1,1,1,1,0,1,1,1,1,1,1,1,1,1,1,1,1,1,1,1,1
62
16,1,1,1,1,1,1,11,7,7,6,6,2,2,15,15
0,1,1,1,1,1,1,1,1,1,0,1,1,1,1,1
63
23,14,1,1,1,1,1,20
1,0,1,1,1,1,1,1
64
16,16,1,1,1,1,1,1,2,2,7,13,22,11,11,11
1,1,1,1,1,1,1,1,1,0,1,0,1,1,1,1
65
1,1,1,1,1,1,1
1,1,1,1,1,1,0
66
23,1,1,1,1,1,1,1,1,1,2,2,2,2,2,2,2,2,2,2,2,2,2,20,20
0,1,1,1,1,1,1,1,1,1,1,0,0,1,1,1,1,0,0,0,1,0,0,1,0
67
17,1,18
0,1,0
68
23,22,1,1,1,1,7,29
0,1,1,1,1,1,1,0
69
14,16,1,1,1,1,42,29,38
0,0,1,1,1,1,1,1,1
70
10,10,10,1,1,1,2,2,18,18
1,1,1,0,1,1,0,1,0,1
71
22,22,1,1,7,7,7,7,7
1,1,1,1,1,1,1,1,1
72
17,16,1,11,7
0,1,1,1,1
73
14,1,1,1,1,1,1,1,7,7,18,6,45,2,10
0,1,1,1,1,1,1,1,1,1,1,0,1,1,1
74
28,1,1,1,1,1,1,1,1,1,1,1,1,1,1,1,2,2,2,7,7,7,7,7,22,15,11,11,12
1,1,1,1,1,1,1,1,1,1,1,1,1,1,1,1,1,1,1,1,1,1,1,1,1,1,1,1,1
75
16,1,1,1,1,1,1,1,2,2
1,0,1,1,1,1,1,1,1,0
76
14,38,38,1,1,1,1,1,1,18
1,1,1,1,1,1,1,1,1,1
