1 1 1
1 1 1
1 1 1
1 1 1
1 1 1
2 2 1
3 16 1
3 47 0
3 47 1
3 47 0
3 7 1
3 9 0
3 11 1
3 11 1
3 11 1
3 11 0
3 11 1
3 11 1
3 11 1
3 22 1
3 46 0
3 1 1
3 1 1
3 1 1
3 15 1
3 15 1
3 15 1
3 10 1
3 2 0
3 2 1
3 2 1
3 2 1
4 47 0
4 47 1
4 47 0
4 1 1
4 1 1
4 10 1
4 10 1
5 1 1
5 1 1
5 1 1
5 1 1
5 1 1
6 47 1
6 47 0
6 47 0
6 1 1
6 1 1
6 1 1
6 1 1
6 1 1
6 4 1
7 1 1
7 1 1
7 1 1
7 1 1
7 1 1
7 1 1
7 2 1
8 47 0
8 47 0
8 48 0
8 48 1
8 49 0
8 53 1
8 17 0
8 50 1
8 29 1
8 52 0
8 7 1
8 11 1
8 11 1
8 11 1
8 22 1
8 22 1
8 51 0
8 51 1
8 51 1
8 33 0
8 1 1
8 1 1
8 1 1
8 1 1
8 1 1
8 1 1
8 1 1
8 1 1
8 1 1
8 1 1
8 1 1
8 1 1
8 1 1
8 1 1
8 1 1
8 1 1
8 1 1
8 1 1
8 1 1
8 2 0
8 2 0
8 2 1
8 2 0
9 1 1
9 1 1
9 1 1
9 1 1
10 7 1
10 7 1
10 2 1
10 2 1
10 22 1
10 22 1
10 1 0
10 1 1
10 1 1
10 1 1
10 1 1
10 15 1
10 46 1
10 46 1
11 47 1
11 47 1
11 54 1
11 2 1
11 2 1
11 55 1
11 1 1
11 1 1
11 1 1
11 1 1
11 1 1
11 1 1
11 1 1
11 1 1
11 1 1
11 10 1
11 10 1
12 8 0
12 14 0
12 14 0
12 15 0
12 46 1
12 46 1
12 46 1
12 24 0
12 48 0
12 5 1
12 7 1
12 7 1
12 2 1
12 2 1
12 2 0
12 1 1
12 1 1
12 1 1
12 1 1
12 1 1
12 56 0
12 4 1
12 11 1
13 47 0
13 47 1
13 47 0
13 50 1
13 1 1
13 1 1
13 1 1
14 47 1
14 47 1
14 48 1
14 50 1
14 50 1
14 2 1
14 2 1
14 2 1
14 2 1
14 46 1
14 46 1
14 3 1
14 51 1
14 59 1
14 58 0
14 7 1
14 7 1
14 34 1
14 11 1
14 11 1
14 57 1
14 1 1
14 1 1
14 1 1
14 1 1
14 1 1
14 1 1
14 1 1
14 1 1
14 1 1
14 1 1
14 1 1
14 1 1
14 1 1
14 1 1
14 1 1
14 10 1
14 22 1
14 22 1
15 14 0
16 16 1
16 48 1
16 15 1
16 11 1
16 22 1
16 22 1
16 60 1
16 1 1
16 1 1
16 1 1
16 1 1
16 1 1
16 1 1
16 1 1
16 7 1
16 2 1
16 2 1
16 2 1
17 14 0
17 48 1
17 15 1
17 61 0
17 46 1
17 62 1
17 7 1
17 50 1
17 50 1
17 50 0
17 11 1
17 22 1
17 22 1
17 22 1
17 1 1
17 1 1
17 1 1
17 1 1
17 1 1
17 1 1
17 1 1
17 1 1
17 1 1
17 1 1
17 1 1
17 1 1
17 47 1
17 47 1
17 2 1
17 2 1
17 2 1
17 2 1
18 16 1
18 16 0
18 16 1
18 59 0
18 28 1
18 11 1
18 11 1
18 22 1
18 22 1
18 1 1
18 1 1
18 1 1
18 1 1
18 1 1
18 1 1
18 1 1
18 1 1
18 1 1
18 1 1
18 1 1
18 1 1
18 2 1
18 2 0
18 2 1
18 2 1
19 14 0
19 34 1
19 2 0
19 2 1
19 4 0
19 4 1
20 14 0
20 14 0
20 10 1
20 64 1
20 2 1
20 2 1
20 2 0
20 2 1
20 2 1
20 51 1
20 65 1
20 65 1
20 65 1
20 1 1
20 1 1
20 1 1
20 1 1
20 1 1
20 1 0
20 1 1
20 1 1
20 1 1
20 1 1
20 1 1
20 1 1
20 11 1
20 63 1
20 29 0
21 47 0
21 47 1
21 47 0
21 47 0
21 58 0
21 50 1
21 14 0
21 39 1
21 67 1
21 66 0
21 7 1
21 7 1
21 11 1
21 51 1
21 1 1
21 1 1
21 1 1
21 10 1
21 10 1
21 22 1
22 1 1
22 1 1
22 1 1
22 1 1
22 2 0
22 2 1
22 2 1
22 10 0
23 2 1
23 2 1
24 3 0
25 7 1
25 7 1
25 2 0
25 2 1
25 2 1
25 2 1
25 57 0
25 1 1
25 1 1
25 1 0
25 1 0
25 1 1
25 1 1
25 1 1
25 1 1
25 1 1
25 17 1
25 22 1
26 68 1
26 15 1
26 15 1
26 2 1
26 2 1
26 2 0
26 2 1
26 46 1
26 46 1
26 59 1
26 69 0
26 26 0
26 7 1
26 7 1
26 7 1
26 34 1
26 11 1
26 1 1
26 1 1
26 1 1
26 1 1
26 1 1
26 1 1
26 1 1
26 1 1
26 1 1
26 1 1
26 1 1
26 1 1
26 1 1
26 1 1
26 22 1
26 22 1
26 22 1
27 1 1
27 1 1
27 1 1
27 1 1
27 11 1
28 48 1
28 7 1
28 11 1
28 33 1
28 1 1
28 1 1
28 1 1
28 1 1
28 1 1
28 1 1
28 1 0
28 1 1
28 1 1
28 1 1
28 2 1
28 2 1
28 2 0
28 2 1
28 2 1
29 1 1
29 1 1
30 14 0
30 14 0
30 68 1
30 50 0
30 50 1
30 46 1
30 48 1
30 17 0
30 7 1
30 11 1
30 11 1
30 22 1
30 22 1
30 22 1
30 22 1
30 22 1
30 33 1
30 1 1
30 1 1
30 1 1
30 1 1
30 1 1
30 1 1
30 1 1
30 1 1
30 1 1
30 1 1
30 1 1
30 1 1
30 1 1
30 70 0
30 47 1
30 2 1
30 2 1
30 2 1
30 2 1
31 1 1
31 1 1
31 1 1
31 1 1
31 18 0
31 57 0
32 14 1
32 14 0
32 14 0
32 14 0
32 47 0
32 47 0
32 15 1
32 46 0
32 74 1
32 71 0
32 17 1
32 17 0
32 49 0
32 72 1
32 73 0
32 58 0
32 52 0
32 59 1
32 62 1
32 34 0
32 11 1
32 22 1
32 21 0
32 1 1
32 1 1
32 1 1
32 1 1
32 1 1
32 1 1
32 1 1
32 1 0
32 1 1
32 1 1
32 1 1
32 1 1
32 1 1
32 1 1
32 1 1
32 1 1
32 1 1
32 1 1
32 50 1
32 2 0
32 2 1
32 2 1
33 21 0
33 1 1
33 1 1
33 1 1
33 1 1
33 1 1
33 1 1
33 1 1
33 1 1
33 2 0
33 2 1
33 2 0
33 4 1
33 75 1
33 75 1
34 14 0
34 16 1
34 15 1
34 15 1
34 2 1
34 2 1
34 44 1
34 46 1
34 76 1
34 71 1
34 47 1
34 49 1
34 58 0
34 10 1
34 59 1
34 59 1
34 34 1
34 11 1
34 51 1
34 51 1
34 75 1
34 1 1
34 1 1
34 1 1
34 1 1
34 1 1
34 50 0
34 22 1
34 22 1
34 22 1
34 22 1
35 47 1
35 1 1
35 1 1
35 34 1
35 10 1
35 10 0
35 4 1
36 16 1
36 34 0
36 2 1
36 2 1
36 24 0
36 21 1
36 1 1
36 1 1
36 1 1
36 1 1
36 11 1
36 46 1
37 16 1
37 47 1
37 47 1
37 47 0
37 47 0
37 7 1
37 7 1
37 2 1
37 2 1
37 2 1
37 2 0
37 74 0
37 51 0
37 51 1
37 46 1
37 1 1
37 1 1
37 1 1
37 1 1
37 1 1
37 1 1
37 1 1
37 1 1
37 1 1
37 1 1
37 1 1
37 1 1
37 1 1
37 1 1
37 1 1
37 11 1
37 11 1
37 50 1
37 22 1
37 22 1
37 22 1
37 22 1
37 22 1
37 22 1
37 22 1
37 22 1
38 14 0
38 14 0
38 14 0
38 14 1
38 14 0
38 14 1
38 16 1
38 16 1
38 16 1
38 2 0
38 2 1
38 2 1
38 2 1
38 2 0
38 2 1
38 10 1
38 10 1
38 24 0
38 17 1
38 32 1
38 29 0
38 29 1
38 26 1
38 6 0
38 6 0
38 7 1
38 7 1
38 77 1
38 34 0
38 11 1
38 11 1
38 11 1
38 11 1
38 11 1
38 11 1
38 11 1
38 11 0
38 11 1
38 11 1
38 11 1
38 11 1
38 11 1
38 78 1
38 51 1
38 51 1
38 65 1
38 65 0
38 65 0
38 1 1
38 1 1
38 1 1
38 1 1
38 1 1
38 1 1
38 1 1
38 1 1
38 1 1
38 1 1
38 1 1
38 1 1
38 1 1
38 1 1
38 1 1
38 1 1
38 1 1
38 1 1
38 1 1
38 1 1
38 19 1
38 22 1
38 22 1
39 14 0
39 14 0
39 14 0
39 14 0
39 8 1
39 50 1
39 10 1
39 10 1
39 10 1
39 24 1
39 24 1
39 80 1
39 80 1
39 51 1
39 16 1
39 16 1
39 16 1
39 29 0
39 79 1
39 6 0
39 6 0
39 38 1
39 38 1
39 2 1
39 2 1
39 2 1
39 2 1
39 2 1
39 2 1
39 57 1
39 34 0
39 34 0
39 34 0
39 34 1
39 65 1
39 65 0
39 65 0
39 1 1
39 1 1
39 1 1
39 1 1
39 1 1
39 1 1
39 1 1
39 1 1
39 1 1
39 1 1
39 1 1
39 1 0
39 1 1
39 1 1
39 1 1
39 1 1
39 1 0
39 1 1
39 1 1
39 1 1
39 1 1
39 1 1
39 1 1
39 1 1
39 1 1
39 1 1
39 1 1
39 1 1
39 1 1
39 1 1
39 4 1
39 22 1
40 14 1
40 16 1
40 16 1
40 16 1
40 16 1
40 15 1
40 82 0
40 74 1
40 24 0
40 17 1
40 17 0
40 6 0
40 7 1
40 84 0
40 2 1
40 2 1
40 2 1
40 2 1
40 78 1
40 51 1
40 51 0
40 51 1
40 81 1
40 65 1
40 65 1
40 65 0
40 1 1
40 1 1
40 1 1
40 1 1
40 1 1
40 1 1
40 1 1
40 1 1
40 1 1
40 1 1
40 1 1
40 1 1
40 1 1
40 1 1
40 1 0
40 1 1
40 1 1
40 1 1
40 1 1
40 1 1
40 1 1
40 1 1
40 1 1
40 1 1
40 1 1
40 1 1
40 1 1
40 1 1
40 1 1
40 1 1
40 1 1
40 1 1
40 1 1
40 1 1
40 1 1
40 1 1
40 1 1
40 1 1
40 1 1
40 1 1
40 1 1
40 1 1
40 1 1
40 1 1
40 83 1
40 4 1
40 22 1
40 22 1
41 16 1
41 78 0
41 7 1
41 7 1
41 7 1
41 7 1
41 2 1
41 2 1
41 2 1
41 2 0
41 22 1
41 22 1
41 22 1
41 22 1
41 51 1
41 51 0
41 51 0
41 65 1
41 65 0
41 1 1
41 1 1
41 1 1
41 1 1
41 1 1
41 1 1
41 1 1
41 1 1
41 1 1
41 1 1
41 17 0
41 11 1
41 11 1
41 11 1
41 11 1
41 11 1
41 11 1
41 11 1
41 11 1
41 11 1
41 11 1
41 11 1
41 11 1
41 11 1
41 11 1
41 11 1
41 11 1
41 11 0
42 14 1
42 14 1
42 16 1
42 50 0
42 80 1
42 27 1
42 17 1
42 85 1
42 29 0
42 6 0
42 7 1
42 7 1
42 38 1
42 2 1
42 2 1
42 2 0
42 2 1
42 51 0
42 51 1
42 34 1
42 65 1
42 65 0
42 65 1
42 1 1
42 1 0
42 1 1
42 1 1
42 1 1
42 1 1
42 1 1
42 1 1
42 1 1
42 1 1
42 1 1
42 1 1
42 1 1
42 1 1
42 1 1
42 1 1
42 1 0
42 1 0
42 1 1
42 1 1
42 1 1
42 1 0
42 1 1
42 1 1
42 1 1
42 1 1
42 1 1
42 1 1
42 1 1
42 1 1
42 1 1
42 1 1
42 1 1
42 1 1
42 1 1
42 1 1
42 1 1
42 1 1
42 1 1
42 1 1
42 18 1
42 11 1
42 11 0
42 11 1
42 11 1
42 22 1
42 22 1
43 14 1
43 15 1
43 15 1
43 44 1
43 86 0
43 3 1
43 17 0
43 67 1
43 73 0
43 29 0
43 7 1
43 7 1
43 7 1
43 7 1
43 7 1
43 7 1
43 2 1
43 2 0
43 2 1
43 65 0
43 65 1
43 1 1
43 1 1
43 1 1
43 1 1
43 1 1
43 1 1
43 18 1
43 11 1
43 11 0
43 11 1
43 11 1
43 11 1
43 11 1
43 11 1
43 11 1
43 11 1
43 11 1
43 11 1
43 50 0
43 22 1
43 22 1
43 22 1
43 22 1
43 22 1
44 14 1
44 87 0
44 17 1
44 52 0
44 29 1
44 29 0
44 6 0
44 7 1
44 2 1
44 2 1
44 2 0
44 2 1
44 65 1
44 65 0
44 65 0
44 1 1
44 1 1
44 1 1
44 1 0
44 1 1
44 1 1
44 1 1
44 1 1
44 1 1
44 1 1
44 1 1
44 1 1
44 1 1
44 1 1
44 1 1
44 1 1
44 1 1
44 1 1
44 1 1
44 1 1
44 1 1
44 1 1
44 1 1
44 1 1
44 1 1
44 1 1
44 1 1
44 1 1
44 1 1
44 1 1
44 1 1
44 4 0
44 11 1
45 16 1
45 16 1
45 16 1
45 16 1
45 16 1
45 16 1
45 16 1
45 16 1
45 16 1
45 16 1
45 14 0
45 14 0
45 50 1
45 67 1
45 6 1
45 6 0
45 6 0
45 7 1
45 7 1
45 88 1
45 34 1
45 22 1
45 22 1
45 22 1
45 75 1
45 1 1
45 1 1
45 1 1
45 1 1
45 1 0
45 1 1
45 1 1
45 1 1
45 1 1
45 1 1
45 1 1
45 1 0
45 1 1
45 1 1
45 1 1
45 1 1
45 1 1
45 1 1
45 1 1
45 1 1
45 1 1
45 1 1
45 1 1
45 1 1
45 1 1
45 1 1
45 1 1
45 1 1
45 1 1
45 1 0
45 1 1
45 1 1
45 1 1
45 1 1
45 18 1
45 18 1
45 8 1
45 8 1
45 8 1
45 80 1
45 80 0
45 25 0
45 29 0
45 2 1
45 2 1
45 2 1
45 2 1
45 2 0
45 2 0
45 2 0
45 2 0
45 2 0
45 51 1
45 51 1
45 51 1
45 51 1
45 65 1
45 65 1
45 65 1
45 65 1
45 65 1
45 65 0
45 64 0
45 10 1
45 10 1
45 10 1
45 10 1
45 10 1
45 10 1
45 10 1
45 11 0
46 1 1
46 1 1
46 1 1
46 1 1
46 89 1
46 29 0
47 14 1
47 50 1
47 1 1
47 1 1
47 1 1
47 1 1
47 1 1
47 1 1
47 1 1
47 1 0
47 1 1
47 1 1
47 1 1
47 1 1
47 1 1
47 1 1
47 1 1
47 1 1
47 1 1
47 1 1
47 1 1
47 1 1
47 1 1
47 1 1
47 1 1
47 1 1
47 1 1
47 1 1
47 1 1
47 1 1
47 1 1
47 1 1
47 1 1
47 1 1
47 1 1
47 1 1
47 1 1
47 1 1
47 1 1
47 1 1
47 17 1
47 52 1
47 7 1
47 7 1
47 34 1
47 11 1
47 11 1
47 11 1
47 11 1
47 11 1
47 2 1
47 2 1
47 2 1
47 51 1
47 65 1
47 65 0
47 65 0
47 28 1
47 22 1
48 14 1
48 44 1
48 85 1
48 1 1
48 1 1
48 1 1
48 1 1
48 1 1
48 1 1
48 1 1
48 1 1
48 1 0
48 1 1
48 1 1
48 1 1
48 1 1
48 1 1
48 1 1
48 1 1
48 1 1
48 1 1
48 1 1
48 1 1
48 1 1
48 1 1
48 1 1
48 1 1
48 1 1
48 1 1
48 1 1
48 1 1
48 1 1
48 1 1
48 1 1
48 1 1
48 1 1
48 1 1
48 1 1
48 1 1
48 1 1
48 90 1
48 52 1
48 29 1
48 29 1
48 6 0
48 6 1
48 2 1
48 2 1
48 2 1
48 2 1
48 2 1
48 2 1
48 2 1
48 51 1
48 21 0
48 65 1
48 65 1
48 65 0
48 65 0
48 64 1
48 11 1
48 11 1
48 11 1
48 11 1
48 22 1
48 22 1
49 14 0
49 14 0
49 16 1
49 16 1
49 85 0
49 91 0
49 29 0
49 29 0
49 7 1
49 2 1
49 2 1
49 2 1
49 2 1
49 2 1
49 2 1
49 2 0
49 51 1
49 51 0
49 51 1
49 51 1
49 51 1
49 51 1
49 51 1
49 51 1
49 21 1
49 65 1
49 65 1
49 65 1
49 65 1
49 1 1
49 1 0
49 1 1
49 1 1
49 1 1
49 1 1
49 1 1
49 1 1
49 1 1
49 1 1
49 1 1
49 1 1
49 1 1
49 1 1
49 1 1
49 1 1
49 1 1
49 1 1
49 1 1
49 1 1
49 1 1
49 1 1
49 1 1
49 1 1
49 1 1
49 1 1
49 1 1
49 1 1
49 1 1
49 1 1
49 1 1
49 1 1
49 1 1
49 1 1
49 1 1
49 1 1
49 1 1
49 1 1
49 1 1
49 1 1
49 1 1
49 1 1
49 1 1
49 18 1
49 11 1
49 11 1
49 13 1
49 22 1
49 22 1
49 22 1
50 52 0
51 16 0
51 2 1
51 2 1
51 2 1
51 2 1
51 3 1
51 51 0
51 17 0
51 27 0
51 65 1
51 65 1
51 1 1
51 1 1
51 1 1
51 1 0
51 1 1
51 1 1
51 1 1
51 1 1
51 1 1
51 1 1
51 1 1
51 1 1
51 1 1
51 1 1
51 1 1
51 1 1
51 92 0
51 73 0
51 11 0
52 14 0
52 14 0
52 16 1
52 15 1
52 15 1
52 9 0
52 17 0
52 17 0
52 7 1
52 7 1
52 7 1
52 7 1
52 7 1
52 7 1
52 7 1
52 77 0
52 38 1
52 2 1
52 2 1
52 2 0
52 2 1
52 2 1
52 2 0
52 2 1
52 2 0
52 2 1
52 2 1
52 2 1
52 2 0
52 51 1
52 51 1
52 51 1
52 93 1
52 65 0
52 65 1
52 65 1
52 65 1
52 65 0
52 65 0
52 65 0
52 1 1
52 1 1
52 1 1
52 1 1
52 1 1
52 1 1
52 1 1
52 1 1
52 1 1
52 1 1
52 1 1
52 1 1
52 11 1
52 11 1
52 11 1
52 11 1
52 11 1
52 11 1
52 11 1
52 11 1
52 11 1
52 11 0
52 11 1
52 11 1
52 11 1
52 11 1
52 4 1
52 22 1
52 22 1
52 22 1
52 22 1
52 22 1
52 22 1
52 22 1
53 14 1
53 7 1
53 7 1
53 7 1
53 2 0
53 2 1
53 34 1
53 22 1
53 3 1
53 65 0
53 65 1
53 65 0
53 1 1
53 1 0
53 1 1
53 1 1
53 1 1
53 1 1
53 1 1
53 1 1
53 1 1
53 1 1
53 1 1
53 1 1
53 17 0
53 11 1
53 11 1
53 11 1
54 17 0
54 92 1
54 52 0
54 6 1
54 7 1
54 7 1
54 7 1
54 7 1
54 77 0
54 22 1
54 22 1
54 22 1
54 22 1
54 22 1
54 21 1
54 1 1
54 1 1
54 1 1
54 1 1
54 1 1
54 1 1
54 1 1
54 1 0
54 1 1
54 1 1
54 1 1
54 1 1
54 1 0
54 1 1
54 1 1
54 1 1
54 1 1
54 1 1
54 1 1
54 1 1
54 1 1
54 1 1
54 1 1
54 1 1
54 83 1
54 4 1
54 4 0
54 4 0
54 85 1
54 95 1
54 95 1
54 24 0
54 24 0
54 74 0
54 32 1
54 29 0
54 94 0
54 2 0
54 2 1
54 2 0
54 2 0
54 51 1
54 51 1
54 65 1
54 19 1
54 11 1
54 11 1
54 11 1
54 11 1
54 11 1
54 11 1
54 11 1
55 16 0
55 16 1
55 16 1
55 16 1
55 14 1
55 14 0
55 50 1
55 17 1
55 26 0
55 7 1
55 7 0
55 7 1
55 88 0
55 38 0
55 38 0
55 22 1
55 22 1
55 22 1
55 22 1
55 22 1
55 22 1
55 22 1
55 84 1
55 1 1
55 1 1
55 1 1
55 1 1
55 1 1
55 1 1
55 1 1
55 1 1
55 1 1
55 1 1
55 1 1
55 1 1
55 1 1
55 1 1
55 1 1
55 1 1
55 1 1
55 1 1
55 1 1
55 1 1
55 83 1
55 85 1
55 44 0
55 80 1
55 52 1
55 52 0
55 29 1
55 97 1
55 10 1
55 98 1
55 2 1
55 2 0
55 2 1
55 2 1
55 2 1
55 2 1
55 2 1
55 2 1
55 96 0
55 51 0
55 51 0
55 65 1
55 65 0
55 19 0
55 11 1
55 11 1
55 11 1
55 11 1
55 11 1
55 11 1
55 11 0
55 11 1
56 14 1
56 14 1
56 14 0
56 16 1
56 16 1
56 50 1
56 46 1
56 46 1
56 27 1
56 15 1
56 15 1
56 6 1
56 6 1
56 7 1
56 7 1
56 7 1
56 7 1
56 7 1
56 22 1
56 22 1
56 22 1
56 22 1
56 22 1
56 22 1
56 22 1
56 22 1
56 57 0
56 1 1
56 1 1
56 1 1
56 1 1
56 1 1
56 1 1
56 1 1
56 1 1
56 1 1
56 1 1
56 1 1
56 1 1
56 1 1
56 4 1
56 36 1
56 53 1
56 24 1
56 3 0
56 3 1
56 99 1
56 99 1
56 100 0
56 2 1
56 2 0
56 2 1
56 2 1
56 2 1
56 51 1
56 85 1
56 65 0
56 65 1
56 65 0
56 11 1
56 11 1
56 11 1
56 11 1
56 11 1
56 11 1
56 11 1
56 11 1
56 11 1
56 11 1
56 11 1
56 11 1
57 14 0
57 95 1
57 46 1
57 92 1
57 6 1
57 7 1
57 7 1
57 34 1
57 2 1
57 2 0
57 2 1
57 2 1
57 2 1
57 2 1
57 2 1
57 2 0
57 22 1
57 22 1
57 22 1
57 22 1
57 22 1
57 51 1
57 65 1
57 65 1
57 1 1
57 1 1
57 1 1
57 1 1
57 1 1
57 1 1
57 1 1
57 1 1
57 1 1
57 1 1
57 1 1
57 1 1
57 1 0
57 1 1
57 1 1
57 1 1
57 1 1
57 1 1
57 1 1
57 1 1
57 1 1
57 1 1
57 1 1
57 1 1
57 1 1
57 1 1
57 1 1
57 1 1
57 1 1
57 1 1
57 1 1
57 1 1
57 1 1
57 1 1
57 1 1
57 1 1
57 1 1
57 83 1
57 11 1
58 14 0
58 14 1
58 14 0
58 14 1
58 16 0
58 16 1
58 16 1
58 50 1
58 17 0
58 92 0
58 6 0
58 6 0
58 6 1
58 7 1
58 7 1
58 7 1
58 7 1
58 7 1
58 13 1
58 1 1
58 1 1
58 1 1
58 1 1
58 1 0
58 1 1
58 1 1
58 1 1
58 1 1
58 1 1
58 1 1
58 1 1
58 18 1
58 4 1
58 4 1
58 53 1
58 44 1
58 25 1
58 2 1
58 2 1
58 2 1
58 2 1
58 2 1
58 2 1
58 2 0
58 2 1
58 22 0
58 22 1
58 22 1
58 22 1
58 22 1
58 22 1
58 22 1
58 22 1
58 22 1
58 51 0
58 51 0
58 51 1
58 51 1
58 65 0
58 65 1
58 54 1
58 41 0
58 10 0
58 10 1
58 10 1
58 11 1
58 11 1
58 11 1
58 11 1
58 11 1
58 11 1
58 11 1
58 11 1
58 11 1
58 11 1
58 11 1
58 11 1
59 14 0
59 16 1
59 16 1
59 16 1
59 16 1
59 16 1
59 80 1
59 92 1
59 29 1
59 7 1
59 84 1
59 11 1
59 11 1
59 11 0
59 11 1
59 11 1
59 2 1
59 2 1
59 2 1
59 2 0
59 2 1
59 2 0
59 2 0
59 65 1
59 65 1
59 65 1
59 65 1
59 65 0
59 1 1
59 1 1
59 1 1
59 1 1
59 1 1
59 1 1
59 1 1
59 1 1
59 1 0
59 1 1
59 1 1
59 1 1
59 1 1
59 1 1
59 1 1
59 1 1
59 1 1
59 1 1
59 1 1
59 1 1
59 1 1
59 1 1
59 18 1
59 83 1
59 22 1
59 22 1
59 22 1
59 22 1
59 22 1
59 22 1
59 22 1
59 22 1
60 6 0
60 7 1
60 7 1
60 2 1
60 2 1
60 51 1
60 52 0
60 65 0
60 1 1
60 1 1
60 1 1
60 1 1
60 1 1
60 1 1
60 1 1
60 1 1
60 1 1
60 1 1
60 1 1
60 1 0
60 1 1
60 1 1
60 1 1
60 1 1
60 1 1
60 1 1
60 1 1
60 1 1
60 1 1
60 1 1
60 11 1
60 11 1
60 11 1
60 11 1
60 22 1
60 22 1
61 14 1
61 14 1
61 7 1
61 7 1
61 1 1
61 1 1
61 2 1
61 2 0
61 2 1
61 22 1
61 22 1
61 22 1
61 84 1
61 54 1
61 83 1
61 10 1
61 10 0
61 11 1
61 11 1
61 11 1
61 11 1
61 11 1
62 14 0
62 14 1
62 46 1
62 101 0
62 35 0
62 92 1
62 29 1
62 6 1
62 7 1
62 7 1
62 7 1
62 34 0
62 34 1
62 34 1
62 2 0
62 2 1
62 2 1
62 2 1
62 51 1
62 51 1
62 65 1
62 65 1
62 65 1
62 65 0
62 1 1
62 1 1
62 1 1
62 1 1
62 1 1
62 1 1
62 1 1
62 1 1
62 1 1
62 11 1
62 11 1
62 11 1
62 11 1
62 11 1
62 11 1
62 11 1
62 22 1
62 22 1
62 22 1
63 14 0
63 68 0
63 50 1
63 17 1
63 85 1
63 6 1
63 88 1
63 88 0
63 2 1
63 2 0
63 2 1
63 2 1
63 2 1
63 2 0
63 2 0
63 2 1
63 51 0
63 51 0
63 51 0
63 65 1
63 65 1
63 65 1
63 65 1
63 65 1
63 1 1
63 1 1
63 1 1
63 1 1
63 1 0
63 1 1
63 1 0
63 1 1
63 1 1
63 1 1
63 1 1
63 1 1
63 1 1
63 1 1
63 1 1
63 1 1
63 1 1
63 1 1
63 1 1
63 1 1
63 1 1
63 1 1
63 1 1
63 1 1
63 1 1
63 1 1
63 1 1
63 1 1
63 1 1
63 1 1
63 1 1
63 1 1
63 1 1
63 1 1
63 1 1
63 1 1
63 1 1
63 1 1
63 1 1
63 83 1
63 16 1
64 2 1
65 68 1
65 85 1
65 17 1
65 17 1
65 52 0
65 7 1
65 2 1
65 2 1
65 2 1
65 2 0
65 2 1
65 22 1
65 22 1
65 22 1
65 22 1
65 22 1
65 51 1
65 51 1
65 51 1
65 21 1
65 65 1
65 1 1
65 1 1
65 1 1
65 1 1
65 1 1
65 1 1
65 1 1
65 1 0
65 1 1
65 1 1
65 1 1
65 1 0
65 1 1
65 1 0
65 1 1
65 1 1
65 1 1
65 1 1
65 1 1
65 1 1
65 1 1
65 1 1
65 1 1
65 1 1
65 1 1
65 1 1
65 1 1
65 1 1
65 1 1
65 1 1
65 1 1
65 1 0
65 1 1
65 1 1
65 1 1
65 1 1
65 1 1
65 1 1
65 11 1
65 11 0
66 14 0
66 14 0
66 14 0
66 8 0
66 50 0
66 102 1
66 102 1
66 3 1
66 3 0
66 3 1
66 24 0
66 80 1
66 40 0
66 32 1
66 9 1
66 34 0
66 34 1
66 2 1
66 2 1
66 2 0
66 22 1
66 21 0
66 21 0
66 93 1
66 65 0
66 65 0
66 1 1
66 1 1
66 1 1
66 1 1
66 1 1
66 1 1
66 1 1
66 1 1
66 1 1
66 1 1
66 1 1
66 1 0
66 1 1
66 1 1
66 1 1
66 1 1
66 1 1
66 1 1
66 1 1
66 1 1
66 1 1
66 1 1
66 1 1
66 4 1
66 11 1
67 16 1
67 50 1
67 82 1
67 17 0
67 17 1
67 17 1
67 17 0
67 84 1
67 84 0
67 88 0
67 2 1
67 2 1
67 2 0
67 2 0
67 2 1
67 2 0
67 2 1
67 2 0
67 2 0
67 2 1
67 51 0
67 51 1
67 33 1
67 33 0
67 75 0
67 65 1
67 65 1
67 65 1
67 65 0
67 1 1
67 1 1
67 1 1
67 1 1
67 1 1
67 1 1
67 1 1
67 1 0
67 1 1
67 1 1
67 1 1
67 1 1
67 1 1
67 1 1
67 1 1
67 1 1
67 1 1
67 1 1
67 1 0
67 1 1
67 1 1
67 1 1
67 1 1
67 1 1
67 1 1
67 1 1
67 1 1
67 1 1
67 1 1
67 1 1
67 1 1
67 1 1
67 1 1
67 1 1
67 1 1
67 1 1
67 1 1
67 1 1
67 1 1
67 1 1
67 1 1
67 1 1
67 1 1
67 1 1
67 1 1
67 1 1
67 1 1
67 1 1
67 1 1
67 1 1
67 18 1
67 83 1
67 10 1
67 11 0
68 14 0
68 14 0
68 14 0
68 16 1
68 16 1
68 46 1
68 87 1
68 17 0
68 92 1
68 29 0
68 29 0
68 29 1
68 7 1
68 7 1
68 7 1
68 7 1
68 2 1
68 2 1
68 2 1
68 2 0
68 2 1
68 2 0
68 22 1
68 22 1
68 22 1
68 22 1
68 22 1
68 22 1
68 51 1
68 65 0
68 65 1
68 65 1
68 65 1
68 65 1
68 65 0
68 65 0
68 1 1
68 1 1
68 1 1
68 1 1
68 1 1
68 11 1
68 11 1
68 11 1
68 11 1
68 11 1
68 11 1
68 11 1
68 11 1
68 4 1
68 13 1
69 16 1
69 15 1
69 15 1
69 1 0
69 1 1
69 1 1
69 52 0
69 7 1
69 7 1
69 7 1
69 7 1
69 2 1
69 2 0
69 2 1
69 22 1
69 22 1
69 22 1
69 22 1
69 22 1
69 22 1
69 22 1
69 22 1
69 51 1
69 85 1
69 65 1
69 65 0
69 103 1
69 18 1
69 4 1
69 11 1
69 11 1
69 11 1
69 11 1
69 11 1
69 11 1
69 11 1
70 50 0
70 77 0
70 11 1
70 24 0
70 51 1
70 101 1
70 65 0
70 65 1
70 1 1
70 1 1
70 1 1
70 1 1
70 1 1
70 1 1
70 1 1
70 1 1
70 1 1
70 1 1
70 1 1
70 2 0
70 85 1
70 22 1
70 22 1
71 14 0
71 1 1
71 1 1
71 2 1
71 2 1
72 1 1
73 8 1
73 16 1
73 16 0
73 15 1
73 15 1
73 105 0
73 14 0
73 80 1
73 17 0
73 92 1
73 92 1
73 73 0
73 6 0
73 104 1
73 84 1
73 2 0
73 2 1
73 2 0
73 2 1
73 2 0
73 2 1
73 2 1
73 51 0
73 7 1
73 65 1
73 65 1
73 65 1
73 65 1
73 65 1
73 65 0
73 65 0
73 65 1
73 65 0
73 65 0
73 1 1
73 1 1
73 1 1
73 1 1
73 1 1
73 1 1
73 1 1
73 1 1
73 1 1
73 1 1
73 1 1
73 1 1
73 1 1
73 1 1
73 1 1
73 1 1
73 1 1
73 1 1
73 1 1
73 1 1
73 1 1
73 1 1
73 1 1
73 1 1
73 1 1
73 1 1
73 1 1
73 1 1
73 1 1
73 1 1
73 1 1
73 1 1
73 1 1
73 1 1
73 1 1
73 1 1
73 1 1
73 1 1
73 13 0
73 10 0
73 10 1
73 22 1
73 22 1
73 22 1
73 22 1
74 14 0
74 14 0
74 14 0
74 14 0
74 68 1
74 46 1
74 46 1
74 74 0
74 17 0
74 7 1
74 7 1
74 7 1
74 7 1
74 7 1
74 7 1
74 7 1
74 7 1
74 34 0
74 2 1
74 2 0
74 2 1
74 2 1
74 2 1
74 22 1
74 22 1
74 22 1
74 22 1
74 22 1
74 22 1
74 51 0
74 51 0
74 51 0
74 33 0
74 65 0
74 65 1
74 65 0
74 106 1
74 4 1
74 11 1
74 11 1
74 11 1
74 11 1
74 11 1
74 11 1
74 11 1
74 11 1
74 11 1
74 11 1
74 11 1
75 14 1
75 7 1
75 2 1
75 2 1
75 2 1
75 2 0
75 2 1
75 51 1
75 51 0
75 36 0
75 65 0
75 65 1
75 65 0
75 1 1
75 1 1
75 1 1
75 1 1
75 1 1
75 1 1
75 1 1
75 1 1
75 1 1
75 1 1
75 1 1
75 1 1
75 1 0
75 1 0
75 1 1
75 1 1
75 1 1
75 1 1
75 1 1
75 1 1
75 1 1
75 1 1
75 1 1
75 1 1
75 1 1
75 1 1
75 1 1
75 1 1
75 1 1
75 1 1
75 1 1
75 1 1
75 1 1
75 17 0
75 11 1
75 11 1
75 4 0
75 22 1
75 22 1
75 22 1
76 14 1
76 14 0
76 14 1
76 14 1
76 16 1
76 29 0
76 29 1
76 6 0
76 7 1
76 7 1
76 7 1
76 84 0
76 84 0
76 2 1
76 2 1
76 2 1
76 22 0
76 22 1
76 22 1
76 51 0
76 51 0
76 51 1
76 51 1
76 65 1
76 65 0
76 65 0
76 1 1
76 1 1
76 1 1
76 1 1
76 1 1
76 1 1
76 1 1
76 1 1
76 1 1
76 1 1
76 1 1
76 1 1
76 1 0
76 1 1
76 1 1
76 1 1
76 1 1
76 1 1
76 1 1
76 1 1
76 1 1
76 1 1
76 1 1
76 1 1
76 1 1
76 1 1
76 1 1
76 83 1
76 11 1
77 16 1
77 15 1
77 15 1
77 2 1
77 2 0
77 2 1
77 2 1
77 2 1
77 46 1
77 73 1
77 7 1
77 7 1
77 7 1
77 7 1
77 7 1
77 7 0
77 7 1
77 9 1
77 89 1
77 22 1
77 22 1
77 22 1
77 22 1
77 22 1
77 22 1
77 22 1
77 22 1
77 22 1
77 22 1
77 51 1
77 65 1
77 65 1
77 65 1
77 65 0
77 65 0
77 1 1
77 4 1
77 11 1
77 11 1
77 11 1
77 11 1
77 11 1
77 11 1
77 11 1
77 11 1
77 11 1
77 11 1
77 11 1
77 11 1
77 11 1
77 11 1
77 11 1
77 11 1
77 11 1
77 11 1
78 14 0
78 14 1
78 14 0
78 14 1
78 50 1
78 46 1
78 74 1
78 65 1
78 65 1
78 52 1
78 15 1
78 15 1
78 6 1
78 6 1
78 77 1
78 38 1
78 2 1
78 2 0
78 2 0
78 2 1
78 2 1
78 2 1
78 2 1
78 2 1
78 51 1
78 51 1
78 84 1
78 11 1
78 11 1
78 11 1
78 11 1
78 11 1
78 11 1
78 11 1
78 11 1
78 11 1
78 11 1
78 1 1
78 1 1
78 1 1
78 1 1
78 1 1
78 1 1
78 1 1
78 1 1
78 1 1
78 1 1
78 1 1
78 1 1
78 1 1
78 1 1
78 1 1
78 1 1
78 1 1
78 1 1
78 1 1
78 1 1
78 1 1
78 1 1
78 1 1
78 1 1
78 1 1
78 1 1
78 1 1
78 1 1
78 1 1
78 83 1
78 22 1
78 22 1
78 22 1
78 22 1
78 22 1
78 22 1
78 22 1
78 22 1
79 14 0
79 14 1
79 15 1
79 15 1
79 1 1
79 1 1
79 1 1
79 1 1
79 1 1
79 1 1
79 1 1
79 1 1
79 1 1
79 1 1
79 1 1
79 1 1
79 1 0
79 1 1
79 1 1
79 1 1
79 1 1
79 1 1
79 1 1
79 1 1
79 1 1
79 1 1
79 1 1
79 24 1
79 32 1
79 7 1
79 2 1
79 2 1
79 2 1
79 2 1
79 51 1
79 51 1
79 51 1
79 65 0
79 65 1
79 65 0
79 65 1
79 64 0
79 11 1
79 11 1
79 11 1
79 11 1
79 22 1
80 14 0
80 14 1
80 14 0
80 16 1
80 16 1
80 85 1
80 107 1
80 86 0
80 80 1
80 25 1
80 17 0
80 19 0
80 79 1
80 7 1
80 7 1
80 7 1
80 7 1
80 7 1
80 34 1
80 34 1
80 2 1
80 2 0
80 2 1
80 2 0
80 2 0
80 2 0
80 2 0
80 2 1
80 2 1
80 2 0
80 22 1
80 22 1
80 22 1
80 22 1
80 22 1
80 22 1
80 51 1
80 51 1
80 51 1
80 51 1
80 65 0
80 65 1
80 65 1
80 65 1
80 65 1
80 1 1
80 1 1
80 1 1
80 1 1
80 1 1
80 1 1
80 1 1
80 1 1
80 1 1
80 1 0
80 1 1
80 1 1
80 1 1
80 1 1
80 1 1
80 1 1
80 1 1
80 1 1
80 1 1
80 1 1
80 1 1
80 1 1
80 1 1
80 1 1
80 1 1
80 1 1
80 1 1
80 1 1
80 1 1
80 1 1
80 1 1
80 1 1
80 1 1
80 1 1
80 1 1
80 1 1
80 1 1
80 1 1
80 1 1
80 18 1
80 4 0
80 4 0
80 11 1
80 11 0
80 11 1
81 14 0
81 14 0
81 14 0
81 14 0
81 8 0
81 15 1
81 3 0
81 17 0
81 50 1
81 6 0
81 7 1
81 7 1
81 84 1
81 84 1
81 34 1
81 34 1
81 2 1
81 2 1
81 2 0
81 2 1
81 2 1
81 2 0
81 22 1
81 22 1
81 51 1
81 33 0
81 21 1
81 21 1
81 65 1
81 65 1
81 65 0
81 1 1
81 1 1
81 1 1
81 1 1
81 1 1
81 1 1
81 1 1
81 1 1
81 1 1
81 1 0
81 1 1
81 1 1
81 1 1
81 1 1
81 1 1
81 1 1
81 1 1
81 1 1
81 1 1
81 1 1
81 1 1
81 1 1
81 1 1
81 1 1
81 1 1
81 1 1
81 1 1
81 1 1
81 1 1
81 1 1
81 1 1
81 1 1
81 1 1
81 1 1
81 1 1
81 1 1
81 1 1
81 1 1
81 1 1
81 1 1
81 1 1
81 1 1
81 4 1
81 4 1
81 11 1
82 16 1
82 46 1
82 46 1
82 92 0
82 52 1
82 52 0
82 6 0
82 7 1
82 7 1
82 77 1
82 38 0
82 11 0
82 11 1
82 51 1
82 51 1
82 75 0
82 75 0
82 65 0
82 65 0
82 65 0
82 1 1
82 1 1
82 1 1
82 1 0
82 1 1
82 1 1
82 1 1
82 1 1
82 1 1
82 1 1
82 1 1
82 1 1
82 1 1
82 18 0
82 2 1
82 2 1
83 16 1
83 16 1
83 16 1
83 50 1
83 46 1
83 3 0
83 6 1
83 92 0
83 85 1
83 79 0
83 23 1
83 7 1
83 84 1
83 88 0
83 2 1
83 2 1
83 2 1
83 2 0
83 2 1
83 2 1
83 2 1
83 2 1
83 2 0
83 2 1
83 51 1
83 51 1
83 65 1
83 65 1
83 65 1
83 65 1
83 65 1
83 65 0
83 1 1
83 1 1
83 1 1
83 1 1
83 1 0
83 1 1
83 1 1
83 1 1
83 1 1
83 1 1
83 1 1
83 1 1
83 1 1
83 1 1
83 1 0
83 1 1
83 1 1
83 1 1
83 1 1
83 1 1
83 1 1
83 1 1
83 1 1
83 1 1
83 1 1
83 1 1
83 1 1
83 1 1
83 1 1
83 1 1
83 1 1
83 1 1
83 1 1
83 1 1
83 1 1
83 1 1
83 1 1
83 1 1
83 1 1
83 11 1
83 22 1
84 14 0
84 14 0
84 10 1
84 64 1
84 2 1
84 2 1
84 2 0
84 2 1
84 2 1
84 51 1
84 65 1
84 65 1
84 65 1
84 1 1
84 1 1
84 1 1
84 1 1
84 1 1
84 1 0
84 1 1
84 1 1
84 1 1
84 1 1
84 1 1
84 1 1
84 11 1
84 63 1
84 29 0
85 16 1
85 85 1
85 40 1
85 80 0
85 51 1
85 51 1
85 51 1
85 29 1
85 79 1
85 23 1
85 38 1
85 2 1
85 2 1
85 2 1
85 2 0
85 2 1
85 22 1
85 57 1
85 21 1
85 21 1
85 65 0
85 65 1
85 1 0
85 1 1
85 1 1
85 1 1
85 1 1
85 1 1
85 1 1
85 1 1
85 1 1
85 1 1
85 1 1
85 1 1
85 1 1
85 1 1
85 1 1
85 1 1
85 1 1
85 1 1
85 1 1
85 1 1
85 1 1
85 1 1
85 1 1
85 1 1
85 1 0
85 1 0
85 1 1
85 1 1
85 1 1
85 1 1
85 1 1
85 1 1
85 1 1
85 1 1
85 1 1
85 1 1
85 1 1
85 1 1
85 1 1
85 1 1
85 1 1
85 11 1
86 65 1
86 65 1
86 65 0
86 1 1
86 11 1
86 2 1
86 2 1
86 73 1
87 6 1
87 6 1
87 82 1
87 11 1
87 2 1
87 2 0
87 2 0
87 2 0
87 2 0
87 2 0
87 2 1
87 2 0
87 51 0
87 51 1
87 51 0
87 51 1
87 91 0
87 65 1
87 65 1
87 65 1
87 65 1
87 65 0
87 1 1
87 1 1
87 1 1
87 1 0
87 1 1
87 1 1
87 1 1
87 1 1
87 1 1
87 1 1
87 1 1
87 1 1
87 1 0
87 1 1
87 1 1
87 1 1
87 1 1
87 1 1
87 1 1
87 1 1
87 1 1
87 1 1
87 1 1
87 1 1
87 1 1
87 1 1
87 1 1
87 1 1
87 1 1
87 1 1
87 1 1
87 1 1
87 1 1
87 1 1
87 1 1
87 1 1
87 1 1
87 1 1
87 1 1
87 1 1
87 1 1
87 1 1
87 1 1
87 1 1
87 1 1
87 1 1
87 1 1
87 1 1
87 1 1
87 1 1
87 17 0
87 52 0
87 22 1
87 22 1
88 53 1
88 1 0
88 1 1
88 1 1
88 86 0
88 2 1
88 2 1
88 2 1
88 2 0
88 29 1
88 29 1
88 29 1
88 6 1
88 6 0
88 7 1
88 7 1
88 7 1
88 7 1
88 7 1
88 7 1
88 7 1
88 7 1
88 7 1
88 11 1
88 11 1
88 11 1
88 11 1
88 11 1
88 46 1
88 36 1
88 83 1
88 22 1
88 22 1
88 22 1
88 22 1
88 22 1
89 79 1
89 7 1
89 2 1
89 2 0
89 46 1
89 1 1
89 1 1
89 1 1
89 1 1
89 1 1
89 1 1
89 1 1
89 1 1
89 1 0
89 1 1
89 1 0
89 22 1
89 22 1
90 14 0
90 14 0
90 14 0
90 14 0
90 14 0
90 16 1
90 16 1
90 16 0
90 16 1
90 16 1
90 18 1
90 46 1
90 17 1
90 17 1
90 17 0
90 17 1
90 92 1
90 92 0
90 92 1
90 15 1
90 15 1
90 15 1
90 6 1
90 7 1
90 7 1
90 7 1
90 7 1
90 7 1
90 7 1
90 7 1
90 7 1
90 38 1
90 13 1
90 1 1
90 1 1
90 1 1
90 1 1
90 1 1
90 1 1
90 1 0
90 1 1
90 1 1
90 1 1
90 1 0
90 1 1
90 1 1
90 56 1
90 83 1
90 53 0
90 103 1
90 25 0
90 108 1
90 29 1
90 79 0
90 87 1
90 87 1
90 2 0
90 2 0
90 2 0
90 2 1
90 22 1
90 22 1
90 22 0
90 22 1
90 22 1
90 22 1
90 22 1
90 22 1
90 51 0
90 51 1
90 51 1
90 51 1
90 51 1
90 85 1
90 65 0
90 65 1
90 65 1
90 65 0
90 54 1
90 10 0
90 10 1
90 10 1
90 11 1
90 11 1
90 11 1
90 11 1
90 11 1
90 11 1
90 11 1
90 11 1
90 11 1
90 11 1
90 11 1
90 11 1
90 11 1
90 11 1
90 11 1
90 11 1
90 11 1
90 11 1
91 6 0
91 65 1
91 1 1
91 1 1
91 1 1
91 1 1
91 1 1
91 1 1
91 1 1
91 1 1
91 1 1
91 1 1
91 1 1
91 1 1
91 1 1
91 17 0
91 2 1
91 2 1
91 2 1
91 2 1
92 95 0
93 6 0
93 11 1
93 11 1
93 22 1
93 65 1
93 65 1
93 65 0
93 1 0
93 1 1
93 1 1
93 1 1
93 1 0
93 1 1
93 1 1
93 1 1
93 1 1
93 73 0
93 2 0
93 2 0
94 14 0
94 14 0
94 14 1
94 14 0
94 14 0
94 68 0
94 50 0
94 17 1
94 17 0
94 92 1
94 111 0
94 6 1
94 6 1
94 7 1
94 7 1
94 7 1
94 7 1
94 7 1
94 7 1
94 77 0
94 34 1
94 22 1
94 22 1
94 22 1
94 22 1
94 22 1
94 1 1
94 1 1
94 1 1
94 1 1
94 1 1
94 1 1
94 1 1
94 1 1
94 1 1
94 1 1
94 1 1
94 1 1
94 1 1
94 1 1
94 1 1
94 1 1
94 1 1
94 1 1
94 1 1
94 1 1
94 1 1
94 1 1
94 1 1
94 1 1
94 1 1
94 1 1
94 1 1
94 18 1
94 83 1
94 85 1
94 64 0
94 109 0
94 32 1
94 29 1
94 79 1
94 88 1
94 2 1
94 2 0
94 2 0
94 2 1
94 2 0
94 2 0
94 2 1
94 2 0
94 2 1
94 2 0
94 51 1
94 51 1
94 65 1
94 65 1
94 110 1
94 110 1
94 11 1
94 11 1
94 11 1
94 11 1
94 11 1
94 11 1
95 16 1
95 16 1
95 16 1
95 16 1
95 16 0
95 16 1
95 85 1
95 2 1
95 2 1
95 2 1
95 2 1
95 51 1
95 65 0
95 1 1
95 1 1
95 1 0
95 1 1
95 1 1
95 1 1
95 1 1
95 1 1
95 1 1
95 18 1
96 2 1
96 2 1
96 2 1
96 51 1
96 51 1
96 51 1
96 51 1
96 65 0
96 65 1
96 65 0
96 1 1
96 1 1
96 1 1
96 1 1
96 1 1
96 1 1
96 1 1
96 1 1
96 1 1
96 1 1
96 27 0
96 22 1
96 22 1
96 22 1
97 1 1
98 14 1
98 16 1
98 16 1
98 16 1
98 86 0
98 3 1
98 3 1
98 51 1
98 51 0
98 51 1
98 51 1
98 29 1
98 6 1
98 6 0
98 2 1
98 2 1
98 2 0
98 2 1
98 57 1
98 65 0
98 65 1
98 65 0
98 1 1
98 1 1
98 1 1
98 1 1
98 1 1
98 1 1
98 1 1
98 1 1
98 1 1
98 1 1
98 1 1
98 1 0
98 1 1
98 1 1
98 1 1
98 1 1
98 1 1
98 1 1
98 1 1
98 1 1
98 1 1
98 1 1
98 1 1
98 1 1
98 1 1
98 1 1
98 1 1
98 1 1
98 1 1
98 1 1
98 1 1
98 1 1
98 1 1
98 1 1
98 1 1
98 1 1
98 1 1
98 1 1
98 10 1
99 16 1
99 16 1
99 6 1
99 7 1
99 7 1
99 77 0
99 38 1
99 13 0
99 13 1
99 81 1
99 102 0
99 102 0
99 65 1
99 65 0
99 65 0
99 4 0
99 53 1
99 1 1
99 1 1
99 1 1
99 1 1
99 1 1
99 1 1
99 1 1
99 1 0
99 1 1
99 1 1
99 1 0
99 1 1
99 1 0
99 1 0
99 1 1
99 1 1
99 1 1
99 1 1
99 1 1
99 1 1
99 1 1
99 1 1
99 1 1
99 1 1
99 1 1
99 1 1
99 1 1
99 1 1
99 1 1
99 1 1
99 1 0
99 1 1
99 1 1
99 1 1
99 1 1
99 1 1
99 1 1
99 29 0
99 29 1
99 29 0
99 79 0
99 9 1
99 2 1
99 2 1
99 2 1
99 2 0
99 51 1
99 51 1
99 51 1
99 112 1
99 34 1
99 11 1
99 11 1
99 11 1
99 11 0
99 10 1
99 10 0
99 89 1
100 8 1
100 105 0
100 3 0
100 27 1
100 27 1
100 27 1
100 6 0
100 6 1
100 6 1
100 7 0
100 7 1
100 7 1
100 34 0
100 2 1
100 2 1
100 2 1
100 2 1
100 2 1
100 2 1
100 2 1
100 2 1
100 22 1
100 22 1
100 22 1
100 22 1
100 22 1
100 22 1
100 22 1
100 22 1
100 51 0
100 51 1
100 33 0
100 65 1
100 1 1
100 1 1
100 1 1
100 1 1
100 1 1
100 1 1
100 1 0
100 1 1
100 1 1
100 1 1
100 1 1
100 1 1
100 1 1
100 1 1
100 1 1
100 1 1
100 1 1
100 1 1
100 1 1
100 1 1
100 1 1
100 1 1
100 1 1
100 1 1
100 4 1
100 11 1
100 11 1
100 11 1
100 11 1
100 11 1
100 11 1
100 11 1
100 11 1
100 11 1
100 11 1
100 11 1
101 14 0
101 7 1
101 2 1
101 2 0
101 2 1
101 1 1
101 1 1
101 1 1
101 1 1
101 1 1
101 1 1
101 1 1
101 1 1
101 1 1
101 1 1
101 1 1
101 1 1
101 1 1
101 1 1
101 1 1
101 1 0
101 1 0
101 1 0
101 1 0
101 1 1
101 73 1
101 29 0
102 14 0
102 16 1
102 16 1
102 2 1
102 2 1
102 46 1
102 24 0
102 68 1
102 35 0
102 65 0
102 65 1
102 29 1
102 7 1
102 13 1
102 22 1
102 36 1
102 36 1
102 4 0
102 1 1
102 1 1
102 1 1
102 1 1
102 1 1
102 1 1
102 1 1
102 1 1
102 1 1
102 1 1
102 1 1
102 1 1
102 1 1
102 1 1
102 1 0
102 1 1
102 83 1
102 10 1
102 11 1
102 11 1
102 11 1
102 11 1
103 2 1
103 2 1
103 2 0
104 14 0
104 50 1
104 86 0
104 17 0
104 85 1
104 6 0
104 84 0
104 2 1
104 2 1
104 2 1
104 2 1
104 2 0
104 2 1
104 2 1
104 2 1
104 22 1
104 51 1
104 51 1
104 65 1
104 65 1
104 65 1
104 65 1
104 65 1
104 65 0
104 1 1
104 1 1
104 1 1
104 1 1
104 1 1
104 1 1
104 1 1
104 1 1
104 1 1
104 1 1
104 1 1
104 1 1
104 1 1
104 1 1
104 1 1
104 1 1
104 1 1
104 1 1
104 1 1
104 1 1
104 1 1
104 1 1
104 1 1
104 1 1
104 1 1
104 1 1
104 1 1
104 1 1
104 1 1
104 1 1
104 1 1
104 1 1
104 1 1
104 1 1
104 1 1
104 1 1
104 1 1
104 1 1
104 1 1
104 1 1
104 1 1
104 1 1
104 1 1
104 1 1
104 1 1
104 1 1
104 1 1
104 1 1
104 1 1
104 1 1
104 1 1
104 1 1
104 1 1
104 1 1
104 11 0
104 11 1
105 16 1
105 2 0
105 2 0
105 2 0
105 2 0
105 2 0
105 24 1
105 17 0
105 32 1
105 32 0
105 32 1
105 32 0
105 32 0
105 32 0
105 32 0
105 32 0
105 32 1
105 52 0
105 88 1
105 113 1
105 51 0
105 51 1
105 21 1
105 65 1
105 65 1
105 65 1
105 65 1
105 65 0
105 1 1
105 1 1
105 1 1
105 1 1
105 1 1
105 1 1
105 1 1
105 1 0
105 1 1
105 1 1
105 1 1
105 1 1
105 1 1
105 1 0
105 1 1
105 1 1
105 1 1
105 1 1
105 1 1
105 1 1
105 1 1
105 1 1
105 1 1
105 1 1
105 1 1
105 1 1
105 1 1
105 1 1
105 1 1
105 1 1
105 1 1
105 1 0
105 1 1
105 1 1
105 1 1
105 1 1
105 1 1
105 1 1
105 1 1
105 1 1
105 1 1
105 1 1
105 1 1
105 1 1
105 1 1
105 10 0
105 22 0
105 22 1
106 8 0
106 16 1
106 15 1
106 46 1
106 80 0
106 25 0
106 85 1
106 29 0
106 10 1
106 7 1
106 7 0
106 2 1
106 2 1
106 2 0
106 2 1
106 2 1
106 51 1
106 51 1
106 75 1
106 65 0
106 65 1
106 65 0
106 1 1
106 1 1
106 1 1
106 1 1
106 1 1
106 1 1
106 1 1
106 1 1
106 1 1
106 1 0
106 1 1
106 1 1
106 1 1
106 1 1
106 1 1
106 1 1
106 11 1
106 11 1
106 11 1
106 11 1
106 11 1
106 11 1
106 13 0
106 22 1
106 22 1
107 16 1
107 16 1
107 16 1
107 16 1
107 14 0
107 14 0
107 85 1
107 103 1
107 67 1
107 73 0
107 29 0
107 29 1
107 33 0
107 6 0
107 7 1
107 95 0
107 34 0
107 2 1
107 2 1
107 2 1
107 2 0
107 2 1
107 51 1
107 51 1
107 51 1
107 51 1
107 114 1
107 84 1
107 65 0
107 65 1
107 1 1
107 1 1
107 1 1
107 1 1
107 1 1
107 1 1
107 1 1
107 1 1
107 1 1
107 1 1
107 1 1
107 1 1
107 1 0
107 1 1
107 1 1
107 1 1
107 1 1
107 1 1
107 1 1
107 1 1
107 1 1
107 1 1
107 1 1
107 1 1
107 1 1
107 1 1
107 1 1
107 1 1
107 1 1
107 1 1
107 1 1
107 1 1
107 1 1
107 1 1
107 83 0
107 19 1
107 11 1
107 11 1
107 11 0
108 47 1
108 47 1
108 47 1
108 47 1
108 47 1
108 47 0
108 68 0
108 50 1
108 50 1
108 55 0
108 2 1
108 2 1
108 2 1
108 2 1
108 2 0
108 2 1
108 24 1
108 33 1
108 1 1
108 1 1
108 1 1
108 1 1
108 1 1
108 1 1
108 1 1
108 1 1
108 1 1
108 1 1
108 1 1
108 1 1
108 1 1
108 1 1
108 1 1
108 1 1
108 1 1
108 1 1
108 73 1
108 10 1
108 22 1
108 22 1
109 47 0
109 47 0
109 47 1
109 47 1
109 47 1
109 16 1
109 50 1
109 50 1
109 50 1
109 25 1
109 115 1
109 39 0
109 53 1
109 53 1
109 59 1
109 2 1
109 2 1
109 2 1
109 2 0
109 51 1
109 1 1
109 1 1
109 1 1
109 1 1
109 1 1
109 1 1
109 1 0
109 1 1
109 1 1
109 1 1
109 1 1
109 1 1
109 1 1
109 1 1
109 1 1
109 1 1
109 1 1
109 18 0
109 116 1
109 116 1
109 116 1
109 10 1
109 10 1
109 10 1
109 10 1
109 10 0
109 22 1
110 47 1
110 47 1
110 47 1
110 47 1
110 47 1
110 47 1
110 74 1
110 50 1
110 50 1
110 50 1
110 50 1
110 1 1
110 1 1
110 1 1
110 1 1
110 1 1
110 1 1
110 1 1
110 1 1
110 1 1
110 1 1
110 46 1
110 24 0
110 7 1
110 11 1
110 11 1
110 2 1
110 2 1
110 2 1
110 2 1
110 2 1
110 2 0
110 33 1
110 55 0
110 83 1
110 10 0
110 10 1
110 10 1
110 10 1
110 10 1
110 10 1
110 10 1
110 10 1
110 22 1
110 22 1
110 22 1
110 22 1
110 22 1
110 22 1
110 22 1
110 22 1
110 22 1
110 22 1
110 22 1
110 22 1
111 49 1
111 2 1
111 1 1
111 1 1
111 1 1
111 1 1
111 1 1
111 11 1
111 11 1
111 10 1
111 22 1
111 22 1
112 14 0
112 14 1
112 47 0
112 47 1
112 47 0
112 47 1
112 47 1
112 50 1
112 50 1
112 1 1
112 1 1
112 1 1
112 1 1
112 1 1
112 1 1
112 1 1
112 1 1
112 1 1
112 1 1
112 1 1
112 1 1
112 1 1
112 1 0
112 1 1
112 1 1
112 74 0
112 116 0
112 116 1
112 2 0
112 2 0
112 2 1
112 2 1
112 115 1
112 22 1
112 22 1
112 22 0
112 22 1
112 55 0
112 18 1
112 10 1
112 10 1
112 11 1
113 8 0
113 14 1
113 49 0
113 107 0
113 80 0
113 80 0
113 64 0
113 50 1
113 50 1
113 10 1
113 2 1
113 2 1
113 2 1
113 2 0
113 117 1
113 117 1
113 1 1
113 1 1
113 1 1
113 1 1
113 1 1
113 1 1
113 55 0
113 47 0
113 47 0
113 47 1
113 47 1
113 47 1
113 47 0
113 22 1
113 22 1
114 47 0
114 47 0
114 47 1
114 47 1
114 47 1
114 47 0
114 50 1
114 50 1
114 2 1
114 2 1
114 2 0
114 2 0
114 2 0
114 46 1
114 74 1
114 115 1
114 17 0
114 119 1
114 37 0
114 59 0
114 116 1
114 22 1
114 22 1
114 22 1
114 22 1
114 22 1
114 22 1
114 22 1
114 22 1
114 22 1
114 22 1
114 51 1
114 51 1
114 1 1
114 1 1
114 1 1
114 1 1
114 1 1
114 1 1
114 1 1
114 1 1
114 1 1
114 1 1
114 18 1
114 11 1
114 11 1
114 11 1
114 10 1
114 118 1
115 47 1
115 47 1
115 47 0
115 47 1
115 47 1
115 7 1
115 7 1
115 34 0
115 11 1
115 11 1
115 11 1
115 11 1
115 11 1
115 1 1
115 1 1
115 50 1
115 50 1
115 50 1
115 46 1
116 14 0
116 47 1
116 47 1
116 47 1
116 47 1
116 47 0
116 50 1
116 107 1
116 55 1
116 55 1
116 24 1
116 24 1
116 24 1
116 24 1
116 3 1
116 3 1
116 40 1
116 25 1
116 25 1
116 64 0
116 120 1
116 10 1
116 9 0
116 2 0
116 2 0
116 2 1
116 22 0
116 22 1
116 21 1
116 1 1
116 1 1
116 1 1
116 1 0
116 1 1
116 1 1
116 1 1
116 1 1
116 1 1
116 1 1
116 1 1
116 56 1
116 56 1
116 4 1
116 43 1
117 14 0
117 7 1
117 1 1
117 22 1
117 22 1
117 22 1
117 22 1
117 39 0
117 11 1
117 11 1
117 11 1
118 16 1
118 16 1
118 8 1
118 49 1
118 55 0
118 46 1
118 24 0
118 59 0
118 47 1
118 47 1
118 47 1
118 47 1
118 73 0
118 50 1
118 50 1
118 50 1
118 50 1
118 10 1
118 10 1
118 10 1
118 10 1
118 7 1
118 77 1
118 38 1
118 2 0
118 2 1
118 2 0
118 2 1
118 2 0
118 2 0
118 2 0
118 33 0
118 1 1
118 1 1
118 1 1
118 1 1
118 1 1
118 1 1
118 1 1
118 1 1
118 1 1
118 1 1
118 4 1
118 22 1
119 14 1
119 14 1
119 14 0
119 16 1
119 50 1
119 50 1
119 55 1
119 22 1
119 22 1
119 22 1
119 22 1
119 22 0
119 25 0
119 121 1
119 1 1
119 1 1
119 1 1
119 1 1
119 1 1
119 1 1
119 11 1
119 47 0
119 47 1
119 47 1
119 47 1
119 47 1
119 2 1
119 2 1
119 2 1
119 2 1
119 2 1
119 2 0
120 46 1
120 7 1
120 1 1
120 1 1
120 1 1
120 1 1
120 11 1
120 2 1
121 14 0
121 14 0
121 14 1
121 47 0
121 47 1
121 47 1
121 47 1
121 47 1
121 47 1
121 47 0
121 47 1
121 47 1
121 47 1
121 47 1
121 50 1
121 50 1
121 50 0
121 1 1
121 1 1
121 1 1
121 1 1
121 1 1
121 1 1
121 1 1
121 1 1
121 1 1
121 1 1
121 1 1
121 1 1
121 46 1
121 46 1
121 74 0
121 74 1
121 17 0
121 2 1
121 2 1
121 2 1
121 2 0
121 22 1
121 51 1
121 33 1
121 55 1
121 55 1
121 10 1
121 10 1
121 11 1
121 11 1
122 47 1
122 47 1
122 47 1
122 47 1
122 47 0
122 47 1
122 16 1
122 50 1
122 50 1
122 50 1
122 50 0
122 50 1
122 122 1
122 17 0
122 17 0
122 73 1
122 59 1
122 34 0
122 2 1
122 2 1
122 2 1
122 2 1
122 2 1
122 2 1
122 1 1
122 1 1
122 1 1
122 1 1
122 1 1
122 1 1
122 1 1
122 1 1
122 1 1
122 1 1
122 1 1
122 1 1
122 1 1
122 1 1
122 1 1
122 1 1
122 1 1
122 1 1
122 1 1
122 1 1
122 1 1
122 10 1
122 11 1
123 1 1
123 1 1
123 1 1
123 1 1
123 1 1
123 1 1
123 1 1
124 14 0
124 47 0
124 47 1
124 47 1
124 47 0
124 7 1
124 7 1
124 2 1
124 2 0
124 2 0
124 2 1
124 38 1
124 11 1
124 44 1
124 1 1
124 1 1
124 1 1
124 1 1
124 1 1
124 1 1
124 1 1
124 1 1
124 1 1
124 1 1
124 50 1
124 4 1
124 22 1
124 22 1
124 22 1
124 22 1
124 22 1
124 22 1
124 22 1
124 22 1
124 22 1
125 22 1
125 22 1
125 74 1
125 51 1
125 51 1
125 116 1
125 1 1
125 1 0
125 1 1
125 1 1
125 1 1
125 1 1
125 1 1
125 1 1
125 1 1
125 1 1
125 1 1
125 17 0
125 17 1
125 115 1
126 47 0
126 47 1
126 47 0
126 47 1
126 47 0
126 47 0
126 74 1
126 49 0
126 1 1
126 1 1
126 1 1
126 46 0
126 24 0
126 24 0
126 115 1
126 17 0
126 73 0
126 123 0
126 7 1
126 7 1
126 77 1
126 22 1
126 22 1
126 22 0
126 22 1
126 22 1
126 124 1
126 55 0
126 55 0
126 11 1
126 4 0
126 2 0
126 2 0
126 2 0
127 47 0
127 47 1
127 47 1
127 47 1
127 47 1
127 47 0
127 47 0
127 7 1
127 7 1
127 7 1
127 7 1
127 2 1
127 2 0
127 11 1
127 11 1
127 1 1
127 1 1
127 1 1
127 1 1
127 1 1
127 1 1
127 1 1
127 50 1
127 50 1
127 50 1
127 10 1
127 10 1
127 10 1
127 10 0
127 46 1
128 8 1
128 14 0
128 50 1
128 50 1
128 25 1
128 25 0
128 47 1
128 47 1
128 47 1
128 47 1
128 7 1
128 11 1
128 11 1
128 21 1
128 1 1
128 1 1
128 1 1
128 1 0
128 56 1
128 10 1
128 10 1
128 2 1
128 2 1
129 47 1
129 10 1
129 50 1
129 50 1
129 50 1
129 77 1
129 2 1
129 2 1
129 2 1
129 2 1
129 55 1
129 1 1
129 1 1
129 1 1
129 1 1
129 1 1
129 1 1
129 1 1
129 1 1
129 1 1
129 1 1
129 1 1
129 1 1
129 17 1
129 17 1
129 17 1
129 17 0
129 17 0
129 17 1
129 17 1
129 17 0
129 17 1
129 17 1
129 32 1
129 32 0
129 32 1
129 32 1
129 4 1
130 14 1
130 1 1
130 1 1
130 1 1
130 1 1
130 1 1
130 1 1
130 1 1
130 1 1
130 1 1
130 1 1
130 1 1
130 1 1
130 1 1
130 1 1
130 11 1
131 47 1
131 47 0
131 47 1
131 47 1
131 47 1
131 50 0
131 50 1
131 50 1
131 50 1
131 1 1
131 1 0
131 1 1
131 2 1
131 2 0
131 2 0
132 1 1
132 1 1
132 1 1
132 1 1
133 7 1
133 46 1
133 1 1
133 1 1
133 1 1
133 1 1
133 1 1
133 1 1
133 1 1
133 22 1
133 22 1
133 2 1
133 2 1
133 2 1
134 8 0
134 8 1
134 14 0
134 14 0
134 47 0
134 47 1
134 47 1
134 47 1
134 47 1
134 45 1
134 55 1
134 126 1
134 25 1
134 25 0
134 94 1
134 2 1
134 2 1
134 2 0
134 52 1
134 10 1
134 10 1
134 10 1
134 7 1
134 7 1
134 125 1
134 22 1
134 22 1
134 22 0
134 22 1
134 22 1
134 22 1
134 22 1
134 22 1
134 22 1
134 22 1
134 127 0
134 33 0
134 1 1
134 1 1
134 1 1
134 1 1
134 1 1
134 1 1
134 1 0
134 1 1
134 18 1
134 4 1
134 11 1
135 14 1
135 8 1
135 50 0
135 1 1
135 1 1
135 1 1
135 1 1
135 1 1
135 1 1
135 1 1
135 1 1
135 1 1
135 1 1
135 1 1
135 1 1
135 1 1
135 24 0
135 10 1
135 10 1
135 7 1
135 2 1
135 2 0
135 2 1
135 2 1
135 22 0
135 22 1
135 47 0
135 47 0
135 47 1
135 47 1
135 47 0
135 4 0
135 4 0
135 11 1
136 47 0
136 47 1
136 47 1
136 47 0
136 47 0
136 49 0
136 49 0
136 82 0
136 115 1
136 115 1
136 17 0
136 50 0
136 50 1
136 128 1
136 2 1
136 2 1
136 2 0
136 2 0
136 2 0
136 2 1
136 22 1
136 51 0
136 1 1
136 1 1
136 1 1
136 1 1
136 1 1
136 1 1
136 1 1
136 1 1
136 1 1
136 1 0
136 1 1
136 116 1
136 10 1
136 11 1
137 47 0
137 47 1
137 47 1
137 47 1
137 47 1
137 47 0
137 1 1
137 1 1
137 1 1
137 1 1
137 1 1
137 1 1
137 1 1
137 1 1
137 1 1
137 22 1
137 22 1
137 22 1
137 22 1
137 22 1
137 55 1
137 55 1
137 2 1
137 2 1
138 47 1
138 47 0
138 47 0
138 47 1
138 47 1
138 47 0
138 50 0
138 50 1
138 46 1
138 46 1
138 46 1
138 74 1
138 115 0
138 115 1
138 49 1
138 49 1
138 7 1
138 7 1
138 7 1
138 7 1
138 7 1
138 2 1
138 2 1
138 2 0
138 2 0
138 22 1
138 22 1
138 22 1
138 22 1
138 22 1
138 22 1
138 22 1
138 22 1
138 1 1
138 1 1
138 18 1
138 116 1
138 10 0
138 10 1
138 11 1
138 11 1
138 11 1
138 11 1
139 47 1
139 47 1
139 47 1
139 47 1
139 47 0
139 50 1
139 11 1
139 22 1
139 1 1
139 1 1
139 1 1
139 1 1
139 1 1
139 1 1
139 1 1
139 1 1
139 1 1
139 10 1
139 10 1
139 2 1
139 2 0
139 2 1
140 14 0
140 7 1
140 2 1
140 2 1
140 2 1
140 2 1
140 11 1
140 11 1
140 11 1
140 11 1
140 46 1
140 1 1
140 1 1
140 1 1
140 22 1
140 22 1
140 22 0
140 22 1
140 22 0
141 16 1
141 7 1
141 55 1
141 11 1
141 11 1
141 11 1
141 11 1
141 22 1
141 22 1
141 1 1
141 1 1
141 1 1
141 1 1
141 1 1
141 1 1
141 1 1
141 1 0
141 46 1
142 1 1
142 1 1
142 1 1
142 1 1
142 1 1
142 1 1
142 1 1
142 1 1
142 1 1
142 1 1
142 1 1
142 1 1
142 1 1
142 1 1
142 1 1
142 1 1
142 1 1
142 1 1
142 1 1
142 1 1
142 1 1
142 2 1
142 2 1
143 14 1
143 14 0
143 130 1
143 46 1
143 2 1
143 2 0
143 2 1
143 44 1
143 44 1
143 129 0
143 129 1
143 129 0
143 24 1
143 40 1
143 25 0
143 25 1
143 92 1
143 16 1
143 17 1
143 17 0
143 73 1
143 105 1
143 11 1
143 11 1
143 11 1
143 21 1
143 21 0
143 21 0
143 1 1
143 1 1
143 1 1
143 1 1
143 1 1
143 1 1
143 1 1
143 1 1
143 1 1
143 1 1
143 1 1
143 1 1
143 1 1
143 1 1
143 1 1
143 1 1
143 1 1
143 1 1
143 1 1
143 1 1
143 1 1
143 1 1
143 1 1
143 1 1
143 1 1
143 1 1
143 1 1
143 1 1
143 1 1
143 1 1
143 1 1
143 1 1
143 1 1
143 1 1
143 1 1
143 56 1
143 10 1
143 10 1
143 10 1
143 22 1
143 22 1
144 14 0
144 14 1
144 6 0
144 6 0
144 7 1
144 7 1
144 2 1
144 2 1
144 2 1
144 36 1
144 46 1
144 46 1
144 1 1
144 1 1
144 1 1
144 1 1
144 1 1
144 1 0
144 1 1
144 1 1
144 1 1
144 1 1
144 1 1
144 1 1
144 1 1
144 1 1
144 1 1
144 1 1
144 1 1
144 1 1
144 1 1
144 1 1
144 1 1
144 1 1
144 1 1
144 1 1
144 1 1
144 1 1
144 1 1
144 1 1
144 1 1
144 1 1
144 1 1
144 1 1
144 1 1
144 1 1
144 1 1
144 1 1
144 1 1
144 1 0
144 1 1
144 1 1
144 52 0
144 29 1
144 29 1
144 22 1
144 22 1
145 16 0
145 48 0
145 46 1
145 2 1
145 2 1
145 2 1
145 2 1
145 2 0
145 2 1
145 2 0
145 129 1
145 131 1
145 3 1
145 17 0
145 67 1
145 29 0
145 29 1
145 6 0
145 6 0
145 11 1
145 132 0
145 1 1
145 1 1
145 1 1
145 1 1
145 1 1
145 1 1
145 1 1
145 1 1
145 1 1
145 1 1
145 1 1
145 1 1
145 1 1
145 1 1
145 1 1
145 1 1
145 1 1
145 1 1
145 1 1
145 1 1
145 1 1
145 1 1
145 1 1
145 1 1
145 1 1
145 1 1
145 1 1
145 1 1
145 1 1
145 1 1
145 1 1
145 1 1
145 1 1
145 1 1
145 1 1
145 1 1
145 1 1
145 1 1
145 1 1
145 1 1
145 1 1
145 1 1
145 1 1
145 1 1
145 1 1
145 1 1
145 1 1
145 1 1
145 1 1
145 1 1
145 1 1
145 10 1
145 10 1
145 22 1
146 15 1
146 15 1
146 15 1
146 2 1
146 46 1
146 46 1
146 46 1
146 126 0
146 126 1
146 67 0
146 133 1
146 6 1
146 6 1
146 7 1
146 7 1
146 11 0
146 11 1
146 89 1
146 1 1
146 1 1
146 1 1
146 1 1
146 1 1
146 1 1
146 1 1
146 1 1
146 1 1
146 1 1
146 1 1
146 1 1
146 1 1
146 1 1
146 1 1
146 1 0
146 1 1
146 1 1
146 1 1
146 1 1
146 1 1
146 1 1
146 1 1
146 1 1
146 1 1
146 83 1
146 10 0
146 22 1
146 22 1
146 22 1
147 14 1
147 14 1
147 107 1
147 134 1
147 40 1
147 40 1
147 52 0
147 39 1
147 39 1
147 39 1
147 17 1
147 5 0
147 6 1
147 6 1
147 7 1
147 7 1
147 7 1
147 7 1
147 7 1
147 7 1
147 77 1
147 22 1
147 57 1
147 93 1
147 1 1
147 1 1
147 1 0
147 1 1
147 1 1
147 1 0
147 1 1
147 1 1
147 1 1
147 1 1
147 1 1
147 1 1
147 1 0
147 1 1
147 1 1
147 1 1
147 1 1
147 1 1
147 1 1
147 1 1
147 1 1
147 1 1
147 1 1
147 1 1
147 1 1
147 1 1
147 1 1
147 1 1
147 1 1
147 1 1
147 1 1
147 1 1
147 83 1
147 83 1
147 106 1
147 15 0
147 15 1
147 15 1
147 45 1
147 24 1
147 24 0
147 24 1
147 3 1
147 3 1
147 3 1
147 80 1
147 80 1
147 25 1
147 25 0
147 110 1
147 26 0
147 29 1
147 118 1
147 9 1
147 2 1
147 2 0
147 2 1
147 33 0
147 33 1
147 33 1
147 33 1
147 4 1
147 4 1
147 4 1
147 4 1
147 64 1
147 64 1
147 64 1
147 135 1
147 11 1
147 11 1
147 11 1
148 16 1
148 16 1
148 16 1
148 14 1
148 15 1
148 95 1
148 17 0
148 7 1
148 7 1
148 2 1
148 2 1
148 51 1
148 36 1
148 1 1
148 1 0
148 1 1
148 1 1
148 1 1
148 1 1
148 1 1
148 1 1
148 1 1
148 1 1
148 1 1
148 1 1
148 1 1
148 1 1
148 1 1
148 1 1
148 1 1
148 1 1
148 1 1
148 1 1
148 1 1
148 1 1
148 1 1
148 1 1
148 1 1
148 1 1
148 1 1
148 1 1
148 11 0
148 22 1
148 22 1
149 14 1
149 15 1
149 2 0
149 2 1
149 2 1
149 2 1
149 2 1
149 2 1
149 2 1
149 46 1
149 92 1
149 67 1
149 67 1
149 52 0
149 29 1
149 29 0
149 7 1
149 7 1
149 7 1
149 77 1
149 22 1
149 22 1
149 22 1
149 22 1
149 22 1
149 22 1
149 22 1
149 51 1
149 51 1
149 33 1
149 1 1
149 1 1
149 1 1
149 1 1
149 1 1
149 1 1
149 1 1
149 1 1
149 1 1
149 1 1
149 1 1
149 1 1
149 1 1
149 1 1
149 1 1
149 1 1
149 1 1
149 1 1
149 1 1
149 1 1
149 1 1
149 1 1
149 1 0
149 50 0
149 11 1
149 11 1
149 11 1
150 16 1
150 16 0
150 14 1
150 14 0
150 14 0
150 14 0
150 14 1
150 14 1
150 46 1
150 46 1
150 126 1
150 73 1
150 133 1
150 133 1
150 6 1
150 6 0
150 6 0
150 7 1
150 7 1
150 7 1
150 7 1
150 7 1
150 7 1
150 38 1
150 22 1
150 22 1
150 22 1
150 22 1
150 22 1
150 22 1
150 21 1
150 21 1
150 1 1
150 1 1
150 1 1
150 1 1
150 1 1
150 1 1
150 1 1
150 1 0
150 1 1
150 1 0
150 1 1
150 1 1
150 1 1
150 1 1
150 1 1
150 1 1
150 1 1
150 1 1
150 1 1
150 1 1
150 1 1
150 1 1
150 1 1
150 1 1
150 1 1
150 1 1
150 1 1
150 1 1
150 1 1
150 1 1
150 1 1
150 1 1
150 1 1
150 83 0
150 4 0
150 4 1
150 36 1
150 8 0
150 8 1
150 15 1
150 15 1
150 15 1
150 15 1
150 45 1
150 3 1
150 52 0
150 52 1
150 29 0
150 29 1
150 29 0
150 2 0
150 2 0
150 2 1
150 2 1
150 2 1
150 2 0
150 2 1
150 51 1
150 51 1
150 85 1
150 64 0
150 64 0
150 10 1
150 10 1
150 10 1
150 11 1
150 11 1
150 11 1
150 11 1
150 11 1
151 14 0
151 16 0
151 46 1
151 46 1
151 1 1
151 1 1
151 1 1
151 1 1
151 1 1
151 1 1
151 1 1
151 1 0
151 1 1
151 1 1
151 1 1
151 1 1
151 1 1
151 1 1
151 1 1
151 1 1
151 1 1
151 1 1
151 1 1
151 1 1
151 1 1
151 1 1
151 1 1
151 1 1
151 1 1
151 1 1
151 1 1
151 1 1
151 1 1
151 1 1
151 1 1
151 1 1
151 1 1
151 1 1
151 126 0
151 3 1
151 91 0
151 92 0
151 7 1
151 2 1
151 2 1
151 2 1
151 2 1
151 2 1
151 2 0
151 2 1
151 2 0
151 2 0
151 2 1
151 2 1
151 2 0
151 2 1
151 2 0
151 2 1
151 2 1
151 2 1
151 22 1
151 22 1
151 51 0
151 45 0
151 45 1
151 83 0
151 10 1
151 10 1
151 10 1
151 11 1
151 11 1
152 14 1
152 14 0
152 16 1
152 15 1
152 15 1
152 15 1
152 6 1
152 46 1
152 46 1
152 46 1
152 24 1
152 40 1
152 17 1
152 73 1
152 73 0
152 83 0
152 83 1
152 10 1
152 7 1
152 7 1
152 7 1
152 7 1
152 7 1
152 7 1
152 7 1
152 2 0
152 2 0
152 2 1
152 2 0
152 2 1
152 2 0
152 2 0
152 2 1
152 51 0
152 51 1
152 51 1
152 85 1
152 21 1
152 1 1
152 1 1
152 1 1
152 1 1
152 1 1
152 1 1
152 1 1
152 1 1
152 1 1
152 1 1
152 1 1
152 1 1
152 1 1
152 1 1
152 1 1
152 1 1
152 1 1
152 1 1
152 1 1
152 1 1
152 1 1
152 1 1
152 1 1
152 1 1
152 1 1
152 1 1
152 1 1
152 1 1
152 1 1
152 1 1
152 1 1
152 1 1
152 1 0
152 1 1
152 1 1
152 56 1
152 11 1
152 11 1
152 11 1
152 4 0
152 22 1
152 22 1
152 22 1
152 22 1
153 16 1
153 136 0
153 73 0
153 85 1
153 85 1
153 6 0
153 7 1
153 7 1
153 7 1
153 7 1
153 22 1
153 1 1
153 1 1
153 1 1
153 1 1
153 1 1
153 1 1
153 1 1
153 1 1
153 1 1
153 1 1
153 1 1
153 1 1
153 1 1
153 1 1
153 1 1
153 1 1
153 1 1
153 1 1
153 1 1
153 1 1
153 1 1
153 1 1
153 1 1
153 1 1
153 1 1
153 83 0
153 83 1
153 8 1
153 70 0
153 15 1
153 15 1
153 15 1
153 45 1
153 45 1
153 24 0
153 3 0
153 29 1
153 29 0
153 2 1
153 2 1
153 2 0
153 2 1
153 2 1
153 2 1
153 2 1
153 51 1
153 33 0
153 112 1
153 65 0
153 64 1
153 10 0
153 10 0
153 11 1
153 11 1
154 16 1
154 15 1
154 84 1
154 2 1
154 2 1
154 33 1
154 64 0
154 64 1
154 1 1
154 1 1
154 1 1
154 1 1
154 1 1
154 1 1
154 1 1
154 1 1
154 1 1
154 1 1
154 1 1
154 1 1
154 1 1
154 1 1
154 1 1
154 1 1
154 1 1
154 1 1
154 1 1
154 1 1
154 7 1
154 11 1
154 46 1
154 46 1
154 46 1
154 22 1
154 22 1
154 22 1
154 22 1
155 14 0
155 14 1
155 14 0
155 14 1
155 16 1
155 139 1
155 46 1
155 44 1
155 17 1
155 17 0
155 17 1
155 67 1
155 6 0
155 6 1
155 68 0
155 138 1
155 22 1
155 21 1
155 1 1
155 1 1
155 1 1
155 1 1
155 1 1
155 1 1
155 1 1
155 1 1
155 1 1
155 1 1
155 1 1
155 1 0
155 1 1
155 1 1
155 1 1
155 1 1
155 1 1
155 1 1
155 1 1
155 1 1
155 1 1
155 1 1
155 1 1
155 1 1
155 1 1
155 1 1
155 1 1
155 1 1
155 1 1
155 1 1
155 1 1
155 1 1
155 1 1
155 1 1
155 1 1
155 1 1
155 1 1
155 1 1
155 1 1
155 1 1
155 1 1
155 1 1
155 1 1
155 1 1
155 1 1
155 1 1
155 1 1
155 1 1
155 1 1
155 1 1
155 1 1
155 1 1
155 1 1
155 1 1
155 56 1
155 70 1
155 64 0
155 137 0
155 24 0
155 24 1
155 140 0
155 98 1
155 2 1
155 2 1
155 2 1
155 2 1
155 2 1
155 2 1
155 2 1
155 2 1
155 51 1
155 51 1
155 51 1
155 33 0
155 65 0
155 65 0
155 45 1
155 11 1
155 11 1
156 15 1
156 95 0
156 3 1
156 126 0
156 40 1
156 73 1
156 7 1
156 7 1
156 84 1
156 22 1
156 22 1
156 22 1
156 22 1
156 22 1
156 1 1
156 1 1
156 1 1
156 1 0
156 1 1
156 1 1
156 1 1
156 1 1
156 1 1
156 1 1
156 1 1
156 1 1
156 1 1
156 1 1
156 1 1
156 1 1
156 1 1
156 1 1
156 1 1
156 1 1
156 1 1
156 11 1
156 11 1
156 11 1
156 11 0
156 4 1
156 2 1
156 2 1
157 16 1
157 16 1
157 14 0
157 14 1
157 2 0
157 2 1
157 2 1
157 2 1
157 2 1
157 2 1
157 2 1
157 2 1
157 2 1
157 2 1
157 2 1
157 2 1
157 2 1
157 17 0
157 17 1
157 85 1
157 6 1
157 6 0
157 38 0
157 22 1
157 22 1
157 22 1
157 21 0
157 21 1
157 89 1
157 1 0
157 1 1
157 1 1
157 1 1
157 1 1
157 1 1
157 1 1
157 1 1
157 1 1
157 1 1
157 1 1
157 1 1
157 1 1
157 1 1
157 1 1
157 1 1
157 1 1
157 1 1
157 1 1
157 1 1
157 1 1
157 1 1
157 1 1
157 1 1
157 1 1
157 1 1
157 1 0
157 1 1
157 1 1
157 1 1
157 1 1
157 1 1
157 1 1
157 1 0
157 1 1
157 1 1
157 1 1
157 1 1
157 1 1
157 1 1
157 56 1
157 4 0
157 4 1
157 36 1
157 8 0
157 8 0
157 8 1
157 8 0
157 15 1
157 95 1
157 3 0
157 3 1
157 25 1
157 29 1
157 11 1
157 11 0
157 11 1
157 11 1
157 11 1
157 11 1
157 11 1
157 51 0
157 51 1
157 34 1
157 34 1
157 45 0
157 10 0
157 10 1
157 118 0
158 16 0
158 6 1
158 2 1
158 2 1
158 2 1
158 2 1
158 24 1
158 24 0
158 92 1
158 1 1
158 1 1
158 1 1
158 1 1
158 1 1
158 1 1
158 1 1
158 1 1
158 1 1
158 1 1
158 1 1
158 1 1
158 1 1
158 1 1
158 1 1
158 1 1
158 1 1
158 1 1
158 1 1
158 1 1
158 1 1
158 1 1
158 1 1
158 1 1
158 1 1
158 1 1
158 1 1
158 1 1
158 1 1
158 1 1
158 1 1
158 1 1
158 1 1
158 1 1
158 1 1
158 1 1
158 1 1
158 1 1
158 56 1
158 26 0
158 10 1
158 10 1
158 52 0
159 16 1
159 16 1
159 16 1
159 107 0
159 46 1
159 101 1
159 67 1
159 67 1
159 51 0
159 51 1
159 51 1
159 51 1
159 17 0
159 17 0
159 73 0
159 73 0
159 6 1
159 6 1
159 7 1
159 7 1
159 114 1
159 1 1
159 1 1
159 1 1
159 1 1
159 1 1
159 1 0
159 1 1
159 1 1
159 1 1
159 1 0
159 1 1
159 1 1
159 1 1
159 1 1
159 1 1
159 1 1
159 1 1
159 1 0
159 1 0
159 1 1
159 1 1
159 1 1
159 1 1
159 1 1
159 1 1
159 1 1
159 1 1
159 1 1
159 1 1
159 1 1
159 1 1
159 1 1
159 1 1
159 1 1
159 1 1
159 18 1
159 83 1
159 83 0
159 83 1
159 83 1
159 4 1
159 4 0
159 36 0
159 15 1
159 3 1
159 3 1
159 80 0
159 80 0
159 52 1
159 52 1
159 2 1
159 2 0
159 2 0
159 2 1
159 2 1
159 35 0
159 33 1
159 64 1
159 10 0
159 118 0
159 118 1
159 118 1
160 16 1
160 14 0
160 84 1
160 6 1
160 6 1
160 2 1
160 40 1
160 1 1
160 1 1
160 1 1
160 1 1
160 1 1
160 1 1
160 1 1
160 1 1
160 1 1
160 1 1
160 1 1
160 1 1
160 1 1
160 1 1
160 1 1
160 1 1
160 1 1
160 1 1
160 1 1
160 1 1
160 1 1
160 1 1
160 1 1
160 1 1
160 1 1
160 1 1
160 1 1
160 1 1
160 1 1
160 1 1
160 1 1
160 1 1
160 1 1
160 1 1
160 1 1
160 1 1
160 1 1
160 1 1
160 1 1
160 70 1
160 10 1
161 16 1
161 16 0
161 16 1
161 16 1
161 68 1
161 24 1
161 17 0
161 92 1
161 73 1
161 29 0
161 6 0
161 77 1
161 11 1
161 11 1
161 2 0
161 2 1
161 2 1
161 2 1
161 2 1
161 2 0
161 51 0
161 51 1
161 51 1
161 33 1
161 21 1
161 1 1
161 1 1
161 1 1
161 1 1
161 1 1
161 1 1
161 1 1
161 1 1
161 1 1
161 1 1
161 1 1
161 1 1
161 1 1
161 1 1
161 1 1
161 1 1
161 1 1
161 1 1
161 1 1
161 1 1
161 1 1
161 1 1
161 1 1
161 1 1
161 1 1
161 1 1
161 1 1
161 1 1
161 1 1
161 1 1
161 1 1
161 1 1
161 1 1
161 1 1
161 1 1
161 1 1
161 1 1
161 1 1
161 1 1
161 1 1
161 1 1
161 1 1
161 1 1
161 83 1
161 83 1
161 10 1
161 10 1
161 10 1
161 10 1
161 10 1
161 10 1
161 22 1
162 14 0
162 7 1
162 95 0
162 2 1
162 2 1
162 1 1
162 1 1
162 1 1
162 1 1
162 1 1
162 1 1
162 1 1
162 1 0
162 1 1
162 1 1
162 1 1
162 1 1
162 1 1
162 1 1
162 1 1
162 1 1
162 1 1
162 1 1
162 1 1
162 1 1
162 1 1
162 1 1
162 1 1
162 1 1
162 1 1
162 1 1
162 1 1
162 73 1
163 1 1
163 1 1
163 1 1
163 1 1
163 1 1
163 1 1
163 1 1
163 1 1
163 22 1
163 22 1
164 14 0
164 14 1
164 14 0
164 16 1
164 16 0
164 16 1
164 46 0
164 46 1
164 107 1
164 10 1
164 10 1
164 3 1
164 3 1
164 40 1
164 40 1
164 8 1
164 17 0
164 73 0
164 29 1
164 6 1
164 6 1
164 38 0
164 11 1
164 22 1
164 114 1
164 64 1
164 1 1
164 1 1
164 1 1
164 1 1
164 1 1
164 1 1
164 1 1
164 1 1
164 1 1
164 1 1
164 1 1
164 1 0
164 1 1
164 1 1
164 1 1
164 1 1
164 1 1
164 1 1
164 1 1
164 1 1
164 1 1
164 1 1
164 1 1
164 1 1
164 1 1
164 1 1
164 1 1
164 1 1
164 1 1
164 1 1
164 1 1
164 1 1
164 1 1
164 1 1
164 1 1
164 1 1
164 1 1
164 1 1
164 1 1
164 1 1
164 4 1
164 4 1
164 2 1
164 2 1
164 2 1
165 14 0
165 141 1
165 107 1
165 44 0
165 10 0
165 17 1
165 17 1
165 73 1
165 73 0
165 6 1
165 7 1
165 105 0
165 105 1
165 2 1
165 2 1
165 33 0
165 1 1
165 1 1
165 1 1
165 1 1
165 1 1
165 1 1
165 1 1
165 1 0
165 1 1
165 1 1
165 1 1
165 1 1
165 1 1
165 1 1
165 1 1
165 1 1
165 1 0
165 1 1
165 1 1
165 1 1
165 1 1
165 1 1
165 1 1
165 1 1
165 1 1
165 1 1
165 1 1
165 1 1
165 1 1
165 1 1
165 1 1
165 1 1
165 1 1
165 64 1
165 83 0
165 103 1
165 22 1
165 22 1
165 22 1
166 8 1
166 16 0
166 16 0
166 16 1
166 16 1
166 16 1
166 130 1
166 44 1
166 46 1
166 46 1
166 3 0
166 40 1
166 40 1
166 17 0
166 17 0
166 29 0
166 7 1
166 77 0
166 77 1
166 34 1
166 34 0
166 10 0
166 10 0
166 10 1
166 10 1
166 10 1
166 10 1
166 1 1
166 1 0
166 1 1
166 1 1
166 1 1
166 1 1
166 1 1
166 1 1
166 1 1
166 1 1
166 1 1
166 1 1
166 1 1
166 1 1
166 1 1
166 1 1
166 1 1
166 1 0
166 1 1
166 1 1
166 1 1
166 1 0
166 1 0
166 1 1
166 1 1
166 1 1
166 1 1
166 1 1
166 1 1
166 1 1
166 1 1
166 1 1
166 1 1
166 1 1
166 1 1
166 13 1
166 83 1
166 4 1
166 4 1
166 4 1
166 2 1
166 2 1
166 2 1
166 2 1
167 14 1
167 14 0
167 68 0
167 61 1
167 126 1
167 40 1
167 17 1
167 73 0
167 142 1
167 6 1
167 6 1
167 6 0
167 7 1
167 77 0
167 22 1
167 21 0
167 1 1
167 1 1
167 1 1
167 1 1
167 1 1
167 1 1
167 1 1
167 1 1
167 1 1
167 1 1
167 1 1
167 1 1
167 1 1
167 1 1
167 1 1
167 1 1
167 1 1
167 1 1
167 1 1
167 1 1
167 1 1
167 1 1
167 1 1
167 1 1
167 1 1
167 1 1
167 1 1
167 1 1
167 1 1
167 1 1
167 1 1
167 1 1
167 1 1
167 1 1
167 1 1
167 1 1
167 1 1
167 1 1
167 1 1
167 1 1
167 1 1
167 1 1
167 1 1
167 1 1
167 1 1
167 1 1
167 1 1
167 1 0
167 4 1
167 85 0
167 64 1
167 64 0
167 95 1
167 79 1
167 79 1
167 11 1
167 11 1
167 33 0
167 65 0
167 65 0
167 45 1
167 19 0
167 2 1
167 2 1
167 2 1
167 2 0
167 2 0
167 2 1
167 2 1
167 2 1
167 2 1
167 2 0
167 2 0
168 14 1
168 68 1
168 64 0
168 43 1
168 24 0
168 25 1
168 143 1
168 27 1
168 2 1
168 2 1
168 7 1
168 7 0
168 16 1
168 16 1
168 38 0
168 22 1
168 4 1
168 1 1
168 1 1
168 1 1
168 1 1
168 1 1
168 1 1
168 1 1
168 1 0
168 1 1
168 1 1
168 1 1
168 1 1
168 1 1
168 1 1
168 1 1
168 1 1
168 1 1
168 1 1
168 1 1
168 1 1
168 1 1
168 1 1
168 1 1
168 1 1
168 1 1
168 1 1
168 1 1
168 1 1
168 1 1
168 1 1
168 1 1
168 1 1
168 1 1
168 1 1
168 1 1
168 56 0
168 10 0
168 11 1
169 14 0
169 14 0
169 16 1
169 16 1
169 46 1
169 46 1
169 46 1
169 27 1
169 17 0
169 73 0
169 6 0
169 7 1
169 7 1
169 7 1
169 7 1
169 7 1
169 7 1
169 138 0
169 22 1
169 22 1
169 22 1
169 22 1
169 22 1
169 21 1
169 1 1
169 1 1
169 1 1
169 1 1
169 1 1
169 1 1
169 1 1
169 1 1
169 1 0
169 1 1
169 1 1
169 1 1
169 1 1
169 1 1
169 1 1
169 1 1
169 1 1
169 1 1
169 1 1
169 1 1
169 1 1
169 83 1
169 83 0
169 4 1
169 8 0
169 15 1
169 15 1
169 15 0
169 45 1
169 3 1
169 3 1
169 24 1
169 24 1
169 25 0
169 25 0
169 52 1
169 52 0
169 29 0
169 29 0
169 2 0
169 2 1
169 2 0
169 2 1
169 2 1
169 2 1
169 2 1
169 51 0
169 51 1
169 51 1
169 33 0
169 65 0
169 64 0
169 64 0
169 11 1
169 11 1
169 11 1
170 14 0
170 16 1
170 1 0
170 1 1
170 1 1
170 1 1
170 1 1
170 1 1
170 1 0
170 1 1
170 1 1
170 1 1
170 1 1
170 1 1
170 1 1
170 1 1
170 1 1
170 1 1
170 1 1
170 1 1
170 1 1
170 1 1
170 1 1
170 1 1
170 1 1
170 1 1
170 1 1
170 1 1
170 1 1
170 1 1
170 1 1
170 1 1
170 1 1
170 1 1
170 1 1
170 1 1
170 1 1
170 44 1
170 46 1
170 46 0
170 80 1
170 73 1
170 29 0
170 6 1
170 7 1
170 105 1
170 2 1
170 2 1
170 2 1
170 2 1
170 33 1
170 45 1
170 11 1
170 10 1
170 22 0
170 22 0
171 14 1
171 14 0
171 14 1
171 16 1
171 16 1
171 16 1
171 16 1
171 107 1
171 27 1
171 6 0
171 6 1
171 7 1
171 34 1
171 22 1
171 57 1
171 21 0
171 1 1
171 1 1
171 1 0
171 1 1
171 1 1
171 1 1
171 1 0
171 1 1
171 1 1
171 1 1
171 1 1
171 1 1
171 1 1
171 1 1
171 1 1
171 1 1
171 1 1
171 1 1
171 1 1
171 1 1
171 1 1
171 1 1
171 1 1
171 1 1
171 1 1
171 1 1
171 1 1
171 1 1
171 1 1
171 18 1
171 18 1
171 18 1
171 4 0
171 4 1
171 8 1
171 8 1
171 70 1
171 106 1
171 106 1
171 25 1
171 26 1
171 29 1
171 2 0
171 2 0
171 2 1
171 2 1
171 2 0
171 2 1
171 2 1
171 2 1
171 2 1
171 2 1
171 51 1
171 51 1
171 51 1
171 51 1
171 51 1
171 11 1
171 11 1
171 10 1
171 10 1
171 10 1
171 10 1
171 118 1
172 16 1
172 16 1
172 16 1
172 68 1
172 14 0
172 35 0
172 144 1
172 27 1
172 73 1
172 88 0
172 34 0
172 34 0
172 22 1
172 57 0
172 1 1
172 1 1
172 1 1
172 1 1
172 1 1
172 1 1
172 1 1
172 1 1
172 1 1
172 1 1
172 1 1
172 1 1
172 1 1
172 1 1
172 1 1
172 1 1
172 1 1
172 1 1
172 1 1
172 1 1
172 1 1
172 1 1
172 1 1
172 1 1
172 1 1
172 1 1
172 1 1
172 1 1
172 1 1
172 1 1
172 1 1
172 1 1
172 1 1
172 1 1
172 1 1
172 1 1
172 1 1
172 1 1
172 1 1
172 1 1
172 1 1
172 1 1
172 1 1
172 1 1
172 15 1
172 44 0
172 29 0
172 145 0
172 2 1
172 2 1
172 2 1
172 2 1
172 2 0
172 2 1
172 2 1
172 2 1
172 2 1
172 2 1
172 2 1
172 51 0
172 51 1
172 33 1
172 65 0
172 45 1
172 10 1
172 11 1
173 8 1
173 16 1
173 16 1
173 46 0
173 146 0
173 24 0
173 24 0
173 126 1
173 25 1
173 73 1
173 73 0
173 2 1
173 2 1
173 22 1
173 22 1
173 22 1
173 57 1
173 1 1
173 1 1
173 1 1
173 1 1
173 1 1
173 1 1
173 1 1
173 1 1
173 1 1
173 1 1
173 1 1
173 1 0
173 1 1
173 1 1
173 1 1
173 1 1
173 1 1
173 1 1
173 1 1
173 1 1
173 1 1
173 1 1
173 10 0
173 10 1
173 11 1
174 14 0
174 14 0
174 14 1
174 14 0
174 15 1
174 64 0
174 129 1
174 118 1
174 91 1
174 46 1
174 46 1
174 67 1
174 73 1
174 6 0
174 105 1
174 34 0
174 34 1
174 34 0
174 34 1
174 2 0
174 2 1
174 2 0
174 2 1
174 22 1
174 22 1
174 22 1
174 33 0
174 75 0
174 147 1
174 1 1
174 1 1
174 1 1
174 1 1
174 1 1
174 1 1
174 1 1
174 1 0
174 1 1
174 1 1
174 1 1
174 1 1
174 1 1
174 1 1
174 1 1
174 1 1
174 1 1
174 1 1
174 1 1
174 1 1
174 1 1
174 1 1
174 1 1
174 1 1
174 1 1
174 1 1
174 1 1
174 1 1
174 1 1
174 1 1
174 1 1
174 1 1
174 1 1
174 1 1
174 1 0
174 83 0
174 83 0
174 10 0
174 11 1
175 14 0
175 14 1
175 14 1
175 14 0
175 8 0
175 45 0
175 129 1
175 3 0
175 39 0
175 32 0
175 52 0
175 6 0
175 7 0
175 107 0
175 34 1
175 2 1
175 2 1
175 2 1
175 57 0
175 21 0
175 1 1
175 1 1
175 1 1
175 1 1
175 1 1
175 1 1
175 1 1
175 1 1
175 1 1
175 1 1
175 1 1
175 1 1
175 1 1
175 1 1
175 1 1
175 1 1
175 1 1
175 1 1
175 1 1
175 56 1
175 83 0
175 4 1
175 10 1
175 10 0
176 6 0
176 15 1
176 15 1
176 1 1
176 1 1
176 1 1
176 1 1
176 1 1
176 1 1
176 1 1
176 1 1
176 1 0
176 1 1
176 1 1
176 1 1
176 1 1
176 1 1
176 1 1
176 1 1
176 1 1
176 1 1
176 1 1
176 2 1
176 2 1
176 29 0
176 7 1
176 7 1
176 64 0
176 83 1
176 10 1
176 46 1
176 46 1
176 46 1
177 16 1
177 16 0
177 15 0
177 15 1
177 15 1
177 46 1
177 46 1
177 46 1
177 92 0
177 92 1
177 6 1
177 6 1
177 7 1
177 7 1
177 7 1
177 11 1
177 11 1
177 2 1
177 2 1
177 1 1
177 1 1
177 1 1
177 1 1
177 1 1
177 1 1
177 1 1
177 1 1
177 1 1
177 1 1
177 1 0
177 1 1
177 1 1
177 1 1
177 1 1
177 1 0
177 1 1
177 1 1
177 1 1
177 1 1
177 1 1
177 1 1
177 1 1
177 1 1
177 1 1
177 1 1
177 1 1
177 1 1
177 1 1
177 1 1
177 1 1
177 1 1
177 1 1
177 1 1
177 1 1
177 1 1
177 1 1
177 1 1
177 56 1
177 83 1
177 10 1
177 22 1
178 14 0
178 14 1
178 16 1
178 16 1
178 16 1
178 107 0
178 107 0
178 107 1
178 139 1
178 40 1
178 39 0
178 39 1
178 17 1
178 73 1
178 29 1
178 6 0
178 77 0
178 34 0
178 34 0
178 22 1
178 93 0
178 1 1
178 1 1
178 1 1
178 1 1
178 1 1
178 1 1
178 1 1
178 1 1
178 1 0
178 1 1
178 1 1
178 1 1
178 1 1
178 1 1
178 1 1
178 1 1
178 1 1
178 1 1
178 1 1
178 1 1
178 1 1
178 1 1
178 1 1
178 1 1
178 1 1
178 1 1
178 1 1
178 1 1
178 83 1
178 36 1
178 3 1
178 80 1
178 25 0
178 148 1
178 37 0
178 140 1
178 2 0
178 118 0
179 6 0
179 95 0
179 2 1
179 2 1
179 2 1
179 2 1
179 2 1
179 2 0
179 33 0
179 33 1
179 77 0
179 1 1
179 1 1
179 1 1
179 1 1
179 1 1
179 1 1
179 1 0
179 1 1
179 1 1
179 1 1
179 1 1
179 1 1
179 1 1
179 1 1
179 1 1
179 1 1
179 1 1
179 1 1
179 1 1
179 1 1
179 1 1
179 1 1
179 1 1
179 1 1
179 1 1
179 1 1
179 1 1
179 1 1
179 1 1
179 1 1
179 1 1
179 1 1
179 1 1
179 1 1
179 1 1
179 1 1
179 1 1
179 1 1
179 1 1
179 1 1
179 1 1
179 1 1
179 1 1
179 17 1
179 73 1
179 73 0
179 11 1
180 16 1
180 16 1
180 50 1
180 46 1
180 40 1
180 92 1
180 17 1
180 17 1
180 73 0
180 6 0
180 34 0
180 22 1
180 21 1
180 21 1
180 21 1
180 1 1
180 1 1
180 1 1
180 1 1
180 1 1
180 1 1
180 1 1
180 1 1
180 1 1
180 1 1
180 1 0
180 1 1
180 1 1
180 1 1
180 1 0
180 1 1
180 1 1
180 1 1
180 1 1
180 1 1
180 1 1
180 1 1
180 1 1
180 1 1
180 1 1
180 1 1
180 1 1
180 1 1
180 1 1
180 1 1
180 1 1
180 1 1
180 1 1
180 1 1
180 1 1
180 1 1
180 1 1
180 1 1
180 1 1
180 1 1
180 1 1
180 1 1
180 1 1
180 1 1
180 1 1
180 1 1
180 18 1
180 83 1
180 83 0
180 4 1
180 36 1
180 150 0
180 25 0
180 37 1
180 149 1
180 2 0
180 2 0
180 2 0
180 2 0
180 2 0
180 2 0
180 2 0
180 2 0
180 2 1
180 2 1
180 2 1
180 51 1
180 33 1
180 64 0
180 64 1
180 64 1
180 10 1
180 11 1
181 16 1
181 16 1
181 14 1
181 15 0
181 3 1
181 17 0
181 92 1
181 73 0
181 73 0
181 29 1
181 6 1
181 6 1
181 7 1
181 7 1
181 11 1
181 11 1
181 2 1
181 2 1
181 2 1
181 2 1
181 2 1
181 2 1
181 51 0
181 33 1
181 65 0
181 1 1
181 1 1
181 1 1
181 1 1
181 1 1
181 1 1
181 1 1
181 1 1
181 1 1
181 1 1
181 1 1
181 1 1
181 1 1
181 1 1
181 1 1
181 1 1
181 1 1
181 1 1
181 1 1
181 1 1
181 1 1
181 1 1
181 1 1
181 1 1
181 1 0
181 1 1
181 1 1
181 1 1
181 1 1
181 1 1
181 1 1
181 1 1
181 1 1
181 1 1
181 1 1
181 1 1
181 1 1
181 1 1
181 1 1
181 1 1
181 1 0
181 1 1
181 1 1
181 83 1
181 83 1
181 22 1
181 22 1
182 14 0
182 16 0
182 16 1
182 46 1
182 46 1
182 46 1
182 95 1
182 44 1
182 3 1
182 24 1
182 25 1
182 17 0
182 17 0
182 92 1
182 2 0
182 2 1
182 2 1
182 6 0
182 7 1
182 107 1
182 11 0
182 51 1
182 36 1
182 1 1
182 1 1
182 1 0
182 1 1
182 1 1
182 1 1
182 1 1
182 1 1
182 1 1
182 1 1
182 1 1
182 1 1
182 1 1
182 1 1
182 1 1
182 1 1
182 1 1
182 1 1
182 1 1
182 1 1
182 1 1
182 1 1
182 1 1
182 1 1
182 1 1
182 1 1
182 1 1
182 1 1
182 1 1
182 1 0
182 1 1
182 1 1
182 1 1
182 83 0
182 64 0
183 15 1
183 15 1
183 15 1
183 1 1
183 1 1
183 1 1
183 1 1
183 1 1
183 1 1
183 1 1
183 1 1
183 1 1
183 1 1
183 1 1
183 1 1
183 1 1
183 1 1
183 1 1
183 1 1
183 1 1
183 1 1
183 1 1
183 1 1
183 1 1
183 1 1
183 1 1
183 1 1
183 1 1
183 1 1
183 1 1
183 1 1
183 1 1
183 1 1
183 1 1
183 1 1
183 1 1
183 1 1
183 1 1
183 44 1
183 46 1
183 24 1
183 2 1
183 2 1
183 73 1
183 6 0
183 6 0
183 7 1
183 7 1
183 11 1
183 45 1
183 10 1
183 22 1
184 14 1
184 14 1
184 16 1
184 16 1
184 139 1
184 46 1
184 27 1
184 73 0
184 6 0
184 6 1
184 77 1
184 38 1
184 93 1
184 1 1
184 1 1
184 1 1
184 1 1
184 1 1
184 1 1
184 1 1
184 1 1
184 1 0
184 1 1
184 1 1
184 1 1
184 1 1
184 1 1
184 1 1
184 1 1
184 1 1
184 1 1
184 1 1
184 1 1
184 1 1
184 1 1
184 1 1
184 1 1
184 1 1
184 1 1
184 1 1
184 1 1
184 1 1
184 1 1
184 1 1
184 1 1
184 1 1
184 1 1
184 1 1
184 1 1
184 1 1
184 1 1
184 1 1
184 1 1
184 1 1
184 1 1
184 1 1
184 1 1
184 1 1
184 106 1
184 106 1
184 83 1
184 4 1
184 4 1
184 105 1
184 3 1
184 91 1
184 29 1
184 29 1
184 29 1
184 125 1
184 2 1
184 2 1
184 2 1
184 33 1
184 34 1
184 64 1
184 10 1
184 10 1
185 14 0
185 43 1
185 15 0
185 105 1
185 44 1
185 46 1
185 46 1
185 24 1
185 24 0
185 92 0
185 92 1
185 73 1
185 32 1
185 6 1
185 7 1
185 7 1
185 34 1
185 2 0
185 2 1
185 2 1
185 2 1
185 2 0
185 57 0
185 33 1
185 33 1
185 1 1
185 1 1
185 1 1
185 1 1
185 1 1
185 1 1
185 1 1
185 1 1
185 1 1
185 1 1
185 1 1
185 1 1
185 1 1
185 1 1
185 1 1
185 1 1
185 1 1
185 1 1
185 1 1
185 1 1
185 1 1
185 1 1
185 1 1
185 1 1
185 1 1
185 1 1
185 1 1
185 1 1
185 11 1
185 11 1
185 4 1
185 4 1
185 22 1
185 22 1
185 22 1
185 22 1
186 8 0
186 70 0
186 1 1
186 1 1
186 1 1
186 1 1
186 1 1
186 1 1
186 1 1
186 1 1
186 1 1
186 1 1
186 1 1
186 1 1
186 1 1
186 1 1
186 1 1
186 1 1
186 1 1
186 1 1
186 1 1
186 1 1
186 1 1
186 1 1
186 1 1
186 1 1
186 1 1
186 1 1
186 1 1
186 1 1
186 1 1
186 1 1
186 1 1
186 1 1
186 1 1
186 1 1
186 1 1
186 1 1
186 1 1
186 1 1
186 1 1
186 1 1
186 1 1
186 44 1
186 132 1
186 3 1
186 105 1
186 105 1
186 16 1
186 2 1
186 73 1
186 73 0
186 29 0
186 29 0
186 29 1
186 29 1
186 6 0
186 6 1
186 98 1
186 38 1
186 38 1
186 11 1
186 21 1
186 64 1
186 83 0
186 4 0
186 4 1
186 4 1
186 118 1
187 25 1
187 7 1
187 7 1
187 1 1
187 1 1
187 1 1
187 1 1
187 1 1
187 1 1
187 1 1
187 1 1
187 1 1
187 1 1
187 1 1
187 1 1
187 1 1
187 1 1
187 1 1
187 1 1
187 1 1
187 1 1
187 1 1
187 1 1
187 1 1
187 1 1
187 1 1
187 1 1
187 1 1
187 1 1
187 1 1
187 2 1
187 2 1
187 2 1
187 22 1
187 22 1
188 16 1
188 16 0
188 14 0
188 46 1
188 46 1
188 1 1
188 1 1
188 1 1
188 1 1
188 1 1
188 1 1
188 1 1
188 1 1
188 1 0
188 1 1
188 1 1
188 1 1
188 1 1
188 1 1
188 1 1
188 1 1
188 1 1
188 1 1
188 1 1
188 1 1
188 1 1
188 1 1
188 1 1
188 1 1
188 1 1
188 1 1
188 129 1
188 32 1
188 29 1
188 52 0
188 98 0
188 95 1
188 34 0
188 2 1
188 2 0
188 33 0
188 75 1
188 4 1
188 45 1
188 10 1
188 10 1
188 10 1
188 118 1
189 14 1
189 16 1
189 107 0
189 139 1
189 46 1
189 46 1
189 126 1
189 39 1
189 39 1
189 73 0
189 142 1
189 6 0
189 77 1
189 57 0
189 21 1
189 1 1
189 1 1
189 1 1
189 1 1
189 1 1
189 1 1
189 1 1
189 1 1
189 1 0
189 1 1
189 1 1
189 1 1
189 1 1
189 1 1
189 1 1
189 1 1
189 1 1
189 1 1
189 1 1
189 1 1
189 1 1
189 1 1
189 1 1
189 1 1
189 1 1
189 1 1
189 1 1
189 1 1
189 1 1
189 1 1
189 1 1
189 1 1
189 1 1
189 1 1
189 1 1
189 1 1
189 1 1
189 83 0
189 83 1
189 105 1
189 105 1
189 105 1
189 3 1
189 24 1
189 25 0
189 25 1
189 37 1
189 37 1
189 2 1
189 2 1
189 93 1
190 14 0
190 44 1
190 46 1
190 80 1
190 17 0
190 73 0
190 37 1
190 10 0
190 7 1
190 2 1
190 2 1
190 2 1
190 2 1
190 1 1
190 1 1
190 1 1
190 1 1
190 1 1
190 1 1
190 1 1
190 1 1
190 1 1
190 1 1
190 1 1
190 1 1
190 1 1
190 1 1
190 1 1
190 1 1
190 1 1
190 1 1
190 1 0
190 1 1
190 1 1
190 1 1
190 1 1
190 1 1
190 1 1
190 1 1
190 1 1
190 1 1
190 1 1
190 1 1
190 1 1
190 1 1
190 1 1
190 1 1
190 11 1
190 11 1
190 146 1
190 22 1
190 22 1
191 14 1
191 16 1
191 46 1
191 2 1
191 2 0
191 2 1
191 129 0
191 35 1
191 92 0
191 92 0
191 73 1
191 37 1
191 6 0
191 6 0
191 29 1
191 1 1
191 1 1
191 1 1
191 1 1
191 1 1
191 1 1
191 1 1
191 1 1
191 1 1
191 1 1
191 1 1
191 1 1
191 1 1
191 1 1
191 1 1
191 1 1
191 1 1
191 1 1
191 1 1
191 1 1
191 1 1
191 1 1
191 1 1
191 1 1
191 1 1
191 1 1
191 1 1
191 1 1
191 10 1
191 10 1
191 10 1
191 36 1
192 14 0
192 14 1
192 14 1
192 14 1
192 16 1
192 85 1
192 85 1
192 45 0
192 24 0
192 25 1
192 84 0
192 6 0
192 95 1
192 34 1
192 2 1
192 2 1
192 2 1
192 2 1
192 2 0
192 2 1
192 51 1
192 51 1
192 51 1
192 33 1
192 33 0
192 21 0
192 1 1
192 1 1
192 1 1
192 1 1
192 1 1
192 1 1
192 1 1
192 1 1
192 1 1
192 1 1
192 1 1
192 1 0
192 1 1
192 1 1
192 1 1
192 1 1
192 1 1
192 1 1
192 1 1
192 1 1
192 1 1
192 1 1
192 1 1
192 1 1
192 1 1
192 1 1
192 1 1
192 1 1
192 1 1
192 1 1
192 1 1
192 1 1
192 1 1
192 1 1
192 1 1
192 1 1
192 1 1
192 1 1
192 1 1
192 1 1
192 1 1
192 1 1
192 1 1
192 1 1
192 1 1
192 10 1
192 10 1
192 10 1
192 22 1
192 22 1
193 7 1
193 95 1
193 11 1
193 11 1
193 11 1
193 46 1
193 46 1
193 84 1
193 1 1
193 1 1
193 1 1
193 1 1
193 1 1
193 1 1
193 1 1
193 1 1
193 1 1
193 1 1
193 1 0
193 1 1
193 1 1
193 1 0
193 1 0
193 1 1
193 1 1
193 1 1
193 1 1
193 1 1
193 1 1
193 1 1
193 1 0
193 1 1
193 1 1
193 1 1
193 1 1
193 45 1
193 2 1
193 2 1
193 2 0
193 73 0
193 10 1
193 22 1
193 22 1
193 22 1
194 16 1
194 16 1
194 15 0
194 15 1
194 1 1
194 1 1
194 1 1
194 1 1
194 1 1
194 1 0
194 1 0
194 1 1
194 1 1
194 1 1
194 1 1
194 1 1
194 1 1
194 1 1
194 1 1
194 1 1
194 1 1
194 1 1
194 1 1
194 1 1
194 1 1
194 1 1
194 1 1
194 1 1
194 1 1
194 1 1
194 46 1
194 46 1
194 46 1
194 73 0
194 73 0
194 7 1
194 7 1
194 7 1
194 7 1
194 7 1
194 11 1
194 11 1
194 2 1
194 2 1
194 2 0
194 2 1
194 2 1
194 51 1
194 51 1
194 51 1
194 85 1
194 85 1
194 21 1
194 65 0
194 64 0
194 83 1
194 83 1
194 10 0
194 22 1
194 22 1
194 22 1
194 22 1
194 22 1
194 22 1
195 151 1
195 95 0
195 44 1
195 85 1
195 6 1
195 6 1
195 2 1
195 2 1
195 2 1
195 2 1
195 2 1
195 22 1
195 22 1
195 21 0
195 21 0
195 65 0
195 1 1
195 1 1
195 1 1
195 1 1
195 1 1
195 1 1
195 1 1
195 1 1
195 1 1
195 1 1
195 1 1
195 1 1
195 1 1
195 1 1
195 1 1
195 1 1
195 1 1
195 1 1
195 1 1
195 1 1
195 1 1
195 1 1
195 1 1
195 1 1
195 1 0
195 1 1
195 1 1
195 83 1
195 11 1
196 16 1
196 16 1
196 16 1
196 16 1
196 14 1
196 46 1
196 64 1
196 44 1
196 10 1
196 10 1
196 10 1
196 24 1
196 118 1
196 8 1
196 39 0
196 39 1
196 29 1
196 6 0
196 7 1
196 11 1
196 2 1
196 2 1
196 2 1
196 2 1
196 33 1
196 1 1
196 1 1
196 1 1
196 1 1
196 1 1
196 1 1
196 1 1
196 1 1
196 1 1
196 1 1
196 1 1
196 1 1
196 1 1
196 1 1
196 1 1
196 1 1
196 1 1
196 1 1
196 1 1
196 1 1
196 1 1
196 1 1
196 1 1
196 1 1
196 1 1
196 1 1
196 1 1
196 1 1
196 1 1
196 1 1
196 83 1
196 83 1
196 4 1
196 22 1
196 22 1
196 22 1
197 16 1
197 68 0
197 15 1
197 15 1
197 95 0
197 46 1
197 46 1
197 25 1
197 92 0
197 2 1
197 2 1
197 29 0
197 29 1
197 73 1
197 6 0
197 7 1
197 7 1
197 7 1
197 7 1
197 7 1
197 34 1
197 11 1
197 11 1
197 152 1
197 4 0
197 1 1
197 1 1
197 1 1
197 1 1
197 1 1
197 1 1
197 1 1
197 1 1
197 1 1
197 1 0
197 1 1
197 1 1
197 1 1
197 1 1
197 1 1
197 1 1
197 1 1
197 1 1
197 1 1
197 1 1
197 1 1
197 83 0
197 10 1
197 22 1
197 22 1
197 22 1
197 22 1
197 22 1
197 22 1
197 22 1
197 22 1
198 16 1
198 16 1
198 16 1
198 16 1
198 16 1
198 14 0
198 14 1
198 28 0
198 146 1
198 3 0
198 24 1
198 25 0
198 17 0
198 17 0
198 39 1
198 92 1
198 29 0
198 29 1
198 29 1
198 6 0
198 7 0
198 7 1
198 34 0
198 34 0
198 2 1
198 2 1
198 2 1
198 2 1
198 2 0
198 2 0
198 2 1
198 2 0
198 2 1
198 33 0
198 75 1
198 1 1
198 1 1
198 1 1
198 1 1
198 1 1
198 1 1
198 1 1
198 1 1
198 1 1
198 1 1
198 1 0
198 1 1
198 1 1
198 1 1
198 1 1
198 1 1
198 1 1
198 1 0
198 1 1
198 1 1
198 1 1
198 1 1
198 1 1
198 1 1
198 1 1
198 1 1
198 1 1
198 1 1
198 1 1
198 1 1
198 1 1
198 1 1
198 1 1
198 1 1
198 1 1
198 1 1
198 1 1
198 1 0
198 1 1
198 1 1
198 1 1
198 1 1
198 1 0
198 1 1
198 1 1
198 1 1
198 1 1
198 1 1
198 1 1
198 1 1
198 1 1
198 1 1
198 1 1
198 1 1
198 18 1
198 10 0
198 10 1
198 22 1
198 22 1
198 22 1
199 15 0
199 1 1
199 1 1
199 1 1
199 1 1
199 1 1
199 1 1
199 1 1
199 1 1
199 1 1
199 1 1
199 1 1
199 1 1
199 1 1
199 1 1
199 1 1
199 1 1
199 1 1
199 1 1
199 1 1
199 1 1
199 1 1
199 1 1
199 1 1
199 1 1
199 1 1
199 1 1
199 110 1
199 25 0
199 46 1
199 46 0
199 29 1
199 6 1
199 6 1
199 7 1
199 7 1
199 95 0
199 11 1
199 11 1
199 2 0
199 2 1
199 33 0
199 64 1
199 83 1
199 22 1
199 22 1
199 22 1
199 22 1
200 16 1
200 14 0
200 14 0
200 15 0
200 15 1
200 46 1
200 46 1
200 46 1
200 17 1
200 32 1
200 29 1
200 73 0
200 73 0
200 7 1
200 7 1
200 7 1
200 7 1
200 7 1
200 2 0
200 2 1
200 2 0
200 2 1
200 1 1
200 1 1
200 1 1
200 1 1
200 1 1
200 1 1
200 1 1
200 1 1
200 1 1
200 1 1
200 1 1
200 1 1
200 1 1
200 1 1
200 1 1
200 1 1
200 1 1
200 1 1
200 1 0
200 1 1
200 1 1
200 1 0
200 1 1
200 1 1
200 1 1
200 1 1
200 1 1
200 1 1
200 1 1
200 1 1
200 1 1
200 10 1
200 10 0
200 10 0
201 16 1
201 6 1
201 6 0
201 2 1
201 2 1
201 2 1
201 1 1
201 1 1
201 1 1
201 1 1
201 1 1
201 1 1
201 1 1
201 1 1
201 1 1
201 1 1
201 1 1
201 1 1
201 1 1
201 1 1
201 1 1
201 1 1
201 1 0
201 1 1
201 1 1
201 1 1
201 1 1
201 1 1
201 1 1
201 1 1
201 1 1
201 1 1
201 1 1
201 1 1
201 1 1
201 1 1
201 1 1
201 1 1
201 1 1
201 1 1
201 1 1
201 1 1
201 1 1
201 1 1
201 1 1
201 1 1
201 1 1
201 1 1
201 1 1
201 1 1
201 1 1
201 1 1
201 1 1
201 83 1
201 37 0
202 6 0
202 7 1
202 7 0
202 2 0
202 2 1
202 2 1
202 3 1
202 1 1
202 1 1
202 1 1
202 1 1
202 1 1
202 1 1
202 1 1
202 1 0
202 1 1
202 1 1
202 1 1
202 5 1
202 4 1
203 8 0
203 10 1
203 7 0
203 7 1
203 7 1
203 9 0
203 2 1
203 2 0
203 1 0
203 1 1
203 1 0
203 1 1
203 1 1
203 1 1
203 1 1
203 1 1
203 4 0
203 4 0
203 11 1
203 11 1
204 14 1
204 14 0
204 6 1
204 6 1
204 7 1
204 7 1
204 7 1
204 11 1
204 11 1
204 11 1
204 11 1
204 12 0
204 1 1
204 13 0
204 4 1
204 2 0
204 2 1
205 14 0
205 1 0
205 1 0
205 2 0
205 2 1
206 7 1
206 7 1
206 7 1
206 1 1
206 1 1
206 1 1
206 1 1
206 1 1
206 1 1
206 1 1
206 1 0
206 1 1
206 1 1
206 1 1
206 15 1
206 15 1
206 2 0
206 11 1
206 11 1
206 11 1
206 11 1
207 2 1
208 8 1
208 8 1
208 8 1
208 16 1
208 2 1
208 2 1
208 2 0
208 11 1
208 11 1
208 11 1
208 3 1
208 3 1
208 6 0
208 1 0
208 1 1
208 1 1
208 1 1
208 1 1
208 1 1
208 1 1
208 1 1
208 1 1
208 1 0
208 1 1
208 1 1
208 1 1
208 1 1
208 1 1
208 1 1
208 1 1
208 1 1
208 1 1
208 1 1
208 1 0
208 1 1
208 1 1
208 1 1
208 1 1
208 1 1
208 1 1
208 1 1
208 1 1
208 1 1
208 1 1
208 1 1
208 1 1
208 1 1
208 17 1
208 10 0
208 4 1
208 14 0
208 14 1
209 7 1
209 7 1
209 1 1
209 1 1
209 1 1
209 1 1
209 1 1
209 1 1
209 1 1
209 1 1
209 1 1
209 1 1
209 1 1
209 1 1
209 1 1
209 1 1
209 1 1
209 1 1
209 1 1
209 1 1
209 1 1
209 1 1
209 1 1
209 1 1
209 1 1
209 2 1
209 2 0
209 2 0
209 11 1
209 11 1
209 11 1
209 11 1
210 1 1
210 1 1
210 1 1
210 1 1
210 1 1
210 1 1
210 1 1
210 1 1
210 1 1
210 1 1
210 1 1
210 1 1
210 1 1
210 11 1
211 1 1
211 1 1
212 14 1
212 7 0
212 1 1
212 18 1
212 19 1
213 14 0
213 6 0
213 7 1
213 7 1
213 7 1
213 1 1
213 1 1
213 1 1
213 18 0
213 18 1
213 22 1
213 21 1
213 20 1
213 17 0
213 10 0
213 10 0
213 2 1
214 1 1
214 1 1
214 1 1
214 1 1
214 1 1
214 1 0
214 1 1
214 1 1
214 1 1
214 1 1
214 1 1
214 1 1
215 23 1
215 1 1
215 1 1
215 1 1
215 20 0
216 1 1
216 1 1
216 1 1
216 11 1
216 22 0
216 10 1
216 2 1
217 1 1
217 1 1
217 1 1
217 1 1
217 1 1
218 14 0
218 7 1
218 1 1
218 1 1
218 1 1
218 22 1
219 6 0
219 1 1
219 1 1
219 1 1
219 1 1
219 1 1
219 1 1
219 2 1
220 1 1
220 1 1
220 1 1
220 1 1
220 1 1
220 11 1
221 8 1
221 7 1
221 7 1
221 7 1
221 2 1
221 24 1
221 25 1
221 18 1
221 18 0
221 18 1
221 26 0
221 22 1
222 8 1
222 7 1
222 1 1
222 1 1
222 1 1
222 1 1
222 1 1
222 1 1
222 1 1
222 18 0
222 18 1
223 1 1
223 1 1
223 1 1
223 1 1
223 1 1
223 1 1
223 1 1
223 1 1
223 1 1
223 1 1
223 1 1
223 1 1
223 27 1
223 28 1
223 28 1
224 6 1
224 6 1
224 7 1
224 2 1
224 2 1
224 2 1
224 1 1
224 1 1
224 1 1
224 1 1
224 1 1
224 1 1
224 1 1
224 15 1
224 11 1
224 11 1
224 11 1
225 1 1
226 14 0
226 1 1
226 1 0
226 1 1
226 1 1
226 1 1
226 1 1
226 1 1
226 20 1
226 18 0
226 18 1
226 24 0
227 14 1
227 14 0
227 14 1
227 24 1
227 25 0
227 30 1
227 1 1
227 1 1
227 1 1
227 1 1
227 1 0
227 1 1
227 1 1
227 1 1
227 1 1
227 1 1
227 1 1
227 1 1
227 1 1
227 1 1
227 1 1
227 17 1
227 17 1
227 17 1
227 26 1
227 29 0
227 29 0
228 7 1
228 7 1
228 1 1
228 1 1
228 22 1
229 16 1
229 16 1
229 1 1
229 1 1
229 1 1
229 1 1
229 1 1
229 1 1
229 1 1
229 1 1
229 1 1
229 1 1
229 1 1
229 1 1
229 1 1
229 1 1
229 1 1
229 1 1
229 1 1
229 1 1
229 1 1
229 1 1
229 1 1
229 1 1
230 18 1
230 1 1
230 1 1
230 1 1
230 1 1
230 1 1
230 20 1
230 31 1
231 8 1
231 14 0
231 2 1
231 1 1
231 1 1
231 1 0
231 1 1
231 1 1
231 1 1
231 18 1
231 32 0
232 14 1
232 7 1
232 7 1
232 20 1
232 11 1
232 1 1
232 1 1
232 1 1
232 1 1
232 2 1
232 22 1
233 14 0
233 6 0
233 34 1
233 2 1
233 2 1
233 24 1
233 35 1
233 33 1
233 21 1
233 1 1
233 1 1
233 1 1
233 1 1
233 1 1
233 1 1
233 1 1
233 1 1
233 1 1
233 1 1
233 1 1
233 1 1
233 1 1
233 1 1
233 1 1
233 1 1
233 1 1
233 1 1
233 1 1
233 1 1
233 1 1
233 27 1
234 8 0
234 14 0
234 14 1
234 7 1
234 7 1
234 2 1
234 37 0
234 36 1
234 1 1
234 1 1
234 1 1
234 1 1
234 1 0
234 1 1
234 1 1
234 1 1
234 1 0
234 1 0
234 1 1
234 1 1
234 1 1
234 16 1
234 15 1
234 4 0
234 11 1
234 11 1
234 11 0
235 1 1
235 1 1
235 1 1
235 1 1
235 1 1
235 1 1
236 14 1
236 23 1
236 1 1
236 1 1
236 1 1
236 1 1
236 1 1
236 18 1
237 7 1
237 1 1
237 1 1
237 18 1
238 7 1
238 1 1
238 1 1
238 1 1
238 1 1
238 1 1
238 1 1
238 1 1
238 1 0
238 1 1
238 1 1
238 22 1
238 3 0
239 8 1
239 14 0
239 14 1
239 14 0
239 14 0
239 1 1
239 1 1
239 1 1
239 1 1
240 1 1
240 1 1
240 1 1
240 1 1
240 17 1
240 2 1
240 22 1
241 1 1
241 1 1
241 1 1
241 1 1
242 1 1
242 1 1
242 1 1
242 1 1
242 1 1
242 1 1
242 1 1
242 1 1
242 20 1
243 16 1
243 6 0
243 6 1
243 7 1
243 7 1
243 2 1
243 2 1
243 1 1
243 1 1
243 1 1
243 1 1
243 1 1
243 1 1
243 1 1
243 1 1
243 11 1
244 1 1
244 1 1
244 1 1
244 1 1
244 1 1
244 1 0
244 18 1
245 14 0
245 1 1
245 1 1
245 1 1
245 1 1
245 1 1
245 1 1
245 1 0
245 1 1
245 1 0
245 2 0
245 4 0
246 2 1
246 2 1
247 14 1
247 8 0
247 1 1
247 1 1
247 1 1
247 1 1
247 1 1
247 1 1
247 1 1
247 1 1
247 1 1
247 1 1
247 1 1
247 1 1
247 38 1
247 2 1
247 17 0
247 20 1
247 27 1
248 2 1
248 19 0
248 24 0
248 24 0
248 1 1
248 1 1
248 1 1
248 1 1
248 1 1
248 1 1
248 1 1
248 1 1
248 1 1
248 18 1
248 29 1
248 29 1
248 13 1
249 1 1
249 1 1
250 39 0
250 1 1
250 1 1
250 1 1
250 1 1
250 1 1
250 11 1
251 7 1
251 22 1
251 40 1
251 21 1
251 41 1
251 1 1
251 1 1
251 1 1
251 1 1
251 1 1
251 1 1
251 1 1
251 1 1
251 1 1
251 1 1
251 1 1
251 5 1
251 2 1
251 2 1
252 42 1
252 1 1
252 1 1
252 1 1
252 1 1
252 17 0
252 2 1
253 7 1
253 7 1
253 7 1
253 7 1
253 11 1
253 18 0
253 20 1
253 17 0
253 22 1
254 14 1
254 14 1
254 14 0
254 17 0
254 1 1
254 1 1
254 1 1
254 18 0
254 43 1
255 1 1
255 1 1
255 1 1
255 22 1
255 4 0
256 7 1
256 7 1
256 11 1
256 11 1
256 25 0
256 1 1
256 1 1
256 1 1
256 1 1
256 1 1
256 1 1
256 1 1
256 1 1
256 1 1
256 1 1
256 1 1
256 27 0
256 15 1
256 36 1
257 1 1
257 1 1
257 1 1
257 1 1
257 1 1
257 11 1
257 2 0
258 1 1
258 18 1
259 16 1
259 16 1
259 7 0
259 7 1
259 34 1
259 34 1
259 11 1
259 11 1
259 11 1
259 1 0
259 1 1
259 1 1
259 1 1
259 1 1
259 1 1
259 1 1
259 1 1
259 1 1
259 1 1
259 1 1
259 1 1
259 1 1
259 1 1
259 15 1
259 2 1
260 23 0
260 23 0
260 20 1
260 2 1
260 10 0
260 6 0
260 1 1
260 29 0
261 14 0
261 6 1
261 44 0
261 2 0
261 2 1
261 2 0
261 25 0
261 1 1
261 1 1
261 1 1
261 1 1
261 1 1
261 1 0
261 1 1
261 1 1
261 1 1
261 1 1
261 36 1
261 11 1
262 14 0
262 16 0
262 16 1
262 16 1
262 16 1
262 16 1
262 7 1
262 7 1
262 28 1
262 11 1
262 11 1
262 11 1
262 1 0
262 1 1
262 1 1
262 1 1
262 1 1
262 1 1
262 1 1
262 1 1
262 1 1
262 15 1
262 22 1
263 16 0
263 6 0
263 6 1
263 7 1
263 7 1
263 2 1
263 2 1
263 1 1
263 1 1
263 1 1
263 1 1
263 1 1
263 1 1
263 15 1
263 15 1
263 11 1
264 14 0
264 23 1
264 1 1
264 1 1
264 1 1
264 1 1
264 1 1
264 20 1
265 16 1
265 16 1
265 7 1
265 11 1
265 11 1
265 11 1
265 22 1
265 1 1
265 1 1
265 1 1
265 1 1
265 1 1
265 1 1
265 13 0
265 2 1
265 2 0
266 1 1
266 1 1
266 1 1
266 1 1
266 1 1
266 1 1
266 1 0
267 23 0
267 1 1
267 1 1
267 1 1
267 1 1
267 1 1
267 1 1
267 1 1
267 1 1
267 1 1
267 20 1
267 20 0
267 2 1
267 2 0
267 2 0
267 2 1
267 2 1
267 2 1
267 2 1
267 2 0
267 2 0
267 2 0
267 2 1
267 2 0
267 2 0
268 18 0
268 1 1
268 17 0
269 23 0
269 7 1
269 1 1
269 1 1
269 1 1
269 1 1
269 22 1
269 29 0
270 14 0
270 42 1
270 38 1
270 1 1
270 1 1
270 1 1
270 1 1
270 16 0
270 29 1
271 1 0
271 1 1
271 1 1
271 18 0
271 18 1
271 2 0
271 2 1
271 10 1
271 10 1
271 10 1
272 7 1
272 7 1
272 7 1
272 7 1
272 7 1
272 1 1
272 1 1
272 22 1
272 22 1
273 16 1
273 7 1
273 1 1
273 17 0
273 11 1
274 14 0
274 6 0
274 7 1
274 7 1
274 45 1
274 2 1
274 1 1
274 1 1
274 1 1
274 1 1
274 1 1
274 1 1
274 1 1
274 18 1
274 10 1
275 7 1
275 7 1
275 7 1
275 7 1
275 7 1
275 28 1
275 2 1
275 2 1
275 2 1
275 12 1
275 1 1
275 1 1
275 1 1
275 1 1
275 1 1
275 1 1
275 1 1
275 1 1
275 1 1
275 1 1
275 1 1
275 1 1
275 1 1
275 1 1
275 1 1
275 15 1
275 22 1
275 11 1
275 11 1
276 16 1
276 1 0
276 1 1
276 1 1
276 1 1
276 1 1
276 1 1
276 1 1
276 2 1
276 2 0
277 14 1
277 38 1
277 38 1
277 1 1
277 1 1
277 1 1
277 1 1
277 1 1
277 1 1
277 18 1
