1
1,1,1,1,1,1,14,14,14,3,6,9,9,15,8,8,12,17,17,2,2,2,2,2,2,2,2,2,2,2,2,2,19,19,10,20,20,20,5,5,5,5,5,5,5,5,5,5,5,5,5,5,5,5,5,5,5,5,7,7,7,7,7,7,18,18,16,13,11,4,4
0,0,0,1,0,1,1,1,1,1,0,1,1,1,1,1,0,0,0,1,1,1,1,1,1,1,0,1,1,1,1,1,1,1,1,1,0,0,1,1,1,1,1,1,1,1,1,1,1,1,1,1,1,1,1,1,1,1,0,1,1,1,0,1,1,1,1,1,1,0,1
2
1,1,1,1,14,14,14,6,6,6,6,18,4,8,27,17,17,25,22,22,20,20,20,5,5,5,5,5,5,5,5,5,5,5,5,5,5,5,5,5,5,5,5,5,5,5,5,5,5,5,5,5,5,12,12,24,23,19,19,19,21,7,7,7,7,7,7,26,26
0,0,0,0,1,1,1,0,0,0,1,1,0,1,1,0,0,1,1,1,1,0,0,1,1,1,1,1,1,1,1,1,1,1,0,1,1,1,1,0,1,1,1,1,1,1,1,1,1,1,1,1,1,1,1,1,1,1,1,1,1,1,1,1,1,1,1,1,1
3
1,14,14,14,14,9,30,15,15,29,8,8,32,17,31,20,20,20,5,5,5,5,5,5,5,5,5,5,5,5,5,5,5,5,5,5,5,5,5,5,5,5,5,5,5,5,5,5,5,5,5,5,5,5,5,5,5,5,5,5,5,5,28,24,7,7,7,7,18,18,18,16,12,33
1,1,1,1,1,1,1,1,0,0,1,1,1,0,0,1,1,0,1,1,1,1,1,1,1,1,1,1,1,1,1,1,0,1,1,1,1,1,1,1,1,1,1,1,1,1,1,1,1,1,1,1,1,1,1,1,1,1,1,1,1,1,1,1,1,1,1,1,1,0,1,1,0,1
4
14,20,20,5,5,5,5,5,5,5,5,5,5,7,7,7,7,9,9,9,9,15,16,8,8,8,8,2,2,2,2,2,2,2,2,2,2,2,2,2,2,2,2,2,18,18,18
1,1,0,1,1,1,1,1,1,1,1,1,1,1,1,1,0,1,1,1,1,0,0,1,1,1,1,1,1,1,1,1,1,1,1,1,1,1,1,1,1,1,1,0,1,0,0
5
1,1,14,6,9,9,34,15,8,8,17,35,2,2,2,2,22,36,20,20,20,5,5,5,5,5,5,5,5,5,5,5,5,5,5,5,5,5,5,5,5,5,5,5,5,5,5,5,5,5,5,5,5,5,5,5,5,5,5,5,5,4,27,18,18,7,7,7,7,26
1,1,1,1,1,1,1,1,1,1,0,1,1,0,1,1,1,1,1,0,1,1,0,1,1,1,1,1,1,1,1,1,1,1,1,1,1,0,0,1,1,1,0,1,1,1,1,1,1,1,1,1,1,1,1,1,1,1,1,1,1,0,0,0,1,1,1,0,1,1
6
1,40,9,9,9,9,9,9,34,15,8,8,8,8,8,27,38,2,2,2,2,2,2,2,2,2,2,2,41,20,20,5,5,5,5,5,5,4,37,39,7,7,7,33,33
1,1,1,1,1,1,1,1,1,0,1,1,1,1,1,0,0,1,0,1,1,1,1,1,1,1,1,1,1,0,1,1,1,1,1,1,1,0,1,0,1,0,1,1,1
7
1,42,9,15,17,2,43,20,20,20,5,5,5,5,5,5,5,5,5,5,5,5,5,5,5,5,5,5,5,5,5,5,5,5,5,5,5,5,5,5,5,4,4,24,7,7,7,7
1,0,1,1,0,1,0,1,0,0,1,1,1,0,1,1,1,1,1,1,1,1,1,1,1,1,1,1,1,1,1,1,1,1,1,1,1,1,1,1,1,1,0,0,1,1,0,1
8
1,1,14,14,14,14,14,14,14,14,14,14,46,9,9,34,34,8,8,8,27,20,20,20,20,20,20,18,18,18,18,37,44,47,26,26,6,45,17,17,17,2,19,19,19,19,19,19,19,5,5,5,5,5,5,5,5,5,5,5,5,5,5,5,5,5,5,5,5,5,5,5,5,5,5,5,5,5,5,5,5,5,5,7,7,7,7,7,7,7,7,7,23,23,23,4
0,0,1,1,1,1,1,1,1,1,1,1,1,1,1,1,1,1,1,1,1,1,1,1,1,1,0,1,1,1,1,1,0,1,1,0,1,0,1,0,0,0,1,1,1,1,1,1,1,1,1,1,1,0,1,1,1,1,1,1,0,1,1,1,1,1,1,1,1,1,1,1,1,1,1,1,1,1,0,1,1,1,1,1,1,1,1,0,0,0,0,0,1,1,1,0
9
48,5,5,5,5,4
1,1,1,1,1,0
10
1,49,6,9,9,15,8,2,2,2,2,2,43,20,20,20,5,5,5,5,5,5,5,5,5,5,5,5,5,5,5,5,5,5,5,5,5,5,5,5,5,5,5,5,5,5,5,5,5,5,5,5,5,5,27,18,7,7,7
1,1,1,1,1,1,1,1,1,1,1,1,1,1,0,0,1,1,1,1,1,1,1,0,1,1,1,1,1,1,1,1,1,1,1,1,1,1,1,1,1,1,1,1,1,1,1,1,1,1,1,1,1,1,1,1,1,1,1
11
1,36,20,20,20,20,45,8,8,50,17,17,41,2,2,2,2,43,51,5,5,5,5,5,5,5,5,5,5,5,5,5,5,5,5,5,5,5,5,5,5,5,5,5,5,5,5,5,5,5,5,5,5,5,5,5,4,4,18,7,7,7,7,7,7,7
1,1,1,1,0,0,1,1,1,1,0,1,1,1,1,1,1,1,0,1,1,1,1,1,1,1,1,0,1,1,1,1,1,1,1,1,1,1,1,1,1,1,1,1,1,1,1,1,1,1,1,1,1,1,1,1,1,1,1,1,1,1,1,1,1,1
12
1,1,14,14,9,34,52,8,8,8,20,20,20,20,2,2,36,51,5,5,5,5,5,5,5,5,5,5,5,5,5,5,5,5,5,5,5,5,5,5,5,5,5,5,5,5,5,5,5,5,5,5,5,5,5,5,5,5,5,5,5,53,4,4,18,18,18,18,18,18,18,18,7,7,7,7,7,7,7
0,0,1,1,1,1,1,1,1,1,1,1,1,1,1,1,0,1,1,0,1,1,1,1,1,1,1,1,1,1,1,1,1,1,1,1,1,1,1,1,1,1,1,1,1,1,1,1,1,1,1,1,1,1,1,1,1,1,1,1,1,0,0,0,1,0,1,1,1,1,1,1,1,1,1,1,1,1,0
13
43
0
14
15,14,40,5,5,5,5,5,5,5,5,5,5,5,5,5,5,5,5,54,20,20,18,2,35,7,7,7,7,38
0,0,1,1,1,1,0,1,1,1,1,1,1,1,1,1,1,1,1,0,1,1,0,0,0,1,1,1,1,0
15
1,1,14,9,9,9,9,9,9,9,15,15,8,8,8,8,8,8,8,55,2,2,2,2,2,2,2,2,2,2,2,2,2,2,22,20,20,20,20,20,20,20,5,5,5,5,5,5,5,5,5,5,5,5,24,18,18,18,13,33,33,7,7,7,7,7,7,7,7,7,7,7,7,56
0,0,1,1,1,1,1,1,1,1,0,0,1,1,1,1,1,1,1,1,1,1,1,1,1,1,1,1,1,0,1,1,1,1,1,0,1,1,1,0,0,0,1,1,1,1,1,1,1,1,1,1,1,1,1,1,1,1,0,1,1,1,1,0,1,1,0,1,0,1,1,1,0,0
16
16
1,40,5,5,5,5,5,5,5,5,5,5,5,5,6,9,9,9,7,7,15,8,20,20,20,2,2,2
1,1,1,0,1,1,1,1,1,1,1,1,1,1,1,1,1,1,0,1,0,1,0,1,0,1,1,1
17
36,9,9,9,9,15,8,8,8,8,8,12,12,43,20,18,18,54,24,24,24,13,30,10,11,17,2,2,2,2,2,2,2,58,58,51,5,5,5,5,5,5,5,5,5,5,5,5,5,5,5,5,5,5,5,5,5,5,5,5,7,7,7,7,32,57,4
1,1,1,1,1,0,1,1,1,1,1,0,0,0,1,1,1,1,1,0,0,0,1,1,1,1,1,1,1,1,1,1,1,1,1,1,1,1,1,1,1,1,1,0,1,1,1,1,0,1,1,1,1,1,1,1,1,1,1,1,0,1,0,0,0,0,0
18
1,1,14,14,14,14,3,36,9,9,9,15,8,8,8,8,8,8,8,43,43,20,20,18,18,31,27,19,47,26,59,30,60,11,41,2,2,2,2,2,2,2,2,22,22,61,5,5,5,5,5,5,5,5,5,5,5,5,5,5,5,5,5,5,5,5,7,7,7,7,7,7,7,7,4
1,0,0,1,1,1,0,1,1,0,1,1,1,1,1,1,1,1,1,1,0,1,0,0,0,1,1,1,0,1,0,1,1,0,0,1,1,1,1,1,1,0,1,0,0,1,1,1,1,1,1,1,1,1,1,1,1,1,1,1,1,1,1,1,1,1,1,0,1,1,1,1,1,1,1
19
1,1,1,14,14,9,9,9,9,9,8,8,8,8,8,8,8,8,64,64,35,36,20,20,20,18,62,62,24,27,63,40,40,17,17,25,2,2,2,2,2,2,2,2,2,2,2,2,66,5,5,5,5,5,5,5,5,5,5,5,5,5,7,7,7,7,7,65,12,33,33
1,1,0,1,1,1,1,1,1,1,1,1,1,1,1,1,1,1,1,1,1,1,0,1,0,1,1,1,1,1,0,0,1,1,1,0,1,1,1,1,1,1,1,1,1,1,1,1,1,1,1,1,1,1,1,1,1,1,1,1,1,1,1,0,1,1,1,1,1,1,1
20
20
1,30,9,9,18,8,8,8,8,8,17,2,58,20,20,5,5,5,5,5,5,5,5,5,5,5,5,5,5,5,5,5,5,5,5,5,5,5,5,5,5,5,5,5,5,5,5,5,5,5,5,5,54,64,6,7,7,7,7,7,7,7,7
0,1,1,1,1,1,1,1,1,1,1,1,1,1,1,1,1,1,1,1,1,1,1,1,1,1,1,0,1,1,1,1,1,1,1,1,1,1,1,1,1,1,1,1,1,1,1,1,1,1,1,1,1,1,1,1,0,1,1,1,1,1,0
21
1,1,1,1,14,14,14,67,34,52,8,8,8,8,8,8,8,8,8,20,20,18,18,18,18,54,24,24,27,44,9,9,9,9,9,17,17,17,41,2,2,2,2,2,2,2,2,2,2,2,2,19,19,19,15,5,5,5,5,5,5,5,5,5,5,5,5,65,68,7,7,7,7,7,7,7,7
0,1,0,1,0,1,1,1,1,1,0,1,1,1,1,1,1,1,1,0,1,0,0,1,1,0,1,1,1,1,1,1,1,1,1,0,0,1,1,1,1,1,1,1,1,1,1,1,1,1,1,0,1,1,0,1,1,1,1,0,1,1,1,1,1,1,1,1,0,1,1,1,1,1,1,0,1
22
1,14,14,14,14,14,30,9,34,4,8,8,8,8,8,8,8,8,2,2,2,2,2,31,20,20,20,20,20,5,5,5,5,5,5,5,5,5,5,5,5,5,5,5,5,5,5,5,5,5,5,54,7,7,7,7,7,7,7,26
0,1,1,1,1,1,1,1,1,1,1,1,1,1,1,1,1,1,1,1,0,1,1,1,1,1,1,1,0,1,1,1,1,1,1,1,1,0,1,1,1,1,1,1,1,1,1,1,1,1,1,1,1,1,1,0,1,0,0,1
23
43,20,5,5,5,5,5,5,5,5,5,5,5,5,5,5,5,5,5,5,5,5,5,5,7,7,9,9,18,8,8,17,2,2,2,2
0,0,1,1,1,1,1,1,1,1,1,1,1,0,1,1,1,1,1,1,1,1,1,1,1,1,1,1,1,1,1,0,1,1,1,1
24
1,1,31,5,5,7,7,7,67,9,9,30,8,8,8,2,2,2,2,2,19,19
1,1,1,1,1,1,0,1,1,1,1,1,1,1,1,1,1,1,1,1,1,0
25
1,1,69,6,6,6,9,9,9,18,18,8,8,8,70,17,2,2,2,2,2,2,2,20,20,20,20,5,5,5,5,5,5,5,5,5,4,64,7,7,7,7,54
0,1,0,0,1,1,1,1,1,1,1,1,1,1,0,1,1,1,1,1,1,1,1,1,1,1,0,1,1,1,1,1,1,1,1,1,1,1,0,1,1,1,1
26
1,14,30,15,27,17,36,20,20,20,20,20,5,5,5,5,5,5,5,5,5,5,5,5,5,5,5,5,5,5,5,5,5,5,5,5,5,5,5,5,5,5,5,5,5,5,5,5,5,5,5,71,7,7,7,7,7,7,7,7,18,18,18,47,47
0,1,1,1,1,1,1,1,1,1,1,1,1,1,1,1,0,1,0,1,1,1,1,1,1,1,1,1,1,1,1,1,1,1,1,1,1,1,1,1,1,1,1,1,1,1,1,1,1,1,1,0,1,0,1,1,1,0,0,1,0,0,0,1,0
27
7
1
28
36,9,15,15,8,8,8,8,8,20,2,2,43,51,5,5,5,5,5,5,5,5,5,5,5,5,5,5,5,5,5,5,5,5,5,5,5,5,5,5,5,5,5,5,5,5,5,5,5,5,5,5,71,18,18,18,7,7,7,7,7
1,1,1,1,1,1,1,1,1,1,1,0,0,1,1,1,1,1,1,1,1,0,1,1,1,0,1,0,1,1,1,1,1,1,1,1,1,1,1,1,1,1,1,1,1,0,1,1,1,1,1,1,1,1,1,1,1,1,1,0,1
29
1,1,1,73,73,40,40,40,27,6,6,72,8,55,20,20,2,10,51,51,5,5,5,5,5,5,5,5,5,5,5,5,5,5,5,5,5,5,5,5,5,5,5,12,24,23,56,7,7,7,26
0,0,0,1,1,1,0,1,0,0,1,0,1,1,0,0,1,1,0,0,1,1,1,1,1,1,1,1,1,1,1,0,1,1,1,1,1,1,1,1,1,1,1,0,1,0,1,1,1,0,1
30
74,74,14,46,30,34,15,15,15,15,29,2,19,31,31,20,20,20,20,5,5,5,5,5,5,5,5,5,5,5,5,5,5,5,5,5,5,5,5,5,5,5,5,5,5,5,5,5,5,5,5,5,5,5,5,5,5,5,5,5,5,5,5,5,5,5,5,5,5,47,27,18,18,7,7,7,7,7,7,7,7,7,7
1,0,1,0,1,1,0,1,1,0,1,0,1,1,0,1,1,1,0,1,1,1,1,1,1,1,0,1,1,1,1,1,1,1,1,1,1,0,1,1,1,1,1,1,1,1,1,1,1,1,1,1,1,1,1,1,1,1,1,1,1,1,1,1,1,1,1,1,1,0,1,0,1,1,1,0,0,1,0,1,0,0,1
31
31
1,1,1,14,14,42,9,9,9,9,52,4,4,4,8,8,8,8,8,8,2,2,2,2,2,2,2,2,15,20,20,20,20,20,20,20,5,5,5,5,5,54,24,64,18,7,7,7,7,7,7
0,0,0,1,1,1,1,1,1,1,1,0,0,1,1,1,1,1,1,1,1,1,1,1,1,1,1,1,0,0,1,1,1,1,0,0,1,1,1,1,1,1,1,1,1,1,1,1,0,1,0
32
14,36,9,9,9,9,34,18,8,8,8,8,8,8,8,8,2,2,2,2,2,2,2,43,20,20,5,5,5,24,75,7,7,7,33,33
1,1,1,1,1,1,1,1,1,1,1,1,1,1,1,1,1,1,1,1,1,1,1,0,1,0,0,1,1,1,1,1,0,1,1,1
33
36,5,5,5,5,5,5,5,5,5,5,5,69,12,20,20,7,18,13,27,8,8,2
1,1,1,1,1,1,1,1,1,1,1,1,1,0,0,1,0,1,0,0,1,1,1
34
1,5,5,7,7
0,1,1,1,1
35
5
1
36
1,14,14,9,76,52,8,8,8,8,17,38,19,19,31,20,20,20,20,20,20,20,20,20,20,5,5,5,5,5,5,5,5,5,5,5,5,5,5,5,5,5,5,5,5,5,5,5,5,5,5,5,5,5,5,5,5,5,5,5,5,5,5,18,54,54,23,15,77,26,7,7,7,7,7,7,7,33,33
0,1,0,1,1,0,1,1,1,1,0,0,0,1,1,1,1,1,1,1,0,0,1,0,0,1,1,1,1,1,1,1,1,1,1,1,1,1,1,1,1,1,1,1,1,1,1,1,1,1,1,1,1,1,1,1,1,1,1,1,1,1,1,0,1,1,1,0,0,1,0,1,0,1,0,1,1,1,1
37
1,1,1,1,6,9,9,9,9,9,9,9,9,15,8,8,8,8,8,8,32,2,2,2,2,2,2,2,2,2,2,2,78,20,20,20,18,18,18,71,24,64,64,74,7,7,7,7,7
0,0,0,0,0,1,1,1,1,1,1,1,1,0,1,1,1,1,1,1,0,1,1,1,1,1,1,1,1,1,1,1,1,0,1,0,0,0,0,1,1,1,1,0,1,0,1,1,1
38
1,9,5,5,5,5,5,5,5,5,5,5,5,5,5,5,5,5,5,5,5,5,5,5,5,5,5,5,5,5,5,5,5,5,5,18,18,2,2,24,15,8,8,8,66,7,7,7,7,7,20,20,20
1,1,1,1,1,1,1,1,1,1,1,1,1,1,0,0,1,1,1,1,1,1,1,1,1,1,1,1,1,1,1,1,1,1,1,1,0,1,1,0,0,1,1,1,0,1,1,1,0,1,0,1,0
39
1,1,1,1,14,30,9,9,9,18,18,18,18,8,8,8,17,2,31,31,20,20,20,5,5,5,5,5,5,5,5,5,5,5,5,5,5,5,5,5,5,5,5,5,5,5,5,5,5,5,7,7,7,4,4
1,0,1,1,1,1,1,1,1,0,0,1,1,0,1,1,0,1,0,0,1,0,0,1,1,1,1,1,1,1,1,1,1,1,1,0,1,1,1,1,1,1,1,1,1,1,1,1,1,1,1,1,1,0,1
40
14,9,9,9,9,9,9,9,18,8,8,8,8,8,8,8,8,8,8,38,2,2,2,2,2,2,2,2,2,2,2,2,2,2,2,2,2,2,48,20,20,20,20,20,5,24,64,33,33,7,7,7,7,7,56
1,1,1,1,1,1,0,1,1,1,1,1,1,1,1,1,1,1,1,1,1,1,1,1,1,1,1,1,1,1,1,1,1,1,1,1,1,1,1,1,1,1,0,0,1,1,1,1,1,1,0,1,1,1,1
41
1,1,1,1,27,30,18,18,8,8,8,8,8,8,8,8,32,17,17,2,2,2,2,2,2,2,2,2,2,22,43,31,20,20,5,5,5,5,5,5,5,5,5,5,5,5,5,5,5,5,5,5,5,5,5,5,5,5,5,5,5,5,5,64,13,7,7,7,7,7,7,7,7,33,33
0,1,0,1,1,1,1,1,1,1,1,1,1,1,1,1,1,1,1,1,1,1,1,1,1,1,1,1,1,1,1,1,1,1,1,1,1,1,1,1,1,1,1,1,1,1,1,1,1,1,1,1,1,1,1,1,1,1,1,1,1,1,1,1,1,1,0,0,1,1,1,1,1,1,1
42
1,1,9,45,8,2,2,2,2,10,20,20,20,20,5,5,5,5,5,5,5,5,5,5,5,5,5,5,5,5,5,5,5,5,5,5,5,12,18,18,18,7,7,7,7,33,33
0,1,1,0,1,1,1,1,1,1,0,1,0,1,1,1,1,1,1,1,1,1,1,1,1,1,0,1,1,1,1,1,1,1,1,1,1,1,1,1,1,1,1,1,1,1,1
43
1,1,1,14,14,6,6,9,9,9,9,9,34,15,39,8,8,8,8,8,8,79,2,2,2,21,36,20,20,20,20,20,5,5,5,5,5,5,5,5,5,5,5,5,5,5,5,5,5,5,5,5,5,5,5,5,5,5,5,5,5,5,5,5,5,5,5,5,5,5,5,24,24,18,18,18,18,44,11,7,7,7,7,7,7,7,7,7,7,26
0,1,0,1,1,1,1,1,1,1,1,1,1,0,0,1,1,1,1,1,1,1,1,0,1,1,1,0,1,1,1,1,1,1,1,1,1,1,1,1,1,0,1,1,1,1,1,1,1,1,1,1,1,1,1,1,1,1,1,1,1,1,1,1,1,1,1,1,1,1,1,0,0,1,1,1,1,1,0,1,0,1,0,0,0,0,1,1,0,1
44
1,1,1,1,40,9,9,6,6,15,8,8,27,17,20,20,20,2,31,31,51,51,5,5,5,5,5,5,5,5,5,5,5,5,5,5,5,5,5,5,5,5,5,5,5,5,5,5,5,5,5,5,5,5,5,5,5,5,5,5,5,5,5,5,18,24,24,23,74,7,7,7,7,7,7,33
0,0,0,0,0,1,1,1,1,0,1,1,1,0,1,1,0,1,1,1,1,1,1,1,1,1,1,1,1,1,1,0,1,1,1,1,1,1,1,1,1,1,1,1,1,1,1,1,1,1,1,1,1,1,1,1,1,1,1,1,1,1,1,1,1,1,1,0,0,1,1,0,1,1,0,1
45
14,46,46,9,9,34,18,18,17,2,2,22,43,43,20,20,20,5,5,5,5,5,5,5,5,5,5,5,5,5,54,64,64,13,7,7
1,0,0,1,1,0,1,1,0,0,1,0,1,0,0,0,0,1,1,1,0,1,1,1,1,1,1,1,1,1,0,1,1,1,1,1
46
14,14,14,40,9,80,8,27,17,2,36,31,20,20,20,20,20,20,5,5,5,5,5,5,5,5,5,5,5,5,5,5,5,5,5,5,5,5,5,5,5,5,5,5,5,5,5,5,5,5,5,5,5,5,5,5,5,54,64,18,18,47,21,7,7,7,7,7,7,7,7,7,7
1,1,1,0,1,1,1,1,1,1,1,1,1,1,1,1,1,0,1,1,1,1,0,1,1,1,1,1,1,1,1,1,0,1,1,1,1,1,1,1,1,1,1,1,1,1,1,1,1,1,1,1,1,1,1,1,1,0,1,1,1,0,0,1,1,1,0,1,1,1,1,0,1
47
1,1,20,20,20,5,5,5,5,5,5,5,5,5,5,5,5,7,7,7,7,7,2,45,18,19,4,81
0,0,1,1,1,1,1,1,1,1,0,1,1,1,1,1,1,1,1,0,1,1,1,1,1,1,0,1
48
14,20,20,80,72,8,25,2,22,36,51,51,5,5,5,5,5,5,5,5,5,5,5,5,5,5,5,5,5,5,5,5,5,5,5,5,5,5,5,5,5,5,5,5,5,5,5,5,5,5,5,5,5,7,7,7,7,7,18,18,18,21,4,26
1,0,1,1,1,1,1,1,1,1,1,1,0,1,1,1,1,1,1,1,1,1,1,1,1,1,1,1,1,1,1,1,1,1,1,1,0,0,1,1,1,1,1,1,1,1,1,1,1,1,1,1,1,1,1,1,0,1,1,1,1,1,1,0
49
2,20,20,20,5,38,7,7
1,1,1,0,1,1,1,1
50
43,15,20,20,20,20,20,5,5,5,5,5,5,5,5,5,5,5,5,5,5,5,5,5,5,5,5,5,5,5,5,5,5,5,5,5,5,5,5,5,5,5,5,5,5,5,5,5,5,5,5,5,5,5,5,5,5,53,2,18,18,18,18,29,8,8,17,17,7,7,7,7,7,7,7,7
0,0,1,1,1,1,0,1,1,1,0,1,1,1,1,1,1,1,1,0,1,1,1,1,1,1,1,1,1,1,1,1,1,1,1,1,1,1,1,1,1,1,1,1,1,1,1,1,1,1,1,1,1,1,1,1,1,0,1,0,1,0,1,1,1,1,1,1,1,0,0,0,0,0,1,0
51
30,9,9,9,9,9,9,9,9,9,8,8,8,8,8,64,17,17,2,2,2,2,2,66,5,5,5,4,4,4,65,39,7,7,7,7
1,1,1,1,1,1,1,1,1,1,1,1,1,1,1,1,1,0,1,1,1,1,1,1,0,1,1,1,1,1,1,0,1,1,1,0
52
5,5,5,5,5,5,5,5,5,5,5,9,64,8,8,21,7,7
1,1,1,1,1,1,1,1,0,1,0,1,1,1,1,1,1,0
53
1,1,1,1,1,14,14,14,14,14,33,33,33,75,67,34,52,8,8,8,8,8,8,8,8,64,36,20,20,20,20,18,18,18,18,18,82,44,19,19,19,21,9,9,9,9,9,9,9,9,30,17,2,2,2,2,2,2,2,2,2,2,2,2,2,2,2,2,2,2,22,15,15,15,15,5,5,5,5,5,5,5,5,5,5,5,5,5,4,65,42,42,83,7,7,7,7,54,54,54
0,0,0,0,0,1,1,0,1,1,1,1,1,1,1,1,1,1,1,0,1,1,1,1,1,1,1,0,1,1,0,0,1,1,1,1,1,0,0,1,1,0,1,1,1,1,1,1,1,1,1,1,1,1,1,1,1,1,1,1,1,1,1,1,1,1,1,1,1,1,1,1,1,0,1,1,1,1,1,1,1,0,1,1,1,0,1,1,1,0,1,1,1,0,0,0,1,1,0,1
54
15,20,5,5,5,5,5,5,5,5,5,5,5,5,5,17,7,7,7,7
0,1,1,1,1,1,1,1,1,1,1,1,1,1,1,0,1,1,1,1
55
58
0
56
20,20,20,5,5,5,5,5,5,5,5,5,2,2,8,17,38,7,7
1,1,0,0,1,1,1,0,1,1,1,1,1,1,1,0,0,0,0
57
1,1,1,1,1,36,9,9,9,9,9,9,34,15,15,8,8,8,8,8,84,20,20,18,18,86,54,27,13,21,47,85,85,30,6,45,17,17,2,2,2,2,2,2,10,5,5,5,5,5,5,5,5,5,5,5,5,5,5,5,5,5,5,5,5,5,5,5,5,5,5,5,7,7,7,7,7,7,7,7,7,7,4,71
0,0,1,0,0,1,1,1,1,1,1,1,1,1,0,1,1,1,1,1,0,1,1,1,1,0,1,0,0,1,1,1,1,1,1,0,1,1,1,1,1,1,1,1,1,1,1,1,1,1,1,1,1,1,1,1,1,1,1,1,1,1,1,1,1,1,1,1,1,1,1,1,1,0,0,1,0,0,1,0,1,0,1,0
58
36,14,14,14,14,14,14,20,5,5,5,5,5,5,5,5,5,34,18,7,7,7,7
1,1,1,1,1,0,1,0,1,1,0,1,1,1,1,1,1,1,1,1,1,1,1
59
5,5,5,5,5,5,5,5,5,5,18,18,18,18,20,20,20,8,8,8,35,7,7,7
1,1,1,1,1,1,1,1,1,1,1,1,1,1,0,1,0,1,1,1,0,1,1,1
60
5
1
61
1,14,14,14,40,40,18,18,18,18,17,17,25,19,20,20,20,5,5,5,5,5,5,5,5,5,5,5,5,5,5,5,5,5,5,5,5,5,5,5,5,5,5,5,5,5,5,5,5,5,5,5,5,5,5,7,7,7,7,39,4
1,1,1,1,1,1,1,0,1,1,1,0,1,1,0,1,0,1,1,1,1,1,1,1,1,1,1,1,0,1,1,1,1,1,1,1,1,1,1,1,1,1,1,1,1,1,1,1,1,1,1,1,1,1,1,1,1,0,1,0,1
62
73,73,14,14,9,9,52,52,20,20,20,18,18,18,24,13,19,19,21,6,48,4,4,4,17,2,2,2,2,22,5,5,5,5,5,5,5,5,5,5,5,5,5,5,5,5,5,5,5,5,5,5,5,5,5,5,5,5,5,5,5,5,5,5,5,5,5,28,65,87,7,7,7,7,56
0,0,1,1,1,1,0,1,1,0,0,1,1,1,0,0,1,0,0,1,1,0,1,0,1,1,1,1,0,1,1,1,1,1,1,1,1,0,1,1,0,1,0,0,1,1,1,1,1,1,1,1,1,1,1,1,1,1,1,1,0,1,1,1,1,1,1,1,1,1,1,1,1,0,1
63
40,6,9,9,9,18,18,8,8,8,8,8,8,8,8,17,17,17,35,35,35,2,2,2,2,2,2,2,2,2,2,2,20,5,5,5,5,5,5,5,5,5,5,5,5,5,5,5,5,5,5,5,5,5,5,5,5,24,23,74,77,7,7,7,7,7,7,7,7
0,0,0,1,1,0,1,1,1,1,1,1,1,1,1,0,1,1,1,1,1,1,1,1,1,1,1,1,1,1,1,1,1,1,1,1,1,1,1,0,1,1,1,1,1,1,1,1,1,1,1,1,1,1,1,1,1,1,1,0,0,1,1,1,1,1,1,1,1
64
1,5,5,5,5,5,5,5,5,5,5,5,5,5,5,5,5,5,5,5,5,7,7,7,9,38,4
0,1,1,1,1,1,1,1,1,1,1,1,1,1,1,1,0,0,0,0,1,1,0,1,1,1,0
65
1,14,14,70,9,30,52,8,64,20,20,2,2,2,2,19,66,66,5,5,5,5,5,5,5,5,5,5,5,5,5,5,5,5,12,24,7,7,4,71
0,1,1,0,1,1,1,1,1,0,1,1,1,1,1,1,1,1,1,1,1,1,1,1,1,1,1,1,1,1,1,1,0,1,0,0,1,1,1,1
66
7,7,7
1,1,0
67
1,18,18,8,17,2,2,36,31,20,20,20,20,20,20,5,5,5,5,5,5,5,5,5,5,5,5,5,5,5,5,5,5,5,5,5,5,5,5,5,5,5,5,5,5,5,5,5,5,5,5,5,5,5,5,5,5,5,5,5,5,5,5,5,5,5,5,5,5,27,15,39,7,7,7,7,7,7,7,7
0,1,1,1,0,0,1,1,0,1,1,1,1,1,0,1,1,1,1,1,1,1,1,1,1,1,1,1,1,1,1,1,1,1,1,1,1,1,1,1,1,1,1,1,1,1,1,1,1,1,1,1,1,1,1,1,1,1,1,1,1,1,1,1,1,1,1,1,1,1,0,0,1,1,1,1,0,1,1,1
68
68
14,18,18,8,8,20,20,20,20,20,88,43,10,10,10,10,10,10,10,10,10,51,5,5,5,5,5,5,5,5,5,5,5,5,5,5,5,5,5,5,5,5,5,5,5,5,5,5,5,5,5,5,5,5,5,5,5,5,5,5,5,5,5,5,5,5,5,12,15,47,19,7,7,7,7,7
1,0,1,0,1,1,1,1,1,0,1,0,1,0,1,0,0,0,0,0,1,1,1,1,1,1,1,1,1,0,1,1,1,1,1,0,1,1,1,1,1,1,1,1,1,1,1,1,1,1,1,1,1,0,1,1,1,1,1,1,1,1,1,1,1,1,1,1,0,1,0,0,0,0,0,0
69
14,46,9,9,52,8,8,64,2,2,2,2,2,2,19,36,20,20,20,5,5,5,5,5,5,5,5,5,5,5,5,5,5,5,5,4,23,18,18,44,33,7,7,7,7,7,26
1,1,1,0,0,1,1,1,1,1,1,1,1,1,1,1,0,1,0,1,1,1,1,1,1,1,1,1,0,1,1,1,1,1,1,0,0,1,1,0,1,1,1,0,1,1,0
70
1,1,14,14,14,14,6,9,30,18,18,18,18,11,17,38,2,2,2,36,58,20,20,5,5,5,5,5,5,5,5,5,5,5,5,5,5,5,5,5,5,5,5,5,5,5,5,5,5,5,5,5,5,5,5,5,5,4,4,37,74,31,75,7,7,7,7,7,89
0,0,1,1,1,1,0,1,0,1,1,1,1,1,0,0,1,1,0,1,0,0,1,1,1,1,1,1,1,1,1,1,1,1,1,0,1,1,1,1,1,1,1,1,1,1,1,1,1,1,1,1,1,1,1,1,1,0,1,1,0,1,1,1,1,1,0,1,1
