1
27,27,27,27,27,27,62,1,1,1,1,1,1,1,1,1,1,1,1,1,1,1,1,1,1,1,1,14,14,14,4,3,3,3,3,3,3,66,66,53,46,63,63,5,5,10,10,64,65,15,15,35,37,21,21,21,21,21,21,21,21,21,21,21,21,21,24,24,67,67,67
0,0,0,1,0,1,1,1,1,1,1,1,1,1,1,1,1,1,1,1,1,1,1,1,1,1,1,1,1,1,0,0,1,1,1,0,1,0,0,1,1,0,1,1,1,1,1,1,1,1,1,1,0,1,1,1,1,1,1,1,0,1,1,1,1,1,1,1,1,0,0
2
27,27,27,27,10,10,10,1,1,1,1,1,1,1,1,1,1,1,1,1,1,1,1,1,1,1,1,1,1,1,1,1,1,1,1,1,1,14,14,14,4,4,3,3,3,3,3,3,39,66,66,29,32,32,9,63,5,69,47,47,15,37,37,37,37,68,67,67,67
0,0,0,0,1,1,1,1,1,1,1,1,1,1,1,1,1,1,0,1,1,1,1,0,1,1,1,1,1,1,1,1,1,1,1,1,1,1,1,1,1,1,1,1,1,1,1,1,1,0,0,1,1,1,1,0,1,1,1,1,1,0,0,0,1,1,1,0,0
3
27,1,1,1,1,1,1,1,1,1,1,1,1,1,1,1,1,1,1,1,1,1,1,1,1,1,1,1,1,1,1,1,1,1,1,1,1,1,1,1,1,1,1,1,1,71,14,14,14,14,39,3,3,3,3,25,23,66,70,5,5,4,65,15,15,15,35,35,72,60,24,67,67,67
1,1,1,1,1,1,1,1,1,1,1,1,1,1,1,0,1,1,1,1,1,1,1,1,1,1,1,1,1,1,1,1,1,1,1,1,1,1,1,1,1,1,1,1,1,0,1,1,1,1,1,1,1,1,1,1,1,0,1,1,1,0,1,1,0,1,1,0,1,0,1,1,1,0
4
35,5,5,5,5,1,1,1,1,1,1,1,1,1,1,65,14,15,15,15,3,3,3,3,21,21,21,21,21,21,21,21,21,21,21,21,21,21,21,21,21,24,24,24,24,67,67
0,1,1,1,1,1,1,1,1,1,1,1,1,1,1,0,1,1,0,0,1,1,1,0,1,1,1,1,1,1,1,1,1,1,1,1,1,1,1,1,0,1,1,1,1,1,0
5
27,27,18,1,1,1,1,1,1,1,1,1,1,1,1,1,1,1,1,1,1,1,1,1,1,1,1,1,1,1,1,1,1,1,1,1,1,1,1,1,1,1,1,14,3,3,3,3,74,66,47,32,9,63,5,5,15,15,35,37,21,21,21,21,24,24,67,67,67,73
1,1,1,1,0,1,1,1,1,1,1,1,1,1,1,1,1,1,1,0,0,1,1,1,0,1,1,1,1,1,1,1,1,1,1,1,1,1,1,1,1,1,1,1,1,1,0,1,1,0,1,1,0,0,1,1,0,1,1,1,1,0,1,1,1,1,1,0,1,1
6
27,18,1,1,1,1,1,1,76,11,3,3,3,40,9,63,5,5,5,5,5,75,35,72,72,21,21,21,21,21,21,21,21,21,21,21,24,24,24,24,24,24,67,67,50
1,1,1,1,1,1,1,1,0,0,1,0,1,1,0,0,1,1,1,1,1,1,0,1,1,1,0,1,1,1,1,1,1,1,1,1,1,1,1,1,1,1,0,1,1
7
27,1,1,1,1,1,1,1,1,1,1,1,1,1,1,1,1,1,1,1,1,1,1,1,1,1,1,1,1,1,1,1,39,57,77,63,63,66,3,3,3,3,35,21,24,67,67,67
1,1,1,1,0,1,1,1,1,1,1,1,1,1,1,1,1,1,1,1,1,1,1,1,1,1,1,1,1,1,1,1,0,0,0,1,0,0,1,1,0,1,1,1,1,1,0,0
8
27,27,10,10,10,10,10,10,10,14,14,14,14,14,14,14,14,14,14,29,29,29,9,66,66,66,12,75,37,21,79,67,67,67,67,67,67,18,18,1,1,1,1,1,1,1,1,1,1,1,1,1,1,1,1,1,1,1,1,1,1,1,1,1,1,1,1,1,1,1,1,1,1,63,3,3,3,3,3,3,3,3,3,78,31,5,5,5,32,32,15,15,15,15,24,24
0,0,1,1,1,1,1,1,1,1,1,1,1,1,1,1,1,1,1,1,1,1,1,1,0,0,0,1,1,0,1,1,1,1,1,1,0,1,1,1,1,1,1,0,1,1,1,1,1,1,0,1,1,1,1,1,1,1,1,1,1,1,1,1,1,1,1,1,0,1,1,1,1,0,1,1,1,1,0,0,0,0,0,1,0,1,1,1,1,0,1,1,1,1,1,1
9
63,1,1,1,1,80
0,1,1,1,1,1
10
27,37,3,3,3,81,9,57,5,15,35,1,1,1,1,1,1,1,1,1,1,1,1,1,1,1,1,1,1,1,1,1,1,1,1,1,1,1,1,1,1,1,1,1,1,1,1,1,1,21,21,21,21,21,24,24,67,67,67
1,1,1,1,1,1,1,1,1,1,1,1,1,1,1,1,1,1,0,1,1,1,1,1,1,1,1,1,1,1,1,1,1,1,1,1,1,1,1,1,1,1,1,1,1,1,1,1,1,1,1,1,1,1,1,1,1,0,0
11
27,1,1,1,1,1,1,1,1,1,1,1,1,1,1,1,1,1,1,1,1,1,1,1,1,1,1,1,1,1,1,1,1,1,1,1,1,1,50,3,3,3,3,3,3,3,82,31,57,66,66,63,63,5,5,15,42,21,21,21,21,67,67,67,67,74
1,1,1,1,1,1,1,1,1,0,1,1,1,1,1,1,1,1,1,1,1,1,1,1,1,1,1,1,1,1,1,1,1,1,1,1,1,1,1,1,1,1,1,1,1,1,1,1,1,0,1,1,1,1,1,1,0,1,1,1,1,1,1,0,0,1
12
27,27,83,1,1,1,1,1,1,1,1,1,1,1,1,1,1,1,1,1,1,1,1,1,1,1,1,1,1,1,1,1,1,1,1,1,1,1,1,1,1,1,1,1,1,1,14,14,18,3,3,3,3,3,3,3,63,63,5,5,5,15,15,15,15,15,15,15,15,42,84,21,21,24,67,67,67,67,74
0,0,1,1,0,1,1,1,1,1,1,1,1,1,1,1,1,1,1,1,1,1,1,1,1,1,1,1,1,1,1,1,1,1,1,1,1,1,1,1,1,1,1,1,1,1,1,1,1,1,1,1,1,1,1,0,0,0,1,1,1,1,0,1,1,1,1,1,1,1,0,1,1,1,1,1,1,1,0
13
57
0
14
85,35,40,1,1,1,1,1,1,1,1,1,1,1,1,1,1,1,1,14,11,3,3,3,3,15,21,67,67,73
0,0,1,1,1,1,0,1,1,1,1,1,1,1,1,1,1,1,1,0,0,1,1,1,1,0,0,1,1,0
15
27,27,38,1,1,1,1,1,1,1,1,1,1,1,1,14,39,3,3,3,3,3,3,3,3,3,3,3,3,86,47,46,5,5,5,5,5,5,5,15,15,15,35,35,72,72,21,21,21,21,21,21,21,21,21,21,21,21,21,21,24,24,24,24,24,24,24,67,67,67,67,67,67,67
0,0,0,1,1,1,1,1,1,1,1,1,1,1,1,1,1,1,1,0,1,1,0,1,0,1,1,1,0,1,1,0,1,1,1,1,1,1,1,1,1,1,0,0,1,1,1,1,1,1,1,1,1,1,1,0,1,1,1,1,1,1,1,1,1,1,1,0,1,1,1,0,0,0
16
16
27,35,5,40,37,3,3,1,1,1,1,1,1,1,1,1,1,1,1,21,21,21,24,24,24,67,67,67
1,0,1,1,1,0,1,1,0,1,1,1,1,1,1,1,1,1,1,1,1,1,1,1,1,0,1,0
17
39,39,39,57,87,87,25,23,46,4,4,66,35,59,21,21,21,21,21,21,21,67,1,1,1,1,1,1,1,1,1,1,1,1,1,1,1,1,1,1,1,1,1,1,1,1,3,3,3,3,24,24,24,24,5,5,5,5,5,53,63,64,15,15,42,85,74
1,0,0,0,1,1,0,1,0,0,0,1,0,0,1,1,1,1,1,1,1,1,1,1,1,1,1,1,1,0,1,1,1,1,0,1,1,1,1,1,1,1,1,1,1,1,0,1,0,0,1,1,1,1,1,1,1,1,1,1,0,1,1,1,1,1,1
18
27,27,10,50,14,14,14,14,57,57,90,23,47,47,9,5,5,5,5,5,5,5,89,35,88,21,21,21,21,21,21,21,21,79,67,67,62,1,1,1,1,1,1,1,1,1,1,1,1,1,1,1,1,1,1,1,1,71,3,3,3,3,3,3,3,3,32,63,64,15,15,24,24,24,74
1,0,1,0,0,1,1,1,1,0,1,1,0,0,1,1,1,1,1,1,1,1,1,1,0,1,1,1,1,1,1,0,1,0,1,0,0,1,1,1,1,1,1,1,1,1,1,1,1,1,1,1,1,1,1,1,1,1,1,0,1,1,1,1,1,1,1,1,0,0,0,1,0,1,1
19
27,27,27,91,91,14,14,39,40,40,9,4,66,66,69,92,93,72,72,21,21,21,21,21,21,21,21,21,21,21,21,67,67,67,1,1,1,1,1,1,1,1,1,1,1,1,1,17,3,3,3,3,3,5,5,5,5,5,5,5,5,15,74,24,24,24,24,24,22,22,73
1,1,0,1,1,1,1,1,0,1,1,1,1,1,0,0,1,1,1,1,1,1,1,1,1,1,1,1,1,1,1,0,1,0,1,1,1,1,1,1,1,1,1,1,1,1,1,1,1,0,1,1,1,1,1,1,1,1,1,1,1,1,1,1,1,1,1,1,1,1,1
20
20
27,1,1,1,1,1,1,1,1,1,1,1,1,1,1,1,1,1,1,1,1,1,1,1,1,1,1,1,1,1,1,1,1,1,1,1,1,1,85,87,23,66,3,3,3,3,3,3,3,3,5,5,5,5,5,15,37,21,24,24,22,67,67
0,1,1,1,1,1,1,1,1,1,1,1,1,0,1,1,1,1,1,1,1,1,1,1,1,1,1,1,1,1,1,1,1,1,1,1,1,1,1,1,1,1,1,0,1,1,1,1,1,0,1,1,1,1,1,1,1,1,1,1,1,1,1
21
27,27,27,27,83,10,10,10,50,14,14,14,39,39,85,9,66,66,66,12,35,21,21,21,21,21,21,21,21,21,21,21,21,67,67,18,1,1,1,1,1,1,1,1,1,1,1,1,17,3,3,3,3,3,3,3,3,5,5,5,5,5,5,5,5,5,94,15,15,15,15,95,24,24,24,24,24
0,1,0,1,1,0,1,1,1,0,1,1,1,1,0,1,0,0,1,1,0,1,1,1,1,1,1,1,1,1,1,1,1,0,1,1,1,1,1,1,0,1,1,1,1,1,1,1,1,1,1,1,1,1,1,0,1,0,1,1,1,1,1,1,1,1,1,0,0,1,1,0,1,1,1,1,1
22
27,18,1,1,1,1,1,1,1,1,1,1,1,1,1,1,1,1,1,1,1,1,1,1,71,14,14,14,14,14,63,3,3,3,3,3,3,3,23,32,85,5,5,5,5,5,5,5,5,21,21,21,21,21,24,67,67,67,67,67
0,1,1,1,1,1,1,1,1,1,0,1,1,1,1,1,1,1,1,1,1,1,1,1,1,1,1,1,1,1,1,1,1,1,0,1,0,0,1,1,1,1,1,1,1,1,1,1,1,1,1,0,1,1,1,1,1,1,1,0
23
57,5,5,1,1,1,1,1,1,1,1,1,1,1,1,1,1,1,1,1,1,1,1,1,1,15,3,3,21,21,21,21,24,24,66,67
0,1,1,1,1,1,1,1,1,1,1,1,1,1,0,1,1,1,1,1,1,1,1,1,1,1,1,1,1,1,1,1,1,1,0,0
24
27,27,5,5,5,10,10,1,1,71,3,3,3,23,21,21,21,21,21,24,24,94
1,1,1,1,1,1,0,1,1,1,1,0,1,1,1,1,1,1,1,1,1,1
25
27,27,1,1,1,1,1,1,1,1,1,85,15,15,66,96,63,5,5,5,3,3,3,3,37,37,37,97,21,21,21,21,21,21,21,24,24,24,22,67,67,67,67
0,1,1,1,1,1,1,1,1,1,1,1,1,1,1,0,1,1,1,1,0,1,1,1,0,1,1,0,1,1,1,1,1,1,1,1,1,1,1,1,1,1,0
26
27,2,1,1,1,1,1,1,1,1,1,1,1,1,1,1,1,1,1,1,1,1,1,1,1,1,1,1,1,1,1,1,1,1,1,1,1,1,1,1,1,14,3,3,3,3,3,3,3,3,23,9,66,15,15,15,35,79,79,67,67,67,67,67,74
0,0,1,1,1,1,0,1,0,1,1,1,1,1,1,1,1,1,1,1,1,1,1,1,1,1,1,1,1,1,1,1,1,1,1,1,1,1,1,1,1,1,1,0,1,1,1,0,0,1,1,1,1,0,0,0,1,1,0,1,1,1,1,1,1
27
3
1
28
2,1,1,1,1,1,1,1,1,1,1,1,1,1,1,1,1,1,1,1,1,1,1,1,1,1,1,1,1,1,1,1,1,1,1,1,1,1,1,3,3,3,3,3,57,35,35,5,5,5,5,5,15,15,15,42,21,21,24,67,74
1,1,1,1,1,1,1,1,0,1,1,1,0,1,0,1,1,1,1,1,1,1,1,1,1,1,1,1,1,1,1,1,0,1,1,1,1,1,1,1,1,1,0,1,0,1,1,1,1,1,1,1,1,1,1,1,1,0,1,1,1
29
27,27,27,38,1,1,1,1,1,1,1,1,1,1,1,1,1,1,1,1,1,1,1,1,1,1,1,39,3,3,3,40,40,40,86,53,32,9,4,5,29,44,42,42,37,37,21,67,67,98,98
0,0,0,1,1,1,1,1,1,1,1,1,1,1,1,0,1,1,1,1,1,1,1,1,1,1,1,1,1,1,0,1,0,1,1,1,1,0,0,1,0,0,0,0,0,1,1,0,0,1,1
30
18,10,1,1,1,1,1,1,1,1,1,1,1,1,1,1,1,1,1,1,1,1,1,1,1,1,1,1,1,1,1,1,1,1,1,1,1,1,1,1,1,1,1,1,1,1,1,1,1,1,1,1,71,71,14,3,3,3,3,3,3,3,3,3,3,78,23,9,60,15,15,35,35,35,35,7,7,21,79,67,67,67,67
1,1,1,1,1,1,1,1,1,0,1,1,1,1,1,1,1,1,1,1,0,1,1,1,1,1,1,1,1,1,1,1,1,1,1,1,1,1,1,1,1,1,1,1,1,1,1,1,1,1,1,1,1,0,1,1,1,0,0,1,0,1,0,0,1,0,1,1,1,0,1,0,1,1,0,1,0,0,0,1,1,1,0
31
31
27,27,27,83,1,1,1,1,1,14,14,39,3,3,3,3,3,3,24,24,24,24,77,63,63,63,5,5,5,5,5,5,15,35,21,21,21,21,21,21,21,21,85,22,67,67,67,67,67,67,67
0,0,0,1,1,1,1,1,1,1,1,1,1,1,1,0,1,0,1,1,1,1,1,0,0,1,1,1,1,1,1,1,1,0,1,1,1,1,1,1,1,1,1,1,0,1,1,1,1,0,0
32
18,1,1,1,14,99,57,39,3,3,3,5,5,5,5,5,5,5,5,15,72,72,21,21,21,21,21,21,21,24,24,24,24,67,67,74
1,0,1,1,1,1,0,1,1,0,1,1,1,1,1,1,1,1,1,1,1,1,1,1,1,1,1,1,1,1,1,1,1,1,0,1
33
9,4,5,5,1,1,1,1,1,1,1,1,1,1,1,67,67,15,3,21,74,96,46
0,0,1,1,1,1,1,1,1,1,1,1,1,1,1,0,1,1,0,1,1,1,0
34
27,3,3,1,1
0,1,1,1,1
35
1
1
36
83,11,10,10,1,1,1,1,1,1,1,1,1,1,1,1,1,1,1,1,1,1,1,1,1,1,1,1,1,1,1,1,1,1,1,1,1,1,1,1,1,1,71,14,14,85,85,66,29,32,3,3,3,3,3,3,3,5,5,5,5,100,101,15,35,72,72,24,67,67,67,67,67,67,67,67,67,67,27
0,0,0,1,1,1,1,1,1,1,1,1,1,1,1,1,1,1,1,1,1,1,1,1,1,1,1,1,1,1,1,1,1,1,1,1,1,1,1,1,1,1,1,1,0,1,1,0,1,1,0,1,0,1,0,1,1,1,1,1,1,1,0,0,0,1,1,1,1,1,1,1,1,0,0,1,0,0,0
37
27,27,27,27,2,37,39,3,3,3,3,3,25,5,5,5,5,5,5,102,15,15,15,35,7,21,21,21,21,21,21,21,21,21,21,21,24,24,24,24,24,24,24,24,22,22,67,67,67
0,0,0,0,1,0,1,1,0,1,1,1,0,1,1,1,1,1,1,1,0,0,0,0,0,1,1,1,1,1,1,1,1,1,1,1,1,1,1,1,1,1,1,1,1,1,0,1,0
38
27,35,5,5,5,1,1,1,1,1,1,1,1,1,1,1,1,1,1,1,1,1,1,1,1,1,1,1,1,1,1,1,1,1,1,1,1,1,93,39,3,3,3,3,3,15,15,21,21,24,67,67,67
1,0,1,1,1,1,1,1,1,1,1,1,1,1,1,1,1,0,0,1,1,1,1,1,1,1,1,1,1,1,1,1,1,1,1,1,1,1,0,0,1,1,1,0,1,1,0,1,1,1,0,1,0
39
27,27,27,27,1,1,1,1,1,1,1,1,1,1,1,1,1,1,1,1,1,1,1,1,1,1,1,1,1,1,1,71,71,14,3,3,3,23,66,63,63,5,5,5,15,15,15,15,21,24,24,24,67,67,67
1,0,1,1,1,1,1,1,1,1,1,1,1,1,1,1,0,1,1,1,1,1,1,1,1,1,1,1,1,1,1,0,0,1,1,1,1,1,0,0,1,0,1,1,0,0,1,1,1,1,1,1,1,0,0
40
38,21,21,21,21,21,21,21,21,21,21,21,21,21,21,21,21,21,21,1,14,39,3,3,3,3,3,22,5,5,5,5,5,5,5,5,5,5,15,72,72,11,24,24,24,24,24,24,24,80,67,67,67,67,67
1,1,1,1,1,1,1,1,1,1,1,1,1,1,1,1,1,1,1,1,1,1,1,0,1,1,1,1,1,1,1,1,1,1,1,1,1,1,1,1,1,1,1,1,1,1,1,0,1,1,1,1,1,0,0
41
27,27,27,27,1,1,1,1,1,1,1,1,1,1,1,1,1,1,1,1,1,1,1,1,1,1,1,1,1,1,1,1,1,71,57,25,23,66,66,47,46,9,3,3,3,3,3,3,3,3,5,5,5,5,5,5,5,5,15,15,72,72,21,21,21,21,21,21,21,21,21,21,22,67,67
0,1,0,1,1,1,1,1,1,1,1,1,1,1,1,1,1,1,1,1,1,1,1,1,1,1,1,1,1,1,1,1,1,1,1,1,1,1,1,1,1,1,1,0,0,1,1,1,1,1,1,1,1,1,1,1,1,1,1,1,1,1,1,1,1,1,1,1,1,1,1,1,1,1,1
42
27,27,1,1,1,1,1,1,1,1,1,1,1,1,1,1,1,1,1,1,1,1,1,1,1,3,3,3,3,31,53,4,5,15,15,15,72,72,21,21,21,21,24,67,67,67,67
0,1,1,1,1,1,1,1,1,1,1,1,1,1,0,1,1,1,1,1,1,1,1,1,1,1,1,1,1,0,1,1,1,1,1,1,1,1,1,1,1,1,1,0,1,0,1
43
27,27,27,18,30,37,37,76,14,14,39,39,3,3,3,3,3,3,3,3,3,3,32,5,5,5,5,5,5,64,12,15,15,15,15,35,1,1,1,1,1,1,1,1,1,1,1,1,1,1,1,1,1,1,1,1,1,1,1,1,1,1,1,1,1,1,1,1,1,1,1,1,1,1,1,21,21,21,24,24,24,24,24,68,67,67,67,67,67,74
0,1,0,1,1,1,1,0,1,1,0,0,1,0,1,0,0,0,0,1,1,0,1,1,1,1,1,1,1,0,1,1,1,1,1,0,1,1,1,1,1,1,1,1,1,0,1,1,1,1,1,1,1,1,1,1,1,1,1,1,1,1,1,1,1,1,1,1,1,1,1,1,1,1,1,1,0,1,1,1,1,1,1,1,0,1,1,1,1,1
44
27,27,27,27,37,37,71,71,39,39,3,3,3,3,3,3,15,40,5,5,29,9,35,66,72,7,42,42,1,1,1,1,1,1,1,1,1,1,1,1,1,1,1,1,1,1,1,1,1,1,1,1,1,1,1,1,1,1,1,1,1,1,1,1,1,1,1,1,1,1,21,24,24,67,67,67
0,0,0,0,1,1,1,1,1,1,1,1,0,1,1,0,1,0,1,1,0,1,0,0,1,0,1,1,1,1,1,1,1,1,1,1,1,0,1,1,1,1,1,1,1,1,1,1,1,1,1,1,1,1,1,1,1,1,1,1,1,1,1,1,1,1,1,1,1,1,1,1,1,1,1,0
45
18,1,1,1,1,1,1,1,1,1,1,1,1,1,14,57,57,78,78,15,15,47,46,85,66,3,3,21,21,24,24,22,22,67,67,67
0,1,1,1,0,1,1,1,1,1,1,1,1,1,1,1,0,0,0,1,1,0,1,0,0,1,1,0,1,1,1,1,1,0,0,0
46
103,1,1,1,1,1,1,1,1,1,1,1,1,1,1,1,1,1,1,1,1,1,1,1,1,1,1,1,1,1,1,1,1,1,1,1,1,1,1,1,71,14,14,14,3,3,3,3,3,3,3,3,3,3,79,40,66,22,9,85,5,15,15,21,24,68,67,67,67,67,67,67,74
1,1,1,1,1,0,1,1,1,1,1,1,1,1,1,0,1,1,1,1,1,1,1,1,1,1,1,1,1,1,1,1,1,1,1,1,1,1,1,1,1,1,1,1,1,1,1,0,1,1,1,1,0,1,0,0,1,1,1,0,1,1,1,1,1,0,1,1,1,1,1,0,1
47
27,27,63,10,1,1,1,1,1,1,1,1,1,1,1,1,104,3,3,3,3,3,15,21,31,67,67,67
0,0,0,1,1,1,1,1,1,0,1,1,1,1,1,1,1,1,1,0,1,1,1,1,1,1,1,1
48
103,1,1,1,1,1,1,1,1,1,1,1,1,1,1,1,1,1,1,1,1,1,1,1,1,1,1,1,1,1,1,1,1,1,1,1,1,1,1,1,1,1,14,3,3,3,3,3,15,15,15,47,32,63,5,69,44,42,42,21,68,67,67,74
1,0,1,1,1,1,1,1,1,1,1,1,1,1,1,1,1,1,1,1,1,1,1,1,1,0,0,1,1,1,1,1,1,1,1,1,1,1,1,1,1,1,1,1,1,1,0,1,1,1,1,1,0,1,1,1,1,1,1,1,1,0,1,1
49
3,3,11,21,1,67,67,67
1,1,1,1,1,1,1,0
50
57,5,5,21,84,35,15,15,15,15,3,3,3,3,3,3,3,3,1,1,1,1,1,1,1,1,1,1,1,1,1,1,1,1,1,1,1,1,1,1,1,1,1,1,1,1,1,1,1,1,1,1,1,1,1,1,1,1,1,1,1,1,1,1,1,1,1,1,60,66,66,67,67,67,67,67
0,1,1,1,0,0,0,1,0,1,1,0,0,0,0,0,1,0,1,1,1,0,1,1,1,1,1,1,1,1,0,1,1,1,1,1,1,1,1,1,1,1,1,1,1,1,1,1,1,1,1,1,1,1,1,1,1,1,1,1,1,1,1,1,1,1,1,1,1,1,1,1,1,1,1,0
51
1,1,1,76,3,3,3,3,23,66,66,63,63,63,5,5,5,5,5,93,21,21,21,21,21,24,24,24,24,24,24,24,24,24,22,17
0,1,1,0,1,1,1,0,1,1,0,1,1,1,1,1,1,1,1,1,1,1,1,1,1,1,1,1,1,1,1,1,1,1,1,1
52
5,5,1,1,1,1,1,1,1,1,1,1,1,3,3,24,68,22
1,1,1,1,1,1,1,1,1,1,0,1,0,1,0,1,1,1
53
27,27,27,27,27,83,10,10,10,14,14,14,14,14,99,85,85,85,77,77,23,47,66,12,35,35,35,35,72,72,72,41,21,21,21,21,21,21,21,21,21,21,21,21,21,21,21,21,21,21,68,67,67,67,67,18,1,1,1,1,1,1,1,1,1,1,1,1,1,17,105,3,3,3,3,5,5,5,5,5,5,5,5,94,63,15,15,15,15,15,24,24,24,24,24,24,24,24,22,74
0,0,0,0,0,1,0,1,1,1,1,0,1,1,1,1,0,1,1,1,1,1,1,0,1,1,0,1,1,1,1,1,1,1,1,1,1,1,1,1,1,1,1,1,1,1,1,1,1,1,0,0,1,1,0,1,1,1,1,1,1,1,0,1,1,1,0,1,1,0,1,0,0,0,1,1,1,0,1,1,1,1,1,1,1,0,1,1,1,1,1,1,1,1,1,1,1,1,1,1
54
3,3,3,3,35,66,1,1,1,1,1,1,1,1,1,1,1,1,1,67
1,1,1,1,0,0,1,1,1,1,1,1,1,1,1,1,1,1,1,1
55
87
0
56
11,66,1,1,1,1,1,1,1,1,1,3,3,21,21,5,67,67,67
0,0,0,1,1,1,0,1,1,1,1,0,0,1,1,1,1,1,0
57
27,27,27,27,27,106,85,23,66,66,46,9,5,5,5,5,5,35,35,37,108,79,68,67,67,18,21,21,21,21,21,21,1,1,1,1,1,1,1,1,1,1,1,1,1,1,1,1,1,1,1,1,1,1,1,1,1,1,1,3,3,3,3,3,3,3,3,3,3,31,2,107,107,53,63,15,15,24,24,24,24,24,24,74
0,0,1,0,0,0,1,1,1,1,0,0,1,1,1,1,1,1,0,1,0,1,1,1,1,1,1,1,1,1,1,1,1,1,1,1,1,1,1,1,1,1,1,1,1,1,1,1,1,1,1,1,1,1,1,1,1,1,1,1,0,0,1,0,0,1,0,1,0,0,0,1,1,1,1,1,1,1,1,1,1,1,1,1
58
18,1,1,1,1,1,1,1,1,1,14,14,14,14,14,14,15,3,3,3,3,67,74
1,1,1,0,1,1,1,1,1,1,1,1,1,1,0,1,1,1,1,1,1,0,1
59
5,5,5,1,1,1,1,1,1,1,1,1,1,15,15,15,15,3,3,3,67,67,67,73
1,1,1,1,1,1,1,1,1,1,1,1,1,1,1,1,1,1,1,1,0,1,0,0
60
1
1
61
27,10,1,1,1,1,1,1,1,1,1,1,1,1,1,1,1,1,1,1,1,1,1,1,1,1,1,1,1,1,1,1,1,1,1,1,1,1,1,1,76,14,14,14,3,3,3,3,40,40,63,66,66,69,15,15,15,15,67,67,67
1,1,1,1,1,1,1,1,1,1,1,1,1,0,1,1,1,1,1,1,1,1,1,1,1,1,1,1,1,1,1,1,1,1,1,1,1,1,1,1,0,1,1,1,1,1,0,1,1,1,1,1,0,1,1,0,1,1,0,1,0
62
83,83,109,10,10,14,14,39,47,46,66,70,37,21,21,21,21,38,68,67,67,67,98,98,1,1,1,1,1,1,1,1,1,1,1,1,1,1,1,1,1,1,1,1,1,1,1,1,1,1,1,1,1,1,1,1,1,1,1,1,1,17,3,3,3,3,63,63,63,15,15,15,24,24,80
0,1,1,1,0,1,1,0,1,0,1,1,1,1,1,1,0,1,0,1,0,0,0,0,1,1,1,1,1,1,1,0,1,1,0,1,0,0,1,1,1,1,1,1,1,1,1,1,1,1,1,1,1,1,0,1,1,1,1,1,1,1,1,1,1,0,0,1,0,1,1,1,1,1,1
63
37,39,3,3,3,3,3,3,3,3,40,66,66,66,29,5,5,5,5,5,5,5,5,1,1,1,1,1,1,1,1,1,1,1,1,1,1,1,1,1,1,1,1,1,1,1,1,101,15,15,7,21,21,21,21,21,21,21,21,21,21,21,24,24,24,67,73,73,73
0,1,1,1,1,1,1,1,1,1,0,0,1,1,1,1,1,1,1,1,1,1,1,1,1,1,1,1,1,0,1,1,1,1,1,1,1,1,1,1,1,1,1,1,1,1,1,0,0,1,0,1,1,1,1,1,1,1,1,1,1,1,0,1,1,1,1,1,1
64
27,63,1,1,1,1,1,1,1,1,1,1,1,1,1,1,1,1,1,1,1,1,11,3,3,3,24
0,0,1,1,1,1,1,1,1,1,1,1,1,1,1,1,1,0,0,0,0,1,1,1,0,1,1
65
83,27,10,1,1,1,1,1,1,1,1,1,1,1,1,1,1,1,1,14,14,4,3,3,23,39,2,63,5,93,93,97,21,21,21,21,24,22,67,67
1,0,1,1,1,1,1,1,1,1,1,1,1,1,1,1,1,0,1,1,1,0,1,1,1,0,1,1,1,1,1,0,1,1,1,1,1,1,0,1
66
3,3,3
1,1,0
67
27,1,1,1,1,1,1,1,1,1,1,1,1,1,1,1,1,1,1,1,1,1,1,1,1,1,1,1,1,1,1,1,1,1,1,1,1,1,1,1,1,1,1,1,1,1,1,1,1,1,1,1,1,1,1,71,3,3,3,3,3,3,3,3,66,9,74,5,15,15,35,21,21,67,67,67,67,67,67,76
0,1,1,1,1,1,1,1,1,1,1,1,1,1,1,1,1,1,1,1,1,1,1,1,1,1,1,1,1,1,1,1,1,1,1,1,1,1,1,1,1,1,1,1,1,1,1,1,1,1,1,1,1,1,1,0,1,1,1,1,0,1,1,1,0,1,1,1,1,1,0,0,1,1,1,1,1,1,0,0
68
68
10,1,1,1,1,1,1,1,1,1,1,1,1,1,1,1,1,1,1,1,1,1,1,1,1,1,1,1,1,1,1,1,1,1,1,1,1,1,1,1,1,1,1,1,1,1,14,35,3,3,3,3,3,57,53,53,53,53,53,53,53,53,53,4,5,5,15,15,42,110,79,67,67,67,67,67
0,1,1,1,1,1,1,1,0,1,1,1,1,1,0,1,1,1,1,1,1,1,1,1,1,1,1,1,1,1,1,1,0,1,1,1,1,1,1,1,1,1,1,1,1,1,1,0,0,0,0,0,0,0,1,0,1,0,0,0,0,0,1,1,0,1,0,1,1,1,1,1,1,1,1,0
69
83,10,1,1,1,1,1,1,1,1,1,1,1,1,1,1,1,1,14,3,3,3,3,3,78,29,32,63,5,5,12,15,15,72,21,21,21,21,21,21,24,24,22,67,67,67,74
0,1,1,1,1,1,1,1,1,1,1,0,1,1,1,1,1,1,1,1,1,0,1,1,1,0,0,0,1,1,0,1,1,1,1,1,1,1,1,1,1,0,1,0,1,0,1
70
27,27,99,37,71,14,14,14,14,11,3,3,3,3,3,23,75,87,63,63,66,64,7,111,1,1,1,1,1,1,1,1,1,1,1,1,1,1,1,1,1,1,1,1,1,1,1,1,1,1,1,1,1,1,1,1,1,1,21,21,21,24,15,15,15,15,67,67,74
0,0,1,0,1,1,1,1,1,0,1,1,1,0,1,0,1,0,0,1,0,1,0,1,1,1,1,1,1,1,1,1,1,1,1,1,0,1,1,1,1,1,1,1,1,1,1,1,1,1,1,1,1,1,1,1,1,1,1,1,0,1,1,1,1,1,0,1,1
71
71
1,1,1,1,1
1,1,1,1,1
72
3
1
73
38,5,10,1,1,1,14,3,3,3,3,72,72,72,21,21,21,21,21,21,21,24,22,8,8,8
0,1,1,1,1,1,1,0,1,1,1,1,1,1,1,1,1,0,1,1,1,1,0,0,1,0
74
10,10,1,1,8,8,8
1,1,1,1,0,1,0
75
1,1,1,1,1
1,1,1,1,1
76
76
8,8,8,1,1,1,1,1,39
1,0,0,1,1,1,1,1,1
77
3,1,1,1,1,1,1
1,1,1,1,1,1,1
78
1,1,1,1,1,1,1,1,1,1,1,1,1,1,1,1,1,1,1,17,3,3,3,3,15,15,15,57,9,63,5,5,7,35,26,21,21,21,24,112,112,8,8
1,1,1,1,1,1,1,1,1,1,1,1,1,1,1,1,1,1,1,1,0,0,1,0,0,1,1,0,1,1,1,1,0,0,0,1,1,1,1,0,1,0,0
79
1,1,1,1
1,1,1,1
80
5,5,1,1,1,1,1,3,3,72,24,24,22,22
1,1,0,1,1,1,1,1,1,1,1,1,1,1
81
10,10,1,1,1,1,1,1,1,1,1,3,3,94,6,8,8
1,1,1,1,1,1,1,1,1,1,1,1,1,1,1,1,1
82
27,27,1,1,1,1,1,39,4,29,113,3,3,3,72,41,21,24,24,22,22,22,112
0,0,1,1,1,1,1,1,0,0,1,1,1,0,0,0,1,1,1,1,1,1,0
83
9,1,1,1,8,8,8
1,1,1,1,0,1,0
84
114,10,37,3,3,3,3,40,16,9,9,5,5,69,15,1,1,1,1,1,1,1,1,1,1,1,1,1,1,1,21,21,24,24,22,22,112,8,8
0,1,1,1,1,1,1,1,1,1,1,1,1,1,1,1,1,1,1,1,1,1,1,1,1,1,1,1,1,1,1,1,1,1,1,1,1,1,1
85
27
0
86
5,5,1,1,1,1,1,1,1,14,3,3,3,72,115,21,24,112
1,1,1,1,1,1,1,1,1,1,1,1,1,1,1,1,1,1
87
27,1,1,1,1,1,1,1,1,1,1,1,1,3,3,3,3,8,8,116,9,9,9,5,5,5,72,21,24,22,112,117
0,1,1,1,1,1,1,1,1,1,1,1,1,1,1,1,1,1,1,0,1,1,0,1,1,1,1,1,1,1,1,1
88
16,5,5,21,21,1,1,1,1,1,1,1,1,1,1,1,1,14,14,14,3,3,3,3,81
0,1,1,1,1,1,1,1,1,1,1,1,1,1,1,1,1,1,0,1,1,0,1,1,1
89
3,3,27,37,39,39
0,1,0,1,0,1
90
27,27,63,10,1,1,1,1,1,1,1,1,1,1,1,1,104,3,3,3,3,3,15,21,31,67,67,67
0,0,0,1,1,1,1,1,1,0,1,1,1,1,1,1,1,1,1,0,1,1,1,1,1,1,1,1
91
27,10,10,1,1,1,15,9,5,114,75,13,21,24,24,118,8,8,8,8
0,1,1,1,1,1,1,1,1,0,1,1,1,1,1,0,0,1,0,0
92
3,3,3,10,1,1,1,1
0,1,1,0,1,1,1,1
93
3,3
1,1
94
40
0
95
3,3,3,3,5,69,1,1,1,1,1,1,1,1,1,35,24,24
0,1,1,1,1,0,1,1,0,0,1,1,1,1,1,1,1,1
96
2,119,62,1,1,1,1,1,1,1,1,1,1,1,1,1,1,3,3,3,3,16,37,5,5,5,72,72,21,24,24,24,22,22
1,0,0,1,1,1,1,1,1,1,1,1,1,1,1,1,1,1,1,0,1,1,1,1,1,1,1,1,1,1,1,1,1,1
97
21,1,1,1,1
1,1,1,1,1
98
1,1,1,1,1,1,1,1,1,1,3,3,3,3,3,7,21,24,112
1,1,1,1,1,1,0,1,1,1,1,1,0,1,1,1,1,1,1
99
1,1
1,1
100
27,27,2,1,1,1,1,1,1,1,1,1,1,1,1,1,120,3,3,3,3,9,9,5,5,5,5,5,35,7,21,21,24,22,112,8
0,0,1,1,1,1,1,1,1,1,1,1,1,1,1,1,0,1,1,1,1,0,1,1,1,1,1,1,0,1,1,1,1,1,1,1
101
18,69,1,1,1,1
0,0,1,1,1,1
102
27,27,27,27,37,117,1,1,1,1,1,1,1,1,1,1,1,1,1,1,1,1,1,1,11,3,3,3,25,121,57,16,9,42,5,114,72,35,35,26,122,21,22,8,8
1,0,0,0,0,1,1,1,1,1,1,1,1,0,1,1,1,1,1,1,1,1,1,1,0,0,1,1,1,0,0,1,1,0,1,0,1,1,0,0,1,1,0,0,0
103
42,3,3,3,78,78,1,1,1,1,1,1,1,1,39
0,0,1,0,1,1,1,1,1,1,1,1,1,1,1
104
27,10,1,1,1,1,1,50,14,3,3,78,121,16,16,9,37,5,5,5,5,114,15,15,123,26,72,72,21,22,8
0,1,1,1,1,1,1,1,1,1,1,1,1,1,1,0,1,1,1,1,1,0,1,1,1,1,1,1,1,1,1
105
1,1,8,37,10,10,39
1,1,1,1,1,0,1
106
4,37,14,3,3,42,1,1,1,1,21,22
0,0,1,1,1,1,1,1,1,1,1,1
107
9,5,5,5,5,5,5,5,5,1,1,1,1,1,1,1,1,1,1,1,1,1,1,1,14,15,15,3,3,3,3,25,21,21,24,24,22,8,8,8,8
1,1,1,1,1,1,1,1,1,1,1,1,1,1,1,1,1,1,1,1,1,1,1,1,1,0,1,1,1,1,0,0,1,1,1,1,1,1,1,0,0
108
