1
10,8,8,8,8,8,8,1,1,1,1,1,1,1,1,1,1,1,1,1,1,1,1,1,1,2,3,3,3,3,3,3,7,5,5,9,9,11,4,6
1,1,1,1,1,1,0,1,1,1,1,1,1,1,1,1,1,1,1,1,1,1,1,1,1,0,1,1,1,1,0,1,1,1,1,1,1,1,1,0
2
14,16,18,15,5,17,17,13,8,8,8,8,8,10,10,10,10,10,1,1,1,1,1,1,1,1,1,1,1,1,1,1,1,1,1,9,9,9,12,20,20,20,19,3,3,3,3
1,1,0,1,1,1,1,0,0,0,1,1,1,1,1,1,1,0,1,1,1,1,1,1,0,1,1,1,1,1,1,1,1,1,1,1,1,1,1,1,1,1,1,1,1,1,0
3
8,8,8,8,8,8,9,9,9,9,24,23,5,5,5,5,5,5,5,5,5,5,5,5,4,21,21,10,10,10,10,10,10,10,10,1,1,1,1,1,1,1,1,1,1,6,22,7,25,3,3,3,3,3,3
1,1,1,1,1,1,1,1,1,1,1,1,1,1,1,1,1,1,1,1,1,1,1,1,0,1,1,0,1,1,1,1,1,1,1,1,1,1,1,1,1,1,1,1,1,0,1,1,1,1,1,1,1,1,0
4
1,1,1,1,1,21,21,5,5,26,3,10
1,1,1,1,1,1,1,1,1,1,1,1
5
27,27,8,8,8,8,8,18,5,5,5,5,25,21,10,10,1,1,1,1,1,1,1,1,1,1,1,1,1,1,1,1,6,9,9,20,20,19,3,3,3,3
0,1,0,1,0,1,1,1,1,1,0,1,0,1,1,1,1,1,1,1,1,1,1,1,1,1,1,1,1,0,1,1,0,1,1,0,1,1,0,0,1,1
6
27,8,8,8,8,8,8,30,31,5,5,9,9,10,1,1,1,1,1,1,28,28,29,32,32,26,3,3,3,3,6
1,0,0,1,1,1,0,0,0,1,1,1,1,1,1,1,1,1,1,1,1,1,0,0,0,0,1,1,1,0,0
7
8,8,8,8,8,8,19,18,35,5,5,5,5,5,5,5,5,5,5,9,9,16,21,21,21,10,34,1,1,1,1,1,1,1,1,1,1,36,22,15,15,33,20,25,3,3,3,3,3
0,0,1,1,1,0,1,1,0,1,1,1,1,1,1,1,1,1,1,1,1,0,1,1,1,1,1,1,1,1,1,1,1,1,1,1,1,1,1,1,1,0,1,1,1,1,0,0,0
8
8,8,8,8,8,1,1,37,24,24,22,9,9,9,21,21,21,21,21
1,1,0,1,1,1,1,0,1,1,1,1,1,1,1,1,1,1,1
9
27,40,40,45,8,8,8,8,8,30,31,44,5,5,6,6,43,41,41,10,42,1,1,1,1,1,1,1,1,1,1,1,3,3,3,39,9,12,12,4,4,4,4,38
0,1,1,1,1,1,1,1,0,1,0,1,0,1,1,1,1,1,1,1,1,1,1,1,0,1,1,1,1,1,1,1,0,0,1,1,1,1,1,1,1,1,1,0
10
27,1,24,5,5,5,5,13,21,21,21
0,1,1,1,1,1,1,0,1,1,1
11
16,14,14,8,8,8,8,9,9,9,9,24,5,22,11,47,1,1,1,1,1,1,1,1,1,1,4,39,29,7,46,10,10,10,10,26,3,3,3,3,3,3,3,6
0,1,1,1,1,1,1,1,1,1,1,1,1,1,0,1,1,1,1,1,1,1,1,1,1,1,0,1,1,0,1,1,1,1,1,1,0,1,0,1,0,0,0,0
12
27,27,27,14,8,8,8,8,8,1,1,1,1,1,1,6,9,9,48,5,5,5,5,5,21,12,3,3,3,3,3,3
1,1,0,1,0,1,1,1,1,1,1,1,1,1,1,1,1,1,1,1,1,1,1,0,1,0,1,1,1,1,1,0
13
24,1,1,1,1,3,21,22
1,1,1,1,1,1,1,1
14
27,27,27,8,8,8,8,8,8,8,8,8,8,8,15,5,9,9,9,21,21,10,10,35,1,1,1,1,1,1,1,1,1,1,1,1,6,6,22,22,7,25,25,3,3,3,3
0,0,1,0,1,1,1,1,1,0,1,1,1,1,1,1,1,1,0,1,1,1,1,0,1,1,1,1,1,1,1,1,1,1,1,1,1,1,1,1,1,0,1,1,1,1,0
15
16,14,8,8,8,8,8,8,37,35,35,11,21,10,1,1,1,1,1,1,1,1,1,1,1,1,1,1,1,1,1,1,1,1,1,9,9,9,9,9,49,3,3,3,3,3,3
1,1,1,1,1,1,0,1,0,0,0,1,1,1,1,1,1,1,1,1,1,1,1,1,1,1,1,1,1,1,1,1,1,1,1,1,1,1,0,1,1,1,1,1,1,1,1
16
1,1,1,1,1,1,1
1,1,1,1,1,1,1
17
27,8,8,8,8,1,1,1,1,1,1,1,1,1,1,24,24,39,3,3,3,3,5,5,5,5,5,5,5,5,5,9,50,21,47
0,0,1,1,0,1,1,1,1,1,1,1,1,1,1,1,1,1,1,0,0,1,1,1,1,1,1,1,1,1,1,1,1,1,1
18
1,1,1,1,1,1,1,1,1,1,1,25,35,35,5,5,20,19,15,15
1,0,1,1,1,1,1,1,1,1,1,1,0,1,1,1,1,1,1,1
19
52,8,8,8,8,8,8,24,24,35,5,5,5,5,5,25,11,21,1,1,1,4,4,39,22,46,51,26,19,3,3,3,6,6
1,0,1,0,1,0,0,1,1,0,1,1,0,1,1,1,0,1,1,1,1,0,0,0,0,1,0,0,1,0,0,0,0,0
20
8,8,8,8,8,8,8,1,1,1,1,1,1,1,3,3,24,24,24,24,22,9,9,9,21,21,10,10,10,10
0,1,1,1,1,0,0,1,1,1,1,1,1,1,1,0,1,1,1,1,1,1,1,1,1,1,1,1,1,0
21
27,8,8,8,8,24,9,9,41,10,10,42,1,1,1,1,21,21,29,12,12,3,3
0,1,1,1,1,1,1,1,1,1,1,1,1,1,1,0,1,1,1,1,0,1,1
22
53,53,53,53,8,1,1,1,1,1,1,1,1,1,1,1,1,6,39,9,9,9,35,35,35,35,35,35,35,35,35,35,46,3,3,3,3,10
1,0,1,1,1,1,1,1,1,1,1,1,1,1,1,1,1,1,1,1,1,1,1,1,1,0,0,1,1,0,1,1,1,1,1,1,1,1
23
27,1,1,1,1,1,1,1,1,1,1,1,1,1,1,21
1,1,1,1,1,1,1,1,1,1,1,1,1,1,1,1
24
8,8,8,8,8,1,1,1,3,3,3,9,9,9,9
1,0,1,1,1,1,0,1,1,0,0,0,1,1,1
25
1,1,1,1
1,1,1,1
26
5,5,1,1,1,1,1,1,1,24,3,3,3,22
1,1,1,1,1,1,1,1,1,1,1,1,1,1
27
27,27,8,8,8,8,8,54,24,24,18,59,5,5,5,5,5,5,5,5,5,5,21,10,10,10,57,58,1,1,1,1,1,1,1,1,55,39,29,29,7,12,12,56,3,3,3,6
0,0,0,1,1,1,1,1,1,1,1,1,1,1,0,1,1,1,1,1,1,1,1,1,1,1,1,0,1,1,1,1,1,1,0,1,1,1,0,1,0,1,0,1,1,1,0,1
28
27,8,8,8,8,8,29,24,5,5,21,10,10,1,1,1,1,1,1,1,1,1,1,1,1,1,4,39,39,9,3,3,3,3
1,0,0,1,1,0,1,1,0,1,1,1,1,1,1,1,1,1,1,1,1,1,1,1,1,1,0,0,0,0,1,0,1,1
29
8,8,8,8,8,20,15,60,5,61,21,10,35,1,1,1,1,1,1,1,1,1,1,1,9,9,26,26,19,19,3,3,3,3,3,3
0,1,1,0,0,1,0,0,1,1,1,1,0,1,1,1,1,1,1,1,1,1,0,1,0,1,0,0,1,1,1,1,0,0,0,1
30
5,5,5,5,5,1,1,1,1,1,1,1,1,1,8,8,8,8,8,8,6,6,3,3
1,1,1,1,1,1,1,1,1,1,1,1,1,1,0,1,1,1,1,0,1,1,1,1
31
8,8,8,8,8,8,19,19,24,24,24,24,24,18,20,5,5,5,5,5,5,5,5,9,9,21,21,21,21,10,10,1,1,22,22,22,26,26,25,3,3,3,3
1,0,0,1,1,0,0,1,1,1,1,1,1,1,1,1,1,1,1,1,1,1,1,0,1,1,1,1,1,0,1,1,1,1,1,1,1,1,1,1,1,0,0
32
8,8,8,8,8,1,1,1,1,1,1,1,1,1,3,3,3,9,5,21,10,10
1,1,1,1,0,1,1,1,1,1,1,1,1,1,1,0,1,1,1,1,1,1
33
27,1,1,1,3,3,3,3,24,22,5,5,5,5,5,21,21,21,21
0,1,1,1,1,1,1,1,1,1,1,1,0,1,0,1,1,1,1
34
14,1,1,1,1,1,1,1,1,6,24,22,5,5,21,21,21,21
1,1,1,1,1,1,1,1,0,1,1,1,1,1,1,1,1,1
