1 14 0
1 14 0
1 14 0
1 14 1
1 14 0
1 14 1
1 16 1
1 16 1
1 16 1
1 2 0
1 2 1
1 2 1
1 2 1
1 2 0
1 2 1
1 10 1
1 10 1
1 24 0
1 17 1
1 32 1
1 29 0
1 29 1
1 26 1
1 6 0
1 6 0
1 7 1
1 7 1
1 46 1
1 34 0
1 11 1
1 11 1
1 11 1
1 11 1
1 11 1
1 11 1
1 11 1
1 11 0
1 11 1
1 11 1
1 11 1
1 11 1
1 11 1
1 47 1
1 48 1
1 48 1
1 49 1
1 49 0
1 49 0
1 1 1
1 1 1
1 1 1
1 1 1
1 1 1
1 1 1
1 1 1
1 1 1
1 1 1
1 1 1
1 1 1
1 1 1
1 1 1
1 1 1
1 1 1
1 1 1
1 1 1
1 1 1
1 1 1
1 1 1
1 19 1
1 22 1
1 22 1
2 14 0
2 14 0
2 14 0
2 14 0
2 8 1
2 53 1
2 10 1
2 10 1
2 10 1
2 24 1
2 24 1
2 52 1
2 52 1
2 48 1
2 16 1
2 16 1
2 16 1
2 29 0
2 50 1
2 6 0
2 6 0
2 38 1
2 38 1
2 2 1
2 2 1
2 2 1
2 2 1
2 2 1
2 2 1
2 51 1
2 34 0
2 34 0
2 34 0
2 34 1
2 49 1
2 49 0
2 49 0
2 1 1
2 1 1
2 1 1
2 1 1
2 1 1
2 1 1
2 1 1
2 1 1
2 1 1
2 1 1
2 1 1
2 1 0
2 1 1
2 1 1
2 1 1
2 1 1
2 1 0
2 1 1
2 1 1
2 1 1
2 1 1
2 1 1
2 1 1
2 1 1
2 1 1
2 1 1
2 1 1
2 1 1
2 1 1
2 1 1
2 4 1
2 22 1
3 14 1
3 16 1
3 16 1
3 16 1
3 16 1
3 15 1
3 55 0
3 58 1
3 24 0
3 17 1
3 17 0
3 6 0
3 7 1
3 57 0
3 2 1
3 2 1
3 2 1
3 2 1
3 47 1
3 48 1
3 48 0
3 48 1
3 54 1
3 49 1
3 49 1
3 49 0
3 1 1
3 1 1
3 1 1
3 1 1
3 1 1
3 1 1
3 1 1
3 1 1
3 1 1
3 1 1
3 1 1
3 1 1
3 1 1
3 1 1
3 1 0
3 1 1
3 1 1
3 1 1
3 1 1
3 1 1
3 1 1
3 1 1
3 1 1
3 1 1
3 1 1
3 1 1
3 1 1
3 1 1
3 1 1
3 1 1
3 1 1
3 1 1
3 1 1
3 1 1
3 1 1
3 1 1
3 1 1
3 1 1
3 1 1
3 1 1
3 1 1
3 1 1
3 1 1
3 1 1
3 56 1
3 4 1
3 22 1
3 22 1
4 16 1
4 47 0
4 7 1
4 7 1
4 7 1
4 7 1
4 2 1
4 2 1
4 2 1
4 2 0
4 22 1
4 22 1
4 22 1
4 22 1
4 48 1
4 48 0
4 48 0
4 49 1
4 49 0
4 1 1
4 1 1
4 1 1
4 1 1
4 1 1
4 1 1
4 1 1
4 1 1
4 1 1
4 1 1
4 17 0
4 11 1
4 11 1
4 11 1
4 11 1
4 11 1
4 11 1
4 11 1
4 11 1
4 11 1
4 11 1
4 11 1
4 11 1
4 11 1
4 11 1
4 11 1
4 11 1
4 11 0
5 14 1
5 14 1
5 16 1
5 53 0
5 52 1
5 27 1
5 17 1
5 59 1
5 29 0
5 6 0
5 7 1
5 7 1
5 38 1
5 2 1
5 2 1
5 2 0
5 2 1
5 48 0
5 48 1
5 34 1
5 49 1
5 49 0
5 49 1
5 1 1
5 1 0
5 1 1
5 1 1
5 1 1
5 1 1
5 1 1
5 1 1
5 1 1
5 1 1
5 1 1
5 1 1
5 1 1
5 1 1
5 1 1
5 1 1
5 1 0
5 1 0
5 1 1
5 1 1
5 1 1
5 1 0
5 1 1
5 1 1
5 1 1
5 1 1
5 1 1
5 1 1
5 1 1
5 1 1
5 1 1
5 1 1
5 1 1
5 1 1
5 1 1
5 1 1
5 1 1
5 1 1
5 1 1
5 1 1
5 18 1
5 11 1
5 11 0
5 11 1
5 11 1
5 22 1
5 22 1
6 14 1
6 15 1
6 15 1
6 44 1
6 62 0
6 3 1
6 17 0
6 60 1
6 61 0
6 29 0
6 7 1
6 7 1
6 7 1
6 7 1
6 7 1
6 7 1
6 2 1
6 2 0
6 2 1
6 49 0
6 49 1
6 1 1
6 1 1
6 1 1
6 1 1
6 1 1
6 1 1
6 18 1
6 11 1
6 11 0
6 11 1
6 11 1
6 11 1
6 11 1
6 11 1
6 11 1
6 11 1
6 11 1
6 11 1
6 53 0
6 22 1
6 22 1
6 22 1
6 22 1
6 22 1
7 14 1
7 63 0
7 17 1
7 64 0
7 29 1
7 29 0
7 6 0
7 7 1
7 2 1
7 2 1
7 2 0
7 2 1
7 49 1
7 49 0
7 49 0
7 1 1
7 1 1
7 1 1
7 1 0
7 1 1
7 1 1
7 1 1
7 1 1
7 1 1
7 1 1
7 1 1
7 1 1
7 1 1
7 1 1
7 1 1
7 1 1
7 1 1
7 1 1
7 1 1
7 1 1
7 1 1
7 1 1
7 1 1
7 1 1
7 1 1
7 1 1
7 1 1
7 1 1
7 1 1
7 1 1
7 1 1
7 4 0
7 11 1
8 16 1
8 16 1
8 16 1
8 16 1
8 16 1
8 16 1
8 16 1
8 16 1
8 16 1
8 16 1
8 14 0
8 14 0
8 53 1
8 60 1
8 6 1
8 6 0
8 6 0
8 7 1
8 7 1
8 67 1
8 34 1
8 22 1
8 22 1
8 22 1
8 66 1
8 1 1
8 1 1
8 1 1
8 1 1
8 1 0
8 1 1
8 1 1
8 1 1
8 1 1
8 1 1
8 1 1
8 1 0
8 1 1
8 1 1
8 1 1
8 1 1
8 1 1
8 1 1
8 1 1
8 1 1
8 1 1
8 1 1
8 1 1
8 1 1
8 1 1
8 1 1
8 1 1
8 1 1
8 1 1
8 1 0
8 1 1
8 1 1
8 1 1
8 1 1
8 18 1
8 18 1
8 8 1
8 8 1
8 8 1
8 52 1
8 52 0
8 25 0
8 29 0
8 2 1
8 2 1
8 2 1
8 2 1
8 2 0
8 2 0
8 2 0
8 2 0
8 2 0
8 48 1
8 48 1
8 48 1
8 48 1
8 49 1
8 49 1
8 49 1
8 49 1
8 49 1
8 49 0
8 65 0
8 10 1
8 10 1
8 10 1
8 10 1
8 10 1
8 10 1
8 10 1
8 11 0
9 1 1
9 1 1
9 1 1
9 1 1
9 68 1
9 29 0
10 14 1
10 53 1
10 1 1
10 1 1
10 1 1
10 1 1
10 1 1
10 1 1
10 1 1
10 1 0
10 1 1
10 1 1
10 1 1
10 1 1
10 1 1
10 1 1
10 1 1
10 1 1
10 1 1
10 1 1
10 1 1
10 1 1
10 1 1
10 1 1
10 1 1
10 1 1
10 1 1
10 1 1
10 1 1
10 1 1
10 1 1
10 1 1
10 1 1
10 1 1
10 1 1
10 1 1
10 1 1
10 1 1
10 1 1
10 1 1
10 17 1
10 64 1
10 7 1
10 7 1
10 34 1
10 11 1
10 11 1
10 11 1
10 11 1
10 11 1
10 2 1
10 2 1
10 2 1
10 48 1
10 49 1
10 49 0
10 49 0
10 28 1
10 22 1
11 14 1
11 44 1
11 59 1
11 1 1
11 1 1
11 1 1
11 1 1
11 1 1
11 1 1
11 1 1
11 1 1
11 1 0
11 1 1
11 1 1
11 1 1
11 1 1
11 1 1
11 1 1
11 1 1
11 1 1
11 1 1
11 1 1
11 1 1
11 1 1
11 1 1
11 1 1
11 1 1
11 1 1
11 1 1
11 1 1
11 1 1
11 1 1
11 1 1
11 1 1
11 1 1
11 1 1
11 1 1
11 1 1
11 1 1
11 1 1
11 69 1
11 64 1
11 29 1
11 29 1
11 6 0
11 6 1
11 2 1
11 2 1
11 2 1
11 2 1
11 2 1
11 2 1
11 2 1
11 48 1
11 21 0
11 49 1
11 49 1
11 49 0
11 49 0
11 65 1
11 11 1
11 11 1
11 11 1
11 11 1
11 22 1
11 22 1
12 14 0
12 14 0
12 16 1
12 16 1
12 59 0
12 70 0
12 29 0
12 29 0
12 7 1
12 2 1
12 2 1
12 2 1
12 2 1
12 2 1
12 2 1
12 2 0
12 48 1
12 48 0
12 48 1
12 48 1
12 48 1
12 48 1
12 48 1
12 48 1
12 21 1
12 49 1
12 49 1
12 49 1
12 49 1
12 1 1
12 1 0
12 1 1
12 1 1
12 1 1
12 1 1
12 1 1
12 1 1
12 1 1
12 1 1
12 1 1
12 1 1
12 1 1
12 1 1
12 1 1
12 1 1
12 1 1
12 1 1
12 1 1
12 1 1
12 1 1
12 1 1
12 1 1
12 1 1
12 1 1
12 1 1
12 1 1
12 1 1
12 1 1
12 1 1
12 1 1
12 1 1
12 1 1
12 1 1
12 1 1
12 1 1
12 1 1
12 1 1
12 1 1
12 1 1
12 1 1
12 1 1
12 1 1
12 18 1
12 11 1
12 11 1
12 13 1
12 22 1
12 22 1
12 22 1
13 64 0
14 16 0
14 2 1
14 2 1
14 2 1
14 2 1
14 3 1
14 48 0
14 17 0
14 27 0
14 49 1
14 49 1
14 1 1
14 1 1
14 1 1
14 1 0
14 1 1
14 1 1
14 1 1
14 1 1
14 1 1
14 1 1
14 1 1
14 1 1
14 1 1
14 1 1
14 1 1
14 1 1
14 71 0
14 61 0
14 11 0
15 14 0
15 14 0
15 16 1
15 15 1
15 15 1
15 9 0
15 17 0
15 17 0
15 7 1
15 7 1
15 7 1
15 7 1
15 7 1
15 7 1
15 7 1
15 46 0
15 38 1
15 2 1
15 2 1
15 2 0
15 2 1
15 2 1
15 2 0
15 2 1
15 2 0
15 2 1
15 2 1
15 2 1
15 2 0
15 48 1
15 48 1
15 48 1
15 72 1
15 49 0
15 49 1
15 49 1
15 49 1
15 49 0
15 49 0
15 49 0
15 1 1
15 1 1
15 1 1
15 1 1
15 1 1
15 1 1
15 1 1
15 1 1
15 1 1
15 1 1
15 1 1
15 1 1
15 11 1
15 11 1
15 11 1
15 11 1
15 11 1
15 11 1
15 11 1
15 11 1
15 11 1
15 11 0
15 11 1
15 11 1
15 11 1
15 11 1
15 4 1
15 22 1
15 22 1
15 22 1
15 22 1
15 22 1
15 22 1
15 22 1
16 14 1
16 7 1
16 7 1
16 7 1
16 2 0
16 2 1
16 34 1
16 22 1
16 3 1
16 49 0
16 49 1
16 49 0
16 1 1
16 1 0
16 1 1
16 1 1
16 1 1
16 1 1
16 1 1
16 1 1
16 1 1
16 1 1
16 1 1
16 1 1
16 17 0
16 11 1
16 11 1
16 11 1
17 17 0
17 71 1
17 64 0
17 6 1
17 7 1
17 7 1
17 7 1
17 7 1
17 46 0
17 22 1
17 22 1
17 22 1
17 22 1
17 22 1
17 21 1
17 1 1
17 1 1
17 1 1
17 1 1
17 1 1
17 1 1
17 1 1
17 1 0
17 1 1
17 1 1
17 1 1
17 1 1
17 1 0
17 1 1
17 1 1
17 1 1
17 1 1
17 1 1
17 1 1
17 1 1
17 1 1
17 1 1
17 1 1
17 1 1
17 56 1
17 4 1
17 4 0
17 4 0
17 59 1
17 74 1
17 74 1
17 24 0
17 24 0
17 58 0
17 32 1
17 29 0
17 73 0
17 2 0
17 2 1
17 2 0
17 2 0
17 48 1
17 48 1
17 49 1
17 19 1
17 11 1
17 11 1
17 11 1
17 11 1
17 11 1
17 11 1
17 11 1
18 16 0
18 16 1
18 16 1
18 16 1
18 14 1
18 14 0
18 53 1
18 17 1
18 26 0
18 7 1
18 7 0
18 7 1
18 67 0
18 38 0
18 38 0
18 22 1
18 22 1
18 22 1
18 22 1
18 22 1
18 22 1
18 22 1
18 57 1
18 1 1
18 1 1
18 1 1
18 1 1
18 1 1
18 1 1
18 1 1
18 1 1
18 1 1
18 1 1
18 1 1
18 1 1
18 1 1
18 1 1
18 1 1
18 1 1
18 1 1
18 1 1
18 1 1
18 1 1
18 56 1
18 59 1
18 44 0
18 52 1
18 64 1
18 64 0
18 29 1
18 76 1
18 10 1
18 77 1
18 2 1
18 2 0
18 2 1
18 2 1
18 2 1
18 2 1
18 2 1
18 2 1
18 75 0
18 48 0
18 48 0
18 49 1
18 49 0
18 19 0
18 11 1
18 11 1
18 11 1
18 11 1
18 11 1
18 11 1
18 11 0
18 11 1
19 14 1
19 14 1
19 14 0
19 16 1
19 16 1
19 53 1
19 80 1
19 80 1
19 27 1
19 15 1
19 15 1
19 6 1
19 6 1
19 7 1
19 7 1
19 7 1
19 7 1
19 7 1
19 22 1
19 22 1
19 22 1
19 22 1
19 22 1
19 22 1
19 22 1
19 22 1
19 51 0
19 1 1
19 1 1
19 1 1
19 1 1
19 1 1
19 1 1
19 1 1
19 1 1
19 1 1
19 1 1
19 1 1
19 1 1
19 1 1
19 4 1
19 36 1
19 81 1
19 24 1
19 3 0
19 3 1
19 78 1
19 78 1
19 79 0
19 2 1
19 2 0
19 2 1
19 2 1
19 2 1
19 48 1
19 59 1
19 49 0
19 49 1
19 49 0
19 11 1
19 11 1
19 11 1
19 11 1
19 11 1
19 11 1
19 11 1
19 11 1
19 11 1
19 11 1
19 11 1
19 11 1
20 14 0
20 74 1
20 80 1
20 71 1
20 6 1
20 7 1
20 7 1
20 34 1
20 2 1
20 2 0
20 2 1
20 2 1
20 2 1
20 2 1
20 2 1
20 2 0
20 22 1
20 22 1
20 22 1
20 22 1
20 22 1
20 48 1
20 49 1
20 49 1
20 1 1
20 1 1
20 1 1
20 1 1
20 1 1
20 1 1
20 1 1
20 1 1
20 1 1
20 1 1
20 1 1
20 1 1
20 1 0
20 1 1
20 1 1
20 1 1
20 1 1
20 1 1
20 1 1
20 1 1
20 1 1
20 1 1
20 1 1
20 1 1
20 1 1
20 1 1
20 1 1
20 1 1
20 1 1
20 1 1
20 1 1
20 1 1
20 1 1
20 1 1
20 1 1
20 1 1
20 1 1
20 56 1
20 11 1
21 14 0
21 14 1
21 14 0
21 14 1
21 16 0
21 16 1
21 16 1
21 53 1
21 17 0
21 71 0
21 6 0
21 6 0
21 6 1
21 7 1
21 7 1
21 7 1
21 7 1
21 7 1
21 13 1
21 1 1
21 1 1
21 1 1
21 1 1
21 1 0
21 1 1
21 1 1
21 1 1
21 1 1
21 1 1
21 1 1
21 1 1
21 18 1
21 4 1
21 4 1
21 81 1
21 44 1
21 25 1
21 2 1
21 2 1
21 2 1
21 2 1
21 2 1
21 2 1
21 2 0
21 2 1
21 22 0
21 22 1
21 22 1
21 22 1
21 22 1
21 22 1
21 22 1
21 22 1
21 22 1
21 48 0
21 48 0
21 48 1
21 48 1
21 49 0
21 49 1
21 82 1
21 41 0
21 10 0
21 10 1
21 10 1
21 11 1
21 11 1
21 11 1
21 11 1
21 11 1
21 11 1
21 11 1
21 11 1
21 11 1
21 11 1
21 11 1
21 11 1
22 14 0
22 16 1
22 16 1
22 16 1
22 16 1
22 16 1
22 52 1
22 71 1
22 29 1
22 7 1
22 57 1
22 11 1
22 11 1
22 11 0
22 11 1
22 11 1
22 2 1
22 2 1
22 2 1
22 2 0
22 2 1
22 2 0
22 2 0
22 49 1
22 49 1
22 49 1
22 49 1
22 49 0
22 1 1
22 1 1
22 1 1
22 1 1
22 1 1
22 1 1
22 1 1
22 1 1
22 1 0
22 1 1
22 1 1
22 1 1
22 1 1
22 1 1
22 1 1
22 1 1
22 1 1
22 1 1
22 1 1
22 1 1
22 1 1
22 1 1
22 18 1
22 56 1
22 22 1
22 22 1
22 22 1
22 22 1
22 22 1
22 22 1
22 22 1
22 22 1
23 6 0
23 7 1
23 7 1
23 2 1
23 2 1
23 48 1
23 64 0
23 49 0
23 1 1
23 1 1
23 1 1
23 1 1
23 1 1
23 1 1
23 1 1
23 1 1
23 1 1
23 1 1
23 1 1
23 1 0
23 1 1
23 1 1
23 1 1
23 1 1
23 1 1
23 1 1
23 1 1
23 1 1
23 1 1
23 1 1
23 11 1
23 11 1
23 11 1
23 11 1
23 22 1
23 22 1
24 14 1
24 14 1
24 7 1
24 7 1
24 1 1
24 1 1
24 2 1
24 2 0
24 2 1
24 22 1
24 22 1
24 22 1
24 57 1
24 82 1
24 56 1
24 10 1
24 10 0
24 11 1
24 11 1
24 11 1
24 11 1
24 11 1
25 14 0
25 14 1
25 80 1
25 83 0
25 35 0
25 71 1
25 29 1
25 6 1
25 7 1
25 7 1
25 7 1
25 34 0
25 34 1
25 34 1
25 2 0
25 2 1
25 2 1
25 2 1
25 48 1
25 48 1
25 49 1
25 49 1
25 49 1
25 49 0
25 1 1
25 1 1
25 1 1
25 1 1
25 1 1
25 1 1
25 1 1
25 1 1
25 1 1
25 11 1
25 11 1
25 11 1
25 11 1
25 11 1
25 11 1
25 11 1
25 22 1
25 22 1
25 22 1
26 14 0
26 84 0
26 53 1
26 17 1
26 59 1
26 6 1
26 67 1
26 67 0
26 2 1
26 2 0
26 2 1
26 2 1
26 2 1
26 2 0
26 2 0
26 2 1
26 48 0
26 48 0
26 48 0
26 49 1
26 49 1
26 49 1
26 49 1
26 49 1
26 1 1
26 1 1
26 1 1
26 1 1
26 1 0
26 1 1
26 1 0
26 1 1
26 1 1
26 1 1
26 1 1
26 1 1
26 1 1
26 1 1
26 1 1
26 1 1
26 1 1
26 1 1
26 1 1
26 1 1
26 1 1
26 1 1
26 1 1
26 1 1
26 1 1
26 1 1
26 1 1
26 1 1
26 1 1
26 1 1
26 1 1
26 1 1
26 1 1
26 1 1
26 1 1
26 1 1
26 1 1
26 1 1
26 1 1
26 56 1
26 16 1
27 2 1
28 84 1
28 59 1
28 17 1
28 17 1
28 64 0
28 7 1
28 2 1
28 2 1
28 2 1
28 2 0
28 2 1
28 22 1
28 22 1
28 22 1
28 22 1
28 22 1
28 48 1
28 48 1
28 48 1
28 21 1
28 49 1
28 1 1
28 1 1
28 1 1
28 1 1
28 1 1
28 1 1
28 1 1
28 1 0
28 1 1
28 1 1
28 1 1
28 1 0
28 1 1
28 1 0
28 1 1
28 1 1
28 1 1
28 1 1
28 1 1
28 1 1
28 1 1
28 1 1
28 1 1
28 1 1
28 1 1
28 1 1
28 1 1
28 1 1
28 1 1
28 1 1
28 1 1
28 1 0
28 1 1
28 1 1
28 1 1
28 1 1
28 1 1
28 1 1
28 11 1
28 11 0
29 14 0
29 14 0
29 14 0
29 8 0
29 53 0
29 85 1
29 85 1
29 3 1
29 3 0
29 3 1
29 24 0
29 52 1
29 40 0
29 32 1
29 9 1
29 34 0
29 34 1
29 2 1
29 2 1
29 2 0
29 22 1
29 21 0
29 21 0
29 72 1
29 49 0
29 49 0
29 1 1
29 1 1
29 1 1
29 1 1
29 1 1
29 1 1
29 1 1
29 1 1
29 1 1
29 1 1
29 1 1
29 1 0
29 1 1
29 1 1
29 1 1
29 1 1
29 1 1
29 1 1
29 1 1
29 1 1
29 1 1
29 1 1
29 1 1
29 4 1
29 11 1
30 16 1
30 53 1
30 55 1
30 17 0
30 17 1
30 17 1
30 17 0
30 57 1
30 57 0
30 67 0
30 2 1
30 2 1
30 2 0
30 2 0
30 2 1
30 2 0
30 2 1
30 2 0
30 2 0
30 2 1
30 48 0
30 48 1
30 33 1
30 33 0
30 66 0
30 49 1
30 49 1
30 49 1
30 49 0
30 1 1
30 1 1
30 1 1
30 1 1
30 1 1
30 1 1
30 1 1
30 1 0
30 1 1
30 1 1
30 1 1
30 1 1
30 1 1
30 1 1
30 1 1
30 1 1
30 1 1
30 1 1
30 1 0
30 1 1
30 1 1
30 1 1
30 1 1
30 1 1
30 1 1
30 1 1
30 1 1
30 1 1
30 1 1
30 1 1
30 1 1
30 1 1
30 1 1
30 1 1
30 1 1
30 1 1
30 1 1
30 1 1
30 1 1
30 1 1
30 1 1
30 1 1
30 1 1
30 1 1
30 1 1
30 1 1
30 1 1
30 1 1
30 1 1
30 1 1
30 18 1
30 56 1
30 10 1
30 11 0
31 14 0
31 14 0
31 14 0
31 16 1
31 16 1
31 80 1
31 63 1
31 17 0
31 71 1
31 29 0
31 29 0
31 29 1
31 7 1
31 7 1
31 7 1
31 7 1
31 2 1
31 2 1
31 2 1
31 2 0
31 2 1
31 2 0
31 22 1
31 22 1
31 22 1
31 22 1
31 22 1
31 22 1
31 48 1
31 49 0
31 49 1
31 49 1
31 49 1
31 49 1
31 49 0
31 49 0
31 1 1
31 1 1
31 1 1
31 1 1
31 1 1
31 11 1
31 11 1
31 11 1
31 11 1
31 11 1
31 11 1
31 11 1
31 11 1
31 4 1
31 13 1
32 16 1
32 15 1
32 15 1
32 1 0
32 1 1
32 1 1
32 64 0
32 7 1
32 7 1
32 7 1
32 7 1
32 2 1
32 2 0
32 2 1
32 22 1
32 22 1
32 22 1
32 22 1
32 22 1
32 22 1
32 22 1
32 22 1
32 48 1
32 59 1
32 49 1
32 49 0
32 86 1
32 18 1
32 4 1
32 11 1
32 11 1
32 11 1
32 11 1
32 11 1
32 11 1
32 11 1
33 53 0
33 46 0
33 11 1
33 24 0
33 48 1
33 83 1
33 49 0
33 49 1
33 1 1
33 1 1
33 1 1
33 1 1
33 1 1
33 1 1
33 1 1
33 1 1
33 1 1
33 1 1
33 1 1
33 2 0
33 59 1
33 22 1
33 22 1
34 14 0
34 1 1
34 1 1
34 2 1
34 2 1
35 1 1
36 8 1
36 16 1
36 16 0
36 15 1
36 15 1
36 88 0
36 14 0
36 52 1
36 17 0
36 71 1
36 71 1
36 61 0
36 6 0
36 87 1
36 57 1
36 2 0
36 2 1
36 2 0
36 2 1
36 2 0
36 2 1
36 2 1
36 48 0
36 7 1
36 49 1
36 49 1
36 49 1
36 49 1
36 49 1
36 49 0
36 49 0
36 49 1
36 49 0
36 49 0
36 1 1
36 1 1
36 1 1
36 1 1
36 1 1
36 1 1
36 1 1
36 1 1
36 1 1
36 1 1
36 1 1
36 1 1
36 1 1
36 1 1
36 1 1
36 1 1
36 1 1
36 1 1
36 1 1
36 1 1
36 1 1
36 1 1
36 1 1
36 1 1
36 1 1
36 1 1
36 1 1
36 1 1
36 1 1
36 1 1
36 1 1
36 1 1
36 1 1
36 1 1
36 1 1
36 1 1
36 1 1
36 1 1
36 13 0
36 10 0
36 10 1
36 22 1
36 22 1
36 22 1
36 22 1
37 14 0
37 14 0
37 14 0
37 14 0
37 84 1
37 80 1
37 80 1
37 58 0
37 17 0
37 7 1
37 7 1
37 7 1
37 7 1
37 7 1
37 7 1
37 7 1
37 7 1
37 34 0
37 2 1
37 2 0
37 2 1
37 2 1
37 2 1
37 22 1
37 22 1
37 22 1
37 22 1
37 22 1
37 22 1
37 48 0
37 48 0
37 48 0
37 33 0
37 49 0
37 49 1
37 49 0
37 89 1
37 4 1
37 11 1
37 11 1
37 11 1
37 11 1
37 11 1
37 11 1
37 11 1
37 11 1
37 11 1
37 11 1
37 11 1
38 14 1
38 7 1
38 2 1
38 2 1
38 2 1
38 2 0
38 2 1
38 48 1
38 48 0
38 36 0
38 49 0
38 49 1
38 49 0
38 1 1
38 1 1
38 1 1
38 1 1
38 1 1
38 1 1
38 1 1
38 1 1
38 1 1
38 1 1
38 1 1
38 1 1
38 1 0
38 1 0
38 1 1
38 1 1
38 1 1
38 1 1
38 1 1
38 1 1
38 1 1
38 1 1
38 1 1
38 1 1
38 1 1
38 1 1
38 1 1
38 1 1
38 1 1
38 1 1
38 1 1
38 1 1
38 1 1
38 17 0
38 11 1
38 11 1
38 4 0
38 22 1
38 22 1
38 22 1
39 14 1
39 14 0
39 14 1
39 14 1
39 16 1
39 29 0
39 29 1
39 6 0
39 7 1
39 7 1
39 7 1
39 57 0
39 57 0
39 2 1
39 2 1
39 2 1
39 22 0
39 22 1
39 22 1
39 48 0
39 48 0
39 48 1
39 48 1
39 49 1
39 49 0
39 49 0
39 1 1
39 1 1
39 1 1
39 1 1
39 1 1
39 1 1
39 1 1
39 1 1
39 1 1
39 1 1
39 1 1
39 1 1
39 1 0
39 1 1
39 1 1
39 1 1
39 1 1
39 1 1
39 1 1
39 1 1
39 1 1
39 1 1
39 1 1
39 1 1
39 1 1
39 1 1
39 1 1
39 56 1
39 11 1
40 16 1
40 15 1
40 15 1
40 2 1
40 2 0
40 2 1
40 2 1
40 2 1
40 80 1
40 61 1
40 7 1
40 7 1
40 7 1
40 7 1
40 7 1
40 7 0
40 7 1
40 9 1
40 68 1
40 22 1
40 22 1
40 22 1
40 22 1
40 22 1
40 22 1
40 22 1
40 22 1
40 22 1
40 22 1
40 48 1
40 49 1
40 49 1
40 49 1
40 49 0
40 49 0
40 1 1
40 4 1
40 11 1
40 11 1
40 11 1
40 11 1
40 11 1
40 11 1
40 11 1
40 11 1
40 11 1
40 11 1
40 11 1
40 11 1
40 11 1
40 11 1
40 11 1
40 11 1
40 11 1
40 11 1
41 14 0
41 14 1
41 14 0
41 14 1
41 53 1
41 80 1
41 58 1
41 49 1
41 49 1
41 64 1
41 15 1
41 15 1
41 6 1
41 6 1
41 46 1
41 38 1
41 2 1
41 2 0
41 2 0
41 2 1
41 2 1
41 2 1
41 2 1
41 2 1
41 48 1
41 48 1
41 57 1
41 11 1
41 11 1
41 11 1
41 11 1
41 11 1
41 11 1
41 11 1
41 11 1
41 11 1
41 11 1
41 1 1
41 1 1
41 1 1
41 1 1
41 1 1
41 1 1
41 1 1
41 1 1
41 1 1
41 1 1
41 1 1
41 1 1
41 1 1
41 1 1
41 1 1
41 1 1
41 1 1
41 1 1
41 1 1
41 1 1
41 1 1
41 1 1
41 1 1
41 1 1
41 1 1
41 1 1
41 1 1
41 1 1
41 1 1
41 56 1
41 22 1
41 22 1
41 22 1
41 22 1
41 22 1
41 22 1
41 22 1
41 22 1
42 14 0
42 14 1
42 15 1
42 15 1
42 1 1
42 1 1
42 1 1
42 1 1
42 1 1
42 1 1
42 1 1
42 1 1
42 1 1
42 1 1
42 1 1
42 1 1
42 1 0
42 1 1
42 1 1
42 1 1
42 1 1
42 1 1
42 1 1
42 1 1
42 1 1
42 1 1
42 1 1
42 24 1
42 32 1
42 7 1
42 2 1
42 2 1
42 2 1
42 2 1
42 48 1
42 48 1
42 48 1
42 49 0
42 49 1
42 49 0
42 49 1
42 65 0
42 11 1
42 11 1
42 11 1
42 11 1
42 22 1
43 14 0
43 14 1
43 14 0
43 16 1
43 16 1
43 59 1
43 90 1
43 62 0
43 52 1
43 25 1
43 17 0
43 19 0
43 50 1
43 7 1
43 7 1
43 7 1
43 7 1
43 7 1
43 34 1
43 34 1
43 2 1
43 2 0
43 2 1
43 2 0
43 2 0
43 2 0
43 2 0
43 2 1
43 2 1
43 2 0
43 22 1
43 22 1
43 22 1
43 22 1
43 22 1
43 22 1
43 48 1
43 48 1
43 48 1
43 48 1
43 49 0
43 49 1
43 49 1
43 49 1
43 49 1
43 1 1
43 1 1
43 1 1
43 1 1
43 1 1
43 1 1
43 1 1
43 1 1
43 1 1
43 1 0
43 1 1
43 1 1
43 1 1
43 1 1
43 1 1
43 1 1
43 1 1
43 1 1
43 1 1
43 1 1
43 1 1
43 1 1
43 1 1
43 1 1
43 1 1
43 1 1
43 1 1
43 1 1
43 1 1
43 1 1
43 1 1
43 1 1
43 1 1
43 1 1
43 1 1
43 1 1
43 1 1
43 1 1
43 1 1
43 18 1
43 4 0
43 4 0
43 11 1
43 11 0
43 11 1
44 14 0
44 14 0
44 14 0
44 14 0
44 8 0
44 15 1
44 3 0
44 17 0
44 53 1
44 6 0
44 7 1
44 7 1
44 57 1
44 57 1
44 34 1
44 34 1
44 2 1
44 2 1
44 2 0
44 2 1
44 2 1
44 2 0
44 22 1
44 22 1
44 48 1
44 33 0
44 21 1
44 21 1
44 49 1
44 49 1
44 49 0
44 1 1
44 1 1
44 1 1
44 1 1
44 1 1
44 1 1
44 1 1
44 1 1
44 1 1
44 1 0
44 1 1
44 1 1
44 1 1
44 1 1
44 1 1
44 1 1
44 1 1
44 1 1
44 1 1
44 1 1
44 1 1
44 1 1
44 1 1
44 1 1
44 1 1
44 1 1
44 1 1
44 1 1
44 1 1
44 1 1
44 1 1
44 1 1
44 1 1
44 1 1
44 1 1
44 1 1
44 1 1
44 1 1
44 1 1
44 1 1
44 1 1
44 1 1
44 4 1
44 4 1
44 11 1
45 16 1
45 80 1
45 80 1
45 71 0
45 64 1
45 64 0
45 6 0
45 7 1
45 7 1
45 46 1
45 38 0
45 11 0
45 11 1
45 48 1
45 48 1
45 66 0
45 66 0
45 49 0
45 49 0
45 49 0
45 1 1
45 1 1
45 1 1
45 1 0
45 1 1
45 1 1
45 1 1
45 1 1
45 1 1
45 1 1
45 1 1
45 1 1
45 1 1
45 18 0
45 2 1
45 2 1
46 16 1
46 16 1
46 16 1
46 53 1
46 80 1
46 3 0
46 6 1
46 71 0
46 59 1
46 50 0
46 23 1
46 7 1
46 57 1
46 67 0
46 2 1
46 2 1
46 2 1
46 2 0
46 2 1
46 2 1
46 2 1
46 2 1
46 2 0
46 2 1
46 48 1
46 48 1
46 49 1
46 49 1
46 49 1
46 49 1
46 49 1
46 49 0
46 1 1
46 1 1
46 1 1
46 1 1
46 1 0
46 1 1
46 1 1
46 1 1
46 1 1
46 1 1
46 1 1
46 1 1
46 1 1
46 1 1
46 1 0
46 1 1
46 1 1
46 1 1
46 1 1
46 1 1
46 1 1
46 1 1
46 1 1
46 1 1
46 1 1
46 1 1
46 1 1
46 1 1
46 1 1
46 1 1
46 1 1
46 1 1
46 1 1
46 1 1
46 1 1
46 1 1
46 1 1
46 1 1
46 1 1
46 11 1
46 22 1
47 14 0
47 14 0
47 10 1
47 65 1
47 2 1
47 2 1
47 2 0
47 2 1
47 2 1
47 48 1
47 49 1
47 49 1
47 49 1
47 1 1
47 1 1
47 1 1
47 1 1
47 1 1
47 1 0
47 1 1
47 1 1
47 1 1
47 1 1
47 1 1
47 1 1
47 11 1
47 91 1
47 29 0
48 16 1
48 59 1
48 40 1
48 52 0
48 48 1
48 48 1
48 48 1
48 29 1
48 50 1
48 23 1
48 38 1
48 2 1
48 2 1
48 2 1
48 2 0
48 2 1
48 22 1
48 51 1
48 21 1
48 21 1
48 49 0
48 49 1
48 1 0
48 1 1
48 1 1
48 1 1
48 1 1
48 1 1
48 1 1
48 1 1
48 1 1
48 1 1
48 1 1
48 1 1
48 1 1
48 1 1
48 1 1
48 1 1
48 1 1
48 1 1
48 1 1
48 1 1
48 1 1
48 1 1
48 1 1
48 1 1
48 1 0
48 1 0
48 1 1
48 1 1
48 1 1
48 1 1
48 1 1
48 1 1
48 1 1
48 1 1
48 1 1
48 1 1
48 1 1
48 1 1
48 1 1
48 1 1
48 1 1
48 11 1
49 49 1
49 49 1
49 49 0
49 1 1
49 11 1
49 2 1
49 2 1
49 61 1
50 6 1
50 6 1
50 55 1
50 11 1
50 2 1
50 2 0
50 2 0
50 2 0
50 2 0
50 2 0
50 2 1
50 2 0
50 48 0
50 48 1
50 48 0
50 48 1
50 70 0
50 49 1
50 49 1
50 49 1
50 49 1
50 49 0
50 1 1
50 1 1
50 1 1
50 1 0
50 1 1
50 1 1
50 1 1
50 1 1
50 1 1
50 1 1
50 1 1
50 1 1
50 1 0
50 1 1
50 1 1
50 1 1
50 1 1
50 1 1
50 1 1
50 1 1
50 1 1
50 1 1
50 1 1
50 1 1
50 1 1
50 1 1
50 1 1
50 1 1
50 1 1
50 1 1
50 1 1
50 1 1
50 1 1
50 1 1
50 1 1
50 1 1
50 1 1
50 1 1
50 1 1
50 1 1
50 1 1
50 1 1
50 1 1
50 1 1
50 1 1
50 1 1
50 1 1
50 1 1
50 1 1
50 1 1
50 17 0
50 64 0
50 22 1
50 22 1
51 81 1
51 1 0
51 1 1
51 1 1
51 62 0
51 2 1
51 2 1
51 2 1
51 2 0
51 29 1
51 29 1
51 29 1
51 6 1
51 6 0
51 7 1
51 7 1
51 7 1
51 7 1
51 7 1
51 7 1
51 7 1
51 7 1
51 7 1
51 11 1
51 11 1
51 11 1
51 11 1
51 11 1
51 80 1
51 36 1
51 56 1
51 22 1
51 22 1
51 22 1
51 22 1
51 22 1
52 50 1
52 7 1
52 2 1
52 2 0
52 80 1
52 1 1
52 1 1
52 1 1
52 1 1
52 1 1
52 1 1
52 1 1
52 1 1
52 1 0
52 1 1
52 1 0
52 22 1
52 22 1
53 14 0
53 14 0
53 14 0
53 14 0
53 14 0
53 16 1
53 16 1
53 16 0
53 16 1
53 16 1
53 18 1
53 80 1
53 17 1
53 17 1
53 17 0
53 17 1
53 71 1
53 71 0
53 71 1
53 15 1
53 15 1
53 15 1
53 6 1
53 7 1
53 7 1
53 7 1
53 7 1
53 7 1
53 7 1
53 7 1
53 7 1
53 38 1
53 13 1
53 1 1
53 1 1
53 1 1
53 1 1
53 1 1
53 1 1
53 1 0
53 1 1
53 1 1
53 1 1
53 1 0
53 1 1
53 1 1
53 92 1
53 56 1
53 81 0
53 86 1
53 25 0
53 93 1
53 29 1
53 50 0
53 63 1
53 63 1
53 2 0
53 2 0
53 2 0
53 2 1
53 22 1
53 22 1
53 22 0
53 22 1
53 22 1
53 22 1
53 22 1
53 22 1
53 48 0
53 48 1
53 48 1
53 48 1
53 48 1
53 59 1
53 49 0
53 49 1
53 49 1
53 49 0
53 82 1
53 10 0
53 10 1
53 10 1
53 11 1
53 11 1
53 11 1
53 11 1
53 11 1
53 11 1
53 11 1
53 11 1
53 11 1
53 11 1
53 11 1
53 11 1
53 11 1
53 11 1
53 11 1
53 11 1
53 11 1
53 11 1
54 6 0
54 49 1
54 1 1
54 1 1
54 1 1
54 1 1
54 1 1
54 1 1
54 1 1
54 1 1
54 1 1
54 1 1
54 1 1
54 1 1
54 1 1
54 17 0
54 2 1
54 2 1
54 2 1
54 2 1
55 74 0
56 6 0
56 11 1
56 11 1
56 22 1
56 49 1
56 49 1
56 49 0
56 1 0
56 1 1
56 1 1
56 1 1
56 1 0
56 1 1
56 1 1
56 1 1
56 1 1
56 61 0
56 2 0
56 2 0
57 14 0
57 14 0
57 14 1
57 14 0
57 14 0
57 84 0
57 53 0
57 17 1
57 17 0
57 71 1
57 96 0
57 6 1
57 6 1
57 7 1
57 7 1
57 7 1
57 7 1
57 7 1
57 7 1
57 46 0
57 34 1
57 22 1
57 22 1
57 22 1
57 22 1
57 22 1
57 1 1
57 1 1
57 1 1
57 1 1
57 1 1
57 1 1
57 1 1
57 1 1
57 1 1
57 1 1
57 1 1
57 1 1
57 1 1
57 1 1
57 1 1
57 1 1
57 1 1
57 1 1
57 1 1
57 1 1
57 1 1
57 1 1
57 1 1
57 1 1
57 1 1
57 1 1
57 1 1
57 18 1
57 56 1
57 59 1
57 65 0
57 94 0
57 32 1
57 29 1
57 50 1
57 67 1
57 2 1
57 2 0
57 2 0
57 2 1
57 2 0
57 2 0
57 2 1
57 2 0
57 2 1
57 2 0
57 48 1
57 48 1
57 49 1
57 49 1
57 95 1
57 95 1
57 11 1
57 11 1
57 11 1
57 11 1
57 11 1
57 11 1
58 16 1
58 16 1
58 16 1
58 16 1
58 16 0
58 16 1
58 59 1
58 2 1
58 2 1
58 2 1
58 2 1
58 48 1
58 49 0
58 1 1
58 1 1
58 1 0
58 1 1
58 1 1
58 1 1
58 1 1
58 1 1
58 1 1
58 18 1
59 2 1
59 2 1
59 2 1
59 48 1
59 48 1
59 48 1
59 48 1
59 49 0
59 49 1
59 49 0
59 1 1
59 1 1
59 1 1
59 1 1
59 1 1
59 1 1
59 1 1
59 1 1
59 1 1
59 1 1
59 27 0
59 22 1
59 22 1
59 22 1
60 1 1
61 14 1
61 16 1
61 16 1
61 16 1
61 62 0
61 3 1
61 3 1
61 48 1
61 48 0
61 48 1
61 48 1
61 29 1
61 6 1
61 6 0
61 2 1
61 2 1
61 2 0
61 2 1
61 51 1
61 49 0
61 49 1
61 49 0
61 1 1
61 1 1
61 1 1
61 1 1
61 1 1
61 1 1
61 1 1
61 1 1
61 1 1
61 1 1
61 1 1
61 1 0
61 1 1
61 1 1
61 1 1
61 1 1
61 1 1
61 1 1
61 1 1
61 1 1
61 1 1
61 1 1
61 1 1
61 1 1
61 1 1
61 1 1
61 1 1
61 1 1
61 1 1
61 1 1
61 1 1
61 1 1
61 1 1
61 1 1
61 1 1
61 1 1
61 1 1
61 1 1
61 10 1
62 16 1
62 16 1
62 6 1
62 7 1
62 7 1
62 46 0
62 38 1
62 13 0
62 13 1
62 54 1
62 85 0
62 85 0
62 49 1
62 49 0
62 49 0
62 4 0
62 81 1
62 1 1
62 1 1
62 1 1
62 1 1
62 1 1
62 1 1
62 1 1
62 1 0
62 1 1
62 1 1
62 1 0
62 1 1
62 1 0
62 1 0
62 1 1
62 1 1
62 1 1
62 1 1
62 1 1
62 1 1
62 1 1
62 1 1
62 1 1
62 1 1
62 1 1
62 1 1
62 1 1
62 1 1
62 1 1
62 1 1
62 1 0
62 1 1
62 1 1
62 1 1
62 1 1
62 1 1
62 1 1
62 29 0
62 29 1
62 29 0
62 50 0
62 9 1
62 2 1
62 2 1
62 2 1
62 2 0
62 48 1
62 48 1
62 48 1
62 97 1
62 34 1
62 11 1
62 11 1
62 11 1
62 11 0
62 10 1
62 10 0
62 68 1
63 8 1
63 88 0
63 3 0
63 27 1
63 27 1
63 27 1
63 6 0
63 6 1
63 6 1
63 7 0
63 7 1
63 7 1
63 34 0
63 2 1
63 2 1
63 2 1
63 2 1
63 2 1
63 2 1
63 2 1
63 2 1
63 22 1
63 22 1
63 22 1
63 22 1
63 22 1
63 22 1
63 22 1
63 22 1
63 48 0
63 48 1
63 33 0
63 49 1
63 1 1
63 1 1
63 1 1
63 1 1
63 1 1
63 1 1
63 1 0
63 1 1
63 1 1
63 1 1
63 1 1
63 1 1
63 1 1
63 1 1
63 1 1
63 1 1
63 1 1
63 1 1
63 1 1
63 1 1
63 1 1
63 1 1
63 1 1
63 1 1
63 4 1
63 11 1
63 11 1
63 11 1
63 11 1
63 11 1
63 11 1
63 11 1
63 11 1
63 11 1
63 11 1
63 11 1
64 14 0
64 7 1
64 2 1
64 2 0
64 2 1
64 1 1
64 1 1
64 1 1
64 1 1
64 1 1
64 1 1
64 1 1
64 1 1
64 1 1
64 1 1
64 1 1
64 1 1
64 1 1
64 1 1
64 1 1
64 1 0
64 1 0
64 1 0
64 1 0
64 1 1
64 61 1
64 29 0
65 14 0
65 16 1
65 16 1
65 2 1
65 2 1
65 80 1
65 24 0
65 84 1
65 35 0
65 49 0
65 49 1
65 29 1
65 7 1
65 13 1
65 22 1
65 36 1
65 36 1
65 4 0
65 1 1
65 1 1
65 1 1
65 1 1
65 1 1
65 1 1
65 1 1
65 1 1
65 1 1
65 1 1
65 1 1
65 1 1
65 1 1
65 1 1
65 1 0
65 1 1
65 56 1
65 10 1
65 11 1
65 11 1
65 11 1
65 11 1
66 2 1
66 2 1
66 2 0
67 14 0
67 53 1
67 62 0
67 17 0
67 59 1
67 6 0
67 57 0
67 2 1
67 2 1
67 2 1
67 2 1
67 2 0
67 2 1
67 2 1
67 2 1
67 22 1
67 48 1
67 48 1
67 49 1
67 49 1
67 49 1
67 49 1
67 49 1
67 49 0
67 1 1
67 1 1
67 1 1
67 1 1
67 1 1
67 1 1
67 1 1
67 1 1
67 1 1
67 1 1
67 1 1
67 1 1
67 1 1
67 1 1
67 1 1
67 1 1
67 1 1
67 1 1
67 1 1
67 1 1
67 1 1
67 1 1
67 1 1
67 1 1
67 1 1
67 1 1
67 1 1
67 1 1
67 1 1
67 1 1
67 1 1
67 1 1
67 1 1
67 1 1
67 1 1
67 1 1
67 1 1
67 1 1
67 1 1
67 1 1
67 1 1
67 1 1
67 1 1
67 1 1
67 1 1
67 1 1
67 1 1
67 1 1
67 1 1
67 1 1
67 1 1
67 1 1
67 1 1
67 1 1
67 11 0
67 11 1
68 16 1
68 2 0
68 2 0
68 2 0
68 2 0
68 2 0
68 24 1
68 17 0
68 32 1
68 32 0
68 32 1
68 32 0
68 32 0
68 32 0
68 32 0
68 32 0
68 32 1
68 64 0
68 67 1
68 98 1
68 48 0
68 48 1
68 21 1
68 49 1
68 49 1
68 49 1
68 49 1
68 49 0
68 1 1
68 1 1
68 1 1
68 1 1
68 1 1
68 1 1
68 1 1
68 1 0
68 1 1
68 1 1
68 1 1
68 1 1
68 1 1
68 1 0
68 1 1
68 1 1
68 1 1
68 1 1
68 1 1
68 1 1
68 1 1
68 1 1
68 1 1
68 1 1
68 1 1
68 1 1
68 1 1
68 1 1
68 1 1
68 1 1
68 1 1
68 1 0
68 1 1
68 1 1
68 1 1
68 1 1
68 1 1
68 1 1
68 1 1
68 1 1
68 1 1
68 1 1
68 1 1
68 1 1
68 1 1
68 10 0
68 22 0
68 22 1
69 8 0
69 16 1
69 15 1
69 80 1
69 52 0
69 25 0
69 59 1
69 29 0
69 10 1
69 7 1
69 7 0
69 2 1
69 2 1
69 2 0
69 2 1
69 2 1
69 48 1
69 48 1
69 66 1
69 49 0
69 49 1
69 49 0
69 1 1
69 1 1
69 1 1
69 1 1
69 1 1
69 1 1
69 1 1
69 1 1
69 1 1
69 1 0
69 1 1
69 1 1
69 1 1
69 1 1
69 1 1
69 1 1
69 11 1
69 11 1
69 11 1
69 11 1
69 11 1
69 11 1
69 13 0
69 22 1
69 22 1
70 16 1
70 16 1
70 16 1
70 16 1
70 14 0
70 14 0
70 59 1
70 86 1
70 60 1
70 61 0
70 29 0
70 29 1
70 33 0
70 6 0
70 7 1
70 74 0
70 34 0
70 2 1
70 2 1
70 2 1
70 2 0
70 2 1
70 48 1
70 48 1
70 48 1
70 48 1
70 99 1
70 57 1
70 49 0
70 49 1
70 1 1
70 1 1
70 1 1
70 1 1
70 1 1
70 1 1
70 1 1
70 1 1
70 1 1
70 1 1
70 1 1
70 1 1
70 1 0
70 1 1
70 1 1
70 1 1
70 1 1
70 1 1
70 1 1
70 1 1
70 1 1
70 1 1
70 1 1
70 1 1
70 1 1
70 1 1
70 1 1
70 1 1
70 1 1
70 1 1
70 1 1
70 1 1
70 1 1
70 1 1
70 56 0
70 19 1
70 11 1
70 11 1
70 11 0
71 1 1
71 1 1
71 1 1
71 1 1
71 1 1
71 1 1
71 1 1
71 1 1
71 1 1
71 1 1
71 1 1
71 1 1
71 1 1
71 1 1
71 1 1
71 1 1
71 1 1
71 1 1
71 1 1
71 1 1
71 1 1
71 2 1
71 2 1
72 14 1
72 14 0
72 101 1
72 80 1
72 2 1
72 2 0
72 2 1
72 44 1
72 44 1
72 100 0
72 100 1
72 100 0
72 24 1
72 40 1
72 25 0
72 25 1
72 71 1
72 16 1
72 17 1
72 17 0
72 61 1
72 88 1
72 11 1
72 11 1
72 11 1
72 21 1
72 21 0
72 21 0
72 1 1
72 1 1
72 1 1
72 1 1
72 1 1
72 1 1
72 1 1
72 1 1
72 1 1
72 1 1
72 1 1
72 1 1
72 1 1
72 1 1
72 1 1
72 1 1
72 1 1
72 1 1
72 1 1
72 1 1
72 1 1
72 1 1
72 1 1
72 1 1
72 1 1
72 1 1
72 1 1
72 1 1
72 1 1
72 1 1
72 1 1
72 1 1
72 1 1
72 1 1
72 1 1
72 92 1
72 10 1
72 10 1
72 10 1
72 22 1
72 22 1
73 14 0
73 14 1
73 6 0
73 6 0
73 7 1
73 7 1
73 2 1
73 2 1
73 2 1
73 36 1
73 80 1
73 80 1
73 1 1
73 1 1
73 1 1
73 1 1
73 1 1
73 1 0
73 1 1
73 1 1
73 1 1
73 1 1
73 1 1
73 1 1
73 1 1
73 1 1
73 1 1
73 1 1
73 1 1
73 1 1
73 1 1
73 1 1
73 1 1
73 1 1
73 1 1
73 1 1
73 1 1
73 1 1
73 1 1
73 1 1
73 1 1
73 1 1
73 1 1
73 1 1
73 1 1
73 1 1
73 1 1
73 1 1
73 1 1
73 1 0
73 1 1
73 1 1
73 64 0
73 29 1
73 29 1
73 22 1
73 22 1
74 16 0
74 103 0
74 80 1
74 2 1
74 2 1
74 2 1
74 2 1
74 2 0
74 2 1
74 2 0
74 100 1
74 102 1
74 3 1
74 17 0
74 60 1
74 29 0
74 29 1
74 6 0
74 6 0
74 11 1
74 104 0
74 1 1
74 1 1
74 1 1
74 1 1
74 1 1
74 1 1
74 1 1
74 1 1
74 1 1
74 1 1
74 1 1
74 1 1
74 1 1
74 1 1
74 1 1
74 1 1
74 1 1
74 1 1
74 1 1
74 1 1
74 1 1
74 1 1
74 1 1
74 1 1
74 1 1
74 1 1
74 1 1
74 1 1
74 1 1
74 1 1
74 1 1
74 1 1
74 1 1
74 1 1
74 1 1
74 1 1
74 1 1
74 1 1
74 1 1
74 1 1
74 1 1
74 1 1
74 1 1
74 1 1
74 1 1
74 1 1
74 1 1
74 1 1
74 1 1
74 1 1
74 1 1
74 10 1
74 10 1
74 22 1
75 15 1
75 15 1
75 15 1
75 2 1
75 80 1
75 80 1
75 80 1
75 105 0
75 105 1
75 60 0
75 106 1
75 6 1
75 6 1
75 7 1
75 7 1
75 11 0
75 11 1
75 68 1
75 1 1
75 1 1
75 1 1
75 1 1
75 1 1
75 1 1
75 1 1
75 1 1
75 1 1
75 1 1
75 1 1
75 1 1
75 1 1
75 1 1
75 1 1
75 1 0
75 1 1
75 1 1
75 1 1
75 1 1
75 1 1
75 1 1
75 1 1
75 1 1
75 1 1
75 56 1
75 10 0
75 22 1
75 22 1
75 22 1
76 14 1
76 14 1
76 90 1
76 107 1
76 40 1
76 40 1
76 64 0
76 39 1
76 39 1
76 39 1
76 17 1
76 5 0
76 6 1
76 6 1
76 7 1
76 7 1
76 7 1
76 7 1
76 7 1
76 7 1
76 46 1
76 22 1
76 51 1
76 72 1
76 1 1
76 1 1
76 1 0
76 1 1
76 1 1
76 1 0
76 1 1
76 1 1
76 1 1
76 1 1
76 1 1
76 1 1
76 1 0
76 1 1
76 1 1
76 1 1
76 1 1
76 1 1
76 1 1
76 1 1
76 1 1
76 1 1
76 1 1
76 1 1
76 1 1
76 1 1
76 1 1
76 1 1
76 1 1
76 1 1
76 1 1
76 1 1
76 56 1
76 56 1
76 89 1
76 15 0
76 15 1
76 15 1
76 45 1
76 24 1
76 24 0
76 24 1
76 3 1
76 3 1
76 3 1
76 52 1
76 52 1
76 25 1
76 25 0
76 95 1
76 26 0
76 29 1
76 108 1
76 9 1
76 2 1
76 2 0
76 2 1
76 33 0
76 33 1
76 33 1
76 33 1
76 4 1
76 4 1
76 4 1
76 4 1
76 65 1
76 65 1
76 65 1
76 109 1
76 11 1
76 11 1
76 11 1
77 16 1
77 16 1
77 16 1
77 14 1
77 15 1
77 74 1
77 17 0
77 7 1
77 7 1
77 2 1
77 2 1
77 48 1
77 36 1
77 1 1
77 1 0
77 1 1
77 1 1
77 1 1
77 1 1
77 1 1
77 1 1
77 1 1
77 1 1
77 1 1
77 1 1
77 1 1
77 1 1
77 1 1
77 1 1
77 1 1
77 1 1
77 1 1
77 1 1
77 1 1
77 1 1
77 1 1
77 1 1
77 1 1
77 1 1
77 1 1
77 1 1
77 11 0
77 22 1
77 22 1
78 14 1
78 15 1
78 2 0
78 2 1
78 2 1
78 2 1
78 2 1
78 2 1
78 2 1
78 80 1
78 71 1
78 60 1
78 60 1
78 64 0
78 29 1
78 29 0
78 7 1
78 7 1
78 7 1
78 46 1
78 22 1
78 22 1
78 22 1
78 22 1
78 22 1
78 22 1
78 22 1
78 48 1
78 48 1
78 33 1
78 1 1
78 1 1
78 1 1
78 1 1
78 1 1
78 1 1
78 1 1
78 1 1
78 1 1
78 1 1
78 1 1
78 1 1
78 1 1
78 1 1
78 1 1
78 1 1
78 1 1
78 1 1
78 1 1
78 1 1
78 1 1
78 1 1
78 1 0
78 53 0
78 11 1
78 11 1
78 11 1
79 16 1
79 16 0
79 14 1
79 14 0
79 14 0
79 14 0
79 14 1
79 14 1
79 80 1
79 80 1
79 105 1
79 61 1
79 106 1
79 106 1
79 6 1
79 6 0
79 6 0
79 7 1
79 7 1
79 7 1
79 7 1
79 7 1
79 7 1
79 38 1
79 22 1
79 22 1
79 22 1
79 22 1
79 22 1
79 22 1
79 21 1
79 21 1
79 1 1
79 1 1
79 1 1
79 1 1
79 1 1
79 1 1
79 1 1
79 1 0
79 1 1
79 1 0
79 1 1
79 1 1
79 1 1
79 1 1
79 1 1
79 1 1
79 1 1
79 1 1
79 1 1
79 1 1
79 1 1
79 1 1
79 1 1
79 1 1
79 1 1
79 1 1
79 1 1
79 1 1
79 1 1
79 1 1
79 1 1
79 1 1
79 1 1
79 56 0
79 4 0
79 4 1
79 36 1
79 8 0
79 8 1
79 15 1
79 15 1
79 15 1
79 15 1
79 45 1
79 3 1
79 64 0
79 64 1
79 29 0
79 29 1
79 29 0
79 2 0
79 2 0
79 2 1
79 2 1
79 2 1
79 2 0
79 2 1
79 48 1
79 48 1
79 59 1
79 65 0
79 65 0
79 10 1
79 10 1
79 10 1
79 11 1
79 11 1
79 11 1
79 11 1
79 11 1
80 14 0
80 16 0
80 80 1
80 80 1
80 1 1
80 1 1
80 1 1
80 1 1
80 1 1
80 1 1
80 1 1
80 1 0
80 1 1
80 1 1
80 1 1
80 1 1
80 1 1
80 1 1
80 1 1
80 1 1
80 1 1
80 1 1
80 1 1
80 1 1
80 1 1
80 1 1
80 1 1
80 1 1
80 1 1
80 1 1
80 1 1
80 1 1
80 1 1
80 1 1
80 1 1
80 1 1
80 1 1
80 1 1
80 105 0
80 3 1
80 70 0
80 71 0
80 7 1
80 2 1
80 2 1
80 2 1
80 2 1
80 2 1
80 2 0
80 2 1
80 2 0
80 2 0
80 2 1
80 2 1
80 2 0
80 2 1
80 2 0
80 2 1
80 2 1
80 2 1
80 22 1
80 22 1
80 48 0
80 45 0
80 45 1
80 56 0
80 10 1
80 10 1
80 10 1
80 11 1
80 11 1
81 14 1
81 14 0
81 16 1
81 15 1
81 15 1
81 15 1
81 6 1
81 80 1
81 80 1
81 80 1
81 24 1
81 40 1
81 17 1
81 61 1
81 61 0
81 56 0
81 56 1
81 10 1
81 7 1
81 7 1
81 7 1
81 7 1
81 7 1
81 7 1
81 7 1
81 2 0
81 2 0
81 2 1
81 2 0
81 2 1
81 2 0
81 2 0
81 2 1
81 48 0
81 48 1
81 48 1
81 59 1
81 21 1
81 1 1
81 1 1
81 1 1
81 1 1
81 1 1
81 1 1
81 1 1
81 1 1
81 1 1
81 1 1
81 1 1
81 1 1
81 1 1
81 1 1
81 1 1
81 1 1
81 1 1
81 1 1
81 1 1
81 1 1
81 1 1
81 1 1
81 1 1
81 1 1
81 1 1
81 1 1
81 1 1
81 1 1
81 1 1
81 1 1
81 1 1
81 1 1
81 1 0
81 1 1
81 1 1
81 92 1
81 11 1
81 11 1
81 11 1
81 4 0
81 22 1
81 22 1
81 22 1
81 22 1
82 16 1
82 110 0
82 61 0
82 59 1
82 59 1
82 6 0
82 7 1
82 7 1
82 7 1
82 7 1
82 22 1
82 1 1
82 1 1
82 1 1
82 1 1
82 1 1
82 1 1
82 1 1
82 1 1
82 1 1
82 1 1
82 1 1
82 1 1
82 1 1
82 1 1
82 1 1
82 1 1
82 1 1
82 1 1
82 1 1
82 1 1
82 1 1
82 1 1
82 1 1
82 1 1
82 1 1
82 56 0
82 56 1
82 8 1
82 111 0
82 15 1
82 15 1
82 15 1
82 45 1
82 45 1
82 24 0
82 3 0
82 29 1
82 29 0
82 2 1
82 2 1
82 2 0
82 2 1
82 2 1
82 2 1
82 2 1
82 48 1
82 33 0
82 97 1
82 49 0
82 65 1
82 10 0
82 10 0
82 11 1
82 11 1
83 16 1
83 15 1
83 57 1
83 2 1
83 2 1
83 33 1
83 65 0
83 65 1
83 1 1
83 1 1
83 1 1
83 1 1
83 1 1
83 1 1
83 1 1
83 1 1
83 1 1
83 1 1
83 1 1
83 1 1
83 1 1
83 1 1
83 1 1
83 1 1
83 1 1
83 1 1
83 1 1
83 1 1
83 7 1
83 11 1
83 80 1
83 80 1
83 80 1
83 22 1
83 22 1
83 22 1
83 22 1
84 14 0
84 14 1
84 14 0
84 14 1
84 16 1
84 114 1
84 80 1
84 44 1
84 17 1
84 17 0
84 17 1
84 60 1
84 6 0
84 6 1
84 84 0
84 113 1
84 22 1
84 21 1
84 1 1
84 1 1
84 1 1
84 1 1
84 1 1
84 1 1
84 1 1
84 1 1
84 1 1
84 1 1
84 1 1
84 1 0
84 1 1
84 1 1
84 1 1
84 1 1
84 1 1
84 1 1
84 1 1
84 1 1
84 1 1
84 1 1
84 1 1
84 1 1
84 1 1
84 1 1
84 1 1
84 1 1
84 1 1
84 1 1
84 1 1
84 1 1
84 1 1
84 1 1
84 1 1
84 1 1
84 1 1
84 1 1
84 1 1
84 1 1
84 1 1
84 1 1
84 1 1
84 1 1
84 1 1
84 1 1
84 1 1
84 1 1
84 1 1
84 1 1
84 1 1
84 1 1
84 1 1
84 1 1
84 92 1
84 111 1
84 65 0
84 112 0
84 24 0
84 24 1
84 115 0
84 77 1
84 2 1
84 2 1
84 2 1
84 2 1
84 2 1
84 2 1
84 2 1
84 2 1
84 48 1
84 48 1
84 48 1
84 33 0
84 49 0
84 49 0
84 45 1
84 11 1
84 11 1
85 15 1
85 74 0
85 3 1
85 105 0
85 40 1
85 61 1
85 7 1
85 7 1
85 57 1
85 22 1
85 22 1
85 22 1
85 22 1
85 22 1
85 1 1
85 1 1
85 1 1
85 1 0
85 1 1
85 1 1
85 1 1
85 1 1
85 1 1
85 1 1
85 1 1
85 1 1
85 1 1
85 1 1
85 1 1
85 1 1
85 1 1
85 1 1
85 1 1
85 1 1
85 1 1
85 11 1
85 11 1
85 11 1
85 11 0
85 4 1
85 2 1
85 2 1
86 16 1
86 16 1
86 14 0
86 14 1
86 2 0
86 2 1
86 2 1
86 2 1
86 2 1
86 2 1
86 2 1
86 2 1
86 2 1
86 2 1
86 2 1
86 2 1
86 2 1
86 17 0
86 17 1
86 59 1
86 6 1
86 6 0
86 38 0
86 22 1
86 22 1
86 22 1
86 21 0
86 21 1
86 68 1
86 1 0
86 1 1
86 1 1
86 1 1
86 1 1
86 1 1
86 1 1
86 1 1
86 1 1
86 1 1
86 1 1
86 1 1
86 1 1
86 1 1
86 1 1
86 1 1
86 1 1
86 1 1
86 1 1
86 1 1
86 1 1
86 1 1
86 1 1
86 1 1
86 1 1
86 1 1
86 1 0
86 1 1
86 1 1
86 1 1
86 1 1
86 1 1
86 1 1
86 1 0
86 1 1
86 1 1
86 1 1
86 1 1
86 1 1
86 1 1
86 92 1
86 4 0
86 4 1
86 36 1
86 8 0
86 8 0
86 8 1
86 8 0
86 15 1
86 74 1
86 3 0
86 3 1
86 25 1
86 29 1
86 11 1
86 11 0
86 11 1
86 11 1
86 11 1
86 11 1
86 11 1
86 48 0
86 48 1
86 34 1
86 34 1
86 45 0
86 10 0
86 10 1
86 108 0
87 16 0
87 6 1
87 2 1
87 2 1
87 2 1
87 2 1
87 24 1
87 24 0
87 71 1
87 1 1
87 1 1
87 1 1
87 1 1
87 1 1
87 1 1
87 1 1
87 1 1
87 1 1
87 1 1
87 1 1
87 1 1
87 1 1
87 1 1
87 1 1
87 1 1
87 1 1
87 1 1
87 1 1
87 1 1
87 1 1
87 1 1
87 1 1
87 1 1
87 1 1
87 1 1
87 1 1
87 1 1
87 1 1
87 1 1
87 1 1
87 1 1
87 1 1
87 1 1
87 1 1
87 1 1
87 1 1
87 1 1
87 92 1
87 26 0
87 10 1
87 10 1
87 64 0
88 16 1
88 16 1
88 16 1
88 90 0
88 80 1
88 83 1
88 60 1
88 60 1
88 48 0
88 48 1
88 48 1
88 48 1
88 17 0
88 17 0
88 61 0
88 61 0
88 6 1
88 6 1
88 7 1
88 7 1
88 99 1
88 1 1
88 1 1
88 1 1
88 1 1
88 1 1
88 1 0
88 1 1
88 1 1
88 1 1
88 1 0
88 1 1
88 1 1
88 1 1
88 1 1
88 1 1
88 1 1
88 1 1
88 1 0
88 1 0
88 1 1
88 1 1
88 1 1
88 1 1
88 1 1
88 1 1
88 1 1
88 1 1
88 1 1
88 1 1
88 1 1
88 1 1
88 1 1
88 1 1
88 1 1
88 1 1
88 18 1
88 56 1
88 56 0
88 56 1
88 56 1
88 4 1
88 4 0
88 36 0
88 15 1
88 3 1
88 3 1
88 52 0
88 52 0
88 64 1
88 64 1
88 2 1
88 2 0
88 2 0
88 2 1
88 2 1
88 35 0
88 33 1
88 65 1
88 10 0
88 108 0
88 108 1
88 108 1
89 16 1
89 14 0
89 57 1
89 6 1
89 6 1
89 2 1
89 40 1
89 1 1
89 1 1
89 1 1
89 1 1
89 1 1
89 1 1
89 1 1
89 1 1
89 1 1
89 1 1
89 1 1
89 1 1
89 1 1
89 1 1
89 1 1
89 1 1
89 1 1
89 1 1
89 1 1
89 1 1
89 1 1
89 1 1
89 1 1
89 1 1
89 1 1
89 1 1
89 1 1
89 1 1
89 1 1
89 1 1
89 1 1
89 1 1
89 1 1
89 1 1
89 1 1
89 1 1
89 1 1
89 1 1
89 1 1
89 111 1
89 10 1
90 16 1
90 16 0
90 16 1
90 16 1
90 84 1
90 24 1
90 17 0
90 71 1
90 61 1
90 29 0
90 6 0
90 46 1
90 11 1
90 11 1
90 2 0
90 2 1
90 2 1
90 2 1
90 2 1
90 2 0
90 48 0
90 48 1
90 48 1
90 33 1
90 21 1
90 1 1
90 1 1
90 1 1
90 1 1
90 1 1
90 1 1
90 1 1
90 1 1
90 1 1
90 1 1
90 1 1
90 1 1
90 1 1
90 1 1
90 1 1
90 1 1
90 1 1
90 1 1
90 1 1
90 1 1
90 1 1
90 1 1
90 1 1
90 1 1
90 1 1
90 1 1
90 1 1
90 1 1
90 1 1
90 1 1
90 1 1
90 1 1
90 1 1
90 1 1
90 1 1
90 1 1
90 1 1
90 1 1
90 1 1
90 1 1
90 1 1
90 1 1
90 1 1
90 56 1
90 56 1
90 10 1
90 10 1
90 10 1
90 10 1
90 10 1
90 10 1
90 22 1
91 14 0
91 7 1
91 74 0
91 2 1
91 2 1
91 1 1
91 1 1
91 1 1
91 1 1
91 1 1
91 1 1
91 1 1
91 1 0
91 1 1
91 1 1
91 1 1
91 1 1
91 1 1
91 1 1
91 1 1
91 1 1
91 1 1
91 1 1
91 1 1
91 1 1
91 1 1
91 1 1
91 1 1
91 1 1
91 1 1
91 1 1
91 1 1
91 61 1
92 1 1
92 1 1
92 1 1
92 1 1
92 1 1
92 1 1
92 1 1
92 1 1
92 22 1
92 22 1
93 14 0
93 14 1
93 14 0
93 16 1
93 16 0
93 16 1
93 80 0
93 80 1
93 90 1
93 10 1
93 10 1
93 3 1
93 3 1
93 40 1
93 40 1
93 8 1
93 17 0
93 61 0
93 29 1
93 6 1
93 6 1
93 38 0
93 11 1
93 22 1
93 99 1
93 65 1
93 1 1
93 1 1
93 1 1
93 1 1
93 1 1
93 1 1
93 1 1
93 1 1
93 1 1
93 1 1
93 1 1
93 1 0
93 1 1
93 1 1
93 1 1
93 1 1
93 1 1
93 1 1
93 1 1
93 1 1
93 1 1
93 1 1
93 1 1
93 1 1
93 1 1
93 1 1
93 1 1
93 1 1
93 1 1
93 1 1
93 1 1
93 1 1
93 1 1
93 1 1
93 1 1
93 1 1
93 1 1
93 1 1
93 1 1
93 1 1
93 4 1
93 4 1
93 2 1
93 2 1
93 2 1
94 14 0
94 116 1
94 90 1
94 44 0
94 10 0
94 17 1
94 17 1
94 61 1
94 61 0
94 6 1
94 7 1
94 88 0
94 88 1
94 2 1
94 2 1
94 33 0
94 1 1
94 1 1
94 1 1
94 1 1
94 1 1
94 1 1
94 1 1
94 1 0
94 1 1
94 1 1
94 1 1
94 1 1
94 1 1
94 1 1
94 1 1
94 1 1
94 1 0
94 1 1
94 1 1
94 1 1
94 1 1
94 1 1
94 1 1
94 1 1
94 1 1
94 1 1
94 1 1
94 1 1
94 1 1
94 1 1
94 1 1
94 1 1
94 1 1
94 65 1
94 56 0
94 86 1
94 22 1
94 22 1
94 22 1
95 8 1
95 16 0
95 16 0
95 16 1
95 16 1
95 16 1
95 101 1
95 44 1
95 80 1
95 80 1
95 3 0
95 40 1
95 40 1
95 17 0
95 17 0
95 29 0
95 7 1
95 46 0
95 46 1
95 34 1
95 34 0
95 10 0
95 10 0
95 10 1
95 10 1
95 10 1
95 10 1
95 1 1
95 1 0
95 1 1
95 1 1
95 1 1
95 1 1
95 1 1
95 1 1
95 1 1
95 1 1
95 1 1
95 1 1
95 1 1
95 1 1
95 1 1
95 1 1
95 1 1
95 1 0
95 1 1
95 1 1
95 1 1
95 1 0
95 1 0
95 1 1
95 1 1
95 1 1
95 1 1
95 1 1
95 1 1
95 1 1
95 1 1
95 1 1
95 1 1
95 1 1
95 1 1
95 13 1
95 56 1
95 4 1
95 4 1
95 4 1
95 2 1
95 2 1
95 2 1
95 2 1
96 14 1
96 14 0
96 84 0
96 117 1
96 105 1
96 40 1
96 17 1
96 61 0
96 118 1
96 6 1
96 6 1
96 6 0
96 7 1
96 46 0
96 22 1
96 21 0
96 1 1
96 1 1
96 1 1
96 1 1
96 1 1
96 1 1
96 1 1
96 1 1
96 1 1
96 1 1
96 1 1
96 1 1
96 1 1
96 1 1
96 1 1
96 1 1
96 1 1
96 1 1
96 1 1
96 1 1
96 1 1
96 1 1
96 1 1
96 1 1
96 1 1
96 1 1
96 1 1
96 1 1
96 1 1
96 1 1
96 1 1
96 1 1
96 1 1
96 1 1
96 1 1
96 1 1
96 1 1
96 1 1
96 1 1
96 1 1
96 1 1
96 1 1
96 1 1
96 1 1
96 1 1
96 1 1
96 1 1
96 1 0
96 4 1
96 59 0
96 65 1
96 65 0
96 74 1
96 50 1
96 50 1
96 11 1
96 11 1
96 33 0
96 49 0
96 49 0
96 45 1
96 19 0
96 2 1
96 2 1
96 2 1
96 2 0
96 2 0
96 2 1
96 2 1
96 2 1
96 2 1
96 2 0
96 2 0
97 14 1
97 84 1
97 65 0
97 43 1
97 24 0
97 25 1
97 119 1
97 27 1
97 2 1
97 2 1
97 7 1
97 7 0
97 16 1
97 16 1
97 38 0
97 22 1
97 4 1
97 1 1
97 1 1
97 1 1
97 1 1
97 1 1
97 1 1
97 1 1
97 1 0
97 1 1
97 1 1
97 1 1
97 1 1
97 1 1
97 1 1
97 1 1
97 1 1
97 1 1
97 1 1
97 1 1
97 1 1
97 1 1
97 1 1
97 1 1
97 1 1
97 1 1
97 1 1
97 1 1
97 1 1
97 1 1
97 1 1
97 1 1
97 1 1
97 1 1
97 1 1
97 1 1
97 92 0
97 10 0
97 11 1
98 14 0
98 14 0
98 16 1
98 16 1
98 80 1
98 80 1
98 80 1
98 27 1
98 17 0
98 61 0
98 6 0
98 7 1
98 7 1
98 7 1
98 7 1
98 7 1
98 7 1
98 113 0
98 22 1
98 22 1
98 22 1
98 22 1
98 22 1
98 21 1
98 1 1
98 1 1
98 1 1
98 1 1
98 1 1
98 1 1
98 1 1
98 1 1
98 1 0
98 1 1
98 1 1
98 1 1
98 1 1
98 1 1
98 1 1
98 1 1
98 1 1
98 1 1
98 1 1
98 1 1
98 1 1
98 56 1
98 56 0
98 4 1
98 8 0
98 15 1
98 15 1
98 15 0
98 45 1
98 3 1
98 3 1
98 24 1
98 24 1
98 25 0
98 25 0
98 64 1
98 64 0
98 29 0
98 29 0
98 2 0
98 2 1
98 2 0
98 2 1
98 2 1
98 2 1
98 2 1
98 48 0
98 48 1
98 48 1
98 33 0
98 49 0
98 65 0
98 65 0
98 11 1
98 11 1
98 11 1
99 14 0
99 16 1
99 1 0
99 1 1
99 1 1
99 1 1
99 1 1
99 1 1
99 1 0
99 1 1
99 1 1
99 1 1
99 1 1
99 1 1
99 1 1
99 1 1
99 1 1
99 1 1
99 1 1
99 1 1
99 1 1
99 1 1
99 1 1
99 1 1
99 1 1
99 1 1
99 1 1
99 1 1
99 1 1
99 1 1
99 1 1
99 1 1
99 1 1
99 1 1
99 1 1
99 1 1
99 1 1
99 44 1
99 80 1
99 80 0
99 52 1
99 61 1
99 29 0
99 6 1
99 7 1
99 88 1
99 2 1
99 2 1
99 2 1
99 2 1
99 33 1
99 45 1
99 11 1
99 10 1
99 22 0
99 22 0
100 14 1
100 14 0
100 14 1
100 16 1
100 16 1
100 16 1
100 16 1
100 90 1
100 27 1
100 6 0
100 6 1
100 7 1
100 34 1
100 22 1
100 51 1
100 21 0
100 1 1
100 1 1
100 1 0
100 1 1
100 1 1
100 1 1
100 1 0
100 1 1
100 1 1
100 1 1
100 1 1
100 1 1
100 1 1
100 1 1
100 1 1
100 1 1
100 1 1
100 1 1
100 1 1
100 1 1
100 1 1
100 1 1
100 1 1
100 1 1
100 1 1
100 1 1
100 1 1
100 1 1
100 1 1
100 18 1
100 18 1
100 18 1
100 4 0
100 4 1
100 8 1
100 8 1
100 111 1
100 89 1
100 89 1
100 25 1
100 26 1
100 29 1
100 2 0
100 2 0
100 2 1
100 2 1
100 2 0
100 2 1
100 2 1
100 2 1
100 2 1
100 2 1
100 48 1
100 48 1
100 48 1
100 48 1
100 48 1
100 11 1
100 11 1
100 10 1
100 10 1
100 10 1
100 10 1
100 108 1
101 16 1
101 16 1
101 16 1
101 84 1
101 14 0
101 35 0
101 120 1
101 27 1
101 61 1
101 67 0
101 34 0
101 34 0
101 22 1
101 51 0
101 1 1
101 1 1
101 1 1
101 1 1
101 1 1
101 1 1
101 1 1
101 1 1
101 1 1
101 1 1
101 1 1
101 1 1
101 1 1
101 1 1
101 1 1
101 1 1
101 1 1
101 1 1
101 1 1
101 1 1
101 1 1
101 1 1
101 1 1
101 1 1
101 1 1
101 1 1
101 1 1
101 1 1
101 1 1
101 1 1
101 1 1
101 1 1
101 1 1
101 1 1
101 1 1
101 1 1
101 1 1
101 1 1
101 1 1
101 1 1
101 1 1
101 1 1
101 1 1
101 1 1
101 15 1
101 44 0
101 29 0
101 121 0
101 2 1
101 2 1
101 2 1
101 2 1
101 2 0
101 2 1
101 2 1
101 2 1
101 2 1
101 2 1
101 2 1
101 48 0
101 48 1
101 33 1
101 49 0
101 45 1
101 10 1
101 11 1
102 8 1
102 16 1
102 16 1
102 80 0
102 122 0
102 24 0
102 24 0
102 105 1
102 25 1
102 61 1
102 61 0
102 2 1
102 2 1
102 22 1
102 22 1
102 22 1
102 51 1
102 1 1
102 1 1
102 1 1
102 1 1
102 1 1
102 1 1
102 1 1
102 1 1
102 1 1
102 1 1
102 1 1
102 1 0
102 1 1
102 1 1
102 1 1
102 1 1
102 1 1
102 1 1
102 1 1
102 1 1
102 1 1
102 1 1
102 10 0
102 10 1
102 11 1
103 14 0
103 14 0
103 14 1
103 14 0
103 15 1
103 65 0
103 100 1
103 108 1
103 70 1
103 80 1
103 80 1
103 60 1
103 61 1
103 6 0
103 88 1
103 34 0
103 34 1
103 34 0
103 34 1
103 2 0
103 2 1
103 2 0
103 2 1
103 22 1
103 22 1
103 22 1
103 33 0
103 66 0
103 123 1
103 1 1
103 1 1
103 1 1
103 1 1
103 1 1
103 1 1
103 1 1
103 1 0
103 1 1
103 1 1
103 1 1
103 1 1
103 1 1
103 1 1
103 1 1
103 1 1
103 1 1
103 1 1
103 1 1
103 1 1
103 1 1
103 1 1
103 1 1
103 1 1
103 1 1
103 1 1
103 1 1
103 1 1
103 1 1
103 1 1
103 1 1
103 1 1
103 1 1
103 1 1
103 1 0
103 56 0
103 56 0
103 10 0
103 11 1
104 14 0
104 14 1
104 14 1
104 14 0
104 8 0
104 45 0
104 100 1
104 3 0
104 39 0
104 32 0
104 64 0
104 6 0
104 7 0
104 90 0
104 34 1
104 2 1
104 2 1
104 2 1
104 51 0
104 21 0
104 1 1
104 1 1
104 1 1
104 1 1
104 1 1
104 1 1
104 1 1
104 1 1
104 1 1
104 1 1
104 1 1
104 1 1
104 1 1
104 1 1
104 1 1
104 1 1
104 1 1
104 1 1
104 1 1
104 92 1
104 56 0
104 4 1
104 10 1
104 10 0
105 6 0
105 15 1
105 15 1
105 1 1
105 1 1
105 1 1
105 1 1
105 1 1
105 1 1
105 1 1
105 1 1
105 1 0
105 1 1
105 1 1
105 1 1
105 1 1
105 1 1
105 1 1
105 1 1
105 1 1
105 1 1
105 1 1
105 2 1
105 2 1
105 29 0
105 7 1
105 7 1
105 65 0
105 56 1
105 10 1
105 80 1
105 80 1
105 80 1
106 16 1
106 16 0
106 15 0
106 15 1
106 15 1
106 80 1
106 80 1
106 80 1
106 71 0
106 71 1
106 6 1
106 6 1
106 7 1
106 7 1
106 7 1
106 11 1
106 11 1
106 2 1
106 2 1
106 1 1
106 1 1
106 1 1
106 1 1
106 1 1
106 1 1
106 1 1
106 1 1
106 1 1
106 1 1
106 1 0
106 1 1
106 1 1
106 1 1
106 1 1
106 1 0
106 1 1
106 1 1
106 1 1
106 1 1
106 1 1
106 1 1
106 1 1
106 1 1
106 1 1
106 1 1
106 1 1
106 1 1
106 1 1
106 1 1
106 1 1
106 1 1
106 1 1
106 1 1
106 1 1
106 1 1
106 1 1
106 1 1
106 92 1
106 56 1
106 10 1
106 22 1
107 14 0
107 14 1
107 16 1
107 16 1
107 16 1
107 90 0
107 90 0
107 90 1
107 114 1
107 40 1
107 39 0
107 39 1
107 17 1
107 61 1
107 29 1
107 6 0
107 46 0
107 34 0
107 34 0
107 22 1
107 72 0
107 1 1
107 1 1
107 1 1
107 1 1
107 1 1
107 1 1
107 1 1
107 1 1
107 1 0
107 1 1
107 1 1
107 1 1
107 1 1
107 1 1
107 1 1
107 1 1
107 1 1
107 1 1
107 1 1
107 1 1
107 1 1
107 1 1
107 1 1
107 1 1
107 1 1
107 1 1
107 1 1
107 1 1
107 56 1
107 36 1
107 3 1
107 52 1
107 25 0
107 124 1
107 37 0
107 115 1
107 2 0
107 108 0
108 6 0
108 74 0
108 2 1
108 2 1
108 2 1
108 2 1
108 2 1
108 2 0
108 33 0
108 33 1
108 46 0
108 1 1
108 1 1
108 1 1
108 1 1
108 1 1
108 1 1
108 1 0
108 1 1
108 1 1
108 1 1
108 1 1
108 1 1
108 1 1
108 1 1
108 1 1
108 1 1
108 1 1
108 1 1
108 1 1
108 1 1
108 1 1
108 1 1
108 1 1
108 1 1
108 1 1
108 1 1
108 1 1
108 1 1
108 1 1
108 1 1
108 1 1
108 1 1
108 1 1
108 1 1
108 1 1
108 1 1
108 1 1
108 1 1
108 1 1
108 1 1
108 1 1
108 1 1
108 1 1
108 17 1
108 61 1
108 61 0
108 11 1
109 16 1
109 16 1
109 53 1
109 80 1
109 40 1
109 71 1
109 17 1
109 17 1
109 61 0
109 6 0
109 34 0
109 22 1
109 21 1
109 21 1
109 21 1
109 1 1
109 1 1
109 1 1
109 1 1
109 1 1
109 1 1
109 1 1
109 1 1
109 1 1
109 1 1
109 1 0
109 1 1
109 1 1
109 1 1
109 1 0
109 1 1
109 1 1
109 1 1
109 1 1
109 1 1
109 1 1
109 1 1
109 1 1
109 1 1
109 1 1
109 1 1
109 1 1
109 1 1
109 1 1
109 1 1
109 1 1
109 1 1
109 1 1
109 1 1
109 1 1
109 1 1
109 1 1
109 1 1
109 1 1
109 1 1
109 1 1
109 1 1
109 1 1
109 1 1
109 1 1
109 1 1
109 18 1
109 56 1
109 56 0
109 4 1
109 36 1
109 126 0
109 25 0
109 37 1
109 125 1
109 2 0
109 2 0
109 2 0
109 2 0
109 2 0
109 2 0
109 2 0
109 2 0
109 2 1
109 2 1
109 2 1
109 48 1
109 33 1
109 65 0
109 65 1
109 65 1
109 10 1
109 11 1
110 16 1
110 16 1
110 14 1
110 15 0
110 3 1
110 17 0
110 71 1
110 61 0
110 61 0
110 29 1
110 6 1
110 6 1
110 7 1
110 7 1
110 11 1
110 11 1
110 2 1
110 2 1
110 2 1
110 2 1
110 2 1
110 2 1
110 48 0
110 33 1
110 49 0
110 1 1
110 1 1
110 1 1
110 1 1
110 1 1
110 1 1
110 1 1
110 1 1
110 1 1
110 1 1
110 1 1
110 1 1
110 1 1
110 1 1
110 1 1
110 1 1
110 1 1
110 1 1
110 1 1
110 1 1
110 1 1
110 1 1
110 1 1
110 1 1
110 1 0
110 1 1
110 1 1
110 1 1
110 1 1
110 1 1
110 1 1
110 1 1
110 1 1
110 1 1
110 1 1
110 1 1
110 1 1
110 1 1
110 1 1
110 1 1
110 1 0
110 1 1
110 1 1
110 56 1
110 56 1
110 22 1
110 22 1
111 14 0
111 16 0
111 16 1
111 80 1
111 80 1
111 80 1
111 74 1
111 44 1
111 3 1
111 24 1
111 25 1
111 17 0
111 17 0
111 71 1
111 2 0
111 2 1
111 2 1
111 6 0
111 7 1
111 90 1
111 11 0
111 48 1
111 36 1
111 1 1
111 1 1
111 1 0
111 1 1
111 1 1
111 1 1
111 1 1
111 1 1
111 1 1
111 1 1
111 1 1
111 1 1
111 1 1
111 1 1
111 1 1
111 1 1
111 1 1
111 1 1
111 1 1
111 1 1
111 1 1
111 1 1
111 1 1
111 1 1
111 1 1
111 1 1
111 1 1
111 1 1
111 1 1
111 1 0
111 1 1
111 1 1
111 1 1
111 56 0
111 65 0
112 15 1
112 15 1
112 15 1
112 1 1
112 1 1
112 1 1
112 1 1
112 1 1
112 1 1
112 1 1
112 1 1
112 1 1
112 1 1
112 1 1
112 1 1
112 1 1
112 1 1
112 1 1
112 1 1
112 1 1
112 1 1
112 1 1
112 1 1
112 1 1
112 1 1
112 1 1
112 1 1
112 1 1
112 1 1
112 1 1
112 1 1
112 1 1
112 1 1
112 1 1
112 1 1
112 1 1
112 1 1
112 1 1
112 44 1
112 80 1
112 24 1
112 2 1
112 2 1
112 61 1
112 6 0
112 6 0
112 7 1
112 7 1
112 11 1
112 45 1
112 10 1
112 22 1
113 14 1
113 14 1
113 16 1
113 16 1
113 114 1
113 80 1
113 27 1
113 61 0
113 6 0
113 6 1
113 46 1
113 38 1
113 72 1
113 1 1
113 1 1
113 1 1
113 1 1
113 1 1
113 1 1
113 1 1
113 1 1
113 1 0
113 1 1
113 1 1
113 1 1
113 1 1
113 1 1
113 1 1
113 1 1
113 1 1
113 1 1
113 1 1
113 1 1
113 1 1
113 1 1
113 1 1
113 1 1
113 1 1
113 1 1
113 1 1
113 1 1
113 1 1
113 1 1
113 1 1
113 1 1
113 1 1
113 1 1
113 1 1
113 1 1
113 1 1
113 1 1
113 1 1
113 1 1
113 1 1
113 1 1
113 1 1
113 1 1
113 1 1
113 89 1
113 89 1
113 56 1
113 4 1
113 4 1
113 88 1
113 3 1
113 70 1
113 29 1
113 29 1
113 29 1
113 127 1
113 2 1
113 2 1
113 2 1
113 33 1
113 34 1
113 65 1
113 10 1
113 10 1
114 14 0
114 43 1
114 15 0
114 88 1
114 44 1
114 80 1
114 80 1
114 24 1
114 24 0
114 71 0
114 71 1
114 61 1
114 32 1
114 6 1
114 7 1
114 7 1
114 34 1
114 2 0
114 2 1
114 2 1
114 2 1
114 2 0
114 51 0
114 33 1
114 33 1
114 1 1
114 1 1
114 1 1
114 1 1
114 1 1
114 1 1
114 1 1
114 1 1
114 1 1
114 1 1
114 1 1
114 1 1
114 1 1
114 1 1
114 1 1
114 1 1
114 1 1
114 1 1
114 1 1
114 1 1
114 1 1
114 1 1
114 1 1
114 1 1
114 1 1
114 1 1
114 1 1
114 1 1
114 11 1
114 11 1
114 4 1
114 4 1
114 22 1
114 22 1
114 22 1
114 22 1
115 8 0
115 111 0
115 1 1
115 1 1
115 1 1
115 1 1
115 1 1
115 1 1
115 1 1
115 1 1
115 1 1
115 1 1
115 1 1
115 1 1
115 1 1
115 1 1
115 1 1
115 1 1
115 1 1
115 1 1
115 1 1
115 1 1
115 1 1
115 1 1
115 1 1
115 1 1
115 1 1
115 1 1
115 1 1
115 1 1
115 1 1
115 1 1
115 1 1
115 1 1
115 1 1
115 1 1
115 1 1
115 1 1
115 1 1
115 1 1
115 1 1
115 1 1
115 1 1
115 44 1
115 104 1
115 3 1
115 88 1
115 88 1
115 16 1
115 2 1
115 61 1
115 61 0
115 29 0
115 29 0
115 29 1
115 29 1
115 6 0
115 6 1
115 77 1
115 38 1
115 38 1
115 11 1
115 21 1
115 65 1
115 56 0
115 4 0
115 4 1
115 4 1
115 108 1
116 25 1
116 7 1
116 7 1
116 1 1
116 1 1
116 1 1
116 1 1
116 1 1
116 1 1
116 1 1
116 1 1
116 1 1
116 1 1
116 1 1
116 1 1
116 1 1
116 1 1
116 1 1
116 1 1
116 1 1
116 1 1
116 1 1
116 1 1
116 1 1
116 1 1
116 1 1
116 1 1
116 1 1
116 1 1
116 1 1
116 2 1
116 2 1
116 2 1
116 22 1
116 22 1
117 16 1
117 16 0
117 14 0
117 80 1
117 80 1
117 1 1
117 1 1
117 1 1
117 1 1
117 1 1
117 1 1
117 1 1
117 1 1
117 1 0
117 1 1
117 1 1
117 1 1
117 1 1
117 1 1
117 1 1
117 1 1
117 1 1
117 1 1
117 1 1
117 1 1
117 1 1
117 1 1
117 1 1
117 1 1
117 1 1
117 1 1
117 100 1
117 32 1
117 29 1
117 64 0
117 77 0
117 74 1
117 34 0
117 2 1
117 2 0
117 33 0
117 66 1
117 4 1
117 45 1
117 10 1
117 10 1
117 10 1
117 108 1
118 14 1
118 16 1
118 90 0
118 114 1
118 80 1
118 80 1
118 105 1
118 39 1
118 39 1
118 61 0
118 118 1
118 6 0
118 46 1
118 51 0
118 21 1
118 1 1
118 1 1
118 1 1
118 1 1
118 1 1
118 1 1
118 1 1
118 1 1
118 1 0
118 1 1
118 1 1
118 1 1
118 1 1
118 1 1
118 1 1
118 1 1
118 1 1
118 1 1
118 1 1
118 1 1
118 1 1
118 1 1
118 1 1
118 1 1
118 1 1
118 1 1
118 1 1
118 1 1
118 1 1
118 1 1
118 1 1
118 1 1
118 1 1
118 1 1
118 1 1
118 1 1
118 1 1
118 56 0
118 56 1
118 88 1
118 88 1
118 88 1
118 3 1
118 24 1
118 25 0
118 25 1
118 37 1
118 37 1
118 2 1
118 2 1
118 72 1
119 14 0
119 44 1
119 80 1
119 52 1
119 17 0
119 61 0
119 37 1
119 10 0
119 7 1
119 2 1
119 2 1
119 2 1
119 2 1
119 1 1
119 1 1
119 1 1
119 1 1
119 1 1
119 1 1
119 1 1
119 1 1
119 1 1
119 1 1
119 1 1
119 1 1
119 1 1
119 1 1
119 1 1
119 1 1
119 1 1
119 1 1
119 1 0
119 1 1
119 1 1
119 1 1
119 1 1
119 1 1
119 1 1
119 1 1
119 1 1
119 1 1
119 1 1
119 1 1
119 1 1
119 1 1
119 1 1
119 1 1
119 11 1
119 11 1
119 122 1
119 22 1
119 22 1
120 14 1
120 16 1
120 80 1
120 2 1
120 2 0
120 2 1
120 100 0
120 35 1
120 71 0
120 71 0
120 61 1
120 37 1
120 6 0
120 6 0
120 29 1
120 1 1
120 1 1
120 1 1
120 1 1
120 1 1
120 1 1
120 1 1
120 1 1
120 1 1
120 1 1
120 1 1
120 1 1
120 1 1
120 1 1
120 1 1
120 1 1
120 1 1
120 1 1
120 1 1
120 1 1
120 1 1
120 1 1
120 1 1
120 1 1
120 1 1
120 1 1
120 1 1
120 1 1
120 10 1
120 10 1
120 10 1
120 36 1
121 14 0
121 14 1
121 14 1
121 14 1
121 16 1
121 59 1
121 59 1
121 45 0
121 24 0
121 25 1
121 57 0
121 6 0
121 74 1
121 34 1
121 2 1
121 2 1
121 2 1
121 2 1
121 2 0
121 2 1
121 48 1
121 48 1
121 48 1
121 33 1
121 33 0
121 21 0
121 1 1
121 1 1
121 1 1
121 1 1
121 1 1
121 1 1
121 1 1
121 1 1
121 1 1
121 1 1
121 1 1
121 1 0
121 1 1
121 1 1
121 1 1
121 1 1
121 1 1
121 1 1
121 1 1
121 1 1
121 1 1
121 1 1
121 1 1
121 1 1
121 1 1
121 1 1
121 1 1
121 1 1
121 1 1
121 1 1
121 1 1
121 1 1
121 1 1
121 1 1
121 1 1
121 1 1
121 1 1
121 1 1
121 1 1
121 1 1
121 1 1
121 1 1
121 1 1
121 1 1
121 1 1
121 10 1
121 10 1
121 10 1
121 22 1
121 22 1
122 7 1
122 74 1
122 11 1
122 11 1
122 11 1
122 80 1
122 80 1
122 57 1
122 1 1
122 1 1
122 1 1
122 1 1
122 1 1
122 1 1
122 1 1
122 1 1
122 1 1
122 1 1
122 1 0
122 1 1
122 1 1
122 1 0
122 1 0
122 1 1
122 1 1
122 1 1
122 1 1
122 1 1
122 1 1
122 1 1
122 1 0
122 1 1
122 1 1
122 1 1
122 1 1
122 45 1
122 2 1
122 2 1
122 2 0
122 61 0
122 10 1
122 22 1
122 22 1
122 22 1
123 16 1
123 16 1
123 15 0
123 15 1
123 1 1
123 1 1
123 1 1
123 1 1
123 1 1
123 1 0
123 1 0
123 1 1
123 1 1
123 1 1
123 1 1
123 1 1
123 1 1
123 1 1
123 1 1
123 1 1
123 1 1
123 1 1
123 1 1
123 1 1
123 1 1
123 1 1
123 1 1
123 1 1
123 1 1
123 1 1
123 80 1
123 80 1
123 80 1
123 61 0
123 61 0
123 7 1
123 7 1
123 7 1
123 7 1
123 7 1
123 11 1
123 11 1
123 2 1
123 2 1
123 2 0
123 2 1
123 2 1
123 48 1
123 48 1
123 48 1
123 59 1
123 59 1
123 21 1
123 49 0
123 65 0
123 56 1
123 56 1
123 10 0
123 22 1
123 22 1
123 22 1
123 22 1
123 22 1
123 22 1
124 128 1
124 74 0
124 44 1
124 59 1
124 6 1
124 6 1
124 2 1
124 2 1
124 2 1
124 2 1
124 2 1
124 22 1
124 22 1
124 21 0
124 21 0
124 49 0
124 1 1
124 1 1
124 1 1
124 1 1
124 1 1
124 1 1
124 1 1
124 1 1
124 1 1
124 1 1
124 1 1
124 1 1
124 1 1
124 1 1
124 1 1
124 1 1
124 1 1
124 1 1
124 1 1
124 1 1
124 1 1
124 1 1
124 1 1
124 1 1
124 1 0
124 1 1
124 1 1
124 56 1
124 11 1
125 16 1
125 16 1
125 16 1
125 16 1
125 14 1
125 80 1
125 65 1
125 44 1
125 10 1
125 10 1
125 10 1
125 24 1
125 108 1
125 8 1
125 39 0
125 39 1
125 29 1
125 6 0
125 7 1
125 11 1
125 2 1
125 2 1
125 2 1
125 2 1
125 33 1
125 1 1
125 1 1
125 1 1
125 1 1
125 1 1
125 1 1
125 1 1
125 1 1
125 1 1
125 1 1
125 1 1
125 1 1
125 1 1
125 1 1
125 1 1
125 1 1
125 1 1
125 1 1
125 1 1
125 1 1
125 1 1
125 1 1
125 1 1
125 1 1
125 1 1
125 1 1
125 1 1
125 1 1
125 1 1
125 1 1
125 56 1
125 56 1
125 4 1
125 22 1
125 22 1
125 22 1
126 16 1
126 84 0
126 15 1
126 15 1
126 74 0
126 80 1
126 80 1
126 25 1
126 71 0
126 2 1
126 2 1
126 29 0
126 29 1
126 61 1
126 6 0
126 7 1
126 7 1
126 7 1
126 7 1
126 7 1
126 34 1
126 11 1
126 11 1
126 129 1
126 4 0
126 1 1
126 1 1
126 1 1
126 1 1
126 1 1
126 1 1
126 1 1
126 1 1
126 1 1
126 1 0
126 1 1
126 1 1
126 1 1
126 1 1
126 1 1
126 1 1
126 1 1
126 1 1
126 1 1
126 1 1
126 1 1
126 56 0
126 10 1
126 22 1
126 22 1
126 22 1
126 22 1
126 22 1
126 22 1
126 22 1
126 22 1
127 16 1
127 16 1
127 16 1
127 16 1
127 16 1
127 14 0
127 14 1
127 28 0
127 122 1
127 3 0
127 24 1
127 25 0
127 17 0
127 17 0
127 39 1
127 71 1
127 29 0
127 29 1
127 29 1
127 6 0
127 7 0
127 7 1
127 34 0
127 34 0
127 2 1
127 2 1
127 2 1
127 2 1
127 2 0
127 2 0
127 2 1
127 2 0
127 2 1
127 33 0
127 66 1
127 1 1
127 1 1
127 1 1
127 1 1
127 1 1
127 1 1
127 1 1
127 1 1
127 1 1
127 1 1
127 1 0
127 1 1
127 1 1
127 1 1
127 1 1
127 1 1
127 1 1
127 1 0
127 1 1
127 1 1
127 1 1
127 1 1
127 1 1
127 1 1
127 1 1
127 1 1
127 1 1
127 1 1
127 1 1
127 1 1
127 1 1
127 1 1
127 1 1
127 1 1
127 1 1
127 1 1
127 1 1
127 1 0
127 1 1
127 1 1
127 1 1
127 1 1
127 1 0
127 1 1
127 1 1
127 1 1
127 1 1
127 1 1
127 1 1
127 1 1
127 1 1
127 1 1
127 1 1
127 1 1
127 18 1
127 10 0
127 10 1
127 22 1
127 22 1
127 22 1
128 15 0
128 1 1
128 1 1
128 1 1
128 1 1
128 1 1
128 1 1
128 1 1
128 1 1
128 1 1
128 1 1
128 1 1
128 1 1
128 1 1
128 1 1
128 1 1
128 1 1
128 1 1
128 1 1
128 1 1
128 1 1
128 1 1
128 1 1
128 1 1
128 1 1
128 1 1
128 1 1
128 95 1
128 25 0
128 80 1
128 80 0
128 29 1
128 6 1
128 6 1
128 7 1
128 7 1
128 74 0
128 11 1
128 11 1
128 2 0
128 2 1
128 33 0
128 65 1
128 56 1
128 22 1
128 22 1
128 22 1
128 22 1
129 16 1
129 14 0
129 14 0
129 15 0
129 15 1
129 80 1
129 80 1
129 80 1
129 17 1
129 32 1
129 29 1
129 61 0
129 61 0
129 7 1
129 7 1
129 7 1
129 7 1
129 7 1
129 2 0
129 2 1
129 2 0
129 2 1
129 1 1
129 1 1
129 1 1
129 1 1
129 1 1
129 1 1
129 1 1
129 1 1
129 1 1
129 1 1
129 1 1
129 1 1
129 1 1
129 1 1
129 1 1
129 1 1
129 1 1
129 1 1
129 1 0
129 1 1
129 1 1
129 1 0
129 1 1
129 1 1
129 1 1
129 1 1
129 1 1
129 1 1
129 1 1
129 1 1
129 1 1
129 10 1
129 10 0
129 10 0
130 16 1
130 6 1
130 6 0
130 2 1
130 2 1
130 2 1
130 1 1
130 1 1
130 1 1
130 1 1
130 1 1
130 1 1
130 1 1
130 1 1
130 1 1
130 1 1
130 1 1
130 1 1
130 1 1
130 1 1
130 1 1
130 1 1
130 1 0
130 1 1
130 1 1
130 1 1
130 1 1
130 1 1
130 1 1
130 1 1
130 1 1
130 1 1
130 1 1
130 1 1
130 1 1
130 1 1
130 1 1
130 1 1
130 1 1
130 1 1
130 1 1
130 1 1
130 1 1
130 1 1
130 1 1
130 1 1
130 1 1
130 1 1
130 1 1
130 1 1
130 1 1
130 1 1
130 1 1
130 56 1
130 37 0
131 6 0
131 7 1
131 7 0
131 2 0
131 2 1
131 2 1
131 3 1
131 1 1
131 1 1
131 1 1
131 1 1
131 1 1
131 1 1
131 1 1
131 1 0
131 1 1
131 1 1
131 1 1
131 5 1
131 4 1
132 8 0
132 10 1
132 7 0
132 7 1
132 7 1
132 9 0
132 2 1
132 2 0
132 1 0
132 1 1
132 1 0
132 1 1
132 1 1
132 1 1
132 1 1
132 1 1
132 4 0
132 4 0
132 11 1
132 11 1
133 14 1
133 14 0
133 6 1
133 6 1
133 7 1
133 7 1
133 7 1
133 11 1
133 11 1
133 11 1
133 11 1
133 12 0
133 1 1
133 13 0
133 4 1
133 2 0
133 2 1
134 14 0
134 1 0
134 1 0
134 2 0
134 2 1
135 7 1
135 7 1
135 7 1
135 1 1
135 1 1
135 1 1
135 1 1
135 1 1
135 1 1
135 1 1
135 1 0
135 1 1
135 1 1
135 1 1
135 15 1
135 15 1
135 2 0
135 11 1
135 11 1
135 11 1
135 11 1
136 2 1
137 8 1
137 8 1
137 8 1
137 16 1
137 2 1
137 2 1
137 2 0
137 11 1
137 11 1
137 11 1
137 3 1
137 3 1
137 6 0
137 1 0
137 1 1
137 1 1
137 1 1
137 1 1
137 1 1
137 1 1
137 1 1
137 1 1
137 1 0
137 1 1
137 1 1
137 1 1
137 1 1
137 1 1
137 1 1
137 1 1
137 1 1
137 1 1
137 1 1
137 1 0
137 1 1
137 1 1
137 1 1
137 1 1
137 1 1
137 1 1
137 1 1
137 1 1
137 1 1
137 1 1
137 1 1
137 1 1
137 1 1
137 17 1
137 10 0
137 4 1
137 14 0
137 14 1
138 7 1
138 7 1
138 1 1
138 1 1
138 1 1
138 1 1
138 1 1
138 1 1
138 1 1
138 1 1
138 1 1
138 1 1
138 1 1
138 1 1
138 1 1
138 1 1
138 1 1
138 1 1
138 1 1
138 1 1
138 1 1
138 1 1
138 1 1
138 1 1
138 1 1
138 2 1
138 2 0
138 2 0
138 11 1
138 11 1
138 11 1
138 11 1
139 1 1
139 1 1
139 1 1
139 1 1
139 1 1
139 1 1
139 1 1
139 1 1
139 1 1
139 1 1
139 1 1
139 1 1
139 1 1
139 11 1
140 1 1
140 1 1
141 14 1
141 7 0
141 1 1
141 18 1
141 19 1
142 14 0
142 6 0
142 7 1
142 7 1
142 7 1
142 1 1
142 1 1
142 1 1
142 18 0
142 18 1
142 22 1
142 21 1
142 20 1
142 17 0
142 10 0
142 10 0
142 2 1
143 1 1
143 1 1
143 1 1
143 1 1
143 1 1
143 1 0
143 1 1
143 1 1
143 1 1
143 1 1
143 1 1
143 1 1
144 23 1
144 1 1
144 1 1
144 1 1
144 20 0
145 1 1
145 1 1
145 1 1
145 11 1
145 22 0
145 10 1
145 2 1
146 1 1
146 1 1
146 1 1
146 1 1
146 1 1
147 14 0
147 7 1
147 1 1
147 1 1
147 1 1
147 22 1
148 6 0
148 1 1
148 1 1
148 1 1
148 1 1
148 1 1
148 1 1
148 2 1
149 1 1
149 1 1
149 1 1
149 1 1
149 1 1
149 11 1
150 8 1
150 7 1
150 7 1
150 7 1
150 2 1
150 24 1
150 25 1
150 18 1
150 18 0
150 18 1
150 26 0
150 22 1
151 8 1
151 7 1
151 1 1
151 1 1
151 1 1
151 1 1
151 1 1
151 1 1
151 1 1
151 18 0
151 18 1
152 1 1
152 1 1
152 1 1
152 1 1
152 1 1
152 1 1
152 1 1
152 1 1
152 1 1
152 1 1
152 1 1
152 1 1
152 27 1
152 28 1
152 28 1
153 6 1
153 6 1
153 7 1
153 2 1
153 2 1
153 2 1
153 1 1
153 1 1
153 1 1
153 1 1
153 1 1
153 1 1
153 1 1
153 15 1
153 11 1
153 11 1
153 11 1
154 1 1
155 14 0
155 1 1
155 1 0
155 1 1
155 1 1
155 1 1
155 1 1
155 1 1
155 20 1
155 18 0
155 18 1
155 24 0
156 14 1
156 14 0
156 14 1
156 24 1
156 25 0
156 30 1
156 1 1
156 1 1
156 1 1
156 1 1
156 1 0
156 1 1
156 1 1
156 1 1
156 1 1
156 1 1
156 1 1
156 1 1
156 1 1
156 1 1
156 1 1
156 17 1
156 17 1
156 17 1
156 26 1
156 29 0
156 29 0
157 7 1
157 7 1
157 1 1
157 1 1
157 22 1
158 16 1
158 16 1
158 1 1
158 1 1
158 1 1
158 1 1
158 1 1
158 1 1
158 1 1
158 1 1
158 1 1
158 1 1
158 1 1
158 1 1
158 1 1
158 1 1
158 1 1
158 1 1
158 1 1
158 1 1
158 1 1
158 1 1
158 1 1
158 1 1
159 18 1
159 1 1
159 1 1
159 1 1
159 1 1
159 1 1
159 20 1
159 31 1
160 8 1
160 14 0
160 2 1
160 1 1
160 1 1
160 1 0
160 1 1
160 1 1
160 1 1
160 18 1
160 32 0
161 14 1
161 7 1
161 7 1
161 20 1
161 11 1
161 1 1
161 1 1
161 1 1
161 1 1
161 2 1
161 22 1
162 14 0
162 6 0
162 34 1
162 2 1
162 2 1
162 24 1
162 35 1
162 33 1
162 21 1
162 1 1
162 1 1
162 1 1
162 1 1
162 1 1
162 1 1
162 1 1
162 1 1
162 1 1
162 1 1
162 1 1
162 1 1
162 1 1
162 1 1
162 1 1
162 1 1
162 1 1
162 1 1
162 1 1
162 1 1
162 1 1
162 27 1
163 8 0
163 14 0
163 14 1
163 7 1
163 7 1
163 2 1
163 37 0
163 36 1
163 1 1
163 1 1
163 1 1
163 1 1
163 1 0
163 1 1
163 1 1
163 1 1
163 1 0
163 1 0
163 1 1
163 1 1
163 1 1
163 16 1
163 15 1
163 4 0
163 11 1
163 11 1
163 11 0
164 1 1
164 1 1
164 1 1
164 1 1
164 1 1
164 1 1
165 14 1
165 23 1
165 1 1
165 1 1
165 1 1
165 1 1
165 1 1
165 18 1
166 7 1
166 1 1
166 1 1
166 18 1
167 7 1
167 1 1
167 1 1
167 1 1
167 1 1
167 1 1
167 1 1
167 1 1
167 1 0
167 1 1
167 1 1
167 22 1
167 3 0
168 8 1
168 14 0
168 14 1
168 14 0
168 14 0
168 1 1
168 1 1
168 1 1
168 1 1
169 1 1
169 1 1
169 1 1
169 1 1
169 17 1
169 2 1
169 22 1
170 1 1
170 1 1
170 1 1
170 1 1
171 1 1
171 1 1
171 1 1
171 1 1
171 1 1
171 1 1
171 1 1
171 1 1
171 20 1
172 16 1
172 6 0
172 6 1
172 7 1
172 7 1
172 2 1
172 2 1
172 1 1
172 1 1
172 1 1
172 1 1
172 1 1
172 1 1
172 1 1
172 1 1
172 11 1
173 1 1
173 1 1
173 1 1
173 1 1
173 1 1
173 1 0
173 18 1
174 14 0
174 1 1
174 1 1
174 1 1
174 1 1
174 1 1
174 1 1
174 1 0
174 1 1
174 1 0
174 2 0
174 4 0
175 2 1
175 2 1
176 14 1
176 8 0
176 1 1
176 1 1
176 1 1
176 1 1
176 1 1
176 1 1
176 1 1
176 1 1
176 1 1
176 1 1
176 1 1
176 1 1
176 38 1
176 2 1
176 17 0
176 20 1
176 27 1
177 2 1
177 19 0
177 24 0
177 24 0
177 1 1
177 1 1
177 1 1
177 1 1
177 1 1
177 1 1
177 1 1
177 1 1
177 1 1
177 18 1
177 29 1
177 29 1
177 13 1
178 1 1
178 1 1
179 39 0
179 1 1
179 1 1
179 1 1
179 1 1
179 1 1
179 11 1
180 7 1
180 22 1
180 40 1
180 21 1
180 41 1
180 1 1
180 1 1
180 1 1
180 1 1
180 1 1
180 1 1
180 1 1
180 1 1
180 1 1
180 1 1
180 1 1
180 5 1
180 2 1
180 2 1
181 42 1
181 1 1
181 1 1
181 1 1
181 1 1
181 17 0
181 2 1
182 7 1
182 7 1
182 7 1
182 7 1
182 11 1
182 18 0
182 20 1
182 17 0
182 22 1
183 14 1
183 14 1
183 14 0
183 17 0
183 1 1
183 1 1
183 1 1
183 18 0
183 43 1
184 1 1
184 1 1
184 1 1
184 22 1
184 4 0
185 7 1
185 7 1
185 11 1
185 11 1
185 25 0
185 1 1
185 1 1
185 1 1
185 1 1
185 1 1
185 1 1
185 1 1
185 1 1
185 1 1
185 1 1
185 1 1
185 27 0
185 15 1
185 36 1
186 1 1
186 1 1
186 1 1
186 1 1
186 1 1
186 11 1
186 2 0
187 1 1
187 18 1
188 16 1
188 16 1
188 7 0
188 7 1
188 34 1
188 34 1
188 11 1
188 11 1
188 11 1
188 1 0
188 1 1
188 1 1
188 1 1
188 1 1
188 1 1
188 1 1
188 1 1
188 1 1
188 1 1
188 1 1
188 1 1
188 1 1
188 1 1
188 15 1
188 2 1
189 23 0
189 23 0
189 20 1
189 2 1
189 10 0
189 6 0
189 1 1
189 29 0
190 14 0
190 6 1
190 44 0
190 2 0
190 2 1
190 2 0
190 25 0
190 1 1
190 1 1
190 1 1
190 1 1
190 1 1
190 1 0
190 1 1
190 1 1
190 1 1
190 1 1
190 36 1
190 11 1
191 14 0
191 16 0
191 16 1
191 16 1
191 16 1
191 16 1
191 7 1
191 7 1
191 28 1
191 11 1
191 11 1
191 11 1
191 1 0
191 1 1
191 1 1
191 1 1
191 1 1
191 1 1
191 1 1
191 1 1
191 1 1
191 15 1
191 22 1
192 16 0
192 6 0
192 6 1
192 7 1
192 7 1
192 2 1
192 2 1
192 1 1
192 1 1
192 1 1
192 1 1
192 1 1
192 1 1
192 15 1
192 15 1
192 11 1
193 14 0
193 23 1
193 1 1
193 1 1
193 1 1
193 1 1
193 1 1
193 20 1
194 16 1
194 16 1
194 7 1
194 11 1
194 11 1
194 11 1
194 22 1
194 1 1
194 1 1
194 1 1
194 1 1
194 1 1
194 1 1
194 13 0
194 2 1
194 2 0
195 1 1
195 1 1
195 1 1
195 1 1
195 1 1
195 1 1
195 1 0
196 23 0
196 1 1
196 1 1
196 1 1
196 1 1
196 1 1
196 1 1
196 1 1
196 1 1
196 1 1
196 20 1
196 20 0
196 2 1
196 2 0
196 2 0
196 2 1
196 2 1
196 2 1
196 2 1
196 2 0
196 2 0
196 2 0
196 2 1
196 2 0
196 2 0
197 18 0
197 1 1
197 17 0
198 23 0
198 7 1
198 1 1
198 1 1
198 1 1
198 1 1
198 22 1
198 29 0
199 14 0
199 42 1
199 38 1
199 1 1
199 1 1
199 1 1
199 1 1
199 16 0
199 29 1
200 1 0
200 1 1
200 1 1
200 18 0
200 18 1
200 2 0
200 2 1
200 10 1
200 10 1
200 10 1
201 7 1
201 7 1
201 7 1
201 7 1
201 7 1
201 1 1
201 1 1
201 22 1
201 22 1
202 16 1
202 7 1
202 1 1
202 17 0
202 11 1
203 14 0
203 6 0
203 7 1
203 7 1
203 45 1
203 2 1
203 1 1
203 1 1
203 1 1
203 1 1
203 1 1
203 1 1
203 1 1
203 18 1
203 10 1
204 7 1
204 7 1
204 7 1
204 7 1
204 7 1
204 28 1
204 2 1
204 2 1
204 2 1
204 12 1
204 1 1
204 1 1
204 1 1
204 1 1
204 1 1
204 1 1
204 1 1
204 1 1
204 1 1
204 1 1
204 1 1
204 1 1
204 1 1
204 1 1
204 1 1
204 15 1
204 22 1
204 11 1
204 11 1
205 16 1
205 1 0
205 1 1
205 1 1
205 1 1
205 1 1
205 1 1
205 1 1
205 2 1
205 2 0
206 14 1
206 38 1
206 38 1
206 1 1
206 1 1
206 1 1
206 1 1
206 1 1
206 1 1
206 18 1
