1 8 1
1 8 1
1 8 1
1 8 0
1 8 0
1 8 1
1 8 0
1 8 0
1 8 1
1 8 0
1 8 0
1 8 1
1 8 0
1 8 1
1 8 1
1 8 1
1 8 0
1 8 1
1 8 0
1 8 1
1 8 0
1 8 0
1 8 0
1 8 0
1 8 0
1 8 1
1 8 1
1 8 1
1 8 0
1 8 1
1 8 1
2 1 1
2 1 1
2 1 0
2 1 1
2 1 1
2 1 1
2 1 1
2 1 1
2 1 1
2 1 1
2 1 1
2 1 1
2 1 1
2 1 1
3 5 1
3 5 1
3 5 1
3 5 1
3 1 1
3 1 1
3 1 1
3 1 1
3 1 1
3 1 1
3 1 0
3 1 1
3 1 1
3 1 1
3 1 1
3 1 1
3 1 1
3 1 1
3 1 1
3 1 1
3 1 1
3 1 1
3 1 1
3 1 1
3 1 1
3 1 1
3 1 1
3 1 1
3 1 1
3 1 1
3 1 1
3 1 1
3 1 1
3 1 1
3 1 1
3 1 1
3 1 1
3 1 1
3 1 1
3 1 1
3 1 1
3 1 1
3 1 1
3 1 1
3 1 1
3 1 1
3 1 1
3 1 0
3 1 1
3 1 1
3 1 1
3 1 1
3 1 1
3 1 1
3 1 1
3 1 1
3 1 1
3 1 1
3 1 1
4 8 0
4 8 0
4 8 1
4 8 0
4 8 0
4 1 1
4 1 0
4 1 0
4 1 0
4 1 1
4 1 1
4 1 1
4 1 1
4 1 1
4 1 1
4 1 1
4 1 1
4 1 1
4 1 1
4 1 1
4 1 1
4 1 1
4 1 1
4 1 1
4 1 1
4 1 1
4 1 1
4 1 1
4 1 1
4 1 1
4 1 1
4 1 1
4 1 1
4 1 1
4 1 0
4 1 1
4 1 1
4 1 1
4 1 0
4 1 0
4 1 1
4 1 1
5 2 1
5 2 1
5 2 1
5 2 1
5 2 1
5 2 1
5 2 1
5 2 1
5 2 1
5 2 1
5 5 1
5 5 1
5 5 1
5 5 1
5 5 1
5 5 1
5 4 1
5 4 1
5 4 1
5 4 1
5 4 1
5 4 1
5 1 1
5 1 1
5 1 1
5 1 1
5 1 1
5 1 0
5 1 1
6 1 1
6 1 1
6 1 1
6 1 1
6 1 1
6 1 1
6 1 1
6 1 1
6 1 1
6 1 1
6 1 1
6 1 1
6 1 1
6 1 1
6 1 1
6 1 1
6 1 1
6 1 1
6 1 1
6 1 1
6 1 1
6 1 1
6 1 0
6 1 1
6 1 1
6 1 1
6 2 1
6 2 1
6 2 1
6 2 1
7 1 1
7 1 1
7 1 1
7 1 1
7 1 1
7 1 1
7 1 1
7 1 1
7 1 1
7 1 1
7 1 1
7 1 0
7 1 0
7 1 1
7 1 1
7 1 1
7 1 1
7 1 1
7 1 1
7 1 1
7 1 1
7 1 1
7 1 0
7 1 1
7 1 1
7 1 1
7 1 1
7 1 1
7 1 1
7 1 1
7 1 1
7 1 1
7 1 1
7 1 1
7 1 1
7 1 0
7 1 1
7 1 1
8 1 1
8 1 1
8 1 1
8 1 1
8 1 1
8 1 1
8 1 1
8 1 1
8 1 1
8 1 1
8 1 1
8 1 1
8 1 1
8 1 1
8 1 1
8 1 1
8 1 1
8 1 1
8 1 1
8 1 1
8 1 1
8 1 1
8 1 1
8 1 1
8 1 1
8 1 1
8 1 1
9 8 0
9 8 0
9 8 0
9 8 0
9 4 1
9 4 1
9 4 0
9 4 0
9 1 1
9 1 1
9 1 1
9 1 1
9 1 1
9 1 1
9 1 1
9 1 1
9 1 1
9 1 0
9 1 1
9 1 1
9 1 1
9 1 1
9 1 1
9 1 1
9 1 0
9 1 1
9 1 1
9 1 1
9 1 0
9 1 1
9 1 0
9 1 1
9 1 1
9 1 0
9 1 0
9 1 1
9 1 1
9 1 1
9 1 1
10 1 1
10 1 1
10 1 1
10 1 1
10 1 1
10 1 1
10 1 1
10 1 1
10 1 1
10 1 1
10 1 1
10 1 1
10 1 1
10 1 1
10 1 1
10 1 1
10 1 1
10 1 1
10 1 1
10 1 1
10 1 1
10 1 1
10 1 1
10 1 1
10 1 1
10 1 1
10 1 1
10 1 1
10 1 1
10 1 1
10 1 1
10 1 1
10 1 1
10 1 1
10 1 1
10 1 1
10 1 1
10 1 0
10 1 1
10 1 1
10 1 1
10 1 1
10 1 1
10 1 1
10 1 1
10 1 1
10 1 1
10 1 0
11 8 0
11 8 0
11 8 0
11 8 0
12 1 1
12 1 1
12 1 1
12 1 1
12 1 1
12 1 1
12 1 0
12 1 1
12 1 1
12 1 1
12 1 1
12 1 1
13 7 1
13 7 1
13 7 1
13 7 1
13 7 1
13 1 1
13 1 1
13 1 1
13 1 1
13 1 1
13 1 1
13 1 1
13 1 1
13 1 1
13 1 1
13 1 1
13 1 1
13 1 1
13 1 1
13 1 1
13 1 1
13 1 1
13 1 1
13 1 1
13 1 1
13 1 1
13 1 1
13 1 1
13 1 1
13 1 1
13 1 1
13 1 1
13 1 1
13 9 0
13 9 1
13 9 1
13 9 1
13 9 0
14 8 0
14 8 0
14 8 0
14 8 0
14 6 1
14 6 1
14 6 1
14 6 1
14 6 1
14 6 1
14 6 1
14 6 1
14 6 1
14 6 1
14 6 1
14 6 1
14 1 1
14 1 1
14 1 1
14 1 1
14 1 1
14 1 0
14 1 1
14 1 1
14 1 1
14 1 1
14 1 1
14 1 1
14 1 1
14 1 1
14 1 1
14 1 1
14 1 0
14 1 1
14 1 1
14 1 1
14 1 1
14 1 1
14 1 1
14 1 1
14 1 1
14 1 1
14 1 1
14 1 1
14 1 1
14 1 1
14 1 1
14 1 1
14 1 1
14 1 0
14 1 0
14 1 1
14 1 0
14 1 1
14 1 1
14 1 1
14 1 1
14 1 1
14 1 1
14 1 1
14 1 1
14 1 1
14 12 0
14 12 1
14 12 1
14 12 1
14 5 1
14 5 1
14 5 0
14 5 1
15 7 0
15 7 0
15 7 1
15 7 1
15 7 1
15 1 1
15 1 1
15 1 1
15 1 1
15 1 1
15 1 1
15 1 1
15 1 1
15 1 1
15 1 1
15 1 1
15 1 1
15 1 1
15 1 1
15 1 1
15 1 1
15 1 1
15 1 1
15 1 1
15 1 1
15 1 1
15 1 1
15 1 1
15 1 1
15 1 1
15 1 1
15 1 1
15 1 1
15 1 1
15 1 1
15 1 1
15 1 1
15 1 1
15 1 1
15 1 1
15 1 1
15 1 1
15 1 1
15 1 1
15 1 1
15 1 1
15 1 1
16 8 0
16 8 0
16 8 0
16 8 1
16 8 1
16 8 1
16 8 1
16 8 1
16 8 0
16 8 1
16 8 1
16 8 1
16 8 1
16 8 1
16 8 1
16 8 1
16 8 1
16 8 1
16 8 0
16 8 0
16 8 0
16 8 0
16 8 1
16 8 0
16 8 1
16 8 1
16 7 1
16 7 1
16 7 0
16 7 1
16 4 0
16 4 1
16 4 0
16 4 0
16 1 1
16 1 1
16 1 1
16 1 1
16 1 1
16 1 1
16 1 0
16 1 1
16 1 1
16 1 1
16 1 1
16 1 1
16 1 1
16 1 1
16 1 1
16 1 1
16 1 1
16 1 1
16 1 0
16 1 0
16 1 0
16 1 1
16 1 1
16 1 1
16 1 0
17 8 0
17 8 0
17 8 1
17 8 1
17 8 1
17 8 1
17 8 1
17 8 1
17 1 1
17 1 1
17 1 1
17 1 1
17 1 1
17 1 1
17 2 1
17 2 1
17 2 1
17 2 1
17 2 1
17 4 1
17 4 1
17 4 1
17 4 1
17 4 1
17 4 1
17 4 1
17 3 1
17 3 1
17 3 1
17 3 1
17 3 1
17 3 1
18 8 1
18 8 1
18 8 0
18 8 1
18 8 0
18 8 1
18 8 1
18 1 1
18 1 1
18 1 1
18 1 1
18 1 1
18 1 1
18 1 1
18 1 1
18 1 1
18 1 1
18 1 1
18 1 1
18 1 1
19 8 0
19 8 1
19 8 0
19 8 0
19 8 0
19 8 0
19 8 0
19 8 1
19 8 0
19 8 1
19 8 0
19 8 0
19 8 1
19 1 1
19 1 0
19 1 1
19 1 1
19 1 0
19 1 0
20 2 1
20 2 0
20 2 0
20 2 1
20 2 1
20 4 1
20 4 1
20 4 1
20 4 1
20 4 1
20 4 1
20 4 1
20 4 1
20 1 0
20 1 1
20 1 1
20 1 1
20 1 1
20 1 1
20 1 1
20 1 1
20 1 1
20 1 1
20 1 1
20 1 1
20 1 1
20 1 1
20 1 1
20 1 1
20 1 1
20 1 1
20 1 1
20 1 1
20 1 1
20 1 1
20 1 1
20 1 1
20 1 1
20 1 1
20 1 1
20 10 1
20 10 1
20 10 1
20 10 1
21 2 0
21 2 1
21 2 1
21 2 1
21 2 1
21 2 1
21 1 1
21 1 1
21 1 1
21 1 1
21 1 1
21 1 1
21 1 0
21 1 1
21 1 1
21 1 1
21 1 1
21 1 1
21 1 1
21 1 1
21 1 1
21 1 1
21 1 1
21 1 1
21 1 1
21 1 1
21 1 1
21 1 1
21 1 1
21 1 1
21 1 1
21 1 1
21 1 1
21 1 1
21 1 1
21 1 1
21 1 1
21 1 1
21 1 1
21 1 1
21 1 1
21 1 1
21 1 1
21 1 1
21 1 0
21 1 1
21 1 0
21 1 1
21 1 1
21 1 0
21 1 1
21 1 1
21 1 1
22 8 1
22 8 0
22 8 0
22 8 0
22 8 0
22 2 1
22 2 1
22 2 1
22 2 1
22 2 1
22 1 1
22 1 1
22 1 1
22 1 1
22 1 0
22 1 0
22 1 1
23 6 0
23 6 1
23 6 0
23 6 0
23 6 1
23 1 0
23 1 1
23 1 1
23 1 1
23 1 0
23 1 1
23 1 0
23 1 1
23 1 1
23 1 1
23 1 1
23 1 1
23 1 1
23 1 1
23 1 1
23 1 1
23 1 0
23 1 1
23 1 1
23 1 1
23 1 1
23 1 1
23 1 1
23 1 1
23 1 1
23 1 1
23 1 1
23 1 1
23 1 1
23 1 1
23 1 1
23 1 1
23 1 1
23 1 0
23 1 0
23 1 1
23 1 1
23 1 1
23 1 1
23 1 1
23 1 1
23 1 1
23 1 1
23 1 1
24 1 0
24 1 1
24 1 1
24 1 1
24 1 1
24 1 0
24 1 1
24 1 1
24 1 1
24 1 1
24 1 1
24 1 1
24 1 1
24 1 1
24 1 1
24 1 1
24 1 1
24 1 1
24 1 1
24 1 1
24 1 1
24 1 1
24 1 1
24 1 1
24 1 0
24 1 1
24 1 1
24 1 1
24 1 1
24 1 1
24 1 1
24 1 1
24 1 1
24 1 1
24 1 1
24 1 1
24 1 1
24 1 1
24 1 0
24 1 1
24 1 1
24 1 1
24 1 1
24 1 1
24 1 1
24 1 1
24 1 1
25 8 0
25 8 0
25 8 1
25 8 1
25 8 1
25 8 0
25 8 0
25 8 0
25 8 0
25 8 1
25 8 0
25 8 1
25 8 1
25 1 1
25 1 1
25 1 1
25 1 1
25 1 1
25 1 0
25 1 1
25 1 1
25 1 1
25 1 0
25 1 0
25 2 1
25 2 1
25 2 0
25 2 1
25 11 0
25 11 0
25 11 0
25 11 0
25 4 1
25 4 1
25 4 1
25 4 1
25 4 1
25 4 0
26 8 0
26 8 0
26 8 1
26 8 1
26 8 0
26 8 0
26 8 1
26 8 1
26 8 1
26 8 0
26 8 0
26 8 1
26 8 1
26 8 0
26 8 1
26 6 1
26 6 1
26 6 1
26 6 1
26 1 1
26 1 1
26 1 1
26 1 1
26 1 1
26 1 1
26 1 1
26 1 1
26 1 1
26 1 1
26 1 1
26 1 1
26 1 1
26 1 1
26 1 1
26 1 1
26 1 1
26 1 1
26 1 1
26 1 1
26 1 1
26 1 1
26 1 1
26 1 1
26 1 1
26 7 1
26 7 1
26 7 1
26 7 1
27 1 1
27 1 1
27 1 1
27 1 1
27 1 1
27 1 1
27 1 1
27 1 1
27 1 1
27 1 1
27 1 1
27 1 1
27 1 1
27 1 1
27 1 1
27 1 1
27 1 1
27 1 1
27 1 1
27 1 1
27 1 1
27 1 1
27 1 1
27 1 1
27 1 1
27 1 1
27 1 1
27 1 1
27 1 1
27 1 1
27 1 1
27 1 1
27 1 1
27 1 1
27 1 0
27 1 0
27 1 1
27 1 0
27 1 1
27 1 1
27 1 1
27 1 0
27 1 1
27 1 1
27 1 1
28 1 1
28 1 1
28 1 1
28 1 0
28 1 1
28 1 1
28 1 1
28 1 1
28 1 1
28 1 1
28 1 1
28 1 1
28 1 1
28 1 1
28 1 1
28 2 1
28 2 1
28 2 1
28 2 1
28 2 1
29 8 0
29 8 1
29 8 0
29 8 1
29 8 1
29 8 0
29 8 0
29 8 0
29 8 0
29 8 1
29 8 1
29 8 1
29 8 0
29 8 0
29 8 1
29 8 1
29 8 1
29 8 1
29 8 1
29 7 0
29 7 1
29 7 0
29 7 0
29 7 0
29 10 1
29 10 1
29 10 1
29 10 1
29 10 1
29 10 1
29 10 1
29 10 1
29 10 1
29 10 1
29 10 1
29 10 1
29 10 1
29 10 0
30 5 1
30 5 1
30 5 1
30 5 1
30 1 1
30 1 1
30 1 1
30 1 1
30 1 1
30 1 1
30 1 1
30 1 1
30 1 1
30 1 1
30 1 1
30 1 1
30 1 1
30 1 1
30 1 1
30 1 1
30 1 1
30 1 1
30 1 1
31 8 0
31 8 1
31 8 1
31 8 0
31 8 1
31 1 1
31 1 1
31 1 0
31 1 1
31 1 1
31 1 1
31 1 1
31 1 1
31 1 1
31 1 1
31 1 1
31 1 1
31 1 1
31 1 1
31 1 1
31 1 1
31 1 1
31 1 1
31 1 1
31 1 1
31 1 1
31 1 1
31 1 1
31 1 1
31 1 1
32 6 1
32 6 0
32 6 1
32 6 1
32 6 1
32 10 1
32 10 1
32 10 1
32 10 1
32 10 1
32 10 1
32 10 1
32 10 1
32 10 1
32 2 1
32 2 1
32 2 1
32 2 1
32 2 1
32 2 1
32 2 1
32 2 1
32 2 1
32 2 1
32 2 1
32 2 1
32 2 0
32 5 0
32 5 1
32 5 1
32 5 1
32 5 1
32 13 1
32 13 1
32 13 1
32 13 1
32 13 0
32 1 1
32 1 1
32 1 0
32 1 1
32 1 1
32 1 1
32 1 1
32 1 1
32 1 1
32 1 0
32 1 1
32 1 1
32 1 1
32 4 1
32 4 1
32 4 1
32 4 1
32 4 1
32 4 1
32 4 1
32 4 1
32 3 1
32 3 1
32 3 1
32 3 1
33 1 1
33 1 1
33 1 1
33 1 1
33 1 0
33 1 1
33 1 1
33 1 1
33 1 1
33 1 1
33 1 1
33 1 1
33 1 1
34 8 1
34 8 1
34 8 1
34 8 1
34 2 1
34 2 1
34 2 1
34 2 1
34 5 1
34 5 1
34 5 1
34 5 1
34 1 1
34 1 1
34 1 1
34 1 1
34 1 1
34 1 1
34 1 1
34 1 1
34 1 1
34 1 1
34 1 1
34 1 1
34 1 1
34 1 1
34 1 1
34 1 1
34 1 1
34 1 1
34 1 1
34 1 1
34 1 1
34 1 1
34 1 1
34 1 1
34 1 1
34 1 1
34 1 1
34 1 1
34 1 1
34 1 1
34 1 1
34 1 1
34 1 1
34 1 1
34 1 1
34 1 1
34 1 1
34 1 1
34 1 1
34 7 0
34 7 1
34 7 1
34 7 1
35 6 1
35 6 0
35 6 1
35 6 1
35 1 1
35 1 1
35 1 0
35 1 1
35 1 1
35 1 0
35 1 1
35 1 0
35 1 1
35 1 1
35 1 1
35 1 0
35 1 1
35 1 1
35 1 1
35 1 0
35 1 1
35 1 1
35 1 1
35 1 1
35 1 1
35 1 1
35 1 1
35 1 1
35 1 1
35 1 1
35 1 1
35 1 1
35 1 1
35 1 1
35 1 1
35 1 1
35 1 1
35 1 1
35 1 1
35 1 1
35 1 1
35 1 1
35 5 1
35 5 1
35 5 1
35 5 1
36 1 1
36 1 1
36 1 1
36 1 1
36 1 1
36 1 1
36 1 1
36 1 1
36 1 1
36 1 1
36 1 1
36 1 1
36 1 1
36 1 1
36 1 1
36 1 1
36 1 1
36 1 1
36 1 1
36 1 1
36 1 1
36 1 1
36 1 1
36 1 1
36 1 1
36 1 1
36 1 0
36 1 1
36 1 1
36 1 1
36 1 1
36 1 1
36 1 1
36 1 1
36 1 1
36 1 1
36 1 1
36 1 1
36 1 1
36 1 1
36 1 1
36 1 1
36 1 1
36 1 1
36 1 1
36 1 1
36 1 1
36 1 1
36 1 1
36 1 1
36 1 0
36 1 1
36 1 1
36 1 1
37 1 1
37 1 1
37 1 1
37 1 1
37 1 1
37 1 1
37 1 1
37 1 1
37 1 1
37 1 1
37 1 1
37 1 1
37 1 1
37 2 1
37 2 1
37 2 1
37 2 1
37 2 1
37 2 1
37 2 1
37 4 1
37 4 1
37 4 1
37 4 1
37 4 1
37 4 1
37 3 1
37 3 1
37 3 1
37 3 1
38 1 1
38 1 1
38 1 0
38 1 1
38 1 1
38 1 1
38 1 1
38 1 1
38 1 1
38 1 1
38 1 1
38 1 1
38 1 1
38 1 1
38 1 1
38 1 1
38 1 1
38 1 1
38 1 1
38 1 1
38 1 1
38 1 1
38 1 1
38 1 1
38 1 1
38 1 1
38 1 1
38 1 1
38 1 1
38 1 1
39 1 1
39 1 1
39 1 1
39 1 1
39 1 1
39 1 1
39 1 1
39 1 1
39 1 1
39 1 1
39 1 1
39 1 1
39 1 1
39 1 1
39 1 1
39 1 1
39 1 1
39 1 1
39 1 1
39 1 1
39 1 1
39 1 1
39 1 1
39 1 1
39 1 1
39 1 1
39 1 1
39 1 1
39 1 1
40 1 1
40 1 1
40 1 0
40 1 1
40 1 1
40 1 1
40 1 1
40 1 1
40 1 1
41 1 1
41 1 1
41 1 1
41 1 1
41 1 1
41 1 1
41 1 1
41 1 1
41 1 1
41 1 1
41 1 1
41 1 1
41 1 1
41 7 1
41 7 1
41 7 1
41 7 1
41 7 0
41 13 1
41 13 1
41 13 1
41 13 1
41 13 1
41 2 1
41 2 1
41 2 1
41 2 1
41 2 1
41 2 1
41 2 1
41 2 1
41 2 1
41 2 1
41 2 1
41 2 1
41 3 1
41 3 1
41 3 1
41 3 1
41 3 1
41 10 1
41 10 1
41 10 1
41 10 1
41 10 1
42 2 1
42 2 1
42 2 1
42 2 1
42 2 1
42 2 1
42 2 1
42 2 1
42 2 1
42 2 1
42 2 1
42 2 1
42 2 1
42 4 1
42 4 1
42 4 1
42 4 1
42 4 1
42 4 1
42 4 1
42 4 1
42 4 1
42 4 1
42 1 1
42 1 1
42 1 1
42 1 1
42 1 1
42 1 1
42 1 1
42 3 1
42 3 1
42 3 1
42 3 1
42 10 1
42 10 1
42 10 1
42 10 1
43 8 1
43 8 0
43 8 0
43 8 1
43 8 1
43 8 1
43 8 1
43 8 1
43 8 1
43 8 1
43 8 1
43 8 1
43 8 1
43 8 1
43 8 0
43 8 1
43 8 1
43 8 1
43 8 0
43 8 1
43 8 1
43 8 1
43 8 1
43 8 1
43 8 1
43 8 1
43 8 1
43 8 1
43 8 1
43 8 1
43 8 1
43 8 0
43 8 1
43 8 1
43 8 1
43 8 1
43 8 0
43 8 1
43 8 1
44 1 1
44 1 1
44 1 1
44 1 1
44 1 0
44 1 0
44 1 1
44 1 1
44 1 1
44 1 1
44 1 1
44 1 1
44 1 1
44 1 1
44 1 1
44 1 1
44 1 0
44 1 0
44 1 1
44 1 1
44 1 1
44 2 1
44 2 1
44 2 1
44 2 1
44 2 1
44 2 1
44 2 1
44 2 1
44 2 1
44 2 1
44 2 1
44 2 1
44 2 1
44 4 1
44 4 1
44 4 1
44 4 1
44 4 1
44 3 1
44 3 1
44 3 1
44 3 1
44 3 1
44 3 1
45 1 1
45 1 1
45 1 1
45 1 1
45 1 1
45 1 1
45 1 1
45 2 1
45 2 1
45 2 1
45 2 1
46 2 1
46 2 1
46 2 1
46 2 1
46 1 1
46 1 1
46 1 0
46 1 1
46 1 0
46 1 0
46 1 1
46 1 0
46 1 1
46 1 1
46 1 1
46 1 1
46 1 0
46 1 1
46 1 1
46 1 1
46 1 1
46 1 1
46 1 1
46 1 1
46 1 1
46 1 1
46 1 1
46 1 1
46 1 1
46 1 1
46 1 1
46 1 1
46 1 1
46 1 1
46 1 1
46 1 1
46 1 1
46 1 1
46 1 1
46 1 1
46 1 1
46 1 1
46 1 1
46 5 0
46 5 1
46 5 0
46 5 1
47 7 0
47 7 1
47 7 1
47 7 0
47 1 1
47 1 1
47 1 1
47 1 1
47 1 1
47 1 1
47 1 1
47 1 1
47 1 1
47 1 1
47 1 0
47 1 1
47 1 1
47 1 1
47 1 0
47 1 1
48 8 0
48 8 1
48 8 1
48 8 1
48 8 1
48 1 1
48 1 1
48 1 1
48 1 1
48 1 1
48 1 1
48 1 1
48 1 1
48 1 1
48 1 1
48 1 1
48 1 1
48 1 1
48 1 1
48 1 0
48 1 1
48 1 1
48 2 1
48 2 1
48 2 1
48 2 1
48 2 1
48 2 1
48 2 1
48 2 1
48 2 1
48 2 1
48 2 1
48 2 1
48 2 1
48 2 1
48 2 1
48 2 1
48 2 1
48 4 1
48 4 1
48 4 1
48 4 1
48 4 1
48 4 1
48 4 1
48 4 1
49 5 0
49 5 1
49 5 0
49 5 1
49 5 0
49 1 1
49 1 1
49 1 1
49 1 1
49 1 1
49 1 1
49 1 0
49 1 1
49 1 1
49 1 1
49 1 1
49 1 1
49 1 1
49 1 1
49 1 1
49 1 1
49 1 0
49 1 1
49 1 1
49 1 1
49 1 1
49 1 1
49 1 1
49 1 1
49 1 1
49 1 1
49 1 1
49 3 1
49 3 1
49 3 1
49 3 1
50 1 1
50 1 1
50 1 1
50 1 1
50 1 1
50 1 1
50 1 1
50 1 1
50 1 1
50 1 1
50 1 0
50 1 1
50 1 1
50 1 0
50 1 1
50 1 1
50 1 1
50 1 1
50 1 1
50 1 1
50 1 1
50 1 1
50 1 1
50 1 1
51 2 1
51 2 1
51 2 1
51 2 1
51 2 0
51 2 1
51 2 1
51 1 1
51 1 1
51 1 1
51 1 1
51 1 1
51 1 1
51 1 1
51 1 1
51 1 1
51 1 1
51 1 1
51 1 1
51 1 1
51 1 1
51 1 1
51 1 1
51 1 1
51 1 1
51 1 1
51 1 1
51 1 1
51 1 1
51 1 1
51 1 1
51 1 1
51 1 1
51 1 1
51 1 1
51 1 1
51 1 1
51 1 0
51 1 1
51 1 1
51 1 1
51 1 1
51 1 0
51 1 1
52 1 1
52 1 1
52 1 1
52 1 1
52 1 1
52 1 1
52 1 0
52 1 1
52 1 1
52 1 1
52 1 1
52 1 1
52 1 0
52 1 0
52 6 1
52 6 1
52 6 1
52 6 1
52 6 1
52 6 1
52 6 1
52 6 1
52 6 1
52 6 1
52 6 1
52 4 1
52 4 0
52 4 1
52 4 1
52 4 1
52 4 1
52 4 0
52 2 1
52 2 1
52 2 1
52 2 1
52 2 1
52 2 1
52 2 1
52 10 0
52 10 1
52 10 1
52 10 1
53 1 1
53 1 1
53 1 1
53 1 1
53 1 1
53 1 1
53 1 1
53 1 1
53 1 1
53 3 1
53 3 1
53 3 1
53 3 1
53 3 1
54 1 1
54 1 1
54 1 1
54 1 1
54 1 1
54 1 1
54 1 1
54 1 1
54 1 1
54 1 1
54 1 1
54 1 1
54 1 1
54 1 1
54 1 1
54 1 1
54 1 0
55 1 1
55 1 0
55 1 1
55 1 1
55 1 1
56 8 1
56 8 0
56 8 0
56 8 0
56 6 1
56 6 1
56 6 1
56 6 1
56 1 1
56 1 1
56 1 0
56 1 1
56 1 1
56 1 0
56 1 1
56 1 1
56 1 1
56 1 1
56 1 0
56 1 1
56 1 1
56 1 1
56 1 1
56 1 1
56 1 1
56 1 1
56 1 1
56 1 1
56 1 0
56 1 1
56 1 1
56 1 1
56 1 1
56 1 1
56 1 1
56 1 1
56 1 1
56 1 1
56 1 1
56 1 1
56 1 1
56 1 1
56 1 1
56 1 1
56 1 1
56 1 1
56 1 1
56 1 1
56 5 1
56 5 0
56 5 1
56 5 1
56 5 1
57 1 1
57 1 0
57 1 1
57 1 1
57 1 1
57 1 1
57 1 1
57 1 1
57 1 1
57 1 1
57 1 1
57 1 1
57 1 1
57 1 1
57 1 1
57 1 0
57 1 1
57 1 1
58 4 1
58 4 1
58 4 1
58 4 1
58 1 1
58 1 1
58 1 0
58 1 1
58 1 0
58 1 1
58 1 0
58 1 1
58 1 1
58 1 0
58 1 1
58 1 1
58 1 1
58 1 1
58 1 1
58 1 1
58 1 1
58 1 0
58 1 0
58 1 1
58 1 1
58 1 1
58 1 1
58 1 1
58 1 0
58 1 1
58 1 0
58 1 1
58 1 1
58 1 1
58 1 1
58 1 1
58 1 1
58 1 1
58 1 0
58 1 1
58 1 1
58 1 1
58 1 1
58 1 0
59 2 1
59 2 1
59 2 1
59 2 1
59 6 1
59 6 1
59 6 1
59 6 1
59 6 1
59 6 1
59 6 1
59 1 1
59 1 1
59 1 1
59 1 1
59 1 1
59 1 1
59 1 1
59 1 1
59 1 1
59 1 1
59 1 1
59 1 1
59 1 1
59 1 1
59 1 1
59 1 1
59 1 1
59 1 1
59 1 1
59 1 1
59 1 1
59 1 0
59 1 1
59 1 1
59 1 1
59 1 1
60 1 1
60 1 1
60 1 1
60 1 0
60 1 1
60 1 1
60 1 0
60 1 1
60 1 1
60 1 1
60 1 1
60 1 1
60 1 1
60 1 0
60 1 0
60 1 1
60 1 1
60 2 1
60 2 1
60 2 1
60 2 1
60 2 1
60 2 1
61 1 1
61 1 1
61 1 1
61 1 1
61 1 1
61 1 1
61 1 1
61 1 1
61 1 1
61 1 0
61 1 0
61 5 0
61 5 1
61 5 1
61 5 1
61 5 1
61 4 0
61 4 1
61 4 1
61 4 1
61 4 1
61 4 1
61 4 1
61 4 1
61 4 1
61 4 1
61 4 1
61 4 1
61 2 1
61 2 1
61 2 1
61 2 1
61 2 1
61 2 1
61 2 1
61 2 1
61 2 1
61 2 1
61 2 1
61 2 1
61 2 1
61 3 1
61 3 1
61 3 1
61 3 1
61 10 1
61 10 1
61 10 1
61 10 1
61 10 1
61 10 1
62 7 1
62 7 0
62 7 0
62 7 1
62 7 1
62 7 0
62 7 0
62 7 0
62 7 0
62 7 1
62 7 1
62 7 0
62 7 0
62 7 1
62 7 0
62 13 1
62 13 1
62 13 1
62 13 1
62 1 1
62 1 1
62 1 1
62 1 1
62 1 1
62 10 1
62 10 1
62 10 1
62 10 1
63 7 0
63 7 1
63 7 1
63 7 1
63 7 1
63 4 1
63 4 1
63 4 1
63 4 1
63 1 1
63 1 1
63 1 1
63 1 1
63 1 1
63 1 1
63 1 1
63 1 1
63 1 1
63 1 1
63 1 1
63 1 1
63 1 1
63 1 0
63 1 1
63 1 1
63 1 1
63 1 1
63 1 1
63 1 1
63 1 1
63 1 1
63 1 1
63 1 1
63 1 1
63 1 1
63 1 1
63 1 1
63 1 1
63 1 1
63 1 1
63 1 1
63 1 1
63 1 1
63 1 1
63 3 1
63 3 1
63 3 1
63 3 1
