1 1 1
1 1 0
1 1 1
1 1 1
1 1 1
1 1 0
1 1 1
1 1 0
1 1 0
1 1 0
1 1 0
1 1 0
1 1 0
1 1 0
1 1 0
1 1 0
1 1 1
1 1 1
1 1 1
1 1 0
1 1 1
1 1 1
1 1 1
1 1 1
1 1 0
1 1 1
1 1 1
1 1 1
1 1 1
1 1 1
1 1 1
1 1 1
1 1 1
1 1 1
1 1 1
1 1 1
1 1 0
1 1 1
1 1 1
1 1 1
1 1 1
1 1 1
1 1 1
1 1 1
1 1 1
1 1 1
1 1 0
1 1 1
1 1 1
1 1 0
1 1 1
1 1 0
1 1 0
1 1 1
1 1 1
1 1 1
1 1 1
1 1 0
1 1 1
1 1 1
1 1 1
1 1 1
1 1 1
1 1 1
1 1 1
1 1 1
1 1 1
1 4 0
1 4 1
1 4 1
1 4 1
1 4 0
1 4 1
1 2 1
1 2 0
1 2 0
1 2 1
1 2 0
1 2 1
1 2 1
2 1 1
2 1 1
2 1 0
2 1 0
2 1 1
2 1 0
2 1 1
2 1 0
2 1 1
2 1 1
2 1 0
2 1 1
2 1 1
2 1 0
2 1 1
2 1 1
2 1 1
2 1 1
2 1 0
2 1 0
2 1 0
2 1 1
2 1 1
2 1 1
2 1 1
2 1 1
2 1 1
2 1 1
2 1 1
2 1 1
2 1 1
2 1 1
2 1 0
2 1 1
2 1 1
2 1 1
2 1 1
2 1 1
2 1 1
2 1 1
2 1 1
2 1 1
2 1 1
2 1 1
2 1 1
2 1 1
2 1 1
2 1 1
2 1 1
2 1 1
2 1 1
2 4 1
2 4 1
2 4 1
2 4 1
2 4 1
2 4 1
2 7 1
2 7 1
2 7 1
2 7 0
2 2 1
2 2 1
2 2 1
2 2 1
2 2 0
2 2 0
2 2 1
2 2 1
2 2 1
2 8 0
2 8 1
2 8 1
2 8 1
3 1 1
3 1 1
3 1 1
3 1 1
3 1 1
3 1 1
3 1 1
3 1 1
3 1 1
3 1 1
3 1 1
3 1 1
3 1 0
3 1 1
3 1 1
3 1 0
3 1 1
3 1 0
3 1 1
3 1 0
3 1 1
3 1 0
3 1 1
3 1 0
3 1 1
3 1 0
3 1 0
3 1 0
3 1 0
3 1 0
3 1 0
3 1 0
3 1 1
3 1 1
3 1 1
3 1 0
3 1 0
3 1 1
3 1 1
3 1 1
3 1 0
3 1 1
3 1 0
3 1 1
3 1 1
3 1 1
3 1 1
3 1 1
3 1 1
3 1 1
3 1 0
3 1 0
3 1 1
3 1 1
3 1 1
3 1 1
3 1 1
3 1 1
3 2 0
3 2 1
3 2 1
3 2 1
3 2 1
4 1 0
4 1 1
4 1 0
4 1 0
4 1 0
4 1 0
4 1 1
4 1 1
4 1 0
4 1 1
4 1 1
4 1 0
4 1 1
4 1 1
4 1 0
4 1 0
4 1 1
4 1 1
4 1 0
4 1 0
4 1 0
4 1 1
4 1 0
4 1 0
4 1 0
4 1 0
4 1 0
4 1 0
4 1 1
4 1 0
4 1 0
4 1 1
4 1 1
4 1 0
4 1 0
4 1 1
4 1 0
4 1 0
4 1 1
4 1 1
4 1 1
4 1 1
4 1 0
4 1 1
4 1 0
4 1 1
4 1 0
4 1 0
4 1 0
4 1 1
4 1 1
4 1 1
4 1 1
4 1 1
4 1 0
4 1 0
4 1 0
4 1 1
4 1 1
4 1 0
4 1 1
4 1 0
4 1 1
4 1 1
4 1 1
4 1 1
4 1 1
4 1 1
4 1 0
4 1 0
4 4 0
4 4 1
4 4 0
4 4 1
4 4 1
4 2 0
4 2 1
4 2 1
4 2 1
4 2 0
4 2 0
5 3 1
5 3 1
5 3 0
5 3 1
5 7 1
5 7 1
5 7 1
5 7 1
5 7 1
5 2 1
5 2 0
5 2 1
5 2 1
5 2 1
5 2 0
5 2 0
5 2 1
5 2 1
5 2 1
5 2 1
5 2 0
5 2 1
5 2 1
5 2 1
5 2 0
5 2 1
5 2 1
5 2 1
5 2 1
5 2 1
5 2 1
5 2 1
5 2 1
5 2 1
5 2 1
5 2 1
5 2 1
5 2 1
5 2 1
5 2 1
5 2 1
5 2 1
5 2 1
5 2 1
5 2 1
5 2 1
5 2 1
5 2 1
5 2 1
5 2 1
5 2 1
5 2 1
5 2 1
5 2 1
5 2 1
5 2 1
5 2 1
5 2 1
5 2 1
5 2 1
5 2 1
5 2 1
5 2 1
5 2 1
5 2 1
5 2 1
5 2 1
6 4 1
6 4 1
6 4 1
6 4 1
6 4 0
6 4 1
6 4 1
6 4 1
6 4 1
6 4 1
6 2 1
6 2 1
6 2 0
6 2 1
6 2 1
6 2 1
6 2 0
6 2 1
6 2 1
6 2 1
6 2 1
6 2 1
6 2 1
6 2 1
6 2 1
6 2 1
6 2 0
6 2 0
6 2 0
6 2 1
6 2 1
6 2 0
6 2 0
6 2 1
6 2 1
6 2 1
6 2 1
6 2 0
6 2 1
6 2 1
6 2 1
6 2 1
6 2 1
6 2 1
6 2 0
6 2 1
6 2 1
6 2 1
6 2 1
6 2 1
6 2 1
6 2 1
6 2 1
6 2 1
6 2 1
6 2 1
6 2 1
6 2 1
6 2 1
6 2 1
6 2 1
6 2 0
6 2 1
6 2 1
6 2 1
6 2 1
6 2 1
6 2 1
6 2 1
7 1 1
7 1 1
7 1 1
7 1 0
7 1 1
7 1 1
7 1 1
7 1 0
7 1 0
7 1 1
7 1 0
7 1 1
7 1 1
7 1 0
7 1 0
7 1 0
7 1 1
7 1 0
7 1 1
7 1 1
7 1 1
7 1 0
7 1 0
7 1 0
7 1 1
7 1 1
7 1 1
7 1 1
7 1 1
7 1 0
7 1 1
7 1 1
7 1 1
7 1 1
7 1 1
7 1 0
7 1 1
7 1 1
7 1 1
7 1 1
7 1 1
7 1 1
7 1 1
7 1 0
7 1 0
7 1 1
7 1 0
7 1 1
7 3 1
7 3 1
7 3 1
7 3 1
7 3 1
7 4 0
7 4 1
7 4 1
7 4 1
7 7 1
7 7 1
7 7 1
7 7 1
7 7 1
7 7 1
7 2 1
7 2 1
7 2 1
7 2 1
7 2 1
7 2 1
7 2 0
7 8 1
7 8 1
7 8 1
7 8 1
7 8 1
8 1 1
8 1 1
8 1 1
8 1 1
8 1 0
8 1 1
8 1 1
8 1 1
8 1 0
8 1 1
8 1 0
8 1 1
8 1 1
8 1 1
8 1 0
8 1 0
8 1 1
8 1 1
8 1 0
8 1 1
8 1 1
8 1 1
8 1 1
8 1 1
8 1 1
8 1 1
8 1 1
8 1 1
8 1 0
8 1 0
8 1 1
8 1 0
8 1 0
8 1 0
8 1 0
8 1 0
8 1 1
8 1 1
8 1 0
8 1 1
8 4 1
8 4 1
8 4 0
8 4 0
8 2 1
8 2 1
8 2 1
8 2 1
8 2 1
8 2 1
8 2 1
8 2 1
8 2 1
8 2 1
8 2 1
8 2 1
8 2 0
8 2 0
8 2 1
8 2 0
8 2 0
8 2 1
8 2 0
8 2 1
8 2 1
8 2 1
8 2 0
8 2 0
9 1 0
9 1 1
9 1 1
9 1 0
9 1 1
9 1 1
9 1 1
9 1 1
9 1 0
9 1 1
9 1 1
9 1 1
9 1 1
9 1 1
9 1 1
9 1 1
9 1 1
9 1 1
9 1 1
9 1 1
9 1 1
9 1 1
9 1 1
9 1 1
9 1 1
9 1 1
9 1 1
9 1 1
9 1 1
9 1 1
9 1 1
9 1 1
9 1 1
9 1 1
9 4 1
9 4 1
9 4 1
9 4 1
9 4 0
9 7 1
9 7 1
9 7 1
9 7 1
9 7 1
9 7 1
9 7 1
9 7 1
9 7 1
9 7 1
9 7 1
9 3 1
9 3 1
9 3 1
9 3 1
9 3 1
9 3 1
9 3 1
9 3 1
9 3 1
9 6 1
9 6 1
9 6 1
9 6 1
9 6 1
9 6 1
9 8 1
9 8 1
9 8 1
9 8 1
9 8 1
9 8 1
9 8 1
9 8 1
9 8 1
9 8 1
9 8 1
10 1 0
10 1 0
10 1 1
10 1 0
10 1 1
10 1 1
10 1 0
10 1 1
10 1 0
10 1 1
10 1 1
10 1 1
10 1 1
10 1 1
10 1 0
10 1 0
10 1 1
10 1 1
10 1 1
10 1 1
10 1 1
10 1 1
10 1 1
10 1 1
10 1 1
10 1 1
10 1 1
10 1 1
10 1 1
10 1 1
10 1 1
10 1 0
10 1 1
10 1 1
10 1 1
10 1 1
10 1 1
10 1 1
10 2 1
10 2 1
10 2 0
10 2 1
10 2 1
10 2 1
10 2 1
11 1 0
11 1 0
11 1 1
11 1 1
11 1 1
11 1 1
11 5 1
11 5 1
11 5 1
11 5 1
11 5 1
11 9 1
11 9 1
11 9 1
11 9 1
11 9 1
11 2 1
11 2 1
11 2 0
11 2 1
11 2 1
11 2 1
11 2 1
11 2 1
11 2 1
11 2 1
11 2 1
11 2 0
11 2 0
11 2 1
11 2 1
11 7 1
11 7 1
11 7 1
11 7 1
11 7 1
11 7 1
11 7 1
11 7 1
11 3 1
11 3 1
11 3 1
11 3 1
11 3 1
11 3 1
11 3 1
11 3 1
11 3 1
11 3 1
11 3 1
11 3 1
11 3 1
11 3 1
11 3 1
11 3 1
11 6 1
11 6 1
11 6 1
11 6 1
11 6 1
11 6 1
11 8 1
11 8 1
11 8 1
11 8 1
11 8 1
11 8 1
11 8 1
11 8 1
11 8 1
11 8 1
12 1 1
12 1 0
12 1 0
12 1 0
12 1 1
12 1 0
12 1 1
12 1 1
12 1 0
12 1 0
12 1 1
12 1 0
12 1 1
12 1 1
12 1 0
12 1 0
12 1 0
12 1 1
12 1 1
12 1 1
12 1 0
12 1 1
12 1 1
12 1 0
12 1 0
12 1 1
12 1 1
12 1 0
12 1 1
12 1 1
12 1 0
12 1 1
12 1 0
12 1 0
12 1 1
12 1 1
12 1 1
12 1 0
12 1 0
12 1 1
12 1 0
12 1 0
12 1 1
12 2 1
12 2 1
12 2 1
12 2 0
12 2 1
12 2 0
12 2 1
12 2 1
12 2 1
12 4 0
12 4 0
12 4 1
12 4 1
12 4 1
12 7 1
12 7 1
12 7 1
12 7 0
12 7 1
12 7 1
12 7 1
12 3 1
12 3 1
12 3 1
12 3 0
12 8 1
12 8 1
12 8 0
12 8 1
12 8 1
13 1 1
13 1 1
13 1 0
13 1 1
13 1 1
13 1 0
13 1 0
13 1 0
13 1 0
13 1 1
13 1 0
13 1 1
13 1 0
13 1 0
13 1 1
13 1 0
13 1 0
13 1 1
13 1 1
13 1 1
13 4 1
13 4 1
13 4 1
13 4 0
13 4 0
13 4 1
13 4 1
13 4 1
13 4 0
13 4 0
13 2 0
13 2 0
13 2 1
13 2 1
13 2 1
13 2 1
13 2 1
13 2 1
13 2 0
13 2 1
13 2 0
13 2 1
13 2 0
13 2 1
13 2 0
13 2 1
13 2 1
13 2 1
13 2 1
13 2 1
13 2 1
13 2 1
13 2 1
13 2 1
13 2 1
13 2 1
13 2 1
13 2 1
13 2 1
13 2 1
13 2 1
13 2 1
13 2 1
13 2 1
13 2 1
13 2 1
13 2 1
13 2 1
13 2 1
13 2 1
13 2 1
13 2 1
13 2 1
14 1 1
14 1 0
14 1 1
14 1 0
14 1 0
14 1 0
14 1 1
14 1 0
14 1 0
14 1 1
14 1 0
14 1 1
14 1 1
14 1 1
14 1 1
14 1 0
14 1 1
14 1 1
14 1 1
14 1 1
14 1 1
14 1 0
14 1 1
14 1 1
14 1 1
14 1 0
14 1 0
14 1 0
14 1 1
14 1 0
14 1 1
14 1 0
14 1 1
14 1 0
14 1 0
14 1 0
14 1 0
14 1 0
14 1 0
14 1 0
14 1 0
14 1 0
14 1 1
14 1 0
14 1 0
14 1 1
14 1 1
14 1 1
14 1 1
14 1 0
14 1 0
14 1 0
14 1 1
14 1 1
14 1 1
14 1 1
14 1 1
14 1 1
14 1 1
14 1 1
14 1 1
14 1 1
14 1 1
14 4 0
14 4 1
14 4 1
14 4 1
14 4 1
14 4 1
14 7 1
14 7 1
14 7 0
14 7 1
14 2 0
14 2 1
14 2 0
14 2 0
14 2 1
14 2 1
14 2 1
14 2 0
14 2 0
14 2 1
14 2 1
14 2 0
14 2 1
14 2 1
14 2 1
14 2 0
15 1 0
15 1 1
15 1 1
15 1 0
15 1 0
15 1 0
15 1 0
15 1 1
15 1 1
15 1 1
15 1 1
15 1 1
15 1 1
15 1 1
15 1 1
15 1 1
15 1 1
15 1 1
15 1 1
15 1 1
15 2 1
15 2 1
15 2 0
15 2 1
15 2 0
15 2 1
16 1 1
16 1 1
16 1 0
16 1 0
16 1 1
16 1 0
16 1 0
16 1 0
16 1 0
16 1 0
16 1 1
16 1 1
16 1 0
16 1 1
16 1 1
16 1 0
16 1 1
16 1 1
16 1 0
16 1 1
16 1 1
16 4 1
16 4 1
16 4 1
16 4 1
16 4 0
17 1 1
17 1 1
17 1 1
17 1 1
17 1 1
17 1 1
17 1 0
17 1 1
17 1 0
17 1 0
17 1 0
17 1 1
17 1 0
17 1 0
17 1 1
17 1 1
17 1 0
17 1 1
17 1 1
17 1 1
17 1 1
17 1 1
17 1 0
17 1 1
17 1 0
17 1 1
17 1 0
17 1 1
17 1 1
17 1 0
17 1 0
17 1 1
17 1 0
17 1 1
17 1 1
17 1 0
17 1 1
17 1 1
17 1 0
17 1 0
17 4 1
17 4 1
17 4 1
17 4 1
17 2 0
17 2 1
17 2 1
17 2 1
17 2 1
17 2 0
17 2 1
17 2 1
17 2 0
17 2 1
17 2 0
17 2 0
17 2 1
17 2 0
17 2 1
17 2 1
18 14 1
18 14 1
18 14 0
18 14 1
18 14 0
18 14 1
18 14 1
18 14 0
18 4 1
18 4 0
18 4 1
18 4 0
18 4 0
18 4 1
18 4 0
18 4 1
18 4 0
18 4 1
18 7 1
18 7 1
18 7 1
18 7 1
18 3 1
18 3 1
18 3 1
18 3 1
18 8 1
18 8 1
18 8 1
18 8 1
18 8 1
18 8 1
18 8 1
18 8 1
18 8 1
18 8 1
18 8 1
18 8 1
18 8 1
18 8 1
18 8 1
18 8 1
18 8 1
18 8 1
18 8 1
18 8 1
18 8 1
18 8 1
18 8 1
18 8 1
19 2 1
19 2 1
19 2 1
19 2 1
19 2 1
19 3 1
19 3 1
19 3 1
19 3 1
19 3 1
19 7 1
19 7 1
19 7 1
19 7 1
19 7 1
19 7 1
19 6 1
19 6 1
19 6 1
19 6 1
19 6 1
19 6 1
19 8 1
19 8 1
19 8 1
19 8 1
19 8 1
19 8 1
19 8 1
19 8 1
19 8 1
19 8 1
19 8 1
19 8 1
19 8 1
19 8 1
19 8 1
19 8 1
20 3 1
20 3 1
20 3 0
20 3 1
20 3 1
20 3 0
20 2 1
20 2 0
20 2 0
20 2 0
20 2 1
20 2 1
20 2 1
20 2 1
20 2 1
20 2 1
20 2 1
20 2 0
20 2 1
20 2 1
20 2 1
20 2 1
20 2 1
20 2 0
20 2 1
20 2 1
20 2 1
20 2 1
20 2 1
20 2 1
20 2 1
20 2 1
20 2 1
20 2 1
20 2 1
20 2 1
20 2 1
20 2 1
20 2 1
20 2 1
20 2 1
20 2 1
20 2 1
20 2 1
20 2 1
20 2 1
20 2 0
20 2 0
20 2 1
20 2 1
20 2 1
21 1 0
21 1 1
21 1 1
21 1 0
21 1 1
21 1 0
21 1 0
22 2 1
22 2 1
22 2 1
22 2 0
22 2 1
22 2 1
22 2 1
22 2 0
22 2 1
22 2 1
22 2 1
22 2 1
22 2 1
22 2 1
22 2 1
22 2 1
22 2 1
22 2 1
22 2 1
22 2 1
22 2 1
22 2 1
22 2 1
22 2 1
22 2 1
22 2 1
22 2 1
22 2 1
22 2 1
22 2 1
22 2 1
22 2 1
22 2 1
22 2 1
22 2 1
22 2 1
22 2 0
22 2 1
22 2 1
22 2 1
22 2 1
22 2 1
23 1 1
23 1 1
23 1 1
23 1 1
23 1 0
23 1 1
23 1 1
23 1 1
23 1 1
23 1 1
23 1 1
23 1 1
23 1 1
23 1 1
23 1 1
23 1 1
23 1 1
23 1 1
23 1 1
23 1 1
23 1 1
23 1 1
23 1 1
23 1 1
23 1 1
23 1 1
23 1 1
23 1 1
23 1 0
23 1 1
23 1 1
23 1 1
23 1 1
23 1 1
23 1 1
23 1 1
23 1 0
23 1 1
23 1 1
23 1 1
23 1 1
23 1 1
23 1 1
23 1 1
23 1 1
23 1 1
23 1 1
23 1 1
23 1 1
23 1 1
23 1 1
23 1 1
23 1 1
23 1 1
23 1 1
23 1 0
23 4 0
23 4 1
23 4 1
23 4 1
23 4 1
23 4 1
23 4 1
24 1 1
24 1 1
24 1 1
24 1 1
24 1 0
24 1 1
24 1 1
24 1 0
24 1 0
24 1 0
24 1 1
24 1 0
24 1 1
24 1 1
24 1 0
24 1 1
24 1 1
24 1 0
24 1 1
24 1 0
24 1 1
24 1 1
24 1 1
24 1 0
24 1 0
24 1 1
24 1 0
24 1 1
24 1 0
24 1 1
24 1 0
24 1 1
24 1 1
24 1 1
24 1 1
24 1 1
24 1 0
24 1 1
24 1 1
24 1 1
24 1 1
24 1 0
24 1 0
24 1 1
24 4 0
24 4 1
24 4 1
24 4 1
24 4 1
24 4 1
24 7 0
24 7 1
24 7 1
24 7 1
24 7 1
24 2 1
24 2 1
24 2 1
24 2 0
24 2 1
24 2 1
24 2 1
24 2 1
24 2 0
24 2 0
24 2 0
24 2 1
24 2 0
24 2 0
24 2 0
24 2 1
24 2 1
24 2 1
24 2 1
24 2 0
24 2 1
24 2 0
24 2 1
24 2 0
25 1 0
25 1 0
25 1 1
25 1 0
25 1 0
25 1 1
25 1 1
25 1 1
25 1 1
25 1 0
25 1 0
25 1 1
25 1 1
25 1 1
25 1 1
25 1 1
25 1 0
25 1 1
25 1 1
25 1 0
25 1 1
25 1 1
25 1 1
25 1 1
25 1 0
25 1 0
25 1 0
25 1 1
25 1 1
25 1 0
25 1 1
25 1 1
25 1 0
25 1 0
25 1 0
25 1 1
25 1 0
25 1 1
25 1 1
25 1 0
25 1 0
25 1 0
25 1 1
25 1 1
25 1 0
25 1 0
25 1 1
25 1 1
25 1 0
25 1 1
25 1 1
25 1 1
25 1 0
25 1 0
25 1 0
25 1 0
25 1 1
25 1 1
25 4 1
25 4 1
25 4 0
25 4 1
25 4 1
25 2 0
25 2 0
25 2 1
25 2 1
25 2 1
25 2 1
25 2 0
25 2 0
25 2 0
25 2 0
25 2 0
25 2 0
25 2 0
25 2 0
25 2 0
25 2 0
25 2 0
25 2 0
25 2 0
26 1 1
26 1 1
26 1 1
26 1 1
26 2 1
26 2 1
26 2 1
26 2 1
26 2 1
26 2 1
26 2 1
26 2 1
26 2 0
26 2 0
26 2 1
26 2 0
26 2 1
26 2 1
26 2 1
26 2 1
26 2 0
26 2 1
26 2 1
26 2 0
26 2 1
26 2 0
26 2 1
26 2 1
26 2 1
26 2 1
26 2 1
26 2 1
26 2 1
26 2 1
26 2 1
26 2 1
26 2 1
26 2 1
26 2 1
26 2 1
26 2 0
26 2 1
26 2 1
26 2 1
26 2 1
26 2 1
26 2 1
26 2 1
26 2 1
26 2 1
26 2 1
26 2 1
26 2 1
26 2 1
26 2 1
26 2 1
26 2 1
26 2 1
26 2 1
26 2 1
26 2 1
26 2 1
26 2 1
26 2 1
26 2 1
26 2 1
26 2 1
26 2 1
26 2 1
26 2 1
26 2 1
26 2 1
26 2 1
26 2 1
26 2 1
26 2 1
26 2 1
26 2 1
26 2 1
26 2 1
26 2 1
27 2 1
27 2 1
27 2 1
27 2 1
27 2 1
27 2 1
27 2 1
27 2 1
27 2 0
27 2 1
27 2 1
27 2 1
27 2 1
27 2 1
27 12 1
27 12 1
27 12 1
27 12 0
27 12 0
27 4 1
27 4 1
27 4 1
27 4 1
27 7 1
27 7 1
27 7 1
27 7 1
27 7 1
27 7 1
27 7 1
27 7 1
27 7 1
27 7 1
27 3 1
27 3 1
27 3 1
27 3 1
27 3 1
27 3 1
27 3 1
27 3 1
27 3 0
27 3 1
27 3 1
27 3 1
27 3 1
27 3 0
27 3 0
27 6 1
27 6 1
27 6 1
27 6 1
27 6 1
27 6 1
27 8 1
27 8 1
27 8 1
27 8 1
27 8 1
28 1 1
28 1 0
28 1 1
28 1 1
28 1 1
28 1 0
28 1 0
28 1 1
28 1 1
28 1 1
28 1 1
28 1 0
28 1 0
28 1 0
28 1 0
28 1 1
28 1 1
28 1 0
28 1 1
28 1 0
28 1 0
28 1 1
28 1 1
28 1 1
28 1 1
28 1 1
28 1 1
28 1 0
28 1 1
29 2 1
29 2 1
29 2 1
29 2 1
29 2 1
29 2 1
29 2 1
29 2 1
29 2 0
29 2 1
29 2 1
29 2 1
29 2 1
29 2 1
29 2 1
29 2 1
29 2 1
29 2 0
29 2 1
29 2 1
29 2 1
29 2 1
29 2 1
29 2 1
29 2 1
29 2 1
29 2 1
29 2 0
29 2 1
29 2 1
29 2 1
29 2 1
29 2 1
29 2 1
29 2 1
29 2 1
29 2 1
29 2 1
29 2 1
29 2 1
29 2 1
29 2 1
29 2 1
29 2 1
29 2 1
29 2 1
29 2 1
29 2 1
29 2 0
29 2 1
29 2 1
29 2 1
29 2 1
29 2 1
29 2 1
29 2 1
29 2 1
29 2 1
29 2 1
29 2 1
29 2 1
29 2 1
29 2 1
29 10 1
29 10 1
29 10 1
29 10 1
29 6 1
29 6 1
29 6 1
29 6 1
29 6 1
29 6 1
30 1 0
30 1 0
30 1 1
30 1 1
30 1 1
30 1 1
30 1 0
30 1 0
30 1 1
30 1 1
30 1 0
30 1 0
30 1 0
30 1 1
30 1 0
30 1 0
30 1 0
30 1 1
30 1 0
30 1 1
30 4 0
30 4 1
30 4 1
30 4 1
30 2 0
30 2 1
30 2 1
30 2 1
30 2 0
30 2 1
30 2 1
30 2 0
30 2 1
30 2 1
30 2 1
30 2 1
30 2 1
30 2 1
30 2 1
30 2 1
30 2 1
30 2 1
30 2 1
30 2 1
30 2 1
30 2 1
30 2 1
30 2 1
30 2 1
30 2 0
30 2 1
30 2 0
30 2 1
30 2 1
30 2 0
30 2 0
30 2 0
31 1 0
31 1 1
31 1 1
31 1 1
31 1 0
31 1 1
31 1 1
31 1 1
31 1 1
31 1 1
31 1 1
31 1 1
31 1 1
31 1 0
31 1 1
31 1 0
31 1 1
31 1 1
31 1 1
31 1 0
31 1 1
31 1 1
31 1 0
31 1 1
31 1 1
31 1 1
31 1 1
31 1 0
31 1 1
31 1 1
31 1 1
31 1 1
31 1 1
31 1 0
31 1 0
31 1 0
31 1 1
31 1 1
31 1 1
31 1 1
31 1 1
31 1 0
31 1 1
31 1 1
31 1 1
31 1 1
31 1 1
31 1 1
31 1 1
31 1 1
31 1 1
31 1 1
31 1 1
31 1 1
31 1 1
31 1 0
31 4 0
31 4 1
31 4 0
31 4 0
31 4 1
31 4 1
31 4 0
31 2 1
31 2 0
31 2 0
31 2 1
31 2 0
31 2 1
31 2 1
31 2 0
31 2 0
31 2 0
31 2 0
32 1 0
32 1 1
32 1 0
32 1 1
32 1 1
32 1 0
32 1 0
32 1 0
32 1 0
32 1 0
32 1 0
32 1 0
32 1 0
32 1 0
32 1 0
32 1 1
32 1 0
32 1 0
32 1 0
32 1 1
32 1 0
32 1 0
32 1 0
32 1 0
32 1 0
32 1 1
32 1 0
32 1 0
32 1 1
32 1 0
32 1 0
32 4 1
32 4 1
32 4 1
32 4 1
32 4 0
32 4 0
32 4 1
32 4 0
33 1 0
33 1 0
33 1 0
33 1 0
33 1 0
33 1 0
33 1 0
33 1 0
33 1 0
33 1 1
33 1 0
33 1 1
33 1 1
33 1 1
33 1 0
33 1 0
33 1 0
33 1 0
33 1 0
33 1 1
33 1 0
33 1 0
33 1 0
33 1 1
33 1 0
33 1 0
33 1 1
33 1 1
33 1 0
33 1 0
33 1 1
33 1 0
33 1 0
33 1 1
33 1 1
33 1 0
33 1 1
33 1 0
33 1 1
33 1 0
33 1 0
33 1 0
33 1 0
33 1 0
33 1 1
33 1 0
33 1 0
33 1 0
33 1 1
33 1 0
33 1 0
33 1 0
33 1 0
33 1 0
33 4 1
33 4 0
33 4 0
33 4 0
33 4 1
33 4 0
33 4 1
33 4 0
33 4 1
33 4 0
34 4 0
34 4 0
34 4 0
34 4 1
34 2 1
34 2 1
34 2 1
34 2 1
34 2 1
34 2 1
34 2 1
34 2 1
34 2 1
34 2 1
34 2 1
34 2 1
34 2 1
34 2 1
34 2 1
34 2 1
34 2 1
34 2 1
34 2 1
34 2 1
34 2 1
35 1 1
35 1 1
35 1 1
35 1 1
35 1 0
35 1 1
35 1 1
35 1 0
35 1 1
35 1 1
35 1 0
35 1 1
35 1 1
35 1 1
35 1 1
35 1 0
35 1 1
35 1 0
35 1 1
35 1 0
35 1 0
35 1 0
35 1 0
35 1 1
35 1 0
35 1 0
35 1 0
35 1 1
35 1 0
35 1 1
35 1 1
35 1 1
35 1 1
35 1 0
35 1 0
35 1 0
35 1 0
35 1 1
35 1 1
35 1 0
35 1 0
35 1 1
35 1 0
35 1 0
35 1 0
35 1 1
35 1 1
35 1 0
35 1 1
35 1 0
35 1 1
35 1 1
35 1 0
35 1 1
35 1 0
35 1 1
35 1 1
35 1 0
35 1 0
35 1 1
35 1 1
35 1 1
35 1 1
35 1 1
35 1 0
35 1 0
35 1 1
35 1 1
35 4 0
35 4 1
35 4 1
35 4 1
35 4 0
35 2 1
35 2 1
35 2 1
35 2 1
36 1 0
36 1 1
36 1 0
36 1 1
36 1 0
36 1 0
36 1 0
36 1 1
36 1 1
36 1 0
36 1 0
36 1 1
36 1 1
36 1 0
36 1 1
36 1 0
36 1 0
36 1 1
36 1 0
36 1 1
36 2 1
36 2 1
36 2 1
36 2 1
36 2 1
37 1 0
37 1 0
37 1 0
37 1 0
37 1 0
37 1 0
37 1 0
37 1 0
37 1 0
37 1 0
37 1 0
37 1 1
37 1 1
37 1 0
37 1 1
37 1 1
37 1 1
37 1 1
37 1 1
37 1 0
37 1 0
37 1 0
37 1 0
37 1 1
37 1 1
37 1 0
37 1 0
37 1 1
37 1 0
37 1 1
37 1 1
37 1 0
37 1 0
37 1 1
37 1 0
37 1 0
37 1 1
37 1 1
37 1 0
37 1 1
37 1 1
37 1 1
37 1 0
37 1 1
37 1 1
37 1 1
37 1 1
37 1 1
37 1 1
37 1 1
37 1 1
37 1 1
37 1 1
37 1 1
37 1 1
37 1 1
37 1 1
37 1 1
37 1 1
37 1 1
37 1 0
37 1 1
37 1 1
37 1 1
37 1 1
37 1 0
37 1 1
37 1 1
37 4 1
37 4 0
37 4 1
37 4 0
37 4 1
37 4 1
37 7 1
37 7 1
37 7 1
37 7 1
37 3 1
37 3 1
37 3 1
37 3 1
37 3 1
37 3 1
37 3 1
37 8 1
37 8 1
37 8 0
37 8 1
38 3 1
38 3 1
38 3 1
38 3 1
38 3 1
38 3 1
38 3 1
38 3 1
38 4 1
38 4 1
38 4 1
38 4 1
38 4 1
38 4 1
38 4 0
38 4 0
38 4 0
38 12 1
38 12 1
38 12 1
38 12 0
38 7 0
38 7 0
38 7 1
38 7 1
38 7 1
38 7 1
38 7 1
38 7 1
38 7 1
38 2 1
38 2 1
38 2 1
38 2 1
38 2 1
38 2 1
38 2 1
38 2 1
38 2 0
38 2 1
38 2 1
38 2 1
38 2 0
38 2 1
38 2 1
38 2 0
38 2 1
38 2 1
38 2 1
38 2 1
38 2 1
38 2 1
38 2 1
38 2 1
38 2 0
38 2 1
38 2 1
38 2 1
38 2 1
38 2 1
38 2 0
38 2 1
38 2 1
38 2 1
38 2 1
38 2 1
38 2 1
38 2 1
38 2 1
38 2 1
38 2 1
38 2 1
38 2 1
38 9 1
38 9 1
38 9 1
38 9 1
38 9 1
38 8 1
38 8 1
38 8 1
38 8 1
39 1 1
39 1 1
39 1 1
39 1 1
39 1 1
39 1 1
39 1 1
39 1 1
39 1 1
39 1 1
39 1 1
39 1 1
39 1 1
39 1 1
39 1 1
39 1 1
39 1 1
39 12 1
39 12 1
39 12 1
39 12 1
39 2 1
39 2 1
39 2 1
39 2 1
39 2 1
39 2 1
39 2 1
39 2 1
39 2 1
39 2 1
39 2 1
39 2 1
39 2 1
39 2 1
39 2 1
39 2 0
39 2 1
39 2 1
39 2 1
39 2 1
39 2 1
39 2 1
39 2 1
39 2 0
39 2 1
39 2 1
39 2 1
39 2 0
39 8 1
39 8 1
39 8 1
39 8 1
39 8 0
40 1 1
40 1 0
40 1 1
40 1 0
40 1 0
40 1 0
40 1 1
40 1 0
40 1 0
40 1 1
40 1 0
40 1 1
40 1 1
40 1 1
40 1 0
40 1 0
40 1 1
40 1 1
40 1 0
40 1 0
40 1 0
40 1 1
40 1 0
40 1 1
40 1 0
40 1 1
40 1 0
40 1 0
40 1 0
40 1 1
40 1 1
40 1 1
40 1 0
40 1 0
40 1 1
40 1 0
40 1 0
40 1 0
40 1 0
40 1 1
40 1 0
40 1 0
40 1 1
40 1 1
40 1 1
40 1 1
40 1 1
40 1 1
40 1 1
40 1 1
40 1 0
40 1 1
40 1 1
40 1 1
40 1 1
40 1 0
40 1 1
40 1 1
40 4 0
40 4 1
40 4 0
40 4 1
40 4 0
40 4 0
40 2 1
40 2 1
40 2 1
40 2 1
40 2 1
40 2 0
40 2 0
40 2 0
40 2 0
40 2 1
40 2 1
40 2 0
40 2 0
40 2 1
41 1 1
41 1 0
41 1 1
41 1 1
41 1 0
41 1 0
41 1 0
41 1 0
41 1 1
41 1 0
41 1 0
41 1 0
41 1 0
41 1 1
41 1 0
41 1 1
41 1 0
41 1 0
41 1 0
41 1 1
41 1 1
41 1 0
41 1 0
41 1 0
41 1 1
41 1 1
41 1 1
41 1 1
41 1 0
41 1 0
41 1 0
41 1 0
41 1 0
41 1 0
41 1 1
41 1 1
41 1 1
41 1 1
41 1 1
41 1 0
41 1 1
41 1 0
41 1 1
41 4 1
41 4 1
41 4 1
41 4 1
41 4 0
41 4 0
41 4 1
41 2 1
41 2 1
41 2 1
41 2 1
41 2 1
41 2 1
41 2 1
41 2 1
41 2 0
41 2 1
41 2 1
41 2 1
41 2 0
41 2 1
41 2 1
41 2 1
41 2 1
41 2 0
41 2 1
41 2 0
41 2 1
41 2 1
41 2 1
41 2 1
41 2 1
41 2 1
41 2 1
41 2 0
41 2 1
41 2 1
41 2 1
41 2 1
41 2 1
41 2 1
41 2 1
41 2 1
41 2 1
41 2 1
42 1 1
42 1 1
42 1 1
42 1 1
42 1 0
42 1 0
42 1 0
42 1 0
42 1 0
42 12 0
42 12 0
42 12 1
42 12 1
42 2 1
42 2 1
42 2 1
42 2 1
42 2 1
42 2 1
42 2 1
42 2 1
42 2 1
42 2 1
42 2 1
42 2 1
42 2 1
42 2 1
42 2 1
42 2 1
42 2 0
42 2 1
42 2 1
42 2 0
42 2 0
42 2 1
42 2 1
42 2 1
42 2 1
42 2 1
42 2 1
42 2 1
42 2 1
42 2 1
42 2 1
42 2 1
42 2 1
42 2 1
42 2 1
42 2 1
42 2 1
42 2 1
42 2 1
42 2 1
42 2 1
42 2 1
42 2 1
42 2 1
42 2 1
42 2 1
42 2 1
42 2 0
42 2 1
42 2 1
42 2 1
42 2 1
42 2 1
42 2 1
42 2 1
42 2 1
42 4 0
42 4 1
42 4 1
42 4 0
42 4 1
42 4 1
42 4 1
42 4 1
42 4 0
42 5 1
42 5 1
42 5 1
42 5 0
42 5 0
42 5 1
42 5 1
42 5 1
43 1 0
43 1 1
43 1 0
43 1 1
43 1 1
43 1 1
43 1 0
43 1 0
43 1 1
43 1 1
43 1 0
43 1 1
43 1 1
43 1 1
43 1 0
43 1 0
43 1 0
43 1 0
43 1 0
43 1 0
43 1 1
43 1 1
43 1 1
43 1 1
43 1 0
43 1 1
43 1 0
43 1 1
43 1 0
43 1 1
43 1 0
43 1 1
43 1 0
43 1 0
43 1 1
43 1 0
43 1 0
43 1 0
43 1 1
43 1 0
43 1 1
43 1 0
43 1 1
43 1 0
43 1 0
43 1 0
43 1 0
43 1 1
43 1 0
43 1 1
43 1 1
43 1 1
43 1 1
43 1 0
43 1 0
43 1 0
43 1 0
43 1 1
43 1 1
43 1 1
43 1 0
43 4 1
43 4 1
43 4 1
43 4 1
43 3 0
43 3 1
43 3 1
43 3 1
43 3 1
43 13 1
43 13 1
43 13 0
43 13 1
44 1 0
44 1 0
44 1 1
44 1 1
44 1 1
44 1 0
44 1 1
44 1 1
44 1 1
44 1 1
44 1 1
44 1 1
44 1 1
44 1 1
44 1 1
44 1 0
44 1 1
44 1 0
44 1 0
44 1 1
44 1 1
44 1 1
44 1 1
44 1 0
44 1 1
44 1 0
44 1 1
44 1 0
44 1 1
44 1 1
44 1 0
44 1 1
44 1 0
44 1 0
44 1 0
44 1 1
44 1 1
44 1 1
44 1 1
44 1 1
44 1 1
44 1 0
44 1 1
44 1 1
44 1 1
44 1 1
44 1 1
44 1 1
44 1 1
44 1 1
44 1 1
44 1 1
44 1 0
44 1 1
44 1 1
44 1 0
44 1 0
44 1 1
44 1 1
44 1 0
44 1 0
44 1 1
44 1 0
44 1 1
44 1 1
44 1 0
44 1 1
44 1 0
44 1 0
44 1 0
44 1 0
44 1 0
44 1 0
44 1 0
44 4 1
44 4 1
44 4 1
44 4 1
44 4 1
44 4 1
44 4 1
44 4 1
44 4 1
44 4 1
44 4 1
44 4 1
44 4 1
44 4 1
44 2 1
44 2 1
44 2 1
44 2 1
44 2 1
44 2 0
44 2 1
44 2 1
44 2 1
44 2 1
44 2 1
44 2 1
44 2 1
44 2 0
44 2 0
44 2 1
44 2 0
45 1 0
45 1 0
45 1 1
45 1 1
45 1 1
45 1 0
45 1 1
45 1 1
45 1 1
45 1 1
45 1 1
45 1 1
45 1 1
45 1 1
45 1 1
45 1 1
45 1 1
45 1 1
45 1 1
45 1 1
45 1 1
45 1 1
45 1 1
45 1 0
45 1 1
45 1 1
45 1 1
45 1 1
45 1 1
45 1 0
45 1 1
45 1 0
45 1 1
45 1 1
45 1 1
45 1 1
45 4 0
45 4 1
45 4 1
45 4 0
45 2 0
45 2 1
45 2 1
45 2 1
46 4 0
46 4 0
46 4 0
46 4 1
46 2 1
46 2 1
46 2 1
46 2 1
46 2 1
46 2 1
46 2 1
46 2 1
46 2 1
46 2 1
46 2 1
46 2 1
46 2 1
46 2 1
46 2 1
46 2 1
46 2 1
46 2 1
46 2 1
46 2 1
46 2 1
47 1 0
47 1 1
47 1 1
47 1 0
47 1 1
47 1 0
47 1 1
47 1 1
47 1 1
47 1 0
47 1 1
47 1 0
47 1 1
47 4 0
47 4 1
47 4 1
47 4 1
47 4 1
47 4 1
47 2 1
47 2 1
47 2 1
47 2 0
47 2 0
47 2 1
47 2 1
47 2 0
47 2 1
47 2 1
47 2 1
47 2 1
47 2 1
47 2 1
47 2 1
47 2 1
47 2 1
47 2 1
47 2 1
47 2 1
47 2 1
47 2 1
47 2 1
47 2 1
47 2 1
47 2 1
47 2 1
47 2 0
47 2 1
47 2 1
47 2 1
47 2 1
47 2 1
47 2 1
47 2 1
47 2 1
47 2 1
47 2 1
47 2 1
47 2 1
47 2 1
47 2 1
47 2 1
47 2 1
47 2 1
47 2 1
47 2 1
47 2 1
47 2 1
47 2 0
47 2 1
47 2 1
47 2 1
47 2 0
47 2 1
47 2 1
47 2 1
47 2 1
48 1 1
48 1 1
48 1 0
48 1 1
48 1 0
48 1 0
48 1 0
48 1 0
48 1 1
48 1 0
48 1 0
48 1 1
48 1 1
48 1 1
48 1 1
48 1 0
48 1 1
48 1 1
48 1 1
48 1 1
48 1 1
48 1 1
48 1 1
48 4 0
48 4 1
48 4 0
48 4 1
48 4 1
48 4 1
48 2 1
48 2 1
48 2 1
48 2 1
48 2 1
48 2 1
48 2 1
48 2 1
48 2 1
48 2 0
48 2 1
48 2 1
48 2 1
48 2 1
48 2 1
48 2 0
48 2 1
48 2 1
48 2 1
48 2 1
48 2 1
48 2 1
48 2 1
48 2 1
48 2 1
48 2 1
48 2 1
48 2 1
48 2 1
48 2 1
48 2 1
48 2 1
48 2 1
48 2 1
48 2 0
48 2 1
48 2 1
48 2 1
48 2 1
48 2 1
48 2 1
48 2 1
49 1 1
49 1 1
49 1 0
49 1 0
49 1 1
49 1 1
49 1 0
49 1 0
49 1 0
49 1 1
49 1 1
49 1 1
49 1 1
49 1 1
49 1 1
49 1 1
49 1 1
49 1 1
49 1 1
49 1 1
49 1 1
49 1 1
49 1 0
49 1 1
49 1 1
49 1 0
49 1 0
49 1 1
49 1 0
49 1 1
49 1 1
49 1 1
49 1 1
49 1 1
49 1 1
49 1 1
49 1 1
49 1 1
49 1 1
49 1 1
49 1 1
49 1 0
49 1 1
49 1 1
49 1 1
49 1 1
49 1 1
49 1 1
49 1 1
49 1 1
49 1 1
49 1 1
49 1 1
49 1 1
49 1 0
49 1 1
49 1 1
49 1 1
49 1 1
49 1 1
49 1 1
49 1 1
49 1 0
49 1 1
49 1 1
49 1 1
49 1 1
49 1 1
49 1 1
49 1 1
49 1 1
49 1 1
49 1 1
49 1 1
49 1 0
49 1 1
49 4 0
49 4 0
49 4 1
49 4 0
49 4 1
50 4 0
50 4 0
50 4 0
50 4 1
50 2 1
50 2 1
50 2 1
50 2 1
50 2 1
50 2 1
50 2 1
50 2 1
50 2 1
50 2 1
50 2 1
50 2 1
50 2 1
50 2 1
50 2 1
50 2 1
50 2 1
50 2 1
50 2 1
50 2 1
50 2 1
51 1 0
51 1 1
51 1 0
51 1 1
51 1 0
51 1 0
51 1 1
51 1 1
51 1 0
51 1 0
51 1 1
51 1 1
51 1 0
51 1 1
51 1 1
51 1 0
51 1 1
51 1 1
51 1 1
51 1 1
51 1 1
51 1 1
51 1 1
51 1 1
51 1 1
51 1 1
51 1 0
51 1 1
51 1 1
51 1 1
51 1 1
51 1 1
51 1 1
51 1 1
51 1 1
51 1 1
51 1 1
51 1 1
51 1 1
51 1 0
51 1 1
51 1 1
51 1 1
51 1 1
51 1 1
51 1 1
51 1 1
51 1 0
51 1 1
51 1 1
51 1 0
51 1 1
51 1 1
51 1 1
51 1 1
51 1 1
51 1 0
51 1 1
51 1 1
51 1 1
51 1 1
51 1 1
51 1 1
51 1 1
51 1 1
51 1 1
51 1 1
51 1 1
51 1 1
51 1 1
51 1 1
51 1 0
51 1 1
51 4 1
51 4 1
51 4 1
51 4 1
51 4 1
51 4 0
52 1 0
52 1 1
52 1 0
52 1 0
52 1 0
52 1 0
52 1 1
52 1 1
52 1 1
52 1 0
52 1 0
52 1 1
52 1 1
52 1 1
52 1 0
52 1 0
52 1 1
52 1 0
52 2 1
52 2 1
52 2 1
52 2 1
52 2 1
52 2 1
52 2 1
52 2 1
52 2 1
52 2 0
52 2 1
52 2 0
52 2 0
52 2 1
52 2 1
52 2 0
52 2 0
52 2 1
52 2 1
52 2 1
52 2 1
52 2 1
52 2 1
52 2 1
52 2 1
52 2 1
52 2 1
52 2 1
52 2 1
52 2 1
52 2 1
52 2 0
52 2 1
52 2 1
52 2 1
52 2 1
52 2 1
52 2 1
52 2 1
52 2 1
52 2 1
52 2 0
52 2 1
52 2 0
53 5 1
53 5 0
53 5 0
53 5 1
53 2 1
53 2 1
53 2 1
53 2 1
53 2 1
53 2 1
53 2 1
53 2 1
53 2 1
53 2 1
53 2 1
53 2 1
53 2 1
53 2 1
53 2 1
53 2 1
53 2 1
53 2 1
53 2 1
53 2 1
53 2 1
53 2 1
53 2 1
53 2 1
53 2 1
53 2 1
53 2 1
53 2 1
53 2 1
53 2 1
53 2 1
53 2 1
53 2 1
53 2 1
53 2 1
53 2 1
53 2 1
53 2 1
53 2 1
54 1 0
54 1 0
54 1 1
54 1 0
54 3 0
54 3 1
54 3 1
54 3 1
54 3 1
54 2 1
54 2 1
54 2 1
54 2 1
54 2 1
54 2 1
54 2 1
54 2 1
54 2 1
54 2 1
54 2 1
54 2 1
54 2 1
54 2 1
54 2 1
54 2 1
54 2 1
54 2 1
54 2 1
54 2 1
54 2 1
54 2 1
54 2 1
54 2 1
54 2 1
54 2 1
54 2 1
54 2 1
54 2 1
54 2 1
54 2 1
54 2 1
54 2 1
54 2 1
54 2 1
54 2 1
54 2 1
54 2 0
54 2 1
54 2 1
54 2 1
54 2 1
54 2 1
54 2 1
54 2 1
54 2 1
54 2 1
54 2 1
54 2 1
54 2 1
54 2 1
54 2 1
54 2 1
54 2 1
54 2 1
54 2 1
54 2 1
54 2 1
54 2 1
54 12 0
54 12 1
54 12 1
54 12 0
55 4 1
55 4 1
55 4 0
55 4 1
55 4 0
55 4 1
55 4 1
55 4 0
55 7 0
55 7 1
55 7 1
55 7 1
55 2 1
55 2 0
55 2 1
55 2 1
55 2 1
55 2 1
55 2 1
55 2 1
55 2 0
55 2 1
55 2 0
55 2 1
55 2 1
55 2 1
55 2 1
55 2 1
55 2 1
55 2 1
55 2 1
55 2 1
55 2 1
55 2 1
55 2 1
55 2 1
55 2 1
55 2 1
55 2 1
55 2 1
55 2 1
55 2 1
55 2 1
55 2 1
55 2 1
55 2 1
55 2 1
55 2 0
55 11 0
55 11 1
55 11 1
55 11 1
55 5 1
55 5 1
55 5 1
55 5 1
55 5 1
55 5 1
55 5 1
55 5 1
55 5 1
55 5 1
55 5 1
56 1 0
56 1 0
56 1 1
56 1 1
56 1 1
56 1 0
56 1 0
56 1 0
56 1 0
56 1 0
56 1 1
56 1 0
56 1 0
56 1 0
56 1 0
56 1 0
56 1 0
56 1 0
56 1 0
56 1 0
56 1 0
56 1 0
56 1 1
56 1 1
56 1 0
56 1 0
56 1 0
56 1 1
56 1 1
56 1 0
56 1 0
56 1 1
56 1 1
56 1 1
56 1 0
56 1 0
56 1 1
56 1 0
56 1 0
56 1 0
56 1 1
56 1 0
56 1 0
56 1 0
56 1 0
56 4 1
56 4 0
56 4 1
56 4 1
56 4 0
56 4 1
56 4 0
56 4 1
56 4 1
56 4 1
56 4 1
56 4 0
56 4 1
56 4 0
56 4 1
56 4 1
56 4 1
56 4 1
56 4 1
56 4 1
56 4 1
56 4 1
56 4 0
56 4 0
56 2 0
56 2 0
56 2 0
56 2 0
56 2 1
56 2 1
56 2 1
56 2 1
56 2 1
56 2 1
56 2 0
56 2 1
56 2 0
56 2 0
56 2 0
56 2 0
56 2 1
56 2 0
56 2 0
56 2 0
56 2 0
56 8 0
56 8 1
56 8 0
56 8 0
57 4 1
57 4 1
57 4 0
57 4 0
57 4 0
57 4 1
57 4 0
57 2 1
57 2 1
57 2 1
57 2 1
57 2 1
57 2 1
57 2 1
57 2 1
57 2 1
57 2 1
57 2 1
57 2 1
57 2 1
57 2 1
57 6 1
57 6 1
57 6 1
57 6 1
57 6 1
58 1 0
58 1 1
58 1 1
58 1 1
58 1 1
58 1 1
58 1 1
58 1 1
58 1 1
58 1 1
58 1 1
58 1 1
58 1 1
58 1 0
58 1 1
58 1 1
58 1 1
58 1 1
58 1 1
58 1 1
58 1 1
58 1 1
58 1 1
58 1 0
58 1 1
58 1 1
58 1 1
58 1 0
58 1 1
58 1 1
58 1 1
58 1 1
58 1 1
58 1 1
59 1 0
59 1 0
59 1 0
59 1 0
59 1 0
59 1 1
59 1 1
59 1 0
59 1 1
59 1 0
59 1 0
59 1 0
59 1 0
59 1 1
59 1 0
59 1 0
59 1 0
59 1 0
59 1 1
59 1 0
59 1 0
59 1 0
59 1 0
59 1 0
59 1 1
59 1 0
59 1 0
59 1 1
59 1 1
59 1 0
59 1 0
59 1 0
59 1 1
59 1 0
59 1 0
59 1 1
59 1 1
59 1 1
59 1 1
59 1 0
59 1 0
59 1 0
59 1 1
59 1 1
59 1 1
60 1 0
60 1 1
60 1 0
60 1 1
60 1 1
60 1 1
60 1 0
60 1 1
60 1 1
60 1 1
60 1 1
60 1 1
60 1 1
60 1 1
60 1 1
60 1 1
60 1 0
60 1 1
60 1 1
60 1 1
60 1 1
60 1 0
60 1 0
60 1 0
60 1 1
60 1 0
60 1 1
60 1 0
60 1 1
60 1 1
60 1 1
60 1 1
60 1 1
60 1 0
60 1 0
60 1 1
60 1 1
60 1 0
60 1 0
60 1 1
60 1 1
60 1 1
60 1 1
60 1 1
60 1 1
60 1 1
60 1 1
60 1 1
60 1 1
60 1 1
60 1 1
60 1 1
60 1 1
60 1 1
60 1 1
60 1 1
60 1 1
60 1 1
60 1 1
60 1 0
60 1 1
60 1 1
60 1 1
60 1 1
60 1 1
60 1 1
60 1 1
60 1 1
60 1 1
60 1 0
60 1 1
60 4 1
60 4 1
60 4 1
60 4 0
60 4 1
60 4 1
60 4 0
60 2 0
60 2 1
60 2 1
60 2 1
60 2 1
60 2 0
60 2 1
61 1 0
61 1 0
61 1 0
61 1 1
61 1 1
61 1 0
61 1 1
61 1 1
61 1 0
61 1 1
61 1 0
61 1 0
61 1 1
61 1 1
61 1 0
61 1 1
61 1 0
61 1 0
61 1 1
61 1 0
61 1 0
61 1 1
61 1 1
61 1 0
61 1 1
61 1 0
61 1 0
61 1 0
61 1 1
61 1 0
61 1 0
61 1 0
61 1 0
61 1 0
61 1 1
61 1 1
61 1 0
61 1 1
61 1 1
61 1 0
61 1 1
61 1 1
61 1 1
62 2 0
62 2 1
62 2 1
62 2 1
62 2 1
62 2 1
63 2 1
63 2 1
63 2 1
63 2 1
63 2 0
63 2 1
63 2 1
63 2 1
64 1 0
64 1 0
64 1 0
64 1 0
64 1 1
64 1 0
64 1 0
64 1 0
64 1 1
64 1 1
64 1 1
64 1 0
64 1 1
64 1 0
64 1 0
64 1 0
64 1 0
64 1 0
64 1 1
64 1 0
64 1 0
64 1 0
64 1 1
64 1 0
64 1 1
64 1 1
64 1 0
64 1 0
64 1 1
64 1 0
64 1 1
64 1 1
64 1 0
64 1 0
64 1 0
64 1 1
64 1 0
64 1 0
64 1 0
64 1 1
64 4 1
64 4 0
64 4 0
64 4 0
64 4 0
64 4 1
64 4 0
64 4 1
64 4 1
64 4 0
64 4 1
64 4 1
64 4 1
64 2 0
64 2 1
64 2 1
64 2 1
65 1 1
65 1 1
65 1 1
65 1 0
65 1 1
65 1 1
65 1 1
65 1 1
65 1 1
65 1 1
65 1 0
65 1 0
65 1 0
65 1 0
65 1 0
65 1 0
65 1 1
65 1 0
65 1 0
66 1 0
66 1 1
66 1 0
66 1 1
66 1 1
66 1 1
66 1 1
66 1 1
66 1 0
66 1 0
66 1 0
67 1 0
67 1 1
67 1 0
67 1 1
67 1 1
67 1 1
67 1 1
67 1 0
67 1 1
67 1 0
67 1 1
67 1 1
67 1 1
67 1 1
67 1 0
67 1 1
67 1 1
67 1 0
67 1 1
67 1 0
67 1 1
67 1 0
67 1 0
67 1 1
67 1 1
67 1 0
67 1 0
67 1 1
67 1 0
67 1 0
67 1 0
67 1 0
67 1 0
67 1 1
67 1 1
67 1 1
67 1 1
67 1 1
67 1 1
67 1 1
67 1 1
67 1 1
67 1 1
67 1 1
67 1 1
67 4 1
67 4 1
67 4 0
67 4 1
67 4 1
67 7 1
67 7 1
67 7 0
67 7 1
67 2 1
67 2 1
67 2 0
67 2 1
67 2 1
67 2 0
68 1 0
68 1 1
68 1 0
68 1 0
68 1 1
68 1 0
68 1 1
68 1 1
68 1 1
68 1 1
68 1 0
68 3 0
68 3 0
68 3 1
68 3 1
68 3 1
68 2 0
68 2 0
68 2 1
68 2 0
68 2 1
68 2 1
68 2 1
68 2 0
68 2 0
68 2 1
68 2 1
68 2 1
68 2 1
68 8 0
68 8 0
68 8 1
68 8 1
68 8 1
