1 11 0
1 11 1
1 11 1
1 11 0
1 11 0
1 11 0
1 11 1
1 11 1
1 11 0
1 11 0
1 11 0
1 11 1
1 11 1
1 11 1
1 11 1
1 11 0
1 11 0
1 14 1
1 14 1
1 14 1
1 14 0
1 14 1
1 5 0
1 5 1
1 5 1
1 5 0
1 5 0
1 5 1
1 12 1
1 12 1
1 12 1
1 12 1
1 12 1
1 1 1
1 1 1
1 1 1
1 1 1
1 1 1
1 9 1
1 9 1
1 9 1
1 9 0
1 9 1
1 9 1
1 9 0
1 9 0
1 9 0
1 9 1
1 9 1
1 9 0
1 9 1
1 9 1
1 9 1
1 9 1
1 9 1
1 9 0
1 9 0
1 9 1
1 9 1
1 9 1
1 4 0
1 4 1
1 4 1
1 4 1
1 4 0
1 4 1
1 4 0
1 13 1
1 13 1
1 13 1
1 13 1
1 13 1
1 3 0
1 3 0
1 3 0
1 3 0
1 3 0
1 10 0
1 10 1
1 10 0
1 10 1
1 10 1
2 11 0
2 11 0
2 11 0
2 11 0
2 9 1
2 9 0
2 9 1
2 9 1
2 9 0
2 9 1
2 9 0
2 9 1
2 9 1
2 9 0
2 9 0
3 1 0
3 1 1
3 1 1
3 1 1
3 1 1
3 13 0
3 13 1
3 13 1
3 13 1
3 2 1
3 2 0
3 2 1
3 2 1
3 9 1
3 9 1
3 9 1
3 9 1
3 9 1
3 9 0
3 9 1
4 8 0
4 8 1
4 8 0
4 8 1
4 7 1
4 7 1
4 7 1
4 7 1
4 7 1
4 7 1
4 7 1
4 7 0
4 7 1
4 5 1
4 5 1
4 5 1
4 5 1
4 5 1
4 13 1
4 13 1
4 13 1
4 13 1
4 16 1
4 16 1
4 16 1
4 16 1
4 16 1
4 16 0
4 16 1
4 16 1
4 1 0
4 1 1
4 1 1
4 1 1
4 9 1
4 9 1
4 9 0
4 9 1
4 9 0
4 9 1
4 9 1
4 9 1
4 9 0
4 9 1
4 9 0
4 9 0
4 9 0
4 9 0
4 9 1
4 9 1
4 9 1
4 9 1
4 9 0
4 9 1
4 9 1
4 9 0
4 9 1
4 9 0
4 9 0
4 9 0
4 9 0
4 9 0
4 9 1
4 9 1
4 9 0
4 9 0
4 4 0
4 4 1
4 4 1
4 4 1
4 4 1
4 4 0
4 4 1
4 4 1
4 2 1
4 2 1
4 2 1
4 2 1
4 2 1
4 2 1
4 2 1
4 2 1
4 2 1
4 15 1
4 15 1
4 15 1
4 15 1
4 15 1
4 15 1
4 10 1
4 10 1
4 10 0
4 10 0
5 2 1
5 2 1
5 2 1
5 2 0
5 2 1
5 7 1
5 7 1
5 7 1
5 7 0
5 7 0
5 7 1
5 7 0
5 5 1
5 5 1
5 5 1
5 5 1
5 5 1
5 5 1
5 5 0
5 18 1
5 18 1
5 18 1
5 18 1
5 8 1
5 8 0
5 8 1
5 8 0
5 8 1
5 1 1
5 1 0
5 1 1
5 1 1
5 9 0
5 9 0
5 9 0
5 9 1
5 9 0
5 9 0
5 9 1
5 9 1
5 9 0
5 9 0
5 9 0
5 9 1
5 9 0
5 9 0
5 9 1
5 9 1
5 9 0
5 9 1
5 9 0
5 9 0
5 9 0
5 9 1
5 9 0
5 9 0
5 9 0
5 9 0
5 9 1
5 9 0
5 9 1
5 9 0
5 9 1
5 9 1
5 9 1
5 9 1
5 9 1
5 9 1
5 4 0
5 4 1
5 4 1
5 4 1
5 4 1
5 17 0
5 17 0
5 17 1
5 17 1
5 13 1
5 13 1
5 13 1
5 13 1
5 10 1
5 10 1
5 10 0
5 10 1
5 10 1
5 10 1
5 10 0
5 10 1
6 11 0
6 11 0
6 11 1
6 11 1
6 11 0
6 8 1
6 8 1
6 8 1
6 8 1
6 8 0
6 5 1
6 5 1
6 5 1
6 5 1
6 5 1
6 5 1
6 17 0
6 17 0
6 17 0
6 17 1
6 17 1
6 17 1
6 9 0
6 9 0
6 9 1
6 9 1
6 9 1
6 9 1
6 9 1
6 9 1
6 9 0
6 9 0
6 9 0
6 9 0
6 9 0
6 9 1
6 9 1
6 9 1
6 9 1
6 9 0
6 9 0
6 9 0
6 9 0
6 9 0
6 9 0
6 9 0
6 9 1
6 4 0
6 4 1
6 4 1
6 4 1
6 2 1
6 2 1
6 2 1
6 2 1
6 2 1
6 6 1
6 6 1
6 6 1
6 6 1
6 6 1
6 6 1
6 7 1
6 7 1
6 7 1
6 7 0
6 23 0
6 23 0
6 23 1
6 23 1
6 24 0
6 24 1
6 24 1
6 24 1
6 24 1
6 24 1
6 24 1
6 24 1
6 13 1
6 13 1
6 13 1
6 13 1
6 13 1
7 11 0
7 11 1
7 11 1
7 11 1
7 11 1
7 11 1
7 11 0
7 8 1
7 8 0
7 8 0
7 8 0
7 5 1
7 5 1
7 5 1
7 5 1
7 5 1
7 5 1
7 5 1
7 5 1
7 5 1
7 5 1
7 19 0
7 19 1
7 19 1
7 19 1
7 1 1
7 1 1
7 1 1
7 1 1
7 9 1
7 9 1
7 9 1
7 9 1
7 9 0
7 9 0
7 9 1
7 9 1
7 9 0
7 9 1
7 9 0
7 9 0
7 9 1
7 9 1
7 9 0
7 9 0
7 9 0
7 9 0
7 9 0
7 9 1
7 9 1
7 9 1
7 9 1
7 4 0
7 4 1
7 4 1
7 4 1
7 4 1
7 4 0
7 4 1
7 4 0
7 2 1
7 2 1
7 2 1
7 2 1
7 2 1
7 2 1
7 2 1
7 2 1
7 2 1
7 2 1
7 10 1
7 10 0
7 10 1
7 10 1
7 20 0
7 20 1
7 20 1
7 20 1
7 20 0
7 13 1
7 13 0
7 13 1
7 13 1
7 13 1
7 13 1
7 3 0
7 3 0
7 3 0
7 3 0
7 3 0
8 11 1
8 11 1
8 11 1
8 11 0
8 11 0
8 9 1
8 9 1
8 9 1
8 9 1
8 9 0
8 9 0
8 9 0
8 9 0
8 9 0
8 9 1
8 9 1
9 11 0
9 11 1
9 11 1
9 11 1
9 11 0
9 8 0
9 8 1
9 8 0
9 8 1
9 5 0
9 5 1
9 5 0
9 5 1
9 5 0
9 2 1
9 2 1
9 2 1
9 2 1
9 2 0
9 2 1
9 2 1
9 2 1
9 2 0
9 9 0
9 9 1
9 9 1
9 9 1
9 9 1
9 9 1
9 9 0
9 9 1
9 9 0
9 9 0
9 9 0
9 9 0
9 9 0
9 9 0
9 9 0
9 9 0
9 9 0
9 9 0
9 9 0
9 9 0
9 9 1
9 9 1
9 9 0
9 9 1
9 9 0
9 4 1
9 4 1
9 4 1
9 4 0
9 4 0
9 13 1
9 13 1
9 13 1
9 13 1
9 6 1
9 6 1
9 6 1
9 6 1
9 6 1
9 6 1
9 6 1
10 8 1
10 8 1
10 8 0
10 8 1
10 5 1
10 5 1
10 5 1
10 5 1
10 5 1
10 5 0
10 5 1
10 5 0
10 5 1
10 5 0
10 5 1
10 5 1
10 5 1
10 2 1
10 2 1
10 2 1
10 2 1
10 2 1
10 1 1
10 1 1
10 1 1
10 1 0
10 9 1
10 9 0
10 9 0
10 9 0
10 9 1
10 9 0
10 9 0
10 9 1
10 9 0
10 9 0
10 9 1
10 9 1
10 9 0
10 9 1
10 9 0
10 9 0
10 9 0
10 9 0
10 9 0
10 9 0
10 9 0
10 9 0
10 9 0
10 9 0
10 9 0
10 9 1
10 13 1
10 13 1
10 13 1
10 13 1
10 13 1
10 13 1
10 3 0
10 3 0
10 3 0
10 3 0
10 3 0
11 11 1
11 11 0
11 11 0
11 11 1
11 11 1
11 11 0
11 11 1
11 11 0
11 11 1
11 11 1
11 11 0
11 11 1
11 11 1
11 5 1
11 5 1
11 5 1
11 5 1
11 5 0
11 2 0
11 2 1
11 2 1
11 2 1
11 2 1
11 2 1
11 2 1
11 2 1
11 9 1
11 9 1
11 9 1
11 9 0
11 9 1
11 9 1
11 9 0
11 9 0
11 9 0
11 9 0
11 9 0
11 9 1
11 9 1
11 9 1
11 9 1
11 9 1
11 9 1
11 9 0
11 9 0
11 9 0
11 9 1
11 9 0
11 9 0
11 9 1
11 9 1
11 4 0
11 4 1
11 4 1
11 4 1
11 4 1
11 4 1
11 13 1
11 13 1
11 13 1
11 13 1
11 10 1
11 10 1
11 10 0
11 10 1
11 10 0
11 10 1
11 10 1
12 14 1
12 14 1
12 14 1
12 14 1
12 8 0
12 8 1
12 8 1
12 8 1
12 8 1
12 5 1
12 5 1
12 5 0
12 5 1
12 7 0
12 7 1
12 7 1
12 7 0
12 7 0
12 7 1
12 1 1
12 1 1
12 1 1
12 1 1
12 9 1
12 9 1
12 9 0
12 9 1
12 9 0
12 9 1
12 9 1
12 9 1
12 9 1
12 9 1
12 9 0
12 9 0
12 9 0
12 9 1
12 9 0
12 9 1
12 9 1
12 9 1
12 9 1
12 9 0
12 9 1
12 9 0
12 9 1
12 9 1
12 9 0
12 9 0
12 9 0
12 9 1
12 9 1
12 9 0
12 9 0
12 9 0
12 9 0
12 9 1
12 4 0
12 4 1
12 4 1
12 4 1
12 4 1
12 2 1
12 2 1
12 2 1
12 2 1
12 2 1
12 2 1
12 2 1
12 2 1
12 2 1
12 2 1
12 10 1
12 10 1
12 10 0
12 10 0
12 10 1
12 16 1
12 16 1
12 16 1
12 16 1
12 16 1
12 13 1
12 13 1
12 13 1
12 13 1
12 13 1
12 3 0
12 3 0
12 3 0
12 3 0
12 3 0
12 3 1
13 11 0
13 11 1
13 11 0
13 11 0
13 11 0
13 11 1
13 11 1
13 11 1
13 9 1
13 9 0
13 9 1
13 9 1
13 9 0
13 9 0
13 9 0
13 9 0
13 9 0
13 9 0
13 9 0
13 9 0
13 9 0
13 9 0
13 9 1
13 9 1
13 9 0
13 9 0
13 9 0
13 9 0
13 9 0
13 9 0
13 9 0
13 9 0
13 9 1
13 2 0
13 2 1
13 2 1
13 2 1
13 2 1
14 11 0
14 11 1
14 11 1
14 11 0
14 11 1
14 11 1
14 11 1
14 11 1
14 11 0
14 11 0
14 9 1
14 9 0
14 9 1
14 9 1
14 9 1
14 9 1
14 9 1
14 9 1
14 9 1
14 9 1
14 9 0
14 9 0
14 9 0
14 9 1
14 9 1
14 9 0
14 9 1
14 9 0
14 9 0
14 9 0
14 9 1
14 9 1
14 9 1
14 9 0
14 12 0
14 12 0
14 12 0
14 12 0
15 11 0
15 11 0
15 11 1
15 11 0
15 11 0
15 11 0
15 11 0
15 11 0
15 11 0
15 11 1
15 11 0
15 11 1
15 11 1
15 11 0
15 11 1
15 11 0
15 11 0
15 11 1
15 11 0
15 11 1
15 11 0
15 11 0
15 11 1
15 11 0
15 11 0
15 11 0
15 8 1
15 8 1
15 8 0
15 8 1
15 5 0
15 5 0
15 5 1
15 5 0
15 5 1
15 13 1
15 13 1
15 13 1
15 13 1
15 1 1
15 1 1
15 1 1
15 1 1
15 9 0
15 9 0
15 9 0
15 9 1
15 9 1
15 9 1
15 9 0
15 9 0
15 9 0
15 9 1
15 9 1
15 9 0
15 9 1
15 9 0
15 9 0
15 9 1
15 9 1
15 9 1
15 9 1
15 9 1
15 9 0
15 9 1
15 4 0
15 4 1
15 4 1
15 4 1
15 4 1
15 4 0
15 2 0
15 2 1
15 2 1
15 2 1
15 2 1
15 2 1
15 2 1
15 2 1
16 11 1
16 11 1
16 11 1
16 11 1
16 11 1
16 11 1
16 11 1
16 11 1
16 11 1
16 11 1
16 11 1
16 11 1
16 11 1
16 11 1
16 11 1
16 11 1
16 11 1
16 11 1
16 11 1
16 11 1
16 11 1
16 11 0
16 11 1
16 11 1
16 11 1
16 11 1
16 11 1
16 11 1
16 11 1
16 11 1
16 11 1
16 11 1
16 11 1
16 11 1
16 11 1
16 11 1
16 11 1
16 11 1
16 11 1
16 11 1
16 9 1
16 9 1
16 9 1
16 9 1
16 9 1
16 9 1
16 9 1
16 9 1
16 9 1
16 9 1
16 9 1
16 9 1
16 9 1
16 9 1
16 9 1
16 9 0
16 9 0
16 9 0
16 9 0
16 9 0
16 9 0
16 9 1
16 9 1
16 9 1
16 9 1
16 5 1
16 5 1
16 5 1
16 5 1
16 5 0
16 5 1
16 5 1
16 5 1
16 4 1
16 4 1
16 4 1
16 4 1
16 10 1
16 10 1
16 10 1
16 10 0
16 10 1
16 10 1
17 11 0
17 11 0
17 11 0
17 11 0
17 11 0
17 11 1
17 11 0
17 11 1
17 11 1
17 8 0
17 8 0
17 8 0
17 8 1
17 5 1
17 5 1
17 5 1
17 5 1
17 19 1
17 19 0
17 19 1
17 19 1
17 19 1
17 2 1
17 2 1
17 2 1
17 2 1
17 2 1
17 2 0
17 2 1
17 2 0
17 1 1
17 1 1
17 1 1
17 1 1
17 1 1
17 9 1
17 9 1
17 9 1
17 9 1
17 9 0
17 9 1
17 9 1
17 9 0
17 9 1
17 9 1
17 9 1
17 9 0
17 9 1
17 9 1
17 9 1
17 9 0
17 9 1
17 9 0
17 9 1
17 9 1
17 9 1
17 9 1
17 9 0
17 9 1
17 4 1
17 4 1
17 4 1
17 4 1
17 4 1
17 4 0
17 4 0
17 13 1
17 13 1
17 13 1
17 13 1
17 13 1
17 3 0
17 3 0
17 3 0
17 3 0
17 3 0
17 10 1
17 10 1
17 10 1
17 10 1
17 10 1
18 9 1
18 9 1
18 9 1
18 9 1
18 9 0
18 9 1
18 9 1
18 9 0
19 11 1
19 11 1
19 11 0
19 11 1
19 11 0
19 11 1
19 11 0
19 11 0
19 11 1
19 11 1
19 11 1
19 11 1
19 11 0
19 11 0
19 9 1
19 9 1
19 9 1
19 9 1
19 9 0
19 9 0
19 9 1
19 9 0
19 9 1
19 9 0
19 9 0
19 9 0
19 9 0
19 9 1
19 9 0
19 9 0
19 9 0
19 9 0
19 9 1
19 9 1
19 9 1
20 11 1
20 11 1
20 11 1
20 11 1
20 11 1
20 11 1
20 11 1
20 11 1
20 11 1
20 11 1
20 11 1
20 11 1
20 11 1
20 11 1
20 11 1
20 11 1
20 11 0
20 11 1
20 11 1
20 11 1
20 11 1
20 11 0
20 11 1
20 11 1
20 11 1
20 11 1
20 11 1
20 11 1
20 11 1
20 11 1
20 11 1
20 11 1
20 11 1
20 11 1
20 11 1
20 11 1
20 11 1
20 11 1
20 11 1
20 7 1
20 7 1
20 7 1
20 7 1
20 5 1
20 5 1
20 5 1
20 5 1
20 5 1
20 5 1
20 5 0
20 5 1
20 5 1
20 5 1
20 18 1
20 18 1
20 18 1
20 18 1
20 9 1
20 9 1
20 9 1
20 9 0
20 9 1
20 9 1
20 9 1
20 9 1
20 9 1
20 9 1
20 9 1
20 9 1
20 9 1
20 9 1
20 9 0
20 9 0
20 9 0
20 9 0
20 9 0
20 9 1
20 9 1
20 9 1
20 9 0
20 9 1
20 4 1
20 4 1
20 4 1
20 4 1
20 2 1
20 2 1
20 2 1
20 2 1
20 2 1
20 2 1
20 2 1
20 10 1
20 10 1
20 10 1
20 10 1
20 10 1
20 10 1
21 11 0
21 11 1
21 11 0
21 11 0
21 11 0
21 11 0
21 11 0
21 11 0
21 1 1
21 1 1
21 1 1
21 1 0
21 1 0
21 9 1
21 9 1
21 9 1
21 9 1
21 9 1
21 9 0
21 9 0
21 9 0
21 9 0
21 9 0
21 9 0
21 9 0
21 9 0
21 9 0
21 9 1
21 9 0
21 9 1
21 9 1
21 9 0
21 9 0
21 9 1
21 9 1
21 9 1
21 9 0
21 4 0
21 4 1
21 4 1
21 4 1
21 4 0
21 4 0
21 4 1
21 4 1
21 4 1
21 4 0
21 2 1
21 2 1
21 2 1
21 2 1
21 2 1
21 2 1
21 2 1
21 2 1
21 2 1
21 3 0
21 3 0
21 3 0
21 3 0
21 3 0
21 3 0
21 3 0
21 3 0
21 3 0
21 3 0
21 10 1
21 10 1
21 10 1
21 10 1
21 10 1
21 10 1
22 11 0
22 11 0
22 11 1
22 11 1
22 11 0
22 11 0
22 11 0
22 11 1
22 9 1
22 9 1
22 9 1
22 9 1
22 9 0
22 9 1
22 9 0
22 9 0
22 9 1
22 9 0
22 9 0
22 9 1
22 9 1
22 9 1
22 9 0
22 9 1
22 9 0
22 9 0
22 9 1
22 9 1
22 9 0
22 9 1
22 9 1
22 2 1
22 2 1
22 2 1
22 2 1
22 2 1
22 2 1
22 2 1
22 2 1
23 9 0
23 9 0
23 9 1
23 9 0
23 9 0
23 9 1
23 9 1
23 9 1
23 9 1
23 9 0
23 9 1
23 9 1
23 9 0
23 2 1
23 2 1
23 2 1
23 2 1
23 2 1
23 6 1
23 6 1
23 6 1
23 6 1
23 6 1
24 11 0
24 11 0
24 11 0
24 11 0
24 11 0
24 11 1
24 16 1
24 16 1
24 16 1
24 16 1
24 16 1
24 5 1
24 5 0
24 5 1
24 5 1
24 5 1
24 5 0
24 5 1
24 5 1
24 5 1
24 5 1
24 5 0
24 19 0
24 19 0
24 19 1
24 19 1
24 19 1
24 21 1
24 21 1
24 21 1
24 21 1
24 7 1
24 7 0
24 7 1
24 7 0
24 7 1
24 9 1
24 9 1
24 9 1
24 9 0
24 9 0
24 9 0
24 9 0
24 9 1
24 9 1
24 9 1
24 9 0
24 9 0
24 9 0
24 9 1
24 9 1
24 9 1
24 9 0
24 9 1
24 9 1
24 9 0
24 9 0
24 9 0
24 9 1
24 9 0
24 9 1
24 9 0
24 9 0
24 9 0
24 9 1
24 9 1
24 9 1
24 9 0
24 9 1
24 9 0
24 9 1
24 4 1
24 4 1
24 4 1
24 4 1
24 4 0
24 13 1
24 13 1
24 13 1
24 13 1
24 13 1
24 13 1
24 3 0
24 3 0
24 3 0
24 3 0
24 3 0
24 3 0
24 3 0
24 10 1
24 10 1
24 10 0
24 10 0
24 10 0
24 10 0
24 10 0
24 10 1
25 11 0
25 11 1
25 11 0
25 11 0
25 11 0
25 9 1
25 9 1
25 9 1
25 9 0
25 9 0
25 9 0
25 9 1
25 9 1
25 9 1
25 9 1
25 9 0
25 9 0
25 9 0
25 9 1
25 9 1
25 9 0
25 9 1
25 9 1
25 9 0
25 9 0
25 9 0
25 2 0
25 2 1
25 2 1
25 2 1
25 2 1
26 9 1
26 9 0
26 9 0
26 9 1
26 9 0
26 9 0
26 9 1
26 9 0
26 9 0
26 9 0
26 9 1
26 9 1
26 9 0
26 9 1
26 9 0
26 9 1
26 9 0
26 9 0
26 9 0
26 9 0
26 9 1
26 9 1
26 9 1
26 9 1
26 9 1
26 2 1
26 2 1
26 2 1
26 2 1
26 2 1
26 2 1
26 2 1
26 2 1
26 2 1
26 2 1
26 2 0
26 2 1
26 2 1
26 2 1
26 2 1
26 3 0
26 3 0
26 3 1
26 3 0
26 3 0
27 11 0
27 11 0
27 11 1
27 11 1
27 11 1
27 11 1
27 11 0
27 11 1
27 11 1
27 11 1
27 11 1
27 11 1
27 11 1
27 11 1
27 11 1
27 5 0
27 5 1
27 5 1
27 5 1
27 5 1
27 9 0
27 9 1
27 9 0
27 9 1
27 9 0
27 9 1
27 9 1
27 9 1
27 9 1
27 9 1
27 9 1
27 9 0
27 9 0
27 9 1
27 9 1
27 9 1
27 9 1
27 9 1
27 9 0
27 9 1
27 9 1
27 9 0
27 9 0
27 9 1
27 9 1
27 4 1
27 4 1
27 4 1
27 4 1
27 12 1
27 12 1
27 12 1
27 12 1
27 10 1
27 10 1
27 10 1
27 10 1
27 10 1
27 6 1
27 6 1
27 6 1
27 6 1
27 6 1
28 5 1
28 5 1
28 5 0
28 5 0
28 5 0
28 5 0
28 5 1
28 5 1
28 12 1
28 12 1
28 12 1
28 12 1
28 9 0
28 9 0
28 9 1
28 9 0
28 9 1
28 9 1
28 9 0
28 9 0
28 9 0
28 9 0
28 9 1
28 9 0
28 9 1
28 9 1
28 9 0
28 9 1
28 9 1
28 9 1
28 9 0
28 9 0
28 9 1
28 9 1
28 4 1
28 4 1
28 4 1
28 4 1
28 4 1
28 4 0
28 2 1
28 2 1
28 2 1
28 2 1
28 10 1
28 10 1
28 10 1
28 10 1
28 6 1
28 6 1
28 6 1
28 6 1
28 6 1
28 6 1
28 6 1
28 6 1
28 6 1
28 6 1
28 6 1
28 6 1
28 6 1
29 8 1
29 8 0
29 8 1
29 8 1
29 8 1
29 8 1
29 5 1
29 5 1
29 5 1
29 5 1
29 2 1
29 2 1
29 2 1
29 2 1
29 2 1
29 2 1
29 2 0
29 2 1
29 10 1
29 10 1
29 10 0
29 10 1
29 10 1
29 1 0
29 1 1
29 1 1
29 1 1
29 1 1
29 1 1
29 9 1
29 9 1
29 9 1
29 9 1
29 9 0
29 9 1
29 9 1
29 9 1
29 9 1
29 9 1
29 9 1
29 9 0
29 9 1
29 9 1
29 9 0
29 9 1
29 9 1
29 9 1
29 9 1
29 9 1
29 9 1
29 9 1
29 9 1
29 9 1
29 9 1
29 9 1
29 9 1
29 9 1
29 9 1
29 9 1
29 9 1
29 9 1
29 9 1
29 4 1
29 4 1
29 4 1
29 4 1
29 4 1
29 4 0
29 4 0
29 13 1
29 13 1
29 13 1
29 13 1
29 13 1
29 15 1
29 15 1
29 15 1
29 15 1
29 6 1
29 6 1
29 6 1
29 6 1
29 6 1
30 11 1
30 11 1
30 11 0
30 11 0
30 11 1
30 11 1
30 11 0
30 9 1
30 9 1
30 9 0
30 9 1
30 9 0
30 9 1
30 9 1
30 9 0
30 9 0
30 9 0
30 9 1
30 9 1
30 9 1
30 9 0
30 9 1
30 9 0
30 9 0
30 9 0
30 9 0
30 9 0
30 9 0
30 9 1
30 2 0
30 2 0
30 2 1
30 2 1
31 11 0
31 11 0
31 11 1
31 11 1
31 11 0
31 11 1
31 11 1
31 11 1
31 11 0
31 11 1
31 9 1
31 9 1
31 9 1
31 9 1
31 9 0
31 9 1
31 9 0
31 9 0
32 11 0
32 11 0
32 11 1
32 11 0
32 11 1
32 11 0
32 11 0
32 11 0
32 11 1
32 11 1
32 11 1
32 11 1
32 7 1
32 7 1
32 7 1
32 7 1
32 7 1
32 5 1
32 5 1
32 5 1
32 5 1
32 5 0
32 5 1
32 5 1
32 5 1
32 5 1
32 19 1
32 19 1
32 19 1
32 19 1
32 19 1
32 19 1
32 19 1
32 19 1
32 1 1
32 1 1
32 1 1
32 1 1
32 1 1
32 1 1
32 16 1
32 16 1
32 16 1
32 16 1
32 16 1
32 22 1
32 22 1
32 22 1
32 22 1
32 22 1
32 22 1
32 9 1
32 9 0
32 9 1
32 9 0
32 9 0
32 9 1
32 9 1
32 9 1
32 9 1
32 9 1
32 9 1
32 9 1
32 9 1
32 9 1
32 9 1
32 9 1
32 9 1
32 9 1
32 9 1
32 9 1
32 9 0
32 9 0
32 9 0
32 9 1
32 9 0
32 9 1
32 9 0
32 9 0
32 9 1
32 13 1
32 13 1
32 13 1
32 13 1
32 13 1
32 13 1
32 3 0
32 3 0
32 3 0
32 3 0
32 8 0
32 8 0
32 8 1
32 8 1
32 8 1
32 8 1
32 8 1
32 8 0
32 8 1
32 8 1
33 11 0
33 11 0
33 11 1
33 11 1
33 11 0
33 11 0
33 11 0
33 11 1
33 11 1
33 11 0
33 11 0
33 9 1
33 9 1
33 9 1
33 9 0
33 9 1
33 9 0
33 9 0
33 9 0
33 9 0
33 9 0
33 9 0
33 9 0
33 9 1
33 9 1
33 9 0
33 9 0
33 9 0
33 13 1
33 13 1
33 13 1
33 13 1
34 9 1
34 9 1
34 9 1
34 9 1
34 9 0
34 9 1
34 9 0
34 9 0
34 9 1
34 9 1
34 9 0
34 9 0
34 9 1
34 9 1
34 9 0
34 9 0
34 9 0
34 9 0
34 9 1
34 9 0
34 9 1
34 9 0
34 2 0
34 2 0
34 2 1
34 2 0
34 2 1
34 2 1
34 2 1
34 2 1
34 2 1
34 2 1
34 2 1
34 13 1
34 13 1
34 13 1
34 13 1
34 13 1
34 3 0
34 3 0
34 3 0
34 3 0
34 3 0
34 3 0
35 8 1
35 8 1
35 8 1
35 8 1
35 8 1
35 8 1
35 8 0
35 8 0
35 8 1
35 8 1
35 8 0
35 7 0
35 7 1
35 7 0
35 7 1
35 5 1
35 5 0
35 5 1
35 5 1
35 5 1
35 5 1
35 5 1
35 5 1
35 5 0
35 5 1
35 5 1
35 5 1
35 5 1
35 19 0
35 19 1
35 19 1
35 19 1
35 1 1
35 1 1
35 1 1
35 1 1
35 9 1
35 9 1
35 9 1
35 9 1
35 9 0
35 9 0
35 9 0
35 9 1
35 9 0
35 9 1
35 9 0
35 9 0
35 9 1
35 9 0
35 9 0
35 9 0
35 9 0
35 9 0
35 9 1
35 9 0
35 9 1
35 9 0
35 9 1
35 9 1
35 9 0
35 9 0
35 9 1
35 9 0
35 9 0
35 9 1
35 9 0
35 9 0
35 9 1
35 4 0
35 4 1
35 4 1
35 4 1
35 4 0
35 13 1
35 13 1
35 13 1
35 13 1
35 13 0
35 3 0
35 3 0
35 3 0
35 3 0
35 3 0
35 3 0
35 3 0
35 10 0
35 10 1
35 10 1
35 10 1
35 10 0
35 10 1
35 10 1
35 10 0
36 1 1
36 1 1
36 1 1
36 1 1
36 9 1
36 9 1
36 9 1
36 9 0
36 9 0
36 9 0
36 9 0
36 9 1
36 9 0
36 9 1
36 9 1
36 9 1
36 9 0
36 9 0
36 9 0
36 9 0
36 9 0
36 9 1
36 9 1
36 9 0
36 9 0
36 9 0
36 9 0
36 9 0
36 9 0
36 2 1
36 2 1
36 2 1
36 2 1
37 11 0
37 11 0
37 11 1
37 11 1
37 11 1
37 11 0
37 9 1
37 9 1
37 9 1
37 9 0
37 9 0
37 9 1
37 9 1
37 9 1
37 9 0
37 9 1
37 9 1
37 9 1
37 9 0
37 9 0
37 9 1
37 9 1
37 9 1
37 2 1
37 2 1
37 2 1
37 2 1
37 2 1
37 2 1
38 8 1
38 8 0
38 8 1
38 8 1
38 8 1
38 5 1
38 5 1
38 5 1
38 5 1
38 5 1
38 5 0
38 5 1
38 5 1
38 5 1
38 5 0
38 5 1
38 5 1
38 9 1
38 9 1
38 9 0
38 9 0
38 9 1
38 9 0
38 9 1
38 9 0
38 9 1
38 9 1
38 9 1
38 9 1
38 9 1
38 9 1
38 9 1
38 9 0
38 9 1
38 9 0
38 9 1
38 9 1
38 9 1
38 9 1
38 9 1
38 9 1
38 9 1
38 9 1
38 9 1
38 9 1
38 9 1
38 9 1
38 9 1
38 9 1
38 9 1
38 9 1
38 9 0
38 9 1
38 4 0
38 4 1
38 4 1
38 4 1
38 4 0
38 13 1
38 13 0
38 13 1
38 13 1
38 13 1
38 3 0
38 3 0
38 3 0
38 3 0
38 3 0
38 10 1
38 10 1
38 10 1
38 10 1
38 10 1
38 10 1
38 10 1
38 10 0
38 10 1
38 6 1
38 6 1
38 6 1
38 6 1
38 6 1
38 6 1
38 6 1
39 11 1
39 11 0
39 11 1
39 11 0
39 11 1
39 11 1
39 11 0
39 11 0
39 11 0
39 14 1
39 14 1
39 14 1
39 14 1
39 14 1
39 9 1
39 9 1
39 9 1
39 9 1
39 9 1
39 9 0
39 9 0
39 9 0
39 9 0
39 9 0
39 9 0
39 9 1
39 9 0
39 9 0
39 9 0
39 9 1
39 9 0
39 9 0
39 9 0
39 9 0
39 9 1
39 9 0
39 9 1
39 4 0
39 4 1
39 4 1
39 4 1
39 4 0
39 2 1
39 2 1
39 2 1
39 2 1
39 2 1
39 2 1
39 6 1
39 6 1
39 6 1
39 6 1
40 9 1
40 9 1
40 9 1
40 9 1
40 9 0
40 9 0
40 9 1
40 9 0
40 9 1
40 9 1
40 9 0
40 9 1
40 9 1
40 9 0
40 9 0
40 9 1
40 9 0
40 9 0
40 9 0
40 9 1
40 9 0
40 5 0
40 5 0
40 5 0
40 5 1
40 5 0
40 5 1
40 5 1
40 5 1
40 5 1
40 2 1
40 2 1
40 2 1
40 2 1
40 2 1
40 2 1
40 2 1
40 2 1
40 2 1
40 2 1
40 2 1
40 2 1
40 2 0
40 2 1
40 2 1
41 9 0
41 9 1
41 9 1
41 9 1
41 9 1
41 9 1
41 9 1
41 9 1
41 9 1
41 9 1
41 9 1
41 9 1
41 9 0
41 9 0
41 9 1
41 9 1
41 9 0
41 9 0
41 9 0
41 9 0
41 9 0
41 9 0
41 9 1
41 9 0
41 9 1
41 9 0
41 9 0
41 9 0
41 9 0
41 9 1
41 9 0
41 9 0
41 9 1
41 9 1
42 11 0
42 11 1
42 11 0
42 11 0
42 11 0
42 11 1
42 11 0
42 11 0
42 16 1
42 16 1
42 16 0
42 16 1
42 1 0
42 1 1
42 1 1
42 1 1
42 1 1
42 9 0
42 9 1
42 9 1
42 9 0
42 9 1
42 9 1
42 9 0
42 9 1
42 9 1
42 9 0
42 9 1
42 9 1
42 9 1
42 9 0
42 9 1
42 9 1
42 9 1
42 9 1
42 9 1
42 9 1
42 4 1
42 4 1
42 4 1
42 4 1
42 2 1
42 2 1
42 2 1
42 2 1
42 2 1
43 9 1
43 9 1
43 9 1
43 9 0
43 9 0
44 9 1
44 9 1
44 9 1
44 9 1
44 9 0
44 9 0
44 9 0
44 9 0
44 9 0
44 9 1
44 9 0
44 9 1
44 9 0
44 9 1
44 9 1
44 9 0
44 9 0
44 9 0
44 9 0
44 9 1
44 9 0
45 9 1
45 9 1
45 9 1
45 9 1
45 9 0
45 9 0
45 9 0
45 9 1
45 9 1
46 11 1
46 11 1
46 11 1
46 11 1
46 11 0
46 11 1
46 11 0
46 11 1
46 11 1
46 11 1
46 11 1
46 11 1
46 11 1
46 11 0
46 11 1
46 9 1
46 9 1
46 9 1
46 9 1
46 9 0
46 9 1
46 9 0
46 9 0
46 9 0
46 9 0
46 9 1
46 9 0
46 9 0
46 9 0
46 9 0
46 9 1
46 9 1
46 9 0
46 9 1
46 9 0
46 9 0
46 9 0
46 2 0
46 2 1
46 2 1
46 2 1
46 2 1
46 2 1
47 11 0
47 11 1
47 11 1
47 11 1
47 11 1
47 11 1
47 11 1
47 11 0
47 11 1
47 11 0
47 11 0
47 11 1
47 11 0
47 11 1
47 11 1
47 11 1
47 11 1
47 20 1
47 20 1
47 20 1
47 20 1
47 20 1
47 2 1
47 2 1
47 2 1
47 2 1
47 2 1
47 2 1
47 10 1
47 10 1
47 10 1
47 10 1
47 10 1
47 10 1
47 9 1
47 9 1
47 9 1
47 9 1
47 9 1
47 9 1
47 9 1
47 9 0
47 9 0
47 9 0
47 9 1
47 9 1
47 9 1
47 9 1
47 9 1
47 9 1
47 9 1
47 9 1
47 9 0
47 9 0
47 9 0
47 9 0
47 9 1
47 9 1
48 5 1
48 5 1
48 5 1
48 5 1
48 5 1
48 5 0
48 5 1
48 5 1
48 5 1
48 9 1
48 9 0
48 9 1
48 9 1
48 9 0
48 9 0
48 9 1
48 9 0
48 9 0
48 9 0
48 9 1
48 9 1
48 9 0
48 9 1
48 9 0
48 9 0
48 9 0
48 9 0
48 9 0
48 9 0
48 9 1
48 9 1
48 9 0
48 9 1
48 4 1
48 4 1
48 4 1
48 4 1
48 4 0
48 12 1
48 12 1
48 12 1
48 12 1
48 12 1
48 10 1
48 10 1
48 10 0
48 10 1
48 6 1
48 6 1
48 6 1
48 6 1
48 6 1
48 6 1
48 6 1
48 6 1
48 6 1
48 6 1
48 6 1
48 6 1
49 8 0
49 8 1
49 8 0
49 8 1
49 8 1
49 8 1
49 8 1
49 7 1
49 7 1
49 7 0
49 7 1
49 5 0
49 5 1
49 5 0
49 5 1
49 5 0
49 5 1
49 5 1
49 5 1
49 5 1
49 5 1
49 1 0
49 1 1
49 1 1
49 1 1
49 1 1
49 1 0
49 1 1
49 9 1
49 9 0
49 9 1
49 9 1
49 9 0
49 9 0
49 9 1
49 9 0
49 9 0
49 9 1
49 9 1
49 9 1
49 9 0
49 9 1
49 9 0
49 9 1
49 9 0
49 9 0
49 9 1
49 9 0
49 9 0
49 9 0
49 9 0
49 9 0
49 9 0
49 9 1
49 9 1
49 9 0
49 9 0
49 9 0
49 9 1
49 9 0
49 9 1
49 9 0
49 9 1
49 9 1
49 9 0
49 9 1
49 9 1
49 4 0
49 4 1
49 4 1
49 4 1
49 13 1
49 13 1
49 13 1
49 13 1
49 13 1
49 10 1
49 10 1
49 10 1
49 10 1
49 10 1
49 10 1
50 11 0
50 11 0
50 11 0
50 11 0
50 11 1
50 11 0
50 11 0
50 11 0
50 11 1
50 11 1
50 11 1
50 11 1
50 11 1
50 11 0
50 7 0
50 7 1
50 7 0
50 7 1
50 7 1
50 7 0
50 7 1
50 5 0
50 5 1
50 5 0
50 5 1
50 5 0
50 5 1
50 5 1
50 5 1
50 5 1
50 10 0
50 10 1
50 10 1
50 10 1
50 1 1
50 1 1
50 1 1
50 1 1
50 9 1
50 9 0
50 9 1
50 9 1
50 9 0
50 9 1
50 9 1
50 9 0
50 9 1
50 9 1
50 9 1
50 9 1
50 9 0
50 9 1
50 9 1
50 9 1
50 9 1
50 9 0
50 9 1
50 9 1
50 9 1
50 9 0
50 9 0
50 9 1
50 9 0
50 9 1
50 9 0
50 9 0
50 9 0
50 9 1
50 9 1
50 9 1
50 15 0
50 15 1
50 15 1
50 15 1
50 13 1
50 13 1
50 13 1
50 13 1
50 13 1
50 3 1
50 3 1
50 3 1
50 3 1
50 8 0
50 8 1
50 8 0
50 8 1
50 6 1
50 6 1
50 6 1
50 6 1
50 6 1
50 6 1
50 6 1
50 6 1
50 6 1
50 6 1
51 9 0
51 9 1
51 9 1
51 9 1
51 9 0
51 9 0
51 9 0
51 9 1
51 9 0
51 9 1
51 9 1
51 9 1
51 9 0
51 9 0
51 9 0
51 9 0
51 9 0
51 9 0
51 9 0
51 9 0
51 9 0
51 9 0
51 9 0
51 2 1
51 2 1
51 2 1
51 2 1
51 2 1
51 2 1
51 2 1
51 2 1
51 2 1
51 2 1
52 11 0
52 11 1
52 11 0
52 11 0
52 9 0
52 9 0
52 9 1
52 9 1
52 9 0
52 9 0
52 9 0
52 9 0
53 11 1
53 11 0
53 11 0
53 11 1
53 11 0
53 11 0
53 11 1
53 11 1
53 11 1
53 11 1
53 13 1
53 13 1
53 13 1
53 13 1
53 13 1
53 13 1
53 4 0
53 4 0
53 4 1
53 4 1
53 4 1
53 2 1
53 2 0
53 2 1
53 2 1
53 2 1
53 2 1
53 9 1
53 9 1
53 9 1
53 9 1
53 9 1
53 9 0
53 9 1
53 9 1
53 9 0
53 9 1
53 9 0
53 9 0
53 9 1
53 9 0
53 9 0
53 9 0
53 9 0
53 9 1
53 9 1
53 9 0
53 9 1
53 9 0
54 11 0
54 11 0
54 11 1
54 11 0
54 11 1
54 11 1
54 14 0
54 14 1
54 14 1
54 14 0
54 14 1
54 14 1
54 5 1
54 5 1
54 5 1
54 5 1
54 5 1
54 2 0
54 2 1
54 2 0
54 2 1
54 2 1
54 1 0
54 1 1
54 1 1
54 1 1
54 1 1
54 1 1
54 9 1
54 9 0
54 9 1
54 9 0
54 9 0
54 9 1
54 9 0
54 9 0
54 9 1
54 9 0
54 9 1
54 9 0
54 9 0
54 9 0
54 9 0
54 9 0
54 9 0
54 9 0
54 9 0
54 9 1
54 9 0
54 9 1
54 4 1
54 4 1
54 4 1
54 4 1
54 4 1
54 4 1
54 4 0
54 4 1
54 13 1
54 13 1
54 13 0
54 13 1
54 13 1
54 10 1
54 10 1
54 10 1
54 10 1
55 11 1
55 11 1
55 11 1
55 11 0
55 11 1
55 11 1
55 11 1
55 11 0
55 11 0
55 11 0
55 11 1
55 11 0
55 14 1
55 14 1
55 14 1
55 14 1
55 5 1
55 5 1
55 5 1
55 5 1
55 5 0
55 5 0
55 5 1
55 5 0
55 5 1
55 19 0
55 19 1
55 19 0
55 19 1
55 9 0
55 9 1
55 9 1
55 9 0
55 9 0
55 9 0
55 9 0
55 9 1
55 9 0
55 9 0
55 9 0
55 9 1
55 9 1
55 9 0
55 9 1
55 9 1
55 9 0
55 9 0
55 9 0
55 9 1
55 9 1
55 4 1
55 4 1
55 4 1
55 4 0
55 4 1
55 2 1
55 2 1
55 2 1
55 2 0
56 5 1
56 5 1
56 5 0
56 5 1
56 5 1
56 5 1
56 5 1
56 5 1
56 5 1
56 5 1
56 5 1
56 5 1
56 2 1
56 2 1
56 2 1
56 2 1
56 1 1
56 1 1
56 1 1
56 1 1
56 1 1
56 1 1
56 9 1
56 9 1
56 9 0
56 9 1
56 9 0
56 9 1
56 9 1
56 9 0
56 9 0
56 9 0
56 9 0
56 9 1
56 9 0
56 9 1
56 9 1
56 9 1
56 9 0
56 9 1
56 9 1
56 9 1
56 9 0
56 9 1
56 9 1
56 9 1
56 4 0
56 4 1
56 4 1
56 4 1
56 13 1
56 13 1
56 13 1
56 13 1
56 13 1
56 13 1
56 13 1
56 13 1
56 10 0
56 10 1
56 10 1
56 10 1
56 10 1
56 10 1
56 10 1
56 10 1
56 10 1
56 10 1
56 6 1
56 6 1
56 6 1
56 6 1
56 6 1
57 11 0
57 11 0
57 11 1
57 11 1
57 11 0
57 11 0
57 11 0
57 11 0
57 11 1
57 11 1
57 11 1
57 9 1
57 9 1
57 9 1
57 9 0
57 9 1
57 9 1
57 9 1
57 9 0
57 9 0
57 9 0
58 5 1
58 5 1
58 5 1
58 5 1
58 5 1
58 1 1
58 1 1
58 1 1
58 1 1
58 1 1
58 9 1
58 9 1
58 9 1
58 9 1
58 9 1
58 9 1
58 9 1
58 9 0
58 9 1
58 9 1
58 9 0
58 9 1
58 9 0
58 9 0
58 9 1
58 9 1
58 9 0
58 9 0
58 9 0
58 9 0
58 9 0
58 9 1
58 9 1
58 9 1
58 9 0
58 9 0
58 9 1
58 9 1
58 9 1
58 4 1
58 4 1
58 4 1
58 4 1
58 4 1
58 4 1
58 17 1
58 17 1
58 17 1
58 17 1
58 10 1
58 10 1
58 10 0
58 10 1
58 10 1
58 10 1
58 10 1
58 10 1
58 10 1
58 10 1
59 11 1
59 11 1
59 11 0
59 11 0
59 11 1
59 11 1
59 11 1
59 11 1
59 9 1
59 9 0
59 9 1
59 9 1
59 9 1
59 9 0
59 9 1
59 9 0
59 9 0
59 9 0
59 9 0
59 9 0
59 9 0
59 9 1
59 9 0
59 9 0
59 9 0
59 9 0
59 9 0
59 9 1
59 9 0
59 9 1
59 2 1
59 2 1
59 2 1
59 2 1
59 2 1
60 11 0
60 11 0
60 11 1
60 11 1
60 11 1
60 11 1
60 11 1
60 11 1
60 9 1
60 9 1
60 9 1
60 9 1
60 9 0
60 9 1
60 9 0
60 9 0
60 9 1
60 9 0
60 9 1
60 9 0
60 9 1
60 9 0
60 9 1
60 9 1
60 9 1
60 9 0
60 9 0
60 2 1
60 2 1
60 2 1
60 2 1
61 9 1
61 9 1
61 9 0
61 9 0
61 9 0
61 9 0
61 9 1
61 9 0
61 9 0
61 9 0
61 9 0
61 9 1
61 9 0
61 9 0
61 9 0
61 9 0
61 9 0
61 9 1
61 9 0
61 9 0
61 9 0
61 9 0
61 4 0
61 4 1
61 4 1
61 4 1
61 4 0
61 4 0
62 11 0
62 11 1
62 11 0
62 11 1
62 11 1
62 11 1
62 11 1
62 11 0
62 11 1
62 11 1
62 11 1
62 11 1
62 11 1
62 11 1
62 11 1
62 11 1
62 11 1
62 11 1
62 11 1
62 11 1
62 11 0
62 11 1
62 2 1
62 2 1
62 2 1
62 2 1
62 2 1
62 2 1
62 2 0
62 9 1
62 9 1
62 9 1
62 9 1
62 9 0
62 9 1
62 9 0
62 9 0
62 9 1
62 9 1
62 9 0
62 9 1
62 9 0
62 9 0
62 9 0
62 9 1
62 9 0
62 9 0
62 9 1
62 9 0
62 9 0
62 9 1
62 9 0
62 9 0
62 4 1
62 4 1
62 4 1
62 4 1
62 4 0
62 12 1
62 12 0
62 12 0
62 12 1
62 12 1
62 6 1
62 6 1
62 6 1
62 6 1
62 6 1
63 8 1
63 8 0
63 8 1
63 8 0
63 8 1
63 5 1
63 5 1
63 5 1
63 5 1
63 5 0
63 5 1
63 5 1
63 9 1
63 9 1
63 9 1
63 9 1
63 9 0
63 9 1
63 9 1
63 9 1
63 9 0
63 9 0
63 9 1
63 9 1
63 9 1
63 9 1
63 9 0
63 9 1
63 9 1
63 9 0
63 9 1
63 9 1
63 9 1
63 9 0
63 9 1
63 9 1
63 9 1
63 9 1
63 9 1
63 9 1
63 9 0
63 9 1
63 9 1
63 9 1
63 9 1
63 9 1
63 4 1
63 4 1
63 4 1
63 4 1
63 4 0
63 4 1
63 2 1
63 2 1
63 2 1
63 2 1
63 2 1
63 2 1
63 2 0
63 10 1
63 10 1
63 10 0
63 10 1
63 10 0
63 10 1
63 10 1
63 10 0
63 10 0
64 8 0
64 8 1
64 8 1
64 8 1
64 8 0
64 16 1
64 16 1
64 16 1
64 16 1
64 5 0
64 5 1
64 5 1
64 5 0
64 5 1
64 2 1
64 2 1
64 2 1
64 2 1
64 2 1
64 2 1
64 2 1
64 2 1
64 2 1
64 2 1
64 2 1
64 2 0
64 1 0
64 1 0
64 1 1
64 1 1
64 1 1
64 1 1
64 9 1
64 9 1
64 9 1
64 9 1
64 9 1
64 9 1
64 9 1
64 9 1
64 9 0
64 9 0
64 9 0
64 9 1
64 9 1
64 9 1
64 9 1
64 9 0
64 9 1
64 9 1
64 9 0
64 9 0
64 9 0
64 9 0
64 9 0
64 9 0
64 9 1
64 9 1
64 9 1
64 9 1
64 9 1
64 9 1
64 9 1
64 9 1
64 9 0
64 9 1
64 4 0
64 4 0
64 4 1
64 4 1
64 4 1
64 13 1
64 13 1
64 13 1
64 13 1
64 3 0
64 3 0
64 3 0
64 3 0
64 10 1
64 10 1
64 10 1
64 10 1
64 10 1
64 10 1
64 6 1
64 6 1
64 6 0
64 6 1
64 6 1
65 11 1
65 11 1
65 11 1
65 11 1
65 11 0
65 11 1
65 16 1
65 16 1
65 16 1
65 16 1
65 5 1
65 5 0
65 5 1
65 5 1
65 5 1
65 5 1
65 2 0
65 2 1
65 2 1
65 2 1
65 2 1
65 2 1
65 2 1
65 2 1
65 9 1
65 9 1
65 9 1
65 9 1
65 9 1
65 9 1
65 9 1
65 9 1
65 9 1
65 9 0
65 9 0
65 9 1
65 9 0
65 9 1
65 9 1
65 9 1
65 9 1
65 9 1
65 9 0
65 9 0
65 9 0
65 9 1
65 9 0
65 9 1
65 9 0
65 9 0
65 9 0
65 9 1
65 9 1
65 9 0
65 9 0
65 9 1
65 9 1
65 9 1
65 9 1
65 13 1
65 13 1
65 13 0
65 13 1
65 8 1
65 8 1
65 8 1
65 8 1
65 10 1
65 10 0
65 10 1
65 10 0
65 10 0
65 10 1
65 10 0
65 10 1
65 10 0
66 9 1
66 9 0
66 9 0
66 9 0
66 9 1
66 9 1
66 9 0
66 9 0
66 9 0
66 9 0
66 9 0
66 9 0
66 9 1
66 9 0
66 2 1
66 2 1
66 2 1
66 2 1
67 11 0
67 11 1
67 11 1
67 11 0
67 11 1
67 11 0
67 11 0
67 11 0
67 11 0
67 11 1
67 11 0
67 11 1
67 11 0
67 11 1
67 11 1
67 11 0
67 11 0
67 11 1
67 11 0
67 9 1
67 9 0
67 9 1
67 9 0
67 9 1
67 9 0
67 9 0
67 9 0
67 9 1
67 9 1
67 9 0
67 9 0
67 9 0
67 9 0
67 9 1
67 9 0
67 9 0
67 9 0
67 9 0
67 9 1
67 9 0
68 16 1
68 16 1
68 16 1
68 16 1
68 2 0
68 2 1
68 2 1
68 2 1
68 2 1
68 2 1
68 2 1
68 2 1
68 2 1
68 2 0
68 2 1
68 2 0
68 9 1
68 9 0
68 9 1
68 9 0
68 9 1
68 9 0
68 9 0
68 9 0
68 9 1
68 9 0
68 9 1
68 9 1
68 9 1
68 9 0
68 9 1
68 9 0
68 9 1
68 9 0
68 9 1
68 9 0
68 9 0
68 9 1
68 9 1
68 9 1
68 9 1
68 6 1
68 6 1
68 6 1
68 6 1
68 6 1
69 9 0
69 9 1
69 9 1
69 9 0
69 9 0
69 9 0
69 9 0
69 9 0
69 9 1
69 9 1
69 9 0
69 9 0
69 9 0
69 9 1
69 9 0
69 9 0
69 2 1
69 2 1
69 2 1
69 2 1
69 2 1
70 11 1
70 11 1
70 11 1
70 11 0
70 7 1
70 7 1
70 7 0
70 7 1
70 5 1
70 5 1
70 5 1
70 5 0
70 5 1
70 13 1
70 13 1
70 13 0
70 13 1
70 13 0
70 13 1
70 13 1
70 9 1
70 9 1
70 9 1
70 9 1
70 9 0
70 9 1
70 9 1
70 9 1
70 9 0
70 9 1
70 9 1
70 9 0
70 9 0
70 9 1
70 9 1
70 9 1
70 9 1
70 9 0
70 9 1
70 9 1
70 9 1
70 9 1
70 9 0
70 9 1
70 1 1
70 1 1
70 1 1
70 1 1
70 1 1
70 20 1
70 20 1
70 20 1
70 20 1
70 4 0
70 4 1
70 4 1
70 4 1
70 4 1
70 4 0
70 2 1
70 2 1
70 2 1
70 2 1
70 2 1
70 2 1
70 2 1
70 2 1
70 2 1
70 2 1
70 2 1
70 2 1
70 2 1
70 2 1
70 2 1
70 2 1
70 10 1
70 10 1
70 10 0
70 10 1
71 11 1
71 11 1
71 11 0
71 11 1
71 11 0
71 11 0
71 11 1
71 11 1
71 11 1
71 11 1
71 11 1
71 11 1
71 11 1
71 7 1
71 7 1
71 7 1
71 7 1
71 7 1
71 5 1
71 5 1
71 5 1
71 5 1
71 9 1
71 9 0
71 9 1
71 9 1
71 9 1
71 9 1
71 9 1
71 9 1
71 9 1
71 9 0
71 9 1
71 9 1
71 9 0
71 9 0
71 9 0
71 9 0
71 9 0
71 9 1
71 9 1
71 9 0
71 4 1
71 4 1
71 4 1
71 4 1
71 4 1
71 4 0
71 10 1
71 10 1
71 10 1
71 10 1
71 10 0
71 10 1
71 10 0
71 10 1
72 11 0
72 11 0
72 11 0
72 11 0
72 11 0
72 11 0
72 11 0
72 11 1
72 11 1
72 1 1
72 1 1
72 1 1
72 1 1
72 2 1
72 2 1
72 2 1
72 2 1
72 2 0
72 2 1
72 2 0
72 2 0
72 3 0
72 3 0
72 3 0
72 3 0
72 3 0
72 3 0
72 9 1
72 9 1
72 9 1
72 9 1
72 9 0
72 9 0
72 9 0
72 9 0
72 9 1
72 9 0
72 9 0
72 9 0
72 9 0
72 9 0
72 9 1
72 9 1
72 9 0
72 9 1
72 9 0
72 9 0
72 9 0
72 9 1
72 9 0
72 9 1
72 9 0
73 11 0
73 11 0
73 11 0
73 11 0
73 11 0
73 11 0
73 11 1
73 11 1
73 11 0
73 11 0
73 11 0
73 11 0
73 7 0
73 7 1
73 7 0
73 7 1
73 5 0
73 5 0
73 5 1
73 5 1
73 5 0
73 5 1
73 5 1
73 5 1
73 5 1
73 9 1
73 9 1
73 9 1
73 9 0
73 9 0
73 9 0
73 9 1
73 9 1
73 9 1
73 9 1
73 9 0
73 9 0
73 9 0
73 9 1
73 9 1
73 9 1
73 9 1
73 9 1
73 9 0
73 9 0
73 9 0
73 9 1
73 9 0
73 1 1
73 1 1
73 1 1
73 1 1
73 20 1
73 20 1
73 20 1
73 20 1
73 20 1
73 20 1
73 4 0
73 4 1
73 4 1
73 4 1
73 4 1
73 4 0
73 4 0
73 3 0
73 3 0
73 3 0
73 3 0
73 3 0
73 3 0
73 10 1
73 10 1
73 10 1
73 10 0
73 10 0
73 10 1
74 11 0
74 11 1
74 11 1
74 11 0
74 11 1
74 11 1
74 11 1
74 11 1
74 11 1
74 8 1
74 8 1
74 8 1
74 8 0
74 8 1
74 4 1
74 4 1
74 4 1
74 4 1
74 5 1
74 5 1
74 5 0
74 5 1
74 5 1
74 9 0
74 9 0
74 9 1
74 9 1
74 9 1
74 9 0
74 9 1
74 9 0
74 9 0
74 9 0
74 9 1
74 9 0
74 9 1
74 9 1
74 9 1
74 9 1
74 9 1
74 9 1
74 9 1
74 9 1
74 9 1
74 9 1
74 9 1
74 9 1
74 9 1
74 9 1
74 9 1
74 9 1
74 9 1
74 9 1
74 9 1
75 9 1
75 9 1
75 9 0
75 9 1
75 9 1
75 9 0
75 9 0
75 9 1
75 9 0
75 9 0
75 9 0
75 9 1
75 9 1
75 9 0
75 9 0
75 9 0
75 9 0
75 9 0
75 9 0
75 9 1
75 9 1
75 9 1
75 9 1
75 2 1
75 2 1
75 2 1
75 2 0
76 8 0
76 8 1
76 8 1
76 8 1
76 8 1
76 8 1
76 7 1
76 7 1
76 7 1
76 7 1
76 7 1
76 5 0
76 5 1
76 5 1
76 5 1
76 5 1
76 5 1
76 5 1
76 1 1
76 1 1
76 1 1
76 1 1
76 9 1
76 9 1
76 9 0
76 9 1
76 9 0
76 9 1
76 9 1
76 9 1
76 9 1
76 9 1
76 9 1
76 9 1
76 9 1
76 9 1
76 9 1
76 9 1
76 9 1
76 9 1
76 9 0
76 9 1
76 9 1
76 9 0
76 9 1
76 9 1
76 9 1
76 9 1
76 9 0
76 9 1
76 9 1
76 9 1
76 9 1
76 9 1
76 9 1
76 9 1
76 9 1
76 9 1
76 9 1
76 4 1
76 4 1
76 4 1
76 4 1
76 4 1
76 2 1
76 2 1
76 2 1
76 2 1
76 2 1
76 2 1
76 2 1
76 2 0
76 3 0
76 3 0
76 3 0
76 3 0
76 10 1
76 10 1
76 10 1
76 10 1
76 10 1
76 10 1
76 10 1
76 10 1
76 10 1
76 10 1
76 10 0
76 6 1
76 6 1
76 6 1
76 6 1
76 6 1
76 6 1
77 11 1
77 11 1
77 11 0
77 11 1
77 11 1
77 11 0
77 9 1
77 9 1
77 9 1
77 9 0
77 9 1
77 9 1
77 9 0
77 9 0
77 9 1
77 9 0
77 9 1
77 9 1
77 9 1
77 9 0
77 9 1
77 9 1
77 9 0
77 9 1
77 9 1
77 9 1
77 2 0
77 2 1
77 2 1
77 2 1
77 2 1
77 2 1
78 9 1
78 9 0
78 9 1
78 9 1
78 9 0
78 9 1
78 9 0
78 9 0
78 9 0
78 9 0
78 9 0
78 9 1
78 9 0
78 9 0
78 9 0
78 9 1
78 9 0
78 9 0
78 9 1
78 9 0
78 9 0
78 9 0
78 9 1
78 9 0
78 9 1
78 9 1
78 4 1
78 4 1
78 4 1
78 4 0
78 2 0
78 2 1
78 2 1
78 2 1
78 2 1
78 2 1
78 2 1
78 2 1
78 2 1
78 2 1
78 2 1
78 2 1
78 2 1
78 2 1
78 3 0
78 3 0
78 3 0
78 3 0
78 3 0
78 10 1
78 10 0
78 10 1
78 10 0
78 10 1
79 9 1
79 9 1
79 9 1
79 9 1
79 9 1
79 9 0
79 9 1
79 9 1
79 9 0
79 9 0
79 9 1
79 9 0
79 2 1
79 2 1
79 2 1
79 2 1
79 2 1
79 2 1
79 2 1
79 2 1
79 2 0
79 2 1
80 11 0
80 11 0
80 11 1
80 11 0
80 11 0
80 11 1
80 11 0
80 11 1
80 11 1
80 1 1
80 1 1
80 1 1
80 1 1
80 1 1
80 1 1
80 2 1
80 2 1
80 2 1
80 2 1
80 2 1
80 2 1
80 2 1
80 14 1
80 14 1
80 14 1
80 14 1
80 9 1
80 9 0
80 9 0
80 9 1
80 9 0
80 9 0
80 9 0
80 9 1
80 9 1
80 9 0
80 9 1
80 9 1
80 9 1
80 9 1
80 9 1
80 9 0
80 9 1
80 9 0
80 9 0
80 9 0
80 9 0
80 9 1
80 9 0
81 8 0
81 8 1
81 8 0
81 8 1
81 5 1
81 5 1
81 5 0
81 5 1
81 5 0
81 5 1
81 5 0
81 5 0
81 5 1
81 2 1
81 2 1
81 2 1
81 2 1
81 2 1
81 2 1
81 2 1
81 2 1
81 2 1
81 10 1
81 10 0
81 10 0
81 10 1
81 10 0
81 10 0
81 10 1
81 9 1
81 9 0
81 9 1
81 9 1
81 9 0
81 9 0
81 9 1
81 9 1
81 9 0
81 9 1
81 9 1
81 9 1
81 9 0
81 9 1
81 9 1
81 9 1
81 9 1
81 9 1
81 9 1
81 9 1
81 9 1
81 9 1
81 9 1
81 9 0
81 9 1
81 9 1
81 9 1
81 9 1
81 9 1
81 9 0
81 9 0
81 9 1
81 4 1
81 4 1
81 4 1
81 4 1
81 4 1
81 13 1
81 13 0
81 13 1
81 13 1
81 15 1
81 15 1
81 15 1
81 15 1
81 6 1
81 6 1
81 6 1
81 6 1
82 5 1
82 5 1
82 5 1
82 5 0
82 2 1
82 2 1
82 2 1
82 2 1
82 2 1
82 2 1
82 2 1
82 2 1
82 2 1
82 2 1
82 2 1
82 2 1
82 2 1
82 9 0
82 9 1
82 9 0
82 9 0
82 9 0
82 9 0
82 9 1
82 9 1
82 9 0
82 9 1
82 9 1
82 9 0
82 9 0
82 9 0
82 9 0
82 9 1
82 9 1
82 9 1
82 9 0
82 9 1
82 9 1
82 9 1
82 9 1
82 4 0
82 4 1
82 4 1
82 4 1
82 4 0
82 4 0
82 4 0
82 4 1
82 13 1
82 13 1
82 13 1
82 13 1
82 13 1
82 13 1
82 3 0
82 3 0
82 3 0
82 3 0
82 3 0
82 3 0
82 3 0
82 10 1
82 10 1
82 10 1
82 10 1
83 5 1
83 5 1
83 5 1
83 5 1
83 5 1
83 5 1
83 5 1
83 5 0
83 5 0
83 1 1
83 1 1
83 1 1
83 1 1
83 1 1
83 1 1
83 9 0
83 9 1
83 9 1
83 9 1
83 9 0
83 9 0
83 9 1
83 9 0
83 9 0
83 9 1
83 9 0
83 9 0
83 9 0
83 9 0
83 9 0
83 9 1
83 9 0
83 9 1
83 9 0
83 4 0
83 4 1
83 4 1
83 4 1
83 4 0
83 4 0
83 4 1
83 2 1
83 2 1
83 2 1
83 2 0
83 2 1
83 3 0
83 3 0
83 3 0
83 3 0
83 10 1
83 10 1
83 10 0
83 10 1
84 7 1
84 7 1
84 7 1
84 7 1
84 5 1
84 5 0
84 5 1
84 5 0
84 5 1
84 5 1
84 5 1
84 5 1
84 5 1
84 5 1
84 5 0
84 1 0
84 1 1
84 1 1
84 1 1
84 1 1
84 9 1
84 9 0
84 9 0
84 9 0
84 9 0
84 9 0
84 9 1
84 9 0
84 9 1
84 9 1
84 9 0
84 9 0
84 9 1
84 9 0
84 9 0
84 9 0
84 9 1
84 9 0
84 4 0
84 4 1
84 4 1
84 4 1
84 4 1
84 2 0
84 2 1
84 2 0
84 2 1
84 2 1
84 2 1
84 2 1
84 2 0
84 3 0
84 3 0
84 3 0
84 3 0
84 3 0
85 11 1
85 11 1
85 11 0
85 11 1
85 11 1
85 9 1
85 9 1
85 9 0
85 9 1
85 9 1
85 9 0
85 9 0
85 9 0
85 9 0
85 9 1
85 9 0
85 9 1
85 9 1
85 9 0
85 5 1
85 5 1
85 5 1
85 5 1
85 5 1
85 5 1
85 5 1
85 5 1
85 2 1
85 2 0
85 2 1
85 2 1
85 2 1
85 2 1
85 2 1
85 2 1
85 2 1
85 2 1
85 15 1
85 15 1
85 15 0
85 15 1
86 8 1
86 8 0
86 8 1
86 8 1
86 8 1
86 16 1
86 16 1
86 16 1
86 16 1
86 16 0
86 16 1
86 16 1
86 16 1
86 5 1
86 5 1
86 5 1
86 5 1
86 5 1
86 5 1
86 5 1
86 5 1
86 5 1
86 5 1
86 2 1
86 2 1
86 2 1
86 2 1
86 2 1
86 7 0
86 7 1
86 7 1
86 7 1
86 7 1
86 7 0
86 7 1
86 7 1
86 7 1
86 1 1
86 1 1
86 1 1
86 1 1
86 9 1
86 9 1
86 9 1
86 9 1
86 9 1
86 9 0
86 9 0
86 9 1
86 9 1
86 9 1
86 9 1
86 9 1
86 9 1
86 9 1
86 9 1
86 9 1
86 9 1
86 9 1
86 9 1
86 9 1
86 9 1
86 9 1
86 9 1
86 9 1
86 9 1
86 9 1
86 9 1
86 9 1
86 9 1
86 9 1
86 9 0
86 9 1
86 9 0
86 9 1
86 9 1
86 9 1
86 4 1
86 4 1
86 4 1
86 4 1
86 13 1
86 13 1
86 13 1
86 13 1
86 10 1
86 10 0
86 10 1
86 10 1
86 6 1
86 6 1
86 6 1
86 6 1
86 6 1
86 6 1
86 6 1
87 8 0
87 8 0
87 8 0
87 8 1
87 13 1
87 13 0
87 13 1
87 13 1
87 9 1
87 9 1
87 9 1
87 9 0
87 9 1
87 9 0
87 9 1
87 9 1
87 9 0
87 9 1
87 9 0
87 9 1
87 9 0
87 9 1
87 9 0
87 9 0
87 9 0
87 9 0
87 9 0
87 9 1
87 9 0
87 9 1
87 20 0
87 20 1
87 20 1
87 20 1
87 15 0
87 15 1
87 15 1
87 15 1
87 2 0
87 2 0
87 2 1
87 2 1
87 2 1
87 2 1
87 2 0
87 2 1
87 2 1
87 6 1
87 6 1
87 6 1
87 6 1
88 2 0
88 2 1
88 2 1
88 2 1
88 16 1
88 16 1
88 16 1
88 16 1
88 5 1
88 5 0
88 5 1
88 5 0
88 5 1
88 5 1
88 5 1
88 5 1
88 19 0
88 19 1
88 19 1
88 19 1
88 19 1
88 19 1
88 19 1
88 7 1
88 7 1
88 7 1
88 7 0
88 7 1
88 1 0
88 1 0
88 1 1
88 1 1
88 1 1
88 9 1
88 9 0
88 9 1
88 9 0
88 9 1
88 9 0
88 9 1
88 9 1
88 9 1
88 9 1
88 9 1
88 9 1
88 9 0
88 9 1
88 9 1
88 9 1
88 9 1
88 9 1
88 9 1
88 9 1
88 9 1
88 9 1
88 9 1
88 9 1
88 9 1
88 9 1
88 9 1
88 9 1
88 9 0
88 9 0
88 9 1
88 9 0
88 9 1
88 9 1
88 4 0
88 4 1
88 4 1
88 4 1
88 4 1
88 13 1
88 13 1
88 13 1
88 13 1
88 8 0
88 8 1
88 8 0
88 8 1
88 10 1
88 10 1
88 10 1
88 10 1
88 10 1
88 10 1
88 10 1
88 10 1
88 10 1
88 10 1
88 10 1
89 9 0
89 9 1
89 9 0
89 9 0
89 9 0
89 9 1
89 9 0
89 9 1
89 9 1
89 9 0
89 9 0
89 9 0
89 9 1
89 9 0
89 9 0
89 9 0
89 9 0
89 9 0
89 2 1
89 2 1
89 2 1
89 2 1
89 2 1
89 2 1
89 2 1
89 2 1
89 2 1
90 11 0
90 11 0
90 11 1
90 11 0
90 11 0
90 5 1
90 5 0
90 5 1
90 5 1
90 5 1
90 5 1
90 5 0
90 5 1
90 5 1
90 1 0
90 1 1
90 1 1
90 1 1
90 1 1
90 9 0
90 9 0
90 9 0
90 9 1
90 9 1
90 9 0
90 9 1
90 9 1
90 9 1
90 9 0
90 9 0
90 9 0
90 9 1
90 9 1
90 9 1
90 9 0
90 9 0
90 9 1
90 9 0
90 9 1
90 2 1
90 2 1
90 2 1
90 2 1
90 2 1
90 2 1
90 2 1
90 3 0
90 3 0
90 3 0
90 3 0
90 3 0
91 9 0
91 9 0
91 9 0
91 9 0
91 9 1
91 9 1
91 9 0
91 9 0
91 9 1
91 9 0
91 9 0
91 2 1
91 2 1
91 2 1
91 2 1
91 2 1
91 2 1
91 2 1
