1 13 1
1 13 1
1 13 0
1 13 0
1 13 1
1 13 1
1 13 1
1 10 1
1 10 1
1 10 1
1 10 1
1 10 1
1 9 0
1 9 1
1 9 0
1 9 1
1 9 1
1 4 1
1 4 0
1 4 0
1 4 1
1 12 1
1 12 1
1 12 1
1 12 1
1 14 1
1 14 0
1 14 0
1 14 0
1 14 0
1 14 1
1 14 1
1 14 1
1 14 0
1 14 0
1 14 1
1 14 0
1 14 1
1 14 0
1 14 0
1 14 0
1 14 1
1 14 0
1 14 1
1 14 0
1 14 1
1 14 1
1 14 1
1 14 1
1 14 0
1 14 1
1 14 0
1 14 0
1 14 1
1 14 0
1 14 0
1 14 1
1 14 0
1 14 1
1 14 0
1 14 0
1 14 1
1 14 0
1 14 1
1 14 1
1 8 1
1 8 1
1 8 0
1 8 1
1 8 1
1 8 1
1 8 1
1 8 1
1 8 1
1 8 1
1 8 1
1 8 1
1 8 1
1 8 1
1 8 1
1 8 1
1 8 1
1 8 1
1 8 1
1 8 1
1 8 1
1 8 1
1 8 1
1 8 1
1 8 1
1 21 1
1 21 1
1 21 1
1 21 1
1 16 1
1 16 1
1 16 1
1 16 1
1 16 1
1 16 1
1 16 1
1 3 0
1 3 1
1 3 1
1 3 1
2 13 1
2 13 1
2 13 1
2 13 1
2 13 1
2 13 1
2 9 1
2 9 0
2 9 1
2 9 1
2 9 0
2 9 1
2 14 1
2 14 1
2 14 1
2 14 0
2 14 1
2 14 1
2 14 0
2 14 0
2 14 1
2 14 0
2 14 1
2 14 1
2 14 1
2 14 0
2 14 1
2 14 1
2 14 1
2 14 1
2 14 1
2 14 1
2 14 1
2 14 1
2 14 1
2 14 1
2 14 0
2 14 1
2 14 1
2 14 1
2 14 1
2 14 1
2 14 1
2 14 1
2 14 1
2 14 1
2 14 0
2 14 1
2 5 1
2 5 1
2 5 1
2 5 1
2 5 1
2 8 1
2 8 1
2 8 1
2 8 1
2 8 1
2 8 1
2 8 1
2 16 1
2 16 1
2 16 1
2 16 1
2 16 1
3 13 1
3 13 1
3 13 0
3 13 1
3 13 1
3 13 1
3 13 1
3 13 0
3 13 0
3 13 1
3 13 1
3 13 1
3 9 1
3 9 1
3 9 1
3 9 0
3 9 1
3 9 1
3 9 1
3 21 1
3 21 1
3 21 1
3 21 0
3 21 1
3 20 1
3 20 1
3 20 1
3 20 1
3 2 1
3 2 1
3 2 1
3 2 1
3 2 1
3 17 0
3 17 1
3 17 1
3 17 1
3 17 1
3 14 1
3 14 1
3 14 1
3 14 1
3 14 1
3 14 1
3 14 1
3 14 1
3 14 0
3 14 1
3 14 0
3 14 1
3 14 0
3 14 0
3 14 1
3 14 1
3 14 1
3 14 1
3 14 1
3 14 1
3 14 0
3 14 1
3 14 1
3 14 1
3 14 1
3 14 1
3 14 1
3 14 1
3 14 1
3 14 1
3 14 1
3 14 1
3 14 1
3 14 1
3 14 1
3 14 1
3 14 1
3 14 1
3 14 1
3 14 1
3 14 1
3 14 1
3 14 1
3 5 0
3 5 1
3 5 1
3 5 1
3 5 1
3 5 1
3 8 1
3 8 1
3 8 1
3 8 1
3 8 1
3 8 1
3 8 1
3 8 1
3 8 1
3 8 1
3 8 1
3 8 0
3 8 1
3 8 1
3 16 1
3 16 1
3 16 0
3 16 0
3 16 1
3 16 1
3 16 0
3 16 1
3 10 1
3 10 1
3 10 1
3 10 0
3 12 1
3 12 0
3 12 1
3 12 1
3 12 1
3 12 1
3 12 1
3 12 1
3 12 1
3 12 1
3 12 1
3 7 1
3 7 1
3 7 1
3 7 1
3 7 1
3 7 1
3 19 1
3 19 1
3 19 1
3 19 1
3 19 1
3 19 1
3 3 1
3 3 1
3 3 1
3 3 1
3 15 0
3 15 0
3 15 0
3 15 0
3 15 0
3 15 0
3 15 0
3 15 0
4 1 0
4 1 1
4 1 1
4 1 1
4 1 1
4 1 0
4 1 1
4 1 1
4 1 1
4 13 1
4 13 0
4 13 0
4 13 1
4 13 1
4 9 0
4 9 1
4 9 1
4 9 1
4 9 1
4 9 0
4 9 1
4 9 1
4 21 1
4 21 1
4 21 1
4 21 1
4 21 1
4 21 1
4 2 1
4 2 0
4 2 1
4 2 1
4 17 1
4 17 1
4 17 1
4 17 0
4 17 1
4 14 0
4 14 1
4 14 1
4 14 1
4 14 1
4 14 1
4 14 0
4 14 0
4 14 1
4 14 0
4 14 1
4 14 1
4 14 0
4 14 0
4 14 1
4 14 0
4 14 0
4 14 0
4 14 0
4 14 0
4 14 0
4 14 1
4 14 0
4 14 1
4 14 1
4 14 0
4 14 0
4 14 1
4 14 1
4 14 1
4 14 0
4 14 1
4 14 1
4 14 0
4 14 1
4 14 0
4 14 1
4 14 1
4 14 0
4 14 1
4 14 0
4 5 1
4 5 1
4 5 1
4 5 1
4 5 1
4 8 1
4 8 1
4 8 1
4 8 1
4 8 1
4 8 1
4 8 1
4 8 1
4 8 1
4 8 1
4 8 1
4 8 1
4 8 1
4 8 1
4 8 1
4 16 1
4 16 0
4 16 1
4 16 1
4 16 1
4 16 1
4 16 0
4 10 1
4 10 1
4 10 1
4 10 1
4 12 1
4 12 1
4 12 1
4 12 1
4 12 0
4 4 1
4 4 1
4 4 1
4 4 0
4 15 0
4 15 0
4 15 0
4 15 0
4 15 0
5 1 0
5 1 1
5 1 0
5 1 1
5 13 1
5 13 1
5 13 0
5 13 0
5 13 0
5 13 1
5 13 1
5 13 1
5 9 1
5 9 1
5 9 1
5 9 1
5 9 1
5 9 1
5 9 1
5 8 1
5 8 1
5 8 1
5 8 1
5 8 1
5 8 1
5 8 1
5 8 1
5 8 1
5 8 1
5 8 1
5 8 1
5 8 1
5 17 1
5 17 1
5 17 1
5 17 1
5 17 1
5 14 1
5 14 0
5 14 1
5 14 1
5 14 1
5 14 1
5 14 1
5 14 0
5 14 0
5 14 1
5 14 0
5 14 0
5 14 0
5 14 1
5 14 1
5 14 1
5 14 1
5 14 1
5 14 0
5 14 1
5 14 1
5 14 1
5 14 1
5 14 1
5 14 1
5 14 1
5 14 1
5 14 1
5 14 1
5 14 1
5 14 1
5 14 1
5 14 1
5 14 1
5 14 1
5 14 1
5 14 1
5 14 1
5 5 0
5 5 1
5 5 1
5 5 1
5 5 1
5 3 1
5 3 1
5 3 1
5 3 1
5 3 1
5 3 1
5 3 1
5 16 1
5 16 1
5 16 1
5 16 0
5 16 1
5 16 1
5 16 1
6 1 0
6 1 0
6 1 0
6 1 0
6 1 0
6 1 0
6 1 0
6 1 1
6 18 1
6 18 1
6 18 1
6 18 1
6 9 1
6 9 1
6 9 1
6 9 0
6 9 1
6 9 1
6 9 0
6 16 0
6 16 1
6 16 1
6 16 1
6 16 0
6 16 1
6 17 0
6 17 1
6 17 1
6 17 1
6 17 1
6 17 1
6 17 1
6 14 1
6 14 1
6 14 1
6 14 0
6 14 1
6 14 1
6 14 1
6 14 0
6 14 1
6 14 1
6 14 1
6 14 1
6 14 1
6 14 1
6 14 1
6 14 1
6 14 1
6 14 1
6 14 1
6 14 1
6 14 1
6 14 1
6 14 0
6 14 1
6 14 1
6 14 1
6 14 1
6 14 1
6 14 0
6 5 0
6 5 1
6 5 1
6 5 1
6 5 1
6 8 1
6 8 1
6 8 1
6 8 1
6 8 1
6 8 1
6 8 1
6 13 0
6 13 1
6 13 1
6 13 0
6 10 1
6 10 1
6 10 1
6 10 1
6 10 1
7 9 1
7 9 0
7 9 1
7 9 1
7 9 0
7 4 0
7 4 0
7 4 1
7 4 0
7 4 1
7 20 0
7 20 1
7 20 1
7 20 0
7 17 1
7 17 1
7 17 0
7 17 1
7 14 1
7 14 0
7 14 0
7 14 1
7 14 1
7 14 1
7 14 0
7 14 0
7 14 0
7 14 1
7 14 1
7 14 0
7 14 0
7 14 0
7 14 0
7 14 0
7 14 1
7 14 1
7 14 1
7 14 0
7 14 1
7 14 1
7 14 0
7 14 1
7 14 1
7 14 1
7 14 0
7 14 0
7 14 1
7 14 0
7 14 1
7 14 0
7 14 0
7 14 0
7 5 0
7 5 1
7 5 1
7 5 1
7 5 1
7 5 0
7 5 0
7 8 1
7 8 1
7 8 1
7 8 1
7 8 1
7 8 1
7 8 1
7 8 1
7 8 1
7 32 0
7 32 0
7 32 0
7 32 0
7 16 1
7 16 1
7 16 0
7 16 1
7 10 1
7 10 1
7 10 1
7 10 1
7 10 1
7 10 1
7 10 1
7 3 0
7 3 1
7 3 0
7 3 0
7 3 0
7 3 0
7 15 0
7 15 0
7 15 0
7 15 0
8 13 1
8 13 1
8 13 1
8 13 1
8 9 0
8 9 1
8 9 1
8 9 1
8 9 1
8 9 1
8 9 1
8 9 1
8 9 1
8 9 1
8 9 1
8 9 1
8 9 1
8 4 0
8 4 1
8 4 1
8 4 1
8 20 1
8 20 1
8 20 1
8 20 1
8 20 1
8 17 1
8 17 1
8 17 1
8 17 1
8 17 1
8 17 1
8 14 1
8 14 1
8 14 0
8 14 1
8 14 1
8 14 1
8 14 1
8 14 1
8 14 1
8 14 1
8 14 1
8 14 1
8 14 1
8 14 1
8 14 1
8 14 1
8 14 1
8 14 1
8 14 1
8 14 1
8 14 1
8 14 1
8 14 1
8 14 1
8 14 1
8 14 1
8 14 1
8 14 1
8 14 1
8 14 1
8 14 1
8 14 1
8 14 1
8 14 1
8 14 1
8 14 1
8 14 1
8 14 1
8 14 1
8 5 1
8 5 1
8 5 1
8 5 1
8 8 1
8 8 1
8 8 1
8 8 1
8 8 1
8 8 1
8 8 1
8 8 1
8 8 1
8 8 1
8 8 1
8 8 1
8 8 1
8 8 1
8 8 1
8 8 1
8 16 1
8 16 1
8 16 1
8 16 1
8 16 1
8 16 1
8 16 1
8 16 1
8 16 1
8 16 1
8 16 1
8 10 1
8 10 1
8 10 1
8 10 1
8 10 1
8 10 1
8 10 1
8 12 1
8 12 0
8 12 1
8 12 1
8 12 1
8 12 1
8 12 1
8 12 1
8 24 1
8 24 0
8 24 1
8 24 1
8 3 1
8 3 1
8 3 1
8 3 1
8 3 1
8 3 1
9 13 1
9 13 1
9 13 1
9 13 1
9 13 1
9 13 1
9 13 1
9 13 1
9 9 0
9 9 1
9 9 0
9 9 1
9 9 1
9 9 1
9 9 1
9 9 0
9 9 1
9 9 1
9 3 1
9 3 1
9 3 1
9 3 0
9 20 1
9 20 1
9 20 1
9 20 1
9 2 1
9 2 1
9 2 1
9 2 1
9 17 0
9 17 1
9 17 1
9 17 1
9 17 1
9 17 1
9 17 0
9 14 1
9 14 1
9 14 1
9 14 1
9 14 1
9 14 1
9 14 1
9 14 0
9 14 0
9 14 0
9 14 1
9 14 1
9 14 1
9 14 0
9 14 1
9 14 1
9 14 0
9 14 0
9 14 1
9 14 0
9 14 1
9 14 1
9 14 1
9 14 1
9 14 1
9 14 0
9 14 1
9 14 1
9 14 1
9 14 1
9 14 1
9 14 1
9 14 1
9 14 0
9 14 0
9 14 0
9 14 0
9 14 1
9 14 1
9 14 1
9 14 1
9 14 0
9 5 0
9 5 1
9 5 1
9 5 1
9 5 1
9 8 1
9 8 1
9 8 1
9 8 1
9 8 1
9 8 1
9 8 1
9 8 1
9 8 1
9 8 1
9 8 1
9 8 1
9 8 1
9 8 1
9 8 1
9 8 1
9 8 1
9 8 0
9 8 0
9 16 1
9 16 1
9 16 1
9 16 1
9 16 1
9 16 1
9 16 1
9 16 1
9 16 1
9 16 1
9 16 1
9 10 1
9 10 1
9 10 1
9 10 1
9 10 1
9 10 1
9 10 1
9 18 1
9 18 1
9 18 1
9 18 1
9 21 1
9 21 1
9 21 1
9 21 1
9 21 1
9 21 1
9 21 1
9 4 1
9 4 1
9 4 1
9 4 0
9 15 1
9 15 0
9 15 0
9 15 0
10 13 1
10 13 1
10 13 1
10 13 1
10 13 1
10 13 1
10 12 1
10 12 1
10 12 1
10 12 1
10 12 0
10 3 0
10 3 1
10 3 1
10 3 1
10 3 1
10 3 1
10 3 1
10 3 1
10 14 1
10 14 1
10 14 0
10 14 0
10 14 0
10 14 0
10 14 0
10 14 1
10 14 0
10 14 0
10 14 0
10 14 0
10 14 1
10 14 1
10 14 1
10 14 1
10 14 1
10 14 1
10 14 1
10 14 1
10 14 1
10 14 1
10 14 1
10 14 1
10 14 1
10 14 1
10 14 1
10 14 1
10 14 1
10 14 1
10 14 1
10 14 1
10 14 1
10 14 1
10 14 1
10 14 1
10 14 1
10 14 1
10 14 1
10 14 1
10 14 1
10 14 1
10 14 1
10 14 1
10 14 1
10 7 1
10 7 1
10 7 1
10 7 1
10 19 0
10 19 1
10 19 1
10 19 1
10 19 1
10 8 1
10 8 1
10 8 1
10 8 1
10 8 1
10 8 1
10 8 1
10 8 0
10 8 1
10 8 1
10 16 1
10 16 1
10 16 1
10 16 1
10 16 1
10 16 1
10 16 1
10 16 1
10 16 1
10 16 1
10 10 1
10 10 1
10 10 1
10 10 1
10 10 1
10 10 1
10 10 1
10 10 1
10 10 1
10 10 1
10 10 1
10 10 1
10 10 1
11 1 1
11 1 1
11 1 1
11 1 1
11 1 1
11 1 1
11 1 1
11 1 1
11 1 0
11 1 1
11 1 1
11 1 1
11 1 1
11 1 1
11 1 1
11 1 1
11 1 1
11 1 1
11 1 0
11 1 1
11 1 1
11 1 1
11 1 1
11 1 1
11 1 1
11 1 1
11 1 1
11 1 1
11 1 1
11 1 1
11 11 1
11 11 1
11 11 1
11 11 1
11 9 0
11 9 1
11 9 1
11 9 1
11 9 1
11 9 1
11 3 0
11 3 1
11 3 1
11 3 1
11 3 0
11 3 0
11 3 1
11 3 1
11 3 1
11 3 1
11 3 0
11 14 0
11 14 1
11 14 1
11 14 1
11 14 1
11 14 0
11 14 0
11 14 0
11 14 1
11 14 1
11 14 0
11 14 0
11 14 0
11 14 1
11 14 1
11 14 1
11 14 1
11 14 0
11 14 1
11 14 0
11 14 0
11 14 0
11 14 0
11 14 1
11 14 1
11 14 0
11 14 0
11 14 0
11 14 0
11 14 0
11 14 1
11 14 1
11 14 0
11 14 1
11 14 1
11 14 0
11 8 1
11 8 1
11 8 1
11 8 1
11 8 1
11 8 1
11 8 1
11 8 1
11 8 1
11 8 1
11 8 1
11 8 1
11 8 1
11 8 1
11 8 1
11 8 1
11 8 1
11 8 1
11 8 1
11 8 1
11 8 1
11 8 1
11 8 1
11 8 1
11 8 1
11 8 1
11 8 1
11 8 1
11 13 1
11 13 1
11 13 0
11 13 1
11 13 0
11 13 1
11 13 1
11 16 1
11 16 0
11 16 1
11 16 1
12 13 1
12 13 1
12 13 1
12 13 1
12 13 1
12 13 1
12 12 1
12 12 1
12 12 1
12 12 1
12 12 1
12 12 1
12 12 1
12 9 1
12 9 0
12 9 1
12 9 1
12 9 1
12 9 0
12 3 0
12 3 1
12 3 0
12 3 1
12 20 1
12 20 1
12 20 1
12 20 1
12 20 1
12 2 1
12 2 1
12 2 1
12 2 1
12 14 1
12 14 1
12 14 1
12 14 1
12 14 1
12 14 0
12 14 0
12 14 0
12 14 1
12 14 1
12 14 0
12 14 0
12 14 1
12 14 1
12 14 1
12 14 1
12 14 1
12 14 0
12 14 1
12 14 1
12 14 1
12 14 1
12 14 1
12 14 1
12 14 1
12 14 0
12 14 1
12 14 1
12 14 1
12 14 1
12 14 1
12 14 1
12 14 1
12 14 1
12 14 1
12 14 1
12 14 1
12 7 1
12 7 1
12 7 1
12 7 1
12 7 0
12 7 1
12 5 0
12 5 1
12 5 1
12 5 1
12 5 1
12 5 0
12 5 1
12 5 1
12 5 1
12 5 1
12 5 1
12 8 1
12 8 1
12 8 1
12 8 1
12 8 1
12 8 0
12 8 1
12 8 1
12 8 1
12 8 1
12 16 1
12 16 0
12 16 1
12 16 1
12 16 1
12 16 0
12 16 1
12 16 1
12 16 1
12 16 1
12 16 1
12 16 1
13 14 0
13 14 0
13 14 0
13 14 0
13 14 0
13 14 1
13 14 0
13 14 1
13 14 1
13 14 1
13 14 1
13 14 0
13 14 0
13 14 0
13 14 1
13 14 1
13 14 1
13 14 1
13 14 0
13 14 0
13 14 0
13 14 1
13 14 1
13 14 1
13 14 1
13 14 1
13 10 0
13 10 0
13 10 1
13 10 1
13 10 1
13 10 1
14 1 0
14 1 0
14 1 1
14 1 1
14 1 0
14 1 1
14 1 1
14 1 1
14 1 1
14 1 0
14 1 1
14 1 1
14 1 1
14 1 1
14 1 0
14 1 1
14 1 1
14 1 1
14 12 1
14 12 1
14 12 1
14 12 0
14 12 0
14 9 1
14 9 1
14 9 1
14 9 0
14 3 0
14 3 1
14 3 1
14 3 0
14 16 1
14 16 1
14 16 1
14 16 1
14 16 1
14 16 1
14 16 1
14 16 1
14 16 0
14 16 0
14 2 0
14 2 1
14 2 1
14 2 1
14 2 1
14 14 1
14 14 1
14 14 0
14 14 1
14 14 0
14 14 1
14 14 0
14 14 0
14 14 0
14 14 0
14 14 0
14 14 0
14 14 1
14 14 0
14 14 0
14 14 1
14 14 0
14 14 1
14 14 1
14 14 1
14 14 1
14 14 1
14 14 1
14 14 1
14 14 1
14 14 0
14 14 0
14 14 0
14 14 0
14 14 0
14 14 0
14 14 0
14 14 1
14 14 1
14 14 1
14 14 1
14 14 1
14 14 1
14 8 1
14 8 1
14 8 0
14 8 1
14 8 1
14 8 1
14 8 0
14 15 0
14 15 0
14 15 0
14 15 0
14 15 0
14 15 0
14 15 0
14 13 0
14 13 0
14 13 1
14 13 1
14 13 1
14 10 1
14 10 1
14 10 1
14 10 1
14 10 1
15 9 1
15 9 1
15 9 1
15 9 0
15 9 1
15 9 1
15 9 0
15 9 1
15 17 1
15 17 1
15 17 1
15 17 1
15 17 1
15 14 1
15 14 0
15 14 0
15 14 0
15 14 1
15 14 1
15 14 1
15 14 1
15 14 1
15 14 1
15 14 0
15 14 0
15 14 1
15 14 0
15 14 0
15 14 0
15 14 1
15 14 1
15 14 1
15 14 1
15 14 1
15 14 1
15 14 1
15 14 1
15 14 0
15 14 1
15 14 1
15 14 1
15 14 1
15 14 1
15 14 1
15 14 0
15 14 1
15 14 1
15 14 1
15 14 1
15 14 1
15 5 1
15 5 1
15 5 1
15 5 0
15 5 1
15 8 1
15 8 1
15 8 1
15 8 1
15 8 1
15 8 1
15 8 1
15 8 1
15 16 1
15 16 1
15 16 1
15 16 0
15 16 0
15 10 1
15 10 1
15 10 1
15 10 1
15 10 1
15 10 1
15 10 1
15 10 1
15 10 1
16 1 1
16 1 1
16 1 1
16 1 1
16 1 0
16 1 0
16 1 0
16 1 1
16 1 0
16 1 0
16 1 1
16 1 0
16 1 0
16 1 0
16 1 1
16 1 1
16 1 1
16 1 1
16 1 1
16 1 1
16 1 1
16 1 1
16 13 1
16 13 1
16 13 1
16 13 0
16 13 0
16 13 0
16 13 1
16 13 1
16 13 0
16 9 1
16 9 0
16 9 0
16 9 1
16 8 1
16 8 1
16 8 1
16 8 1
16 8 1
16 8 1
16 8 1
16 8 1
16 8 1
16 8 1
16 8 1
16 8 1
16 8 0
16 8 1
16 14 1
16 14 1
16 14 1
16 14 1
16 14 1
16 14 1
16 14 1
16 14 0
16 14 1
16 14 1
16 14 0
16 14 0
16 14 0
16 14 1
16 14 1
16 14 0
16 14 1
16 14 1
16 14 1
16 14 1
16 14 1
16 14 1
16 14 1
16 14 1
16 14 0
16 14 1
16 14 1
16 14 1
16 14 1
16 14 1
16 14 1
16 14 1
16 14 1
16 14 1
16 14 0
16 14 1
16 14 1
16 14 1
16 14 0
16 7 1
16 7 1
16 7 1
16 7 1
16 5 1
16 5 1
16 5 1
16 5 1
16 5 1
16 5 0
16 5 1
16 3 0
16 3 1
16 3 1
16 3 1
16 16 1
16 16 1
16 16 1
16 16 1
16 16 1
16 16 1
16 16 1
16 16 0
16 10 1
16 10 1
16 10 1
16 10 1
16 10 1
16 10 1
16 10 1
16 10 1
16 10 1
16 10 1
16 10 1
17 1 1
17 1 1
17 1 0
17 1 0
17 1 0
17 1 1
17 1 0
17 1 0
17 1 1
17 1 0
17 1 1
17 1 0
17 1 0
17 1 1
17 1 0
17 1 0
17 1 0
17 1 0
17 1 0
17 1 1
17 1 1
17 1 1
17 1 1
17 1 1
17 1 0
17 13 1
17 13 1
17 13 1
17 13 1
17 9 1
17 9 1
17 9 1
17 9 1
17 9 1
17 9 1
17 9 1
17 9 1
17 9 1
17 9 1
17 9 1
17 9 1
17 9 1
17 9 1
17 9 1
17 2 1
17 2 1
17 2 0
17 2 0
17 12 1
17 12 1
17 12 0
17 12 0
17 12 0
17 12 1
17 17 1
17 17 0
17 17 1
17 17 1
17 14 1
17 14 1
17 14 1
17 14 1
17 14 1
17 14 0
17 14 0
17 14 0
17 14 1
17 14 0
17 14 0
17 14 0
17 14 0
17 14 1
17 14 0
17 14 1
17 14 1
17 14 1
17 14 1
17 14 1
17 14 1
17 14 0
17 14 1
17 14 1
17 14 0
17 14 0
17 14 0
17 14 0
17 14 1
17 14 1
17 14 1
17 14 1
17 14 1
17 14 1
17 14 1
17 14 1
17 14 1
17 14 1
17 14 1
17 14 1
17 14 1
17 14 1
17 14 1
17 14 1
17 14 1
17 14 1
17 14 1
17 14 1
17 14 1
17 14 1
17 14 1
17 14 1
17 14 1
17 14 1
17 14 0
17 5 1
17 5 1
17 5 1
17 5 1
17 5 1
17 16 1
17 16 0
17 16 0
17 16 1
17 16 0
17 16 0
17 16 1
17 18 1
17 18 1
17 18 1
17 18 1
17 27 0
17 27 1
17 27 1
17 27 1
17 27 1
17 21 1
17 21 1
17 21 1
17 21 1
17 21 1
17 21 1
18 1 0
18 1 0
18 1 0
18 1 0
18 1 0
18 1 0
18 1 1
18 1 1
18 1 0
18 1 0
18 1 0
18 1 0
18 1 0
18 1 0
18 11 0
18 11 1
18 11 1
18 11 1
18 11 1
18 9 1
18 9 0
18 9 0
18 9 1
18 9 1
18 9 1
18 9 0
18 9 0
18 9 1
18 9 1
18 9 1
18 9 1
18 9 1
18 9 1
18 9 1
18 9 1
18 4 0
18 4 1
18 4 1
18 4 0
18 2 1
18 2 1
18 2 1
18 2 0
18 6 0
18 6 1
18 6 0
18 6 1
18 14 0
18 14 1
18 14 0
18 14 0
18 14 0
18 14 1
18 14 0
18 14 0
18 14 1
18 14 0
18 14 0
18 14 1
18 14 0
18 14 1
18 14 1
18 14 1
18 14 1
18 14 1
18 14 1
18 14 1
18 14 1
18 14 0
18 14 1
18 14 1
18 14 1
18 14 1
18 14 0
18 14 1
18 14 1
18 14 1
18 14 0
18 14 0
18 14 0
18 14 1
18 14 0
18 14 0
18 14 1
18 5 1
18 5 1
18 5 1
18 5 1
18 5 1
18 5 0
18 5 0
18 8 1
18 8 0
18 8 1
18 8 1
18 8 1
18 8 1
18 8 1
18 8 1
18 8 1
18 8 0
18 8 1
18 8 1
18 8 1
18 8 1
18 8 1
18 8 1
18 8 1
18 8 1
18 13 1
18 13 0
18 13 1
18 13 1
18 13 1
18 13 1
18 13 0
18 10 1
18 10 1
18 10 1
18 10 1
18 12 1
18 12 1
18 12 0
18 12 0
18 12 0
18 12 1
18 12 1
18 16 1
18 16 1
18 16 1
18 16 0
18 16 1
18 16 1
18 16 1
18 16 1
18 16 1
18 16 1
18 16 1
18 16 1
18 16 0
18 16 0
18 16 1
18 16 0
18 7 1
18 7 0
18 7 1
18 7 1
18 3 0
18 3 1
18 3 1
18 3 1
18 3 1
18 3 1
18 15 1
18 15 0
18 15 1
18 15 0
19 13 1
19 13 0
19 13 0
19 13 1
19 13 1
19 13 1
19 12 0
19 12 1
19 12 1
19 12 0
19 9 1
19 9 1
19 9 1
19 9 1
19 9 0
19 14 1
19 14 1
19 14 1
19 14 0
19 14 1
19 14 1
19 14 0
19 14 0
19 14 1
19 14 0
19 14 0
19 14 0
19 14 1
19 14 0
19 14 0
19 14 0
19 14 1
19 14 0
19 14 1
19 14 1
19 14 1
19 14 1
19 14 0
19 14 0
19 14 0
19 14 0
19 14 1
19 14 1
19 14 0
19 14 0
19 14 1
19 14 0
19 14 1
19 14 1
19 14 0
19 14 0
19 14 1
19 5 1
19 5 1
19 5 0
19 5 1
19 8 1
19 8 1
19 8 1
19 8 1
19 8 1
19 8 1
19 8 1
19 8 1
19 8 1
19 8 1
19 8 1
19 8 1
19 8 1
19 8 1
19 8 1
19 8 0
19 8 1
19 8 1
20 12 1
20 12 1
20 12 1
20 12 0
20 21 1
20 21 1
20 21 1
20 21 1
20 21 1
20 21 1
20 21 1
20 17 1
20 17 1
20 17 1
20 17 1
20 17 1
20 17 1
20 14 0
20 14 1
20 14 1
20 14 1
20 14 1
20 14 1
20 14 1
20 14 1
20 14 1
20 14 1
20 14 1
20 14 1
20 14 1
20 14 1
20 14 1
20 14 1
20 14 1
20 14 1
20 14 1
20 14 1
20 14 0
20 14 1
20 14 1
20 14 1
20 14 1
20 14 1
20 14 1
20 14 1
20 14 1
20 14 1
20 14 1
20 14 1
20 14 1
20 14 1
20 14 1
20 14 1
20 14 1
20 14 0
20 14 1
20 14 1
20 14 1
20 19 1
20 19 1
20 19 1
20 19 1
20 19 1
20 19 1
20 19 1
20 4 0
20 4 1
20 4 1
20 4 1
20 5 1
20 5 1
20 5 1
20 5 1
20 10 1
20 10 1
20 10 1
20 10 1
20 10 1
20 10 1
20 10 1
21 13 1
21 13 0
21 13 1
21 13 1
21 13 1
21 9 1
21 9 1
21 9 1
21 9 1
21 2 1
21 2 1
21 2 1
21 2 1
21 2 1
21 17 1
21 17 1
21 17 0
21 17 1
21 14 1
21 14 1
21 14 1
21 14 0
21 14 1
21 14 1
21 14 1
21 14 1
21 14 0
21 14 0
21 14 1
21 14 0
21 14 0
21 14 0
21 14 1
21 14 0
21 14 0
21 14 1
21 14 0
21 14 0
21 14 0
21 14 1
21 14 1
21 14 0
21 14 0
21 14 0
21 14 0
21 14 0
21 14 0
21 14 1
21 14 0
21 14 1
21 14 1
21 14 0
21 5 0
21 5 1
21 5 1
21 5 1
21 5 0
21 5 1
21 8 1
21 8 1
21 8 1
21 8 1
21 8 1
21 8 1
21 8 1
21 8 1
21 8 1
21 8 1
21 8 1
21 8 1
21 8 1
21 16 0
21 16 1
21 16 0
21 16 1
21 16 0
21 16 1
21 16 1
21 16 0
21 16 1
21 16 1
21 16 0
21 10 1
21 10 0
21 10 1
21 10 1
21 10 1
21 12 0
21 12 1
21 12 1
21 12 1
21 12 0
21 12 1
21 3 0
21 3 1
21 3 0
21 3 1
21 15 1
21 15 0
21 15 0
21 15 0
22 1 0
22 1 1
22 1 0
22 1 0
22 1 0
22 1 0
22 1 0
22 13 1
22 13 0
22 13 0
22 13 1
22 13 1
22 13 1
22 13 0
22 9 1
22 9 1
22 9 0
22 9 1
22 9 1
22 9 0
22 4 1
22 4 0
22 4 1
22 4 1
22 17 1
22 17 1
22 17 1
22 17 1
22 14 1
22 14 0
22 14 0
22 14 0
22 14 1
22 14 0
22 14 1
22 14 1
22 14 0
22 14 1
22 14 0
22 14 1
22 14 1
22 14 1
22 14 0
22 14 1
22 14 0
22 14 1
22 14 0
22 14 0
22 14 1
22 14 1
22 14 0
22 14 0
22 14 0
22 14 1
22 14 1
22 14 0
22 14 1
22 14 1
22 14 0
22 14 0
22 14 1
22 14 0
22 14 0
22 14 1
22 14 0
22 14 1
22 14 1
22 14 1
22 5 0
22 5 1
22 5 1
22 5 0
22 5 0
22 5 0
22 16 1
22 16 0
22 16 1
22 16 1
22 10 1
22 10 1
22 10 1
22 10 1
22 10 1
22 10 1
22 10 1
22 10 1
22 10 1
22 10 1
22 10 1
22 10 1
22 10 1
22 12 1
22 12 1
22 12 1
22 12 1
22 12 1
22 25 1
22 25 1
22 25 1
22 25 1
22 7 1
22 7 1
22 7 0
22 7 0
22 7 1
22 7 1
22 7 1
22 7 1
22 19 1
22 19 1
22 19 1
22 19 0
22 19 1
22 19 1
22 3 0
22 3 0
22 3 1
22 3 1
22 3 1
22 3 1
23 1 1
23 1 1
23 1 1
23 1 0
23 1 1
23 1 0
23 1 0
23 1 0
23 1 1
23 1 0
23 1 0
23 1 1
23 1 1
23 1 0
23 1 0
23 13 0
23 13 1
23 13 1
23 13 1
23 13 1
23 13 1
23 13 1
23 13 1
23 13 1
23 13 1
23 13 1
23 8 1
23 8 1
23 8 1
23 8 1
23 8 1
23 8 1
23 8 1
23 8 1
23 14 1
23 14 1
23 14 1
23 14 1
23 14 1
23 14 1
23 14 1
23 14 1
23 14 0
23 14 1
23 14 0
23 14 1
23 14 0
23 14 0
23 14 1
23 14 0
23 14 0
23 14 0
23 14 1
23 14 1
23 14 1
24 1 0
24 1 0
24 1 0
24 1 0
24 13 1
24 13 0
24 13 1
24 13 1
24 13 1
24 9 1
24 9 1
24 9 1
24 9 0
24 9 0
24 9 1
24 9 0
24 9 1
24 9 0
24 9 1
24 3 1
24 3 0
24 3 1
24 3 1
24 2 1
24 2 1
24 2 1
24 2 1
24 2 1
24 2 1
24 2 1
24 2 1
24 17 1
24 17 1
24 17 0
24 17 1
24 17 1
24 17 1
24 14 1
24 14 1
24 14 1
24 14 0
24 14 1
24 14 0
24 14 1
24 14 1
24 14 0
24 14 1
24 14 1
24 14 0
24 14 0
24 14 0
24 14 1
24 14 0
24 14 0
24 14 0
24 14 0
24 14 1
24 14 0
24 14 0
24 14 0
24 14 1
24 14 0
24 14 0
24 14 1
24 14 1
24 14 1
24 14 0
24 14 0
24 14 1
24 14 0
24 14 0
24 14 1
24 14 1
24 14 0
24 14 1
24 14 1
24 14 1
24 14 0
24 14 1
24 14 1
24 5 0
24 5 0
24 5 1
24 5 1
24 5 1
24 5 0
24 8 1
24 8 1
24 8 1
24 8 1
24 8 1
24 8 1
24 16 1
24 16 1
24 16 1
24 16 1
24 16 1
24 16 0
24 16 1
24 16 0
24 16 0
24 16 1
24 16 0
24 16 1
24 10 1
24 10 1
24 10 1
24 10 1
24 10 1
24 10 1
24 12 1
24 12 1
24 12 1
24 12 1
24 12 1
24 12 1
24 12 1
24 27 0
24 27 1
24 27 1
24 27 1
24 7 0
24 7 1
24 7 1
24 7 1
24 7 0
24 7 1
24 7 1
24 21 0
24 21 1
24 21 1
24 21 1
24 21 1
24 15 0
24 15 0
24 15 0
24 15 0
24 15 0
24 15 1
24 15 0
24 15 0
25 13 1
25 13 1
25 13 1
25 13 1
25 9 1
25 9 1
25 9 0
25 9 1
25 9 1
25 9 1
25 9 1
25 9 1
25 9 1
25 9 1
25 9 1
25 9 1
25 9 1
25 9 1
25 4 1
25 4 0
25 4 0
25 4 1
25 4 1
25 2 0
25 2 1
25 2 1
25 2 1
25 17 0
25 17 1
25 17 1
25 17 1
25 17 1
25 14 1
25 14 1
25 14 1
25 14 1
25 14 0
25 14 1
25 14 1
25 14 0
25 14 1
25 14 1
25 14 0
25 14 1
25 14 0
25 14 1
25 14 1
25 14 0
25 14 0
25 14 1
25 14 0
25 14 1
25 14 1
25 14 1
25 14 1
25 14 1
25 14 1
25 14 1
25 14 1
25 14 0
25 14 1
25 14 1
25 14 1
25 14 1
25 14 0
25 14 1
25 14 1
25 14 0
25 14 0
25 14 1
25 14 1
25 14 1
25 14 1
25 14 1
25 5 1
25 5 1
25 5 0
25 5 1
25 5 1
25 8 1
25 8 1
25 8 1
25 8 1
25 8 1
25 8 0
25 8 1
25 8 1
25 8 1
25 8 1
25 16 1
25 16 1
25 16 1
25 16 1
25 16 1
25 16 1
25 16 0
25 12 1
25 12 1
25 12 1
25 12 1
25 12 0
25 12 0
25 12 1
25 24 0
25 24 1
25 24 1
25 24 1
25 19 1
25 19 1
25 19 1
25 19 1
25 19 1
25 19 1
25 19 1
25 21 1
25 21 1
25 21 1
25 21 1
25 21 1
25 15 0
25 15 0
25 15 0
25 15 0
25 3 0
25 3 0
25 3 0
25 3 0
25 3 1
25 3 1
25 3 1
25 3 0
26 1 1
26 1 1
26 1 0
26 1 0
26 1 0
26 11 1
26 11 1
26 11 1
26 11 1
26 11 1
26 21 1
26 21 1
26 21 1
26 21 1
26 2 1
26 2 1
26 2 0
26 2 1
26 2 1
26 2 1
26 12 1
26 12 1
26 12 1
26 12 1
26 12 1
26 12 1
26 12 1
26 14 1
26 14 1
26 14 1
26 14 0
26 14 1
26 14 1
26 14 1
26 14 1
26 14 0
26 14 0
26 14 0
26 14 0
26 14 1
26 14 0
26 14 1
26 14 1
26 14 1
26 14 1
26 14 1
26 14 1
26 14 1
26 14 1
26 14 0
26 14 1
26 14 1
26 14 1
26 14 1
26 14 1
26 14 1
26 14 1
26 14 1
26 14 1
26 14 0
26 14 1
26 14 0
26 14 1
26 14 1
26 5 1
26 5 1
26 5 1
26 5 1
26 8 1
26 8 1
26 8 1
26 8 1
26 8 1
26 8 1
26 8 1
26 8 1
26 8 1
26 8 0
26 8 1
26 8 1
26 8 1
26 13 1
26 13 1
26 13 1
26 13 1
26 10 1
26 10 1
26 10 1
26 10 1
26 10 1
26 10 1
26 10 1
26 10 1
26 10 1
26 10 1
26 10 1
26 10 1
26 18 1
26 18 1
26 18 1
26 18 1
26 18 1
26 18 1
26 18 1
26 16 1
26 16 1
26 16 1
26 16 1
26 16 0
26 16 1
26 16 1
26 16 0
26 16 0
26 16 0
26 16 0
26 4 0
26 4 1
26 4 1
26 4 1
26 15 0
26 15 0
26 15 0
26 15 0
26 15 0
26 3 1
26 3 0
26 3 1
26 3 1
26 3 1
26 3 0
27 11 1
27 11 1
27 11 0
27 11 1
27 11 1
27 11 1
27 13 1
27 13 1
27 13 0
27 13 0
27 13 1
27 13 1
27 13 1
27 13 1
27 9 0
27 9 1
27 9 1
27 9 1
27 9 1
27 9 1
27 9 1
27 9 1
27 9 1
27 9 0
27 9 1
27 21 0
27 21 1
27 21 1
27 21 1
27 21 1
27 21 1
27 12 1
27 12 1
27 12 1
27 12 1
27 12 0
27 12 1
27 12 1
27 12 1
27 17 0
27 17 1
27 17 1
27 17 1
27 17 1
27 14 1
27 14 1
27 14 1
27 14 0
27 14 1
27 14 1
27 14 0
27 14 0
27 14 0
27 14 1
27 14 1
27 14 0
27 14 1
27 14 0
27 14 0
27 14 0
27 14 1
27 14 1
27 14 1
27 14 0
27 14 1
27 14 1
27 14 1
27 14 1
27 14 0
27 14 1
27 14 1
27 14 0
27 14 1
27 14 0
27 14 1
27 14 1
27 14 0
27 14 1
27 14 1
27 14 1
27 14 0
27 14 1
27 14 0
27 14 1
27 14 0
27 5 0
27 5 1
27 5 1
27 5 1
27 5 1
27 5 1
27 5 1
27 8 1
27 8 1
27 8 1
27 8 1
27 8 1
27 8 1
27 8 1
27 8 1
27 8 1
27 8 1
27 8 1
27 16 1
27 16 1
27 16 1
27 16 1
27 16 1
27 16 1
27 16 1
27 16 1
27 16 0
27 16 1
27 16 1
27 16 0
27 16 1
27 16 1
27 10 1
27 10 1
27 10 1
27 10 1
27 10 1
27 10 1
27 10 1
27 18 1
27 18 1
27 18 1
27 18 1
27 4 1
27 4 1
27 4 0
27 4 1
27 15 0
27 15 0
27 15 0
27 15 0
28 1 0
28 1 1
28 1 0
28 1 1
28 1 1
28 1 1
28 1 0
28 1 1
28 1 0
28 1 1
28 1 0
28 1 1
28 1 1
28 1 1
28 1 1
28 1 0
28 1 0
28 1 1
28 1 1
28 1 1
28 1 1
28 1 1
28 1 1
28 1 1
28 1 1
28 1 1
28 1 1
28 1 1
28 1 0
28 1 1
28 1 0
28 1 1
28 1 1
28 14 1
28 14 1
28 14 0
28 14 0
28 14 0
28 14 0
28 14 1
28 14 0
28 14 0
28 14 1
28 14 0
28 14 1
28 14 0
28 14 0
28 14 0
28 14 1
28 14 0
28 14 0
28 14 1
28 14 0
28 14 1
28 14 0
28 14 1
28 14 1
28 14 1
28 14 0
28 14 0
28 14 1
28 14 0
28 14 0
28 14 0
28 14 1
28 14 0
28 14 0
28 14 1
28 14 0
28 14 1
28 8 1
28 8 1
28 8 1
28 8 1
28 8 1
28 8 1
28 8 1
28 8 1
28 8 1
28 15 0
28 15 0
28 15 0
28 15 0
28 10 1
28 10 1
28 10 1
28 10 1
28 10 1
28 10 1
29 13 1
29 13 0
29 13 0
29 13 0
29 13 1
29 13 1
29 13 1
29 13 1
29 13 1
29 9 1
29 9 1
29 9 1
29 9 1
29 21 0
29 21 1
29 21 1
29 21 1
29 21 1
29 2 1
29 2 1
29 2 1
29 2 1
29 2 1
29 17 0
29 17 1
29 17 1
29 17 1
29 17 1
29 14 1
29 14 1
29 14 1
29 14 1
29 14 0
29 14 1
29 14 1
29 14 0
29 14 1
29 14 0
29 14 1
29 14 0
29 14 1
29 14 1
29 14 1
29 14 0
29 14 1
29 14 0
29 14 1
29 14 1
29 14 0
29 14 0
29 14 1
29 14 0
29 14 0
29 14 0
29 14 1
29 14 0
29 14 0
29 14 0
29 14 0
29 14 0
29 14 0
29 14 1
29 14 0
29 14 1
29 14 1
29 14 1
29 14 1
29 14 0
29 14 0
29 5 0
29 5 1
29 5 1
29 5 1
29 5 1
29 5 1
29 5 1
29 8 1
29 8 1
29 8 1
29 8 1
29 8 1
29 8 1
29 8 1
29 8 1
29 8 1
29 8 1
29 8 1
29 8 1
29 8 1
29 8 1
29 8 1
29 8 1
29 8 1
29 8 1
29 8 1
29 8 1
29 8 1
29 8 1
29 8 1
29 8 1
29 16 1
29 16 1
29 16 1
29 16 1
29 16 1
29 16 1
29 16 1
29 16 1
29 16 1
29 16 1
29 18 1
29 18 1
29 18 1
29 18 1
29 4 1
29 4 1
29 4 0
29 4 1
29 15 0
29 15 1
29 15 0
29 15 0
29 15 0
29 3 0
29 3 1
29 3 1
29 3 1
29 3 1
30 13 1
30 13 0
30 13 1
30 13 0
30 13 1
30 13 1
30 9 1
30 9 1
30 9 1
30 9 1
30 9 0
30 9 1
30 9 1
30 9 1
30 9 0
30 9 0
30 9 1
30 20 0
30 20 1
30 20 1
30 20 0
30 14 0
30 14 1
30 14 0
30 14 0
30 14 1
30 14 0
30 14 0
30 14 1
30 14 0
30 14 0
30 14 1
30 14 0
30 14 1
30 14 0
30 14 0
30 14 1
30 14 1
30 14 1
30 14 1
30 14 1
30 14 1
30 14 1
30 14 1
30 14 1
30 14 1
30 14 1
30 14 1
30 14 1
30 14 1
30 14 0
30 14 1
30 14 0
30 14 0
30 14 1
30 14 1
30 14 0
30 5 1
30 5 1
30 5 1
30 5 1
30 5 0
30 8 1
30 8 1
30 8 1
30 8 1
30 8 1
30 8 1
30 8 1
30 8 1
30 8 1
30 16 1
30 16 1
30 16 0
30 16 1
30 16 1
30 16 1
30 16 1
30 16 1
30 16 1
30 16 1
30 10 1
30 10 1
30 10 1
30 10 1
30 10 1
30 10 1
30 10 1
30 10 1
30 10 1
30 10 1
30 10 1
30 12 1
30 12 1
30 12 1
30 12 0
30 12 1
30 7 1
30 7 1
30 7 1
30 7 1
30 7 1
30 7 0
30 7 1
30 19 1
30 19 1
30 19 1
30 19 1
30 19 1
30 19 1
30 19 1
30 19 1
30 3 1
30 3 1
30 3 1
30 3 1
30 3 1
30 3 1
31 13 1
31 13 1
31 13 0
31 13 0
31 13 1
31 13 0
31 13 1
31 12 1
31 12 0
31 12 1
31 12 1
31 9 1
31 9 0
31 9 1
31 9 1
31 9 1
31 9 1
31 9 1
31 9 1
31 8 1
31 8 1
31 8 1
31 8 1
31 8 1
31 8 1
31 8 1
31 17 0
31 17 1
31 17 1
31 17 1
31 17 1
31 17 1
31 14 1
31 14 1
31 14 1
31 14 1
31 14 1
31 14 1
31 14 1
31 14 0
31 14 1
31 14 1
31 14 1
31 14 0
31 14 0
31 14 0
31 14 1
31 14 0
31 14 1
31 14 1
31 14 1
31 14 1
31 14 1
31 14 1
31 14 1
31 14 1
31 14 1
31 14 1
31 14 1
31 14 1
31 14 1
31 14 0
31 14 1
31 14 0
31 14 0
31 14 1
31 14 1
31 14 1
31 14 1
31 14 1
31 14 1
31 5 0
31 5 0
31 5 1
31 5 1
31 5 1
31 5 1
31 3 0
31 3 0
31 3 1
31 3 1
31 3 1
31 3 1
31 16 0
31 16 1
31 16 1
31 16 1
31 16 1
31 16 1
31 10 1
31 10 1
31 10 1
31 10 1
31 10 1
31 10 1
31 10 1
32 11 1
32 11 1
32 11 1
32 11 1
32 13 1
32 13 1
32 13 1
32 13 1
32 9 1
32 9 1
32 9 1
32 9 1
32 9 1
32 9 1
32 9 1
32 9 1
32 9 1
32 2 1
32 2 1
32 2 1
32 2 1
32 2 1
32 12 1
32 12 1
32 12 1
32 12 1
32 17 1
32 17 1
32 17 1
32 17 1
32 14 1
32 14 1
32 14 1
32 14 0
32 14 0
32 14 1
32 14 1
32 14 0
32 14 0
32 14 0
32 14 0
32 14 1
32 14 1
32 14 0
32 14 1
32 14 0
32 14 0
32 14 0
32 14 1
32 14 1
32 14 0
32 14 1
32 14 1
32 14 1
32 14 1
32 14 1
32 14 1
32 14 0
32 14 0
32 14 1
32 14 1
32 14 0
32 14 0
32 14 1
32 14 1
32 14 1
32 14 1
32 5 0
32 5 1
32 5 1
32 5 1
32 5 1
32 5 0
32 5 1
32 8 1
32 8 1
32 8 1
32 8 1
32 8 1
32 8 0
32 8 1
32 8 0
32 16 1
32 16 1
32 16 1
32 16 1
32 16 1
32 16 1
32 16 1
32 16 1
32 16 1
32 16 1
32 16 1
32 10 1
32 10 1
32 10 1
32 10 1
32 10 1
32 10 1
32 10 1
32 10 1
32 10 1
32 10 1
32 10 1
32 18 1
32 18 1
32 18 1
32 18 1
32 19 1
32 19 1
32 19 1
32 19 1
32 19 1
32 19 1
32 19 1
32 21 1
32 21 1
32 21 1
32 21 1
32 21 1
32 21 1
32 15 0
32 15 0
32 15 0
32 15 0
32 15 0
32 15 0
33 25 1
33 25 1
33 25 1
33 25 1
33 25 1
33 25 1
33 25 1
33 14 1
33 14 1
33 14 1
33 14 0
33 14 1
33 14 0
33 14 1
33 14 1
33 14 0
33 14 0
33 14 0
33 14 1
33 14 1
33 14 0
33 14 1
33 14 0
33 14 0
33 14 0
33 14 1
33 14 1
33 14 0
33 14 0
33 14 1
33 14 0
33 14 1
33 14 0
33 14 0
33 14 0
33 14 1
33 5 1
33 5 1
33 5 1
33 5 1
33 5 1
33 5 0
33 5 1
33 8 1
33 8 1
33 8 1
33 8 1
33 15 0
33 15 1
33 15 0
33 15 0
33 15 0
33 15 0
33 15 0
34 11 1
34 11 1
34 11 1
34 11 1
34 9 1
34 9 1
34 9 1
34 9 1
34 9 1
34 9 0
34 3 1
34 3 1
34 3 1
34 3 1
34 3 1
34 16 1
34 16 0
34 16 0
34 16 1
34 16 0
34 14 1
34 14 1
34 14 0
34 14 1
34 14 1
34 14 0
34 14 1
34 14 1
34 14 0
34 14 0
34 14 0
34 14 0
34 14 0
34 14 1
34 14 1
34 14 0
34 14 0
34 14 1
34 14 0
34 14 1
34 14 1
34 14 0
34 14 0
34 14 0
34 14 1
34 14 0
34 14 0
34 14 0
34 14 0
34 14 0
34 14 1
34 14 0
34 14 0
34 14 1
34 14 1
34 14 1
34 14 1
34 5 1
34 5 1
34 5 1
34 5 0
34 5 0
34 8 1
34 8 1
34 8 1
34 8 1
34 8 1
34 8 1
34 8 1
34 8 1
34 8 1
34 15 0
34 15 0
34 15 0
34 15 0
34 15 0
34 19 1
34 19 1
34 19 1
34 19 1
34 19 1
34 19 1
34 19 1
34 10 1
34 10 1
34 10 1
34 10 1
34 10 1
34 10 1
34 10 1
34 10 1
35 1 1
35 1 0
35 1 0
35 1 0
35 9 1
35 9 0
35 9 1
35 9 0
35 9 1
35 9 1
35 9 1
35 9 1
35 9 1
35 9 0
35 9 1
35 9 1
35 9 1
35 9 0
35 9 1
35 9 1
35 9 1
35 3 0
35 3 1
35 3 1
35 3 0
35 3 0
35 3 1
35 18 1
35 18 0
35 18 0
35 18 1
35 17 0
35 17 1
35 17 1
35 17 1
35 14 1
35 14 1
35 14 0
35 14 1
35 14 1
35 14 1
35 14 1
35 14 0
35 14 1
35 14 1
35 14 1
35 14 0
35 14 0
35 14 0
35 14 1
35 14 0
35 14 1
35 14 0
35 14 1
35 14 0
35 14 0
35 14 1
35 14 1
35 14 1
35 14 0
35 14 0
35 14 0
35 14 0
35 14 0
35 14 1
35 14 0
35 14 0
35 14 1
35 14 1
35 14 1
35 5 0
35 5 1
35 5 1
35 5 1
35 5 1
35 5 1
35 8 1
35 8 1
35 8 1
35 8 1
35 32 1
35 32 1
35 32 1
35 32 1
35 16 1
35 16 1
35 16 1
35 16 1
35 16 1
35 16 0
35 10 1
35 10 1
35 10 1
35 10 1
35 10 1
35 10 1
35 10 1
35 10 1
35 10 1
35 10 1
35 12 0
35 12 1
35 12 1
35 12 1
35 12 0
35 12 0
35 12 1
35 12 0
35 12 1
35 12 1
35 7 1
35 7 0
35 7 1
35 7 1
35 4 0
35 4 1
35 4 0
35 4 1
35 4 1
35 15 0
35 15 1
35 15 1
35 15 1
36 1 0
36 1 0
36 1 1
36 1 0
36 11 1
36 11 1
36 11 1
36 11 1
36 9 1
36 9 1
36 9 1
36 9 0
36 9 1
36 9 1
36 9 1
36 9 1
36 20 1
36 20 1
36 20 1
36 20 1
36 20 1
36 14 0
36 14 1
36 14 0
36 14 0
36 14 0
36 14 1
36 14 0
36 14 0
36 14 1
36 14 0
36 14 1
36 14 1
36 14 1
36 14 1
36 14 0
36 14 1
36 14 1
36 14 0
36 14 0
36 14 0
36 14 0
36 14 0
36 14 0
36 14 1
36 14 0
36 14 0
36 14 0
36 14 0
36 14 1
36 14 1
36 14 0
36 14 1
36 14 1
36 14 1
36 14 0
36 14 1
36 14 1
36 14 1
36 14 0
36 5 0
36 5 1
36 5 1
36 5 1
36 5 1
36 5 1
36 16 1
36 16 1
36 16 1
36 16 1
36 16 1
36 16 1
36 16 1
36 16 1
36 13 1
36 13 0
36 13 1
36 13 1
36 13 1
36 13 1
36 13 1
36 13 1
36 13 1
36 13 1
36 13 1
36 13 1
36 31 1
36 31 1
36 31 1
36 31 1
36 31 1
36 10 1
36 10 1
36 10 1
36 10 1
36 10 1
36 10 1
36 10 1
36 12 1
36 12 1
36 12 1
36 12 1
36 12 1
36 12 1
36 12 1
36 12 1
36 12 1
36 12 1
36 12 1
36 12 1
36 4 0
36 4 0
36 4 1
36 4 1
36 4 1
37 13 0
37 13 1
37 13 1
37 13 1
37 9 0
37 9 1
37 9 0
37 9 1
37 9 1
37 9 0
37 9 1
37 9 0
37 9 1
37 9 1
37 9 0
37 9 0
37 3 0
37 3 0
37 3 1
37 3 0
37 3 1
37 3 1
37 3 1
37 3 1
37 20 1
37 20 0
37 20 1
37 20 1
37 2 1
37 2 1
37 2 1
37 2 1
37 2 0
37 2 1
37 2 1
37 14 0
37 14 0
37 14 0
37 14 1
37 14 1
37 14 1
37 14 1
37 14 0
37 14 0
37 14 0
37 14 1
37 14 1
37 14 1
37 14 0
37 14 1
37 14 1
37 14 1
37 14 1
37 14 0
37 14 1
37 14 1
37 14 1
37 14 1
37 14 0
37 14 1
37 14 1
37 14 0
37 14 1
37 14 0
37 14 0
37 14 0
37 14 1
37 14 0
37 14 0
37 14 1
37 14 0
37 14 0
37 14 0
37 5 0
37 5 1
37 5 1
37 5 0
37 5 1
37 8 1
37 8 1
37 8 1
37 8 1
37 8 1
37 8 1
37 8 1
37 8 1
37 8 1
37 8 1
37 8 1
37 8 1
37 8 1
37 8 1
37 8 1
37 8 1
37 8 1
37 8 1
37 8 1
37 16 1
37 16 0
37 16 1
37 16 1
37 16 1
37 16 1
37 16 1
37 16 1
37 16 1
37 16 1
37 16 0
37 16 0
37 16 1
37 16 0
37 18 1
37 18 1
37 18 1
37 18 1
37 21 1
37 21 1
37 21 1
37 21 1
37 15 0
37 15 0
37 15 0
37 15 0
37 15 0
37 15 0
37 15 0
38 13 1
38 13 0
38 13 0
38 13 1
38 13 1
38 13 1
38 13 0
38 12 1
38 12 1
38 12 0
38 12 1
38 9 1
38 9 1
38 9 1
38 9 1
38 9 0
38 9 1
38 9 1
38 3 1
38 3 1
38 3 0
38 3 0
38 2 1
38 2 1
38 2 1
38 2 1
38 14 1
38 14 1
38 14 1
38 14 1
38 14 0
38 14 1
38 14 0
38 14 0
38 14 1
38 14 0
38 14 1
38 14 1
38 14 1
38 14 0
38 14 1
38 14 1
38 14 1
38 14 1
38 14 1
38 14 0
38 14 1
38 14 1
38 14 1
38 14 0
38 14 1
38 14 1
38 14 1
38 14 1
38 14 1
38 14 1
38 14 1
38 14 0
38 14 0
38 14 1
38 14 0
38 14 1
38 14 1
38 14 1
38 14 1
38 5 0
38 5 1
38 5 1
38 5 0
38 5 1
38 8 1
38 8 1
38 8 1
38 8 1
38 8 1
38 8 1
38 8 1
38 8 1
38 8 1
38 8 1
38 8 1
38 8 1
38 8 1
38 8 1
38 8 1
38 8 1
38 8 1
38 8 1
38 8 1
38 16 1
38 16 1
38 16 1
38 16 1
38 16 1
38 16 0
38 16 1
38 16 1
38 16 1
38 10 1
38 10 1
38 10 0
38 10 1
38 10 1
38 10 1
39 13 0
39 13 0
39 13 1
39 13 1
39 13 1
39 9 1
39 9 1
39 9 0
39 9 0
39 9 1
39 9 1
39 9 1
39 8 1
39 8 1
39 8 1
39 8 1
39 8 1
39 8 1
39 8 1
39 8 1
39 14 1
39 14 0
39 14 0
39 14 0
39 14 1
39 14 1
39 14 1
39 14 0
39 14 1
39 14 0
39 14 1
39 14 1
39 14 1
39 14 1
39 14 1
39 14 0
39 14 0
39 14 1
39 14 1
39 14 1
39 14 1
39 14 1
39 14 1
39 14 1
39 14 1
39 14 1
39 14 1
39 14 1
39 14 1
39 14 0
39 14 1
39 14 1
39 14 1
39 14 1
39 5 1
39 5 1
39 5 1
39 5 0
39 3 0
39 3 1
39 3 1
39 3 1
39 10 1
39 10 1
39 10 1
39 10 1
39 10 1
39 10 1
39 10 1
39 10 1
40 13 0
40 13 1
40 13 1
40 13 1
40 13 0
40 13 1
40 13 1
40 13 1
40 13 0
40 13 0
40 13 0
40 13 1
40 18 0
40 18 1
40 18 1
40 18 1
40 3 0
40 3 1
40 3 1
40 3 1
40 3 1
40 3 1
40 17 1
40 17 1
40 17 1
40 17 0
40 17 0
40 14 1
40 14 1
40 14 1
40 14 1
40 14 1
40 14 1
40 14 1
40 14 1
40 14 0
40 14 1
40 14 1
40 14 0
40 14 0
40 14 1
40 14 0
40 14 1
40 14 1
40 14 1
40 14 1
40 14 1
40 5 0
40 5 1
40 5 1
40 5 0
40 5 1
40 5 1
40 5 1
40 5 1
40 5 1
40 5 1
40 5 1
40 5 1
40 5 0
40 8 1
40 8 1
40 8 1
40 8 1
40 8 1
40 8 1
40 8 1
40 8 1
40 8 1
40 8 1
40 8 1
40 8 1
40 8 1
40 8 1
40 8 1
40 8 1
40 8 1
40 15 1
40 15 0
40 15 0
40 15 0
40 15 0
40 10 1
40 10 1
40 10 1
40 10 1
40 10 1
41 11 1
41 11 1
41 11 0
41 11 1
41 11 1
41 26 0
41 26 1
41 26 0
41 26 1
41 9 1
41 9 0
41 9 0
41 9 1
41 9 1
41 9 1
41 9 1
41 9 1
41 9 1
41 9 0
41 3 0
41 3 0
41 3 0
41 3 1
41 3 1
41 2 1
41 2 1
41 2 0
41 2 1
41 2 1
41 17 1
41 17 1
41 17 1
41 17 1
41 17 1
41 17 1
41 14 1
41 14 1
41 14 0
41 14 0
41 14 0
41 14 1
41 14 1
41 14 1
41 14 0
41 14 1
41 14 1
41 14 1
41 14 0
41 14 1
41 14 0
41 14 1
41 14 1
41 14 0
41 14 1
41 14 1
41 14 1
41 14 1
41 14 0
41 14 1
41 14 1
41 14 1
41 14 1
41 14 1
41 14 1
41 14 0
41 14 0
41 14 0
41 14 1
41 14 1
41 14 0
41 14 0
41 14 1
41 14 1
41 14 1
41 5 0
41 5 1
41 5 1
41 5 1
41 5 1
41 8 1
41 8 1
41 8 1
41 8 1
41 8 1
41 8 1
41 8 1
41 8 1
41 8 1
41 8 1
41 8 1
41 8 1
41 8 1
41 8 1
41 8 1
41 13 0
41 13 1
41 13 0
41 13 1
41 13 1
41 13 1
41 16 1
41 16 1
41 16 1
41 16 1
41 16 1
41 16 1
41 16 1
41 16 1
41 12 1
41 12 1
41 12 1
41 12 0
41 4 0
41 4 1
41 4 1
41 4 0
41 21 0
41 21 1
41 21 1
41 21 1
41 15 0
41 15 0
41 15 0
41 15 0
41 15 0
41 15 1
41 15 0
42 13 1
42 13 0
42 13 0
42 13 1
42 13 1
42 13 1
42 13 0
42 9 0
42 9 0
42 9 1
42 9 0
42 9 1
42 9 0
42 9 1
42 9 1
42 9 1
42 9 0
42 9 1
42 9 1
42 9 0
42 9 1
42 9 1
42 9 1
42 9 1
42 9 0
42 3 1
42 3 1
42 3 1
42 3 1
42 3 1
42 18 1
42 18 1
42 18 1
42 18 0
42 14 1
42 14 1
42 14 1
42 14 1
42 14 1
42 14 1
42 14 1
42 14 1
42 14 1
42 14 1
42 14 0
42 14 0
42 14 1
42 14 0
42 14 0
42 14 0
42 14 1
42 14 1
42 14 1
42 14 1
42 14 1
42 14 0
42 14 0
42 14 1
42 14 1
42 14 1
42 14 1
42 14 1
42 14 1
42 14 1
42 14 1
42 14 0
42 14 0
42 14 0
42 14 1
42 14 0
42 14 1
42 14 0
42 14 0
42 14 1
42 14 0
42 14 0
42 5 0
42 5 0
42 5 0
42 5 1
42 5 1
42 5 1
42 8 1
42 8 1
42 8 1
42 8 1
42 8 1
42 8 1
42 16 1
42 16 1
42 16 0
42 16 1
42 16 0
42 16 1
42 16 1
42 16 0
42 16 1
42 16 0
42 16 1
42 12 1
42 12 1
42 12 1
42 12 1
42 12 1
42 4 0
42 4 0
42 4 0
42 4 1
42 24 1
42 24 1
42 24 1
42 24 1
42 19 1
42 19 1
42 19 1
42 19 1
42 21 1
42 21 1
42 21 0
42 21 1
42 21 1
42 15 1
42 15 0
42 15 0
42 15 0
42 15 0
43 14 1
43 14 1
43 14 1
43 14 0
43 14 0
43 14 1
43 14 0
43 14 0
43 14 1
43 14 0
43 14 1
43 14 0
43 14 0
43 14 0
43 14 0
43 14 0
43 14 1
43 14 1
43 14 0
43 14 0
43 14 0
43 14 0
43 14 0
43 14 0
43 14 0
43 14 0
43 14 1
43 14 0
43 14 0
43 19 1
43 19 1
43 19 1
43 19 1
43 19 1
43 8 1
43 8 0
43 8 1
43 8 1
43 8 1
43 8 1
43 10 1
43 10 1
43 10 1
43 10 1
43 10 1
43 10 1
43 10 1
43 10 1
43 10 1
44 13 0
44 13 1
44 13 1
44 13 1
44 13 1
44 13 0
44 13 0
44 13 0
44 13 0
44 13 1
44 13 1
44 9 1
44 9 0
44 9 0
44 9 1
44 9 1
44 9 1
44 9 1
44 9 1
44 9 1
44 17 1
44 17 1
44 17 1
44 17 1
44 17 1
44 17 1
44 14 1
44 14 1
44 14 0
44 14 1
44 14 1
44 14 0
44 14 1
44 14 1
44 14 0
44 14 1
44 14 0
44 14 1
44 14 1
44 14 0
44 14 1
44 14 1
44 14 1
44 14 1
44 14 1
44 14 1
44 14 1
44 14 1
44 14 1
44 14 1
44 14 1
44 14 1
44 14 0
44 14 0
44 14 1
44 14 0
44 14 1
44 14 1
44 14 1
44 14 0
44 14 1
44 14 1
44 14 1
44 14 1
44 5 1
44 5 0
44 5 1
44 5 1
44 5 1
44 5 1
44 5 1
44 8 1
44 8 1
44 8 1
44 8 1
44 8 1
44 8 1
44 8 1
44 8 1
44 8 1
44 8 1
44 16 1
44 16 1
44 16 0
44 16 1
44 16 0
44 16 1
44 16 1
44 16 1
44 16 1
44 10 1
44 10 1
44 10 1
44 10 1
44 10 1
44 10 1
44 10 1
44 10 1
44 10 1
44 10 1
44 10 1
44 10 1
44 10 1
44 18 1
44 18 1
44 18 1
44 18 1
44 18 1
44 19 1
44 19 1
44 19 1
44 19 1
44 19 1
44 21 1
44 21 1
44 21 1
44 21 1
44 21 1
44 15 0
44 15 0
44 15 0
44 15 0
44 15 1
45 12 1
45 12 1
45 12 1
45 12 1
45 17 1
45 17 1
45 17 1
45 17 1
45 17 1
45 17 0
45 17 1
45 17 1
45 14 1
45 14 1
45 14 0
45 14 0
45 14 0
45 14 0
45 14 0
45 14 1
45 14 1
45 14 0
45 14 0
45 14 1
45 14 0
45 14 0
45 14 1
45 14 1
45 14 1
45 14 0
45 14 1
45 14 0
45 14 0
45 14 1
45 14 1
45 14 1
45 14 0
45 14 0
45 14 1
45 14 1
45 14 1
45 14 1
45 14 0
45 14 1
45 14 0
45 14 1
45 14 0
45 19 1
45 19 1
45 19 1
45 19 1
45 19 1
45 8 1
45 8 1
45 8 1
45 8 1
45 8 1
45 8 1
45 8 0
45 8 1
45 8 1
45 15 0
45 15 0
45 15 0
45 15 0
45 15 0
45 10 1
45 10 1
45 10 1
45 10 1
45 10 1
45 10 1
45 10 1
46 13 1
46 13 1
46 13 0
46 13 1
46 13 1
46 13 1
46 13 1
46 9 1
46 9 1
46 9 0
46 9 1
46 9 1
46 9 1
46 9 1
46 9 1
46 21 1
46 21 1
46 21 1
46 21 1
46 21 1
46 21 1
46 20 1
46 20 1
46 20 1
46 20 1
46 17 1
46 17 1
46 17 1
46 17 1
46 17 1
46 14 0
46 14 1
46 14 1
46 14 1
46 14 1
46 14 1
46 14 0
46 14 0
46 14 1
46 14 0
46 14 0
46 14 0
46 14 1
46 14 0
46 14 0
46 14 0
46 14 0
46 14 1
46 14 1
46 14 1
46 14 1
46 14 1
46 14 1
46 14 1
46 14 1
46 14 1
46 14 1
46 14 1
46 14 1
46 14 1
46 14 1
46 14 1
46 14 1
46 14 1
46 14 1
46 14 1
46 14 1
46 14 1
46 14 0
46 5 0
46 5 1
46 5 1
46 5 1
46 5 1
46 5 0
46 8 1
46 8 1
46 8 1
46 8 1
46 8 1
46 8 1
46 8 1
46 8 1
46 8 1
46 8 1
46 8 1
46 8 1
46 8 1
46 16 1
46 16 1
46 16 1
46 16 0
46 16 1
46 16 1
46 16 1
46 16 1
46 10 1
46 10 1
46 10 1
46 10 1
46 10 1
46 12 1
46 12 1
46 12 1
46 12 1
46 12 1
46 12 1
46 7 1
46 7 1
46 7 1
46 7 1
46 7 1
46 3 0
46 3 1
46 3 1
46 3 1
46 3 1
47 13 0
47 13 0
47 13 0
47 13 1
47 13 1
47 13 1
47 13 1
47 9 1
47 9 0
47 9 1
47 9 1
47 9 1
47 9 1
47 9 1
47 18 1
47 18 1
47 18 1
47 18 1
47 18 1
47 14 0
47 14 1
47 14 1
47 14 1
47 14 1
47 14 0
47 14 1
47 14 0
47 14 0
47 14 1
47 14 0
47 14 0
47 14 1
47 14 0
47 14 0
47 14 1
47 14 1
47 14 1
47 14 0
47 14 0
47 14 0
47 14 1
47 14 1
47 14 1
47 14 1
47 14 1
47 14 1
47 14 1
47 14 1
47 14 1
47 14 1
47 14 1
47 14 1
47 14 1
47 14 1
47 5 1
47 5 1
47 5 0
47 5 0
47 5 0
47 5 0
47 8 1
47 8 1
47 8 1
47 8 1
47 8 1
47 8 1
47 8 1
47 8 1
47 16 1
47 16 0
47 16 1
47 16 1
47 16 1
47 16 1
47 16 0
47 16 1
47 16 1
47 16 1
47 16 0
47 10 1
47 10 1
47 10 1
47 10 1
47 10 1
47 10 1
47 10 1
47 10 1
47 10 1
47 10 1
47 12 1
47 12 1
47 12 1
47 12 0
47 12 1
47 23 1
47 23 1
47 23 1
47 23 1
47 19 1
47 19 1
47 19 1
47 19 0
47 3 0
47 3 1
47 3 1
47 3 1
47 3 1
47 3 1
47 15 0
47 15 0
47 15 0
47 15 0
47 15 0
47 15 0
47 15 0
47 15 0
47 15 1
47 15 1
48 13 1
48 13 1
48 13 1
48 13 1
48 13 1
48 13 1
48 13 1
48 13 1
48 13 1
48 13 1
48 13 0
48 13 0
48 13 0
48 13 0
48 12 1
48 12 1
48 12 1
48 12 1
48 12 1
48 9 1
48 9 1
48 9 0
48 9 1
48 9 1
48 3 1
48 3 1
48 3 1
48 3 0
48 3 1
48 3 0
48 20 1
48 20 1
48 20 1
48 20 0
48 20 1
48 2 0
48 2 1
48 2 0
48 2 1
48 2 1
48 14 0
48 14 1
48 14 1
48 14 0
48 14 1
48 14 1
48 14 1
48 14 0
48 14 0
48 14 1
48 14 1
48 14 1
48 14 1
48 14 1
48 14 0
48 14 0
48 14 1
48 14 1
48 14 1
48 14 1
48 14 1
48 14 1
48 14 0
48 14 1
48 14 1
48 14 0
48 14 1
48 14 1
48 14 1
48 14 1
48 14 0
48 14 1
48 14 1
48 14 1
48 5 0
48 5 1
48 5 1
48 5 1
48 5 0
48 5 1
48 8 1
48 8 1
48 8 1
48 8 1
48 8 1
48 8 1
48 8 1
48 8 1
48 8 1
48 8 1
48 8 1
48 8 1
48 8 1
48 8 1
48 8 1
48 8 1
48 8 1
48 8 1
48 16 1
48 16 1
48 16 1
48 16 0
48 16 0
48 16 0
48 16 1
48 16 0
48 10 1
48 10 1
48 10 1
48 10 1
48 10 1
49 14 1
49 14 1
49 14 0
49 14 0
49 14 0
49 14 0
49 14 0
49 14 0
49 14 0
49 14 1
49 14 0
49 14 1
49 14 1
49 14 1
49 14 0
49 14 0
49 14 0
49 14 0
49 14 0
49 14 1
49 14 1
49 14 1
49 14 0
49 14 0
49 14 1
49 14 1
49 14 1
49 14 1
49 14 1
49 14 1
49 8 1
49 8 1
49 8 1
49 8 1
49 8 1
49 8 1
49 4 0
49 4 0
49 4 0
49 4 0
49 9 1
49 9 0
49 9 1
49 9 1
49 9 0
49 9 1
49 9 0
49 9 1
49 16 1
49 16 1
49 16 1
49 16 1
49 16 1
49 16 0
49 16 0
49 16 0
50 13 0
50 13 1
50 13 1
50 13 1
50 13 0
50 13 1
50 9 0
50 9 1
50 9 1
50 9 1
50 9 1
50 9 0
50 9 0
50 9 0
50 9 1
50 8 1
50 8 1
50 8 1
50 8 1
50 8 1
50 8 1
50 8 1
50 8 1
50 8 1
50 8 1
50 8 1
50 8 1
50 8 1
50 8 1
50 8 1
50 8 1
50 8 1
50 8 1
50 8 1
50 8 1
50 17 1
50 17 1
50 17 0
50 17 0
50 14 1
50 14 0
50 14 0
50 14 0
50 14 1
50 14 1
50 14 1
50 14 0
50 14 1
50 14 0
50 14 0
50 14 0
50 14 1
50 14 0
50 14 0
50 14 0
50 14 0
50 14 0
50 14 1
50 14 1
50 14 1
50 14 1
50 14 0
50 14 0
50 14 1
50 14 1
50 14 1
50 14 0
50 14 0
50 14 0
50 14 0
50 14 0
50 14 1
50 14 1
50 14 1
50 14 0
50 14 1
50 14 1
50 14 1
50 5 1
50 5 1
50 5 1
50 5 0
50 21 1
50 21 1
50 21 1
50 21 1
50 15 0
50 15 0
50 15 0
50 15 0
50 15 0
50 15 0
50 15 0
50 15 0
50 16 1
50 16 1
50 16 0
50 16 1
50 16 1
50 16 1
50 16 0
50 16 0
50 16 1
50 3 0
50 3 1
50 3 0
50 3 1
51 13 1
51 13 1
51 13 1
51 13 1
51 13 1
51 21 0
51 21 1
51 21 1
51 21 1
51 21 1
51 21 1
51 9 1
51 9 0
51 9 1
51 9 1
51 9 1
51 9 1
51 9 1
51 9 1
51 9 1
51 9 1
51 9 1
51 9 1
51 9 1
51 8 1
51 8 1
51 8 1
51 8 1
51 8 1
51 8 1
51 8 1
51 8 1
51 8 1
51 8 1
51 8 1
51 8 1
51 8 1
51 8 1
51 8 1
51 8 1
51 8 1
51 8 1
51 8 1
51 8 1
51 2 1
51 2 1
51 2 1
51 2 1
51 17 0
51 17 1
51 17 0
51 17 1
51 17 1
51 17 1
51 17 1
51 17 1
51 17 1
51 14 1
51 14 1
51 14 1
51 14 1
51 14 0
51 14 1
51 14 1
51 14 1
51 14 1
51 14 1
51 14 1
51 14 0
51 14 1
51 14 1
51 14 0
51 14 0
51 14 1
51 14 1
51 14 1
51 14 1
51 14 1
51 14 1
51 14 1
51 14 1
51 14 1
51 14 1
51 14 1
51 14 1
51 14 1
51 14 1
51 14 1
51 14 1
51 14 1
51 14 1
51 14 1
51 5 1
51 5 1
51 5 1
51 5 0
51 5 1
51 3 0
51 3 1
51 3 1
51 3 1
51 3 1
51 3 1
51 3 0
51 3 1
51 16 1
51 16 0
51 16 1
51 16 1
51 16 1
51 16 1
51 16 1
51 16 1
51 16 1
51 16 1
51 16 1
51 16 0
51 16 1
51 16 1
51 16 1
51 16 1
51 10 1
51 10 1
51 10 1
51 10 1
51 10 1
51 10 1
51 10 1
52 13 1
52 13 0
52 13 1
52 13 1
52 9 1
52 9 1
52 9 0
52 9 1
52 21 1
52 21 1
52 21 1
52 21 1
52 21 1
52 2 1
52 2 1
52 2 1
52 2 1
52 17 0
52 17 1
52 17 1
52 17 1
52 14 1
52 14 1
52 14 1
52 14 0
52 14 0
52 14 1
52 14 1
52 14 1
52 14 0
52 14 0
52 14 0
52 14 0
52 14 0
52 14 0
52 14 0
52 14 0
52 14 1
52 14 0
52 14 1
52 14 1
52 14 1
52 14 1
52 14 1
52 14 1
52 14 1
52 14 1
52 14 0
52 14 1
52 14 1
52 14 1
52 14 1
52 14 1
52 14 1
52 14 1
52 14 0
52 14 1
52 14 0
52 14 1
52 5 1
52 5 1
52 5 1
52 5 0
52 8 1
52 8 1
52 8 1
52 8 1
52 8 1
52 8 1
52 8 1
52 8 1
52 8 1
52 8 1
52 8 1
52 8 1
52 8 0
52 8 1
52 10 1
52 10 1
52 10 1
52 10 1
52 12 1
52 12 1
52 12 1
52 12 1
52 7 1
52 7 1
52 7 1
52 7 1
52 3 1
52 3 0
52 3 0
52 3 1
52 3 1
52 3 1
52 15 0
52 15 0
52 15 0
52 15 0
52 15 0
53 13 1
53 13 0
53 13 1
53 13 0
53 13 1
53 13 1
53 9 1
53 9 1
53 9 0
53 9 1
53 21 1
53 21 1
53 21 1
53 21 1
53 21 1
53 2 1
53 2 1
53 2 1
53 2 1
53 2 1
53 12 1
53 12 1
53 12 1
53 12 0
53 17 1
53 17 1
53 17 0
53 17 1
53 17 1
53 17 1
53 14 0
53 14 0
53 14 1
53 14 0
53 14 0
53 14 1
53 14 1
53 14 1
53 14 1
53 14 1
53 14 1
53 14 0
53 14 0
53 14 1
53 14 1
53 14 1
53 14 1
53 14 1
53 14 1
53 14 0
53 14 1
53 14 1
53 14 1
53 14 1
53 14 1
53 14 0
53 14 0
53 14 0
53 14 1
53 14 1
53 14 0
53 14 0
53 14 0
53 14 0
53 14 1
53 14 1
53 5 0
53 5 0
53 5 1
53 5 1
53 5 0
53 5 0
53 5 1
53 5 1
53 5 1
53 8 1
53 8 1
53 8 1
53 8 1
53 8 1
53 8 1
53 8 1
53 8 1
53 8 1
53 8 1
53 16 1
53 16 0
53 16 0
53 16 1
53 16 1
53 16 1
53 16 1
53 31 1
53 31 1
53 31 1
53 31 1
53 31 1
53 10 1
53 10 1
53 10 1
53 10 1
53 10 1
53 10 1
53 18 1
53 18 1
53 18 1
53 18 1
53 25 0
53 25 1
53 25 0
53 25 1
53 25 1
53 25 1
53 3 0
53 3 0
53 3 1
53 3 1
53 3 1
53 3 1
54 13 0
54 13 1
54 13 1
54 13 0
54 12 1
54 12 1
54 12 1
54 12 1
54 12 1
54 9 1
54 9 1
54 9 1
54 9 1
54 9 1
54 9 1
54 14 1
54 14 1
54 14 0
54 14 0
54 14 1
54 14 1
54 14 1
54 14 0
54 14 0
54 14 0
54 14 1
54 14 0
54 14 0
54 14 0
54 14 1
54 14 1
54 14 0
54 14 1
54 14 1
54 14 0
54 14 1
54 14 0
54 14 0
54 14 0
54 14 0
54 14 1
54 14 0
54 14 1
54 14 1
54 14 1
54 14 1
54 14 1
54 14 0
54 14 0
54 14 0
54 14 0
54 14 1
54 5 1
54 5 1
54 5 1
54 5 1
54 8 1
54 8 1
54 8 0
54 8 1
54 8 1
54 8 1
54 8 1
54 8 1
54 8 1
54 8 1
54 8 1
54 8 1
54 8 1
54 8 1
54 8 1
54 8 1
54 8 1
54 8 1
54 8 1
54 8 1
54 8 1
54 8 1
54 10 1
54 10 1
54 10 1
54 10 1
54 10 1
55 12 1
55 12 1
55 12 1
55 12 1
55 12 1
55 12 0
55 9 1
55 9 0
55 9 1
55 9 1
55 9 1
55 9 1
55 17 1
55 17 1
55 17 1
55 17 1
55 14 1
55 14 1
55 14 0
55 14 1
55 14 1
55 14 1
55 14 1
55 14 1
55 14 1
55 14 1
55 14 0
55 14 0
55 14 1
55 14 1
55 14 1
55 14 1
55 14 1
55 14 1
55 14 1
55 14 1
55 14 1
55 14 1
55 14 1
55 14 1
55 14 1
55 14 1
55 14 1
55 14 1
55 14 1
55 14 1
55 14 1
55 14 1
55 14 1
55 14 1
55 5 1
55 5 1
55 5 1
55 5 1
55 21 1
55 21 1
55 21 1
55 21 1
56 13 0
56 13 1
56 13 1
56 13 1
56 13 1
56 13 1
56 9 1
56 9 1
56 9 1
56 9 1
56 9 0
56 9 1
56 9 1
56 9 1
56 9 0
56 9 1
56 9 1
56 9 0
56 9 1
56 9 1
56 9 1
56 9 1
56 21 1
56 21 1
56 21 1
56 21 1
56 21 1
56 33 1
56 33 1
56 33 1
56 33 1
56 17 0
56 17 1
56 17 1
56 17 1
56 17 1
56 17 1
56 14 1
56 14 1
56 14 1
56 14 1
56 14 1
56 14 1
56 14 1
56 14 1
56 14 1
56 14 1
56 14 1
56 14 0
56 14 1
56 14 1
56 14 1
56 14 0
56 14 1
56 14 1
56 14 0
56 14 1
56 14 1
56 14 1
56 14 1
56 14 1
56 14 1
56 14 0
56 14 1
56 14 1
56 14 1
56 14 1
56 14 1
56 14 1
56 14 1
56 14 0
56 14 1
56 14 1
56 14 1
56 14 0
56 14 0
56 14 0
56 14 0
56 5 0
56 5 0
56 5 1
56 5 1
56 5 1
56 8 1
56 8 1
56 8 1
56 8 0
56 8 1
56 8 1
56 8 1
56 8 1
56 8 1
56 8 1
56 8 1
56 8 1
56 8 1
56 8 1
56 8 1
56 8 1
56 8 1
56 8 1
56 8 1
56 8 1
56 8 1
56 16 1
56 16 1
56 16 1
56 16 0
56 16 1
56 16 1
56 16 1
56 12 1
56 12 1
56 12 1
56 12 1
56 12 1
56 12 1
56 20 1
56 20 1
56 20 1
56 20 1
56 20 0
56 4 1
56 4 1
56 4 0
56 4 1
56 15 1
56 15 0
56 15 0
56 15 1
56 15 0
56 15 0
56 3 1
56 3 1
56 3 1
56 3 1
56 3 1
56 3 1
56 3 1
56 3 1
56 3 1
56 3 1
57 18 1
57 18 1
57 18 1
57 18 1
57 18 1
57 9 1
57 9 1
57 9 0
57 9 1
57 3 0
57 3 1
57 3 0
57 3 0
57 3 1
57 3 1
57 3 0
57 3 1
57 17 0
57 17 1
57 17 1
57 17 1
57 17 1
57 17 0
57 14 0
57 14 1
57 14 1
57 14 1
57 14 1
57 14 1
57 14 1
57 14 1
57 14 1
57 14 0
57 14 1
57 14 0
57 14 1
57 14 1
57 14 0
57 14 0
57 14 0
57 14 0
57 14 1
57 14 1
57 14 1
57 14 1
57 14 0
57 14 0
57 14 0
57 14 0
57 14 0
57 14 0
57 14 1
57 14 1
57 14 1
57 14 0
57 14 0
57 14 0
57 14 1
57 14 0
57 14 0
57 14 1
57 14 1
57 14 1
57 14 0
57 5 1
57 5 1
57 5 1
57 5 1
57 8 1
57 8 1
57 8 1
57 8 1
57 8 1
57 8 1
57 8 1
57 8 1
57 8 1
57 8 1
57 8 1
57 8 1
57 16 1
57 16 1
57 16 1
57 16 1
57 16 1
57 16 1
57 10 1
57 10 1
57 10 1
57 10 1
58 1 1
58 1 1
58 1 1
58 1 1
58 1 1
58 1 0
58 11 1
58 11 1
58 11 1
58 11 1
58 11 1
58 9 1
58 9 1
58 9 1
58 9 1
58 9 1
58 9 1
58 9 1
58 20 1
58 20 1
58 20 1
58 20 1
58 18 1
58 18 1
58 18 1
58 18 1
58 18 1
58 17 1
58 17 1
58 17 0
58 17 1
58 14 1
58 14 1
58 14 1
58 14 1
58 14 1
58 14 1
58 14 1
58 14 1
58 14 1
58 14 1
58 14 1
58 14 1
58 14 1
58 14 1
58 14 1
58 14 1
58 14 1
58 14 1
58 14 1
58 14 1
58 14 1
58 14 1
58 14 1
58 14 1
58 14 1
58 14 1
58 14 1
58 14 1
58 14 1
58 14 1
58 14 1
58 14 1
58 14 1
58 14 1
58 14 1
58 14 1
58 5 1
58 5 1
58 5 1
58 5 1
58 8 1
58 8 1
58 8 1
58 8 1
58 8 1
58 8 1
58 8 1
58 8 1
58 8 1
58 8 1
58 8 1
58 13 0
58 13 1
58 13 1
58 13 1
58 10 1
58 10 1
58 10 1
58 10 1
58 10 1
58 10 1
58 12 1
58 12 1
58 12 1
58 12 1
58 12 1
58 12 1
58 12 1
58 12 1
58 16 1
58 16 1
58 16 1
58 16 1
58 16 1
58 16 1
58 16 1
58 16 1
58 16 0
58 16 1
58 16 1
58 16 1
58 23 0
58 23 1
58 23 1
58 23 1
58 3 0
58 3 1
58 3 1
58 3 1
58 3 1
58 15 1
58 15 0
58 15 0
58 15 0
58 15 0
58 15 0
59 1 1
59 1 1
59 1 0
59 1 1
59 1 1
59 1 1
59 1 0
59 1 1
59 1 1
59 1 1
59 1 1
59 1 1
59 1 1
59 1 1
59 1 1
59 13 1
59 13 0
59 13 1
59 13 1
59 13 0
59 13 0
59 9 0
59 9 1
59 9 1
59 9 1
59 9 1
59 3 1
59 3 1
59 3 1
59 3 1
59 3 1
59 3 1
59 3 1
59 3 1
59 17 1
59 17 1
59 17 1
59 17 1
59 17 1
59 14 1
59 14 1
59 14 1
59 14 0
59 14 1
59 14 1
59 14 1
59 14 1
59 14 1
59 14 1
59 14 1
59 14 0
59 14 0
59 14 1
59 14 0
59 14 1
59 14 1
59 14 1
59 14 1
59 14 1
59 14 1
59 14 1
59 14 0
59 14 1
59 14 1
59 14 0
59 14 1
59 14 1
59 14 1
59 14 1
59 14 1
59 14 1
59 14 1
59 14 1
59 14 1
59 14 1
59 5 0
59 5 1
59 5 1
59 5 1
59 8 1
59 8 1
59 8 1
59 8 1
60 13 0
60 13 1
60 13 1
60 13 1
60 13 1
60 13 1
60 13 1
60 13 1
60 13 1
60 13 1
60 13 1
60 13 1
60 13 0
60 9 1
60 9 0
60 9 0
60 9 1
60 9 1
60 9 0
60 9 1
60 21 1
60 21 1
60 21 1
60 21 1
60 21 1
60 21 1
60 20 1
60 20 1
60 20 1
60 20 1
60 17 0
60 17 1
60 17 1
60 17 1
60 14 1
60 14 1
60 14 1
60 14 1
60 14 0
60 14 1
60 14 1
60 14 0
60 14 1
60 14 0
60 14 1
60 14 1
60 14 0
60 14 1
60 14 1
60 14 1
60 14 1
60 14 0
60 14 0
60 14 1
60 14 1
60 14 1
60 14 1
60 14 1
60 14 1
60 14 1
60 14 1
60 14 1
60 14 1
60 14 1
60 14 1
60 14 1
60 14 1
60 14 0
60 14 0
60 14 1
60 14 0
60 14 1
60 14 1
60 14 0
60 5 0
60 5 0
60 5 1
60 5 1
60 5 1
60 5 1
60 5 1
60 5 1
60 5 1
60 5 1
60 5 1
60 5 1
60 5 1
60 8 1
60 8 1
60 8 1
60 8 1
60 8 1
60 8 1
60 8 1
60 8 1
60 8 1
60 8 1
60 8 1
60 8 1
60 8 1
60 8 1
60 8 1
60 8 1
60 8 1
60 16 1
60 16 1
60 16 1
60 16 1
60 16 1
60 16 1
60 16 1
60 10 1
60 10 1
60 10 1
60 10 1
60 10 1
60 10 1
60 10 1
60 10 1
60 10 1
60 10 1
60 10 1
60 10 1
60 10 1
60 10 1
60 10 1
60 22 1
60 22 1
60 22 1
60 22 1
60 18 1
60 18 1
60 18 1
60 18 0
60 19 1
60 19 1
60 19 1
60 19 1
60 19 1
60 19 1
60 19 1
60 19 1
60 19 1
60 3 1
60 3 1
60 3 1
60 3 0
60 3 0
60 15 0
60 15 0
60 15 0
60 15 0
61 1 0
61 1 0
61 1 0
61 1 1
61 1 1
61 1 0
61 12 1
61 12 1
61 12 1
61 12 1
61 12 0
61 12 1
61 17 1
61 17 1
61 17 1
61 17 1
61 17 1
61 14 1
61 14 1
61 14 1
61 14 0
61 14 1
61 14 0
61 14 1
61 14 1
61 14 0
61 14 0
61 14 1
61 14 0
61 14 1
61 14 0
61 14 1
61 14 1
61 14 1
61 14 1
61 14 0
61 14 0
61 14 1
61 14 1
61 14 0
61 14 1
61 14 1
61 14 1
61 14 1
61 14 1
61 14 0
61 14 1
61 14 0
61 14 0
61 14 1
61 14 0
61 14 0
61 14 1
61 14 0
61 5 0
61 5 0
61 5 1
61 5 0
61 8 1
61 8 1
61 8 1
61 8 1
61 8 1
61 8 1
61 8 1
61 8 1
61 8 1
61 8 1
61 8 1
61 8 1
61 8 1
61 8 1
61 8 1
61 8 1
61 8 1
61 15 1
61 15 1
61 15 1
61 15 0
61 15 0
61 15 0
61 15 0
61 13 0
61 13 1
61 13 1
61 13 0
61 13 1
61 13 1
61 13 1
62 1 0
62 1 1
62 1 0
62 1 0
62 13 0
62 13 0
62 13 1
62 13 1
62 13 1
62 9 1
62 9 0
62 9 1
62 9 1
62 9 1
62 9 1
62 9 1
62 9 1
62 9 1
62 9 1
62 21 0
62 21 1
62 21 1
62 21 1
62 21 1
62 21 1
62 2 1
62 2 1
62 2 1
62 2 1
62 8 1
62 8 1
62 8 1
62 8 1
62 8 1
62 8 1
62 8 1
62 8 1
62 8 1
62 8 1
62 8 1
62 8 1
62 8 1
62 8 1
62 17 0
62 17 0
62 17 1
62 17 1
62 17 1
62 17 1
62 14 1
62 14 0
62 14 0
62 14 0
62 14 0
62 14 0
62 14 0
62 14 1
62 14 1
62 14 1
62 14 0
62 14 1
62 14 0
62 14 1
62 14 1
62 14 1
62 14 1
62 14 1
62 14 1
62 14 1
62 14 1
62 14 1
62 14 1
62 14 1
62 14 0
62 14 0
62 14 1
62 14 1
62 14 1
62 14 1
62 14 0
62 14 1
62 5 1
62 5 1
62 5 1
62 5 1
62 3 0
62 3 1
62 3 1
62 3 1
62 16 1
62 16 1
62 16 1
62 16 1
62 16 1
62 16 1
62 16 1
62 16 0
63 11 1
63 11 1
63 11 1
63 11 1
63 11 1
63 11 0
63 13 1
63 13 1
63 13 0
63 13 1
63 13 1
63 13 1
63 13 1
63 9 1
63 9 1
63 9 1
63 9 1
63 9 1
63 9 1
63 9 1
63 9 1
63 9 1
63 21 1
63 21 1
63 21 1
63 21 1
63 21 1
63 21 1
63 12 1
63 12 1
63 12 1
63 12 0
63 12 1
63 14 1
63 14 1
63 14 1
63 14 1
63 14 1
63 14 1
63 14 0
63 14 1
63 14 1
63 14 1
63 14 1
63 14 1
63 14 0
63 14 1
63 14 1
63 14 0
63 14 1
63 14 1
63 14 0
63 14 0
63 14 1
63 14 1
63 14 1
63 14 1
63 14 1
63 14 1
63 14 1
63 14 1
63 14 1
63 14 1
63 14 1
63 14 0
63 14 0
63 14 1
63 14 0
63 14 1
63 14 1
63 14 1
63 14 0
63 5 1
63 5 1
63 5 1
63 5 1
63 5 0
63 5 1
63 5 1
63 8 1
63 8 1
63 8 1
63 8 1
63 8 1
63 8 1
63 8 1
63 8 1
63 8 1
63 8 1
63 8 1
63 8 1
63 8 1
63 8 1
63 8 1
63 8 1
63 8 1
63 8 1
63 8 1
63 8 1
63 16 1
63 16 1
63 16 1
63 16 1
63 16 1
63 16 1
63 16 1
63 16 1
63 16 1
63 16 1
63 16 1
63 10 1
63 10 1
63 10 1
63 10 1
63 10 1
63 10 1
63 10 1
63 18 1
63 18 1
63 18 0
63 18 1
63 18 1
63 3 1
63 3 0
63 3 1
63 3 1
63 3 1
63 15 0
63 15 0
63 15 0
63 15 0
64 13 1
64 13 1
64 13 1
64 13 1
64 9 1
64 9 0
64 9 1
64 9 1
64 9 1
64 9 1
64 3 0
64 3 1
64 3 1
64 3 1
64 3 1
64 3 0
64 2 1
64 2 1
64 2 1
64 2 1
64 2 1
64 17 1
64 17 1
64 17 1
64 17 1
64 17 1
64 17 1
64 17 1
64 14 1
64 14 1
64 14 1
64 14 1
64 14 1
64 14 1
64 14 1
64 14 1
64 14 1
64 14 1
64 14 1
64 14 0
64 14 1
64 14 0
64 14 1
64 14 1
64 14 1
64 14 1
64 14 1
64 14 1
64 14 1
64 14 1
64 14 1
64 14 1
64 14 1
64 14 1
64 14 0
64 14 1
64 14 1
64 14 1
64 14 1
64 14 1
64 14 1
64 14 0
64 14 1
64 14 0
64 14 0
64 14 1
64 14 1
64 14 1
64 5 0
64 5 1
64 5 1
64 5 1
64 5 1
64 5 1
64 5 0
64 8 1
64 8 1
64 8 1
64 8 1
64 8 1
64 8 1
64 8 1
64 8 1
64 8 1
64 8 1
64 8 1
64 8 1
64 8 1
64 16 1
64 16 1
64 16 1
64 16 1
64 16 1
64 16 1
64 16 1
64 16 0
64 16 0
64 16 1
64 10 1
64 10 1
64 10 1
64 10 1
64 10 1
64 10 1
64 10 1
64 10 1
64 12 1
64 12 1
64 12 1
64 12 1
64 12 1
64 12 1
64 12 1
64 27 1
64 27 1
64 27 1
64 27 1
64 28 1
64 28 1
64 28 1
64 28 1
64 21 1
64 21 1
64 21 1
64 21 1
64 21 1
64 21 1
65 13 0
65 13 0
65 13 1
65 13 1
65 13 1
65 9 1
65 9 1
65 9 0
65 9 1
65 9 0
65 9 1
65 9 1
65 21 1
65 21 1
65 21 1
65 21 1
65 21 1
65 21 1
65 2 0
65 2 1
65 2 1
65 2 1
65 17 0
65 17 1
65 17 1
65 17 1
65 17 1
65 14 1
65 14 1
65 14 1
65 14 1
65 14 1
65 14 1
65 14 0
65 14 0
65 14 1
65 14 1
65 14 0
65 14 1
65 14 0
65 14 0
65 14 0
65 14 1
65 14 0
65 14 1
65 14 0
65 14 0
65 14 1
65 14 1
65 14 1
65 14 1
65 14 1
65 14 1
65 14 0
65 14 0
65 14 0
65 14 1
65 14 0
65 14 0
65 14 1
65 14 1
65 14 1
65 14 0
65 14 1
65 14 1
65 14 1
65 5 0
65 5 1
65 5 1
65 5 1
65 5 1
65 5 0
65 5 1
65 8 1
65 8 1
65 8 1
65 8 1
65 8 1
65 8 1
65 8 1
65 8 1
65 8 1
65 8 1
65 8 1
65 8 1
65 8 1
65 8 1
65 8 0
65 16 1
65 16 1
65 16 1
65 16 1
65 16 1
65 16 1
65 16 0
65 16 1
65 16 1
65 16 0
65 10 1
65 10 0
65 10 1
65 10 1
65 10 1
65 10 1
65 10 1
65 10 1
65 10 1
65 10 1
65 10 1
65 12 1
65 12 1
65 12 1
65 12 1
65 12 1
65 12 1
65 4 0
65 4 0
65 4 0
65 4 1
65 3 0
65 3 1
65 3 1
65 3 1
65 3 1
66 8 1
66 8 1
66 8 1
66 8 1
66 8 1
66 8 1
66 8 1
66 8 1
66 8 1
66 29 1
66 29 0
66 29 1
66 29 1
66 29 1
66 29 1
66 4 1
66 4 1
66 4 1
66 4 1
66 4 0
66 4 1
66 4 1
66 4 1
66 18 1
66 18 1
66 18 1
66 18 0
66 17 0
66 17 1
66 17 1
66 17 1
66 17 1
66 17 1
66 14 1
66 14 1
66 14 1
66 14 1
66 14 0
66 14 0
66 14 0
66 14 1
66 14 1
66 14 1
66 14 0
66 14 1
66 14 0
66 14 0
66 14 1
66 14 1
66 14 0
66 14 1
66 14 1
66 14 1
66 14 1
66 14 1
66 14 1
66 14 1
66 14 1
66 14 1
66 14 0
66 14 1
66 14 1
66 14 1
66 14 1
66 14 1
66 14 0
66 5 0
66 5 1
66 5 0
66 5 1
66 5 1
66 5 1
66 21 1
66 21 1
66 21 1
66 21 1
66 21 1
66 30 0
66 30 1
66 30 1
66 30 1
66 30 1
66 30 1
66 19 1
66 19 1
66 19 1
66 19 1
66 19 1
66 19 1
66 10 1
66 10 1
66 10 1
66 10 1
66 10 0
66 10 1
67 14 1
67 14 1
67 14 0
67 14 1
67 14 1
67 14 1
67 14 1
67 14 0
67 14 1
67 14 1
67 14 1
67 14 0
67 14 1
67 14 0
67 14 1
67 14 1
67 14 1
67 14 0
67 14 1
67 14 1
67 14 1
67 14 1
67 14 1
67 14 1
67 14 1
67 14 1
67 14 1
68 13 1
68 13 0
68 13 1
68 13 1
68 10 1
68 10 1
68 10 1
68 10 1
68 10 1
68 9 1
68 9 0
68 9 0
68 9 0
68 9 1
68 9 1
68 9 1
68 9 1
68 8 1
68 8 1
68 8 1
68 8 1
68 8 1
68 8 1
68 8 1
68 8 1
68 8 1
68 8 1
68 8 1
68 8 1
68 14 0
68 14 0
68 14 1
68 14 1
68 14 0
68 14 1
68 14 1
68 14 0
68 14 1
68 14 0
68 14 0
68 14 0
68 14 1
68 14 1
68 14 0
68 14 0
68 14 0
68 14 1
68 14 1
68 14 1
68 14 1
68 14 0
68 14 1
68 14 0
68 14 1
68 14 1
68 14 0
68 14 1
68 14 0
68 14 0
68 14 1
68 14 0
68 14 0
68 14 0
68 14 0
68 14 1
68 14 0
68 14 1
68 14 1
68 5 0
68 5 0
68 5 1
68 5 1
68 5 1
68 5 0
68 4 0
68 4 0
68 4 0
68 4 0
68 15 0
68 15 0
68 15 0
68 15 0
68 16 1
68 16 1
68 16 1
68 16 1
68 16 1
68 16 0
68 16 1
68 16 1
68 16 1
68 16 1
68 3 0
68 3 1
68 3 1
68 3 1
68 3 1
69 13 0
69 13 0
69 13 0
69 13 1
69 13 1
69 13 0
69 9 1
69 9 0
69 9 0
69 9 1
69 9 0
69 9 0
69 9 1
69 9 1
69 20 1
69 20 1
69 20 1
69 20 1
69 2 1
69 2 1
69 2 1
69 2 1
69 17 0
69 17 1
69 17 1
69 17 1
69 17 1
69 17 0
69 14 1
69 14 1
69 14 1
69 14 1
69 14 1
69 14 1
69 14 0
69 14 1
69 14 0
69 14 1
69 14 1
69 14 1
69 14 0
69 14 0
69 14 0
69 14 0
69 14 0
69 14 0
69 14 0
69 14 1
69 14 1
69 14 1
69 14 1
69 14 1
69 14 1
69 14 0
69 14 0
69 14 1
69 14 0
69 14 0
69 14 1
69 14 0
69 14 1
69 14 1
69 14 0
69 14 0
69 14 1
69 14 1
69 5 0
69 5 1
69 5 1
69 5 1
69 5 0
69 16 1
69 16 1
69 16 1
69 16 1
69 16 1
69 16 1
69 16 1
69 16 1
69 16 1
69 16 1
69 16 0
69 16 1
69 10 1
69 10 1
69 10 1
69 10 1
69 10 1
69 10 1
69 10 1
69 10 1
69 7 0
69 7 1
69 7 1
69 7 0
69 19 1
69 19 1
69 19 1
69 19 1
69 3 1
69 3 1
69 3 1
69 3 1
69 3 0
69 3 1
69 15 1
69 15 0
69 15 0
69 15 0
69 15 0
69 15 0
69 15 0
69 15 0
70 12 1
70 12 1
70 12 1
70 12 1
70 12 1
70 12 1
70 12 1
70 12 1
70 9 1
70 9 1
70 9 1
70 9 0
70 9 1
70 9 0
70 9 1
70 9 1
70 9 1
70 9 1
70 9 1
70 21 1
70 21 1
70 21 1
70 21 1
70 21 1
70 21 1
70 21 1
70 21 1
70 16 1
70 16 1
70 16 1
70 16 1
70 16 1
70 16 1
70 16 1
70 14 1
70 14 0
70 14 1
70 14 1
70 14 1
70 14 0
70 14 1
70 14 1
70 14 0
70 14 0
70 14 0
70 14 1
70 14 1
70 14 1
70 14 0
70 14 1
70 14 1
70 14 1
70 14 1
70 14 1
70 14 1
70 14 0
70 14 0
70 14 0
70 14 0
70 14 1
70 14 0
70 14 1
70 14 0
70 14 1
70 14 0
70 14 0
70 14 1
70 14 1
70 14 1
70 14 1
70 14 1
70 14 1
70 14 1
70 14 1
70 7 1
70 7 1
70 7 1
70 7 1
70 5 0
70 5 1
70 5 1
70 5 1
70 5 1
70 5 1
70 5 1
70 8 1
70 8 1
70 8 1
70 8 1
70 8 1
70 8 1
70 15 1
70 15 0
70 15 0
70 15 0
70 15 0
70 19 1
70 19 1
70 19 1
70 19 1
70 10 1
70 10 1
70 10 1
70 10 1
70 10 1
70 10 0
70 10 1
70 10 1
70 10 1
