1 5 1
1 5 1
1 5 1
1 5 1
1 5 0
1 5 1
1 5 1
1 5 1
1 10 1
1 10 1
1 10 1
1 10 1
1 10 1
1 10 1
1 10 1
1 10 1
1 10 1
1 10 1
1 10 1
1 10 1
1 10 1
1 10 1
1 10 1
1 10 1
1 12 1
1 12 1
1 12 1
1 12 1
1 12 1
1 12 1
1 12 0
1 7 1
1 7 1
1 7 1
1 7 1
1 7 1
1 7 1
1 7 1
1 7 1
1 7 1
1 7 1
1 7 0
1 7 1
1 7 1
1 7 1
1 7 1
1 7 1
1 7 1
1 7 1
1 7 1
1 7 1
1 7 1
1 7 1
1 7 1
1 7 1
1 7 1
1 7 1
1 7 1
1 7 1
1 11 1
1 11 1
1 11 1
1 11 0
1 11 1
1 4 1
1 4 1
1 4 1
1 4 1
1 4 1
1 4 1
1 4 1
1 3 1
1 3 0
1 3 1
1 3 1
1 2 1
1 2 1
1 2 1
1 2 1
1 2 1
1 2 1
1 2 1
1 2 1
1 2 1
1 2 1
1 2 1
1 2 1
1 2 1
1 2 1
1 2 1
1 2 1
1 2 0
1 2 0
1 8 1
1 8 1
1 8 1
1 8 1
1 8 1
1 8 0
1 8 1
1 8 1
1 9 1
1 9 1
1 9 1
1 9 1
1 9 1
1 9 1
1 9 1
2 5 1
2 5 1
2 5 1
2 5 1
2 5 1
2 12 1
2 12 1
2 12 1
2 12 0
2 12 1
2 12 1
2 12 1
2 12 1
2 7 1
2 7 1
2 7 1
2 7 1
2 7 1
2 7 1
2 7 1
2 7 1
2 7 1
2 7 1
2 7 1
2 7 1
2 7 1
2 7 1
2 7 1
2 7 1
2 7 1
2 7 1
2 7 1
2 7 1
2 7 1
2 7 1
2 7 1
2 7 1
2 7 1
2 7 1
2 7 1
2 7 1
2 7 1
2 7 1
2 7 1
2 7 1
2 7 1
2 7 1
2 4 0
2 4 1
2 4 1
2 4 1
2 4 0
2 4 0
2 4 0
2 3 1
2 3 1
2 3 0
2 3 1
2 3 1
2 10 1
2 10 1
2 10 1
2 10 1
2 10 1
2 10 1
2 10 1
2 10 1
2 10 1
2 10 1
2 10 1
2 10 1
2 10 1
2 10 1
2 10 1
2 10 1
2 10 1
2 10 1
2 10 1
2 10 1
2 10 1
2 8 1
2 8 0
2 8 1
2 8 1
2 8 1
2 8 0
2 9 1
2 9 1
2 9 1
2 9 1
2 9 1
2 9 1
2 9 1
2 9 1
2 9 1
3 1 0
3 1 0
3 1 1
3 1 1
3 1 1
3 5 1
3 5 1
3 5 1
3 5 1
3 5 1
3 5 1
3 5 1
3 5 1
3 5 1
3 5 1
3 3 1
3 3 1
3 3 1
3 3 1
3 7 0
3 7 1
3 7 1
3 7 1
3 7 1
3 4 1
3 4 1
3 4 1
3 4 1
3 4 1
3 4 1
3 4 1
3 4 1
3 4 1
3 4 1
3 21 0
3 21 1
3 21 1
3 21 1
3 21 1
3 21 1
3 21 1
3 21 1
3 21 1
3 2 1
3 2 1
3 2 1
3 2 0
3 2 1
3 2 1
3 2 1
3 2 1
3 2 1
3 2 1
3 2 1
3 2 1
3 2 1
3 2 1
3 2 1
3 2 1
3 2 1
3 2 1
3 2 1
3 2 1
3 2 1
3 2 1
3 2 1
3 2 0
3 2 1
3 2 1
3 2 1
3 2 1
3 2 1
3 2 1
3 2 1
3 2 1
3 2 1
3 2 1
3 2 1
3 2 1
3 2 1
3 2 1
3 2 1
3 2 1
3 2 1
3 2 1
3 2 1
3 2 1
3 2 1
3 2 1
3 2 1
3 2 1
3 2 1
3 2 1
3 2 1
3 2 1
3 2 1
3 2 1
3 2 1
3 2 1
3 2 1
3 2 1
3 2 1
3 2 1
3 2 1
3 2 1
3 2 0
3 9 1
3 9 1
3 9 1
3 9 1
3 9 1
3 9 1
3 10 1
3 10 1
3 10 1
3 10 1
4 4 1
4 4 1
4 4 1
4 4 1
4 4 0
4 2 1
4 2 1
4 2 1
4 2 1
4 2 1
4 2 1
4 2 1
4 2 1
4 2 1
4 2 1
4 2 1
4 2 1
4 2 1
4 2 0
4 2 1
4 2 1
4 2 1
4 2 1
4 2 1
4 2 1
4 2 1
4 2 1
4 2 1
4 2 1
4 2 1
4 2 1
4 2 1
4 2 1
4 2 1
4 2 1
4 2 1
4 2 1
4 2 1
4 2 1
4 2 1
4 2 1
4 2 1
4 2 1
4 2 1
4 2 1
4 2 1
4 2 1
4 2 1
4 2 1
4 2 1
4 2 1
4 2 1
4 2 1
4 2 1
4 2 0
4 2 1
4 2 1
4 2 1
4 2 1
4 2 1
4 2 1
4 2 1
4 2 1
4 2 1
4 2 1
4 2 1
4 2 1
4 2 1
4 7 1
4 7 1
4 7 1
4 7 1
4 7 1
4 3 1
4 3 1
4 3 1
4 3 1
5 1 0
5 1 1
5 1 0
5 1 1
5 3 0
5 3 1
5 3 1
5 3 1
5 14 1
5 14 1
5 14 0
5 14 1
5 4 1
5 4 0
5 4 0
5 4 0
5 4 0
5 4 0
5 4 0
5 4 1
5 4 1
5 4 1
5 2 1
5 2 1
5 2 0
5 2 1
5 2 1
5 2 1
5 2 1
5 2 1
5 2 1
5 2 1
5 2 1
5 2 1
5 2 1
5 2 1
5 2 1
5 2 1
5 2 1
5 2 1
5 2 0
5 2 1
5 2 1
5 2 1
5 2 1
5 2 1
5 2 1
5 2 1
5 2 1
5 2 1
5 2 1
5 2 1
5 2 1
5 2 1
5 2 1
5 2 1
5 2 1
5 2 1
5 2 1
5 2 1
5 2 0
5 2 1
5 2 1
5 2 1
5 2 1
5 2 1
5 2 1
5 2 1
5 2 1
5 2 1
5 2 1
5 2 1
5 2 1
5 2 1
5 2 1
5 2 1
5 2 1
5 2 1
5 2 1
5 2 1
5 2 1
5 2 1
5 2 1
5 2 0
5 2 1
5 2 1
5 2 1
5 2 1
5 2 0
5 2 1
5 2 1
5 2 1
5 2 1
5 2 1
5 2 1
5 2 1
5 2 1
5 10 1
5 10 1
5 10 1
5 10 1
6 12 1
6 12 1
6 12 1
6 12 1
6 12 1
6 12 1
6 12 1
6 12 1
6 7 1
6 7 1
6 7 1
6 7 1
6 7 1
6 7 1
6 7 1
6 7 1
6 7 1
6 7 1
6 7 1
6 7 1
6 7 1
6 7 1
6 7 1
6 7 1
6 7 1
6 7 1
6 7 1
6 7 1
6 7 1
6 7 1
6 7 1
6 7 1
6 7 1
6 7 1
6 7 1
6 7 1
6 4 1
6 4 1
6 4 0
6 4 1
6 2 1
6 2 1
6 2 1
6 2 1
6 2 1
6 2 1
6 2 1
6 2 1
6 2 1
6 2 1
6 2 1
6 2 1
6 2 1
6 2 1
6 2 1
6 2 1
6 2 1
6 8 1
6 8 1
6 8 1
6 8 1
6 8 1
6 10 1
6 10 1
6 10 1
6 10 1
6 10 1
6 10 1
6 10 1
6 10 1
6 10 1
6 10 1
6 10 1
6 10 1
6 10 1
6 10 1
6 10 1
6 10 1
6 10 1
6 10 1
7 1 1
7 1 1
7 1 0
7 1 0
7 1 0
7 1 1
7 1 1
7 1 1
7 5 1
7 5 1
7 5 1
7 5 1
7 8 1
7 8 1
7 8 1
7 8 1
7 4 1
7 4 1
7 4 1
7 4 1
7 4 1
7 4 1
7 4 1
7 4 1
7 4 1
7 4 1
7 4 1
7 2 1
7 2 1
7 2 0
7 2 1
7 2 0
7 2 0
7 2 1
7 2 1
7 2 1
7 2 1
7 2 1
7 2 1
7 2 1
7 2 1
7 2 1
7 2 1
7 2 1
7 2 1
7 2 1
7 23 1
7 23 1
7 23 1
7 23 1
7 23 1
7 10 1
7 10 1
7 10 1
7 10 1
7 10 1
7 10 1
7 10 1
7 10 1
7 10 1
7 10 1
7 10 1
7 10 1
7 10 1
7 10 1
7 10 1
7 10 1
7 10 1
7 10 1
7 12 1
7 12 1
7 12 1
7 12 1
7 12 1
7 12 1
7 12 1
7 12 1
7 12 1
7 12 1
7 12 1
7 12 1
7 12 1
7 7 1
7 7 1
7 7 1
7 7 1
7 7 1
7 7 1
7 7 1
7 7 1
7 7 1
7 7 1
7 7 1
7 7 1
7 7 1
7 7 1
7 7 1
7 7 1
7 7 1
7 7 1
7 7 1
7 7 1
7 7 1
7 7 1
7 7 1
7 7 1
7 7 1
7 7 1
7 7 1
7 7 0
7 7 1
7 7 1
7 7 1
7 7 1
7 7 1
7 7 1
7 7 1
7 7 1
7 7 1
7 22 1
7 22 1
7 22 1
7 22 1
7 6 0
7 6 1
7 6 1
7 6 1
7 6 0
7 9 1
7 9 1
7 9 1
7 9 1
7 9 1
8 1 1
8 1 0
8 1 0
8 1 0
8 1 0
8 5 1
8 5 1
8 5 1
8 5 1
8 5 1
8 5 0
8 5 1
8 5 1
8 5 1
8 2 1
8 2 1
8 2 1
8 2 1
8 2 1
8 2 1
8 2 1
8 2 1
8 2 1
8 2 1
8 2 1
8 2 1
8 2 1
8 2 1
8 2 1
8 2 1
8 2 1
8 2 1
8 2 1
8 2 1
8 2 1
8 2 1
8 2 1
8 2 1
8 2 1
8 2 1
8 2 1
8 2 1
8 2 1
8 2 1
8 2 1
8 2 1
8 2 0
8 2 0
8 2 1
8 2 1
8 2 1
8 2 1
8 2 1
8 2 1
8 2 1
8 2 1
8 2 1
8 2 1
8 2 1
8 2 1
8 2 1
8 2 1
8 2 1
8 2 1
8 2 1
8 2 1
8 2 1
8 2 1
8 2 1
8 2 1
8 2 1
8 2 1
8 2 1
8 2 1
8 2 1
8 2 1
8 2 1
8 2 1
8 2 1
8 2 1
8 2 1
8 2 1
8 2 1
8 2 1
8 2 1
8 2 1
8 2 1
8 4 1
8 4 0
8 4 0
8 4 0
8 4 0
8 4 1
8 4 1
8 4 1
9 14 0
9 14 0
9 14 1
9 14 1
9 3 1
9 3 1
9 3 1
9 3 0
9 3 1
9 3 1
9 3 1
9 2 1
9 2 1
9 2 1
9 2 1
9 2 1
9 2 1
9 2 1
9 2 1
9 2 1
9 2 1
9 2 1
9 2 1
9 2 1
9 2 1
9 2 1
9 2 1
9 2 1
9 2 1
9 2 1
9 2 1
9 2 1
9 2 1
9 2 1
9 2 1
9 2 1
9 2 1
9 2 1
9 2 1
9 2 1
9 2 0
9 2 1
9 2 1
9 2 1
9 2 1
9 2 1
9 2 1
9 2 1
9 2 1
9 2 0
9 2 1
9 2 1
9 2 1
9 2 1
9 2 0
9 2 1
9 2 1
9 2 1
9 2 1
9 2 1
9 2 1
9 2 1
9 2 1
9 2 1
9 2 1
9 2 1
9 2 1
9 2 1
9 2 1
9 2 1
9 2 1
9 2 1
9 2 1
9 2 1
9 2 1
9 2 1
9 2 1
9 2 1
9 2 1
9 2 1
9 2 1
9 2 1
9 2 1
9 2 1
9 2 1
9 2 1
9 2 1
9 2 1
9 2 1
9 2 1
9 2 1
9 2 1
9 2 1
9 2 1
9 2 1
9 2 1
9 2 1
9 2 1
9 2 1
9 5 1
9 5 1
9 5 1
9 5 1
9 5 1
9 4 0
9 4 0
9 4 1
9 4 0
9 4 0
9 4 1
10 3 1
10 3 0
10 3 1
10 3 1
10 3 0
10 3 1
10 2 1
10 2 1
10 2 1
10 2 1
10 2 1
10 2 1
10 2 1
10 2 1
10 2 1
10 2 1
10 2 1
10 2 1
10 2 1
10 2 1
10 2 1
10 2 1
10 2 1
10 2 1
10 2 1
10 2 1
10 2 1
10 2 1
10 2 1
10 2 1
10 2 1
10 2 1
10 2 1
10 2 1
10 2 1
10 2 1
10 2 1
10 2 1
10 2 1
10 2 1
10 2 1
10 2 1
10 2 1
10 7 1
10 7 1
10 7 1
10 7 1
10 7 1
10 7 1
10 7 1
10 7 1
10 7 1
10 7 1
10 7 1
10 7 1
10 7 1
10 7 1
10 4 1
10 4 1
10 4 1
10 4 1
10 4 1
10 4 0
10 4 0
10 4 1
11 4 1
11 4 0
11 4 1
11 4 0
11 4 0
11 4 0
11 4 0
11 2 1
11 2 1
11 2 1
11 2 1
11 2 1
11 2 1
11 2 1
11 2 1
11 2 1
11 2 1
11 2 1
11 2 1
11 2 1
11 2 1
11 2 1
11 2 1
11 2 1
11 2 1
11 2 1
11 2 0
11 2 1
11 2 1
11 2 1
11 2 1
11 2 1
11 2 1
11 2 0
11 2 1
11 2 0
11 2 1
11 2 1
11 2 1
11 2 1
11 2 1
11 2 1
11 2 1
11 2 1
11 2 1
11 2 1
11 2 1
11 2 1
11 2 1
11 2 1
11 2 1
11 2 1
11 2 1
11 2 1
11 2 1
11 2 1
11 2 1
11 2 1
11 2 1
11 2 1
11 2 1
11 2 1
11 2 1
11 2 1
11 2 1
11 2 1
11 2 1
11 2 1
11 2 1
11 2 1
11 2 1
11 2 1
11 2 1
11 2 1
11 2 1
11 2 1
11 2 1
11 2 1
12 3 0
12 3 1
12 3 1
12 3 1
12 2 1
12 2 1
12 2 1
12 2 1
12 2 1
12 2 1
12 2 1
12 2 1
12 2 1
12 2 1
12 2 1
12 2 1
12 2 1
12 2 1
12 2 1
12 2 1
12 2 1
12 2 1
12 2 1
12 2 1
12 2 1
12 2 1
12 2 1
12 2 1
12 2 1
12 2 1
12 2 1
12 2 1
12 2 1
12 2 1
12 2 1
12 2 1
12 2 1
12 2 1
12 2 1
12 2 1
12 2 1
12 2 1
12 2 1
12 2 1
12 2 1
12 2 1
12 2 1
12 2 0
12 2 0
12 2 1
12 2 1
12 2 1
12 2 1
12 2 1
12 2 1
12 2 1
12 2 1
12 2 1
12 2 1
12 2 1
12 2 1
12 2 1
12 2 1
12 2 1
12 2 1
12 2 1
12 2 1
12 2 1
12 2 1
12 2 1
12 2 0
12 2 1
12 2 1
12 2 1
12 2 1
12 2 1
12 2 1
12 2 1
12 2 1
12 2 1
12 2 1
12 2 1
12 2 1
12 2 1
12 2 1
12 2 1
12 2 1
12 2 1
12 2 1
12 2 1
12 2 1
12 2 1
12 2 1
12 2 1
12 2 1
12 2 1
12 2 1
12 2 1
12 2 1
12 2 1
12 2 1
12 2 1
12 2 1
12 2 1
12 2 1
12 2 1
12 2 1
12 2 1
12 2 1
12 2 1
12 2 1
12 2 1
12 2 1
12 2 1
12 2 1
12 2 1
12 2 1
12 2 1
12 2 1
12 2 1
12 2 1
12 2 1
12 2 1
12 2 1
12 2 1
12 2 1
12 2 1
12 2 1
12 2 1
12 2 1
12 4 1
12 4 0
12 4 1
12 4 1
12 4 1
12 4 1
12 4 1
12 4 1
12 4 0
12 4 0
12 4 0
12 4 0
12 5 1
12 5 1
12 5 1
12 5 1
12 5 1
12 5 0
12 5 1
12 5 1
12 5 1
12 5 1
12 5 1
12 5 1
13 3 1
13 3 1
13 3 1
13 3 0
13 6 0
13 6 0
13 6 0
13 6 0
13 2 1
13 2 1
13 2 1
13 2 0
13 2 0
13 2 0
13 2 1
13 2 1
13 2 1
13 2 1
13 2 1
13 2 1
13 2 1
13 2 1
13 2 1
13 2 1
13 2 1
13 2 1
13 2 1
13 2 1
13 2 1
13 2 1
13 2 1
13 2 1
13 2 1
13 2 1
13 2 1
13 2 1
13 2 1
13 2 1
13 2 1
13 2 1
13 2 1
13 2 1
13 2 0
13 2 1
13 2 1
13 2 1
13 2 1
13 2 0
13 2 1
13 2 1
13 2 1
13 2 1
13 2 0
13 2 1
13 2 1
13 2 0
13 2 1
13 2 1
13 2 1
13 2 1
13 2 1
13 2 1
13 2 1
13 2 1
13 2 1
13 2 1
13 2 1
13 2 1
13 2 1
13 2 1
13 2 1
13 2 1
13 2 1
13 2 1
13 2 1
13 2 1
13 2 1
13 2 1
13 2 1
13 2 1
13 2 1
13 2 1
13 2 1
13 2 1
13 2 1
13 2 1
13 2 1
13 2 1
13 2 1
13 2 1
13 2 1
13 2 1
13 2 1
13 2 1
13 2 1
13 2 1
13 2 1
13 2 1
13 2 1
13 2 1
13 2 1
13 2 1
13 2 1
13 2 1
13 2 1
13 2 1
13 2 1
13 2 1
13 2 1
13 2 1
13 2 1
13 2 1
13 2 1
13 2 1
13 2 1
13 2 1
13 4 1
13 4 1
13 4 0
13 4 1
13 4 1
13 4 0
13 5 1
13 5 1
13 5 1
13 5 1
13 5 1
13 5 1
14 1 0
14 1 1
14 1 1
14 1 0
14 1 1
14 1 0
14 1 1
14 1 0
14 1 0
14 1 0
14 1 0
14 1 0
14 1 0
14 1 0
14 2 1
14 2 1
14 2 1
14 2 1
14 2 1
14 2 1
14 2 1
14 2 1
14 2 1
14 2 1
14 2 1
14 2 1
14 2 1
14 2 1
14 2 0
14 2 1
14 2 1
14 2 1
14 2 1
14 2 1
14 2 1
14 2 1
14 2 1
14 2 0
14 2 0
14 2 1
14 2 1
14 2 1
14 2 1
14 2 1
14 2 1
14 2 0
14 2 1
14 2 1
14 2 1
14 2 0
15 3 1
15 3 1
15 3 1
15 3 1
15 3 0
15 3 1
15 2 1
15 2 1
15 2 1
15 2 1
15 2 1
15 2 1
15 2 1
15 2 1
15 2 1
15 2 1
15 2 1
15 2 1
15 2 1
15 2 1
15 2 1
15 2 1
15 2 1
15 2 1
15 2 1
15 2 1
15 2 1
15 2 1
15 2 1
15 2 1
15 2 1
15 2 1
15 2 1
15 2 1
15 2 1
15 2 1
15 2 1
15 2 1
15 2 1
15 2 1
15 2 1
15 2 1
15 2 1
15 2 1
15 2 1
15 2 1
15 2 0
15 2 1
15 2 1
15 2 1
15 2 0
15 2 1
15 2 1
15 2 1
15 2 1
15 2 1
15 2 1
15 2 1
15 2 1
15 2 1
15 2 1
15 2 1
15 2 1
15 2 1
15 2 1
15 2 1
15 2 1
15 2 1
15 2 1
15 2 1
15 2 1
15 2 1
15 2 1
15 2 1
15 2 1
15 2 1
15 2 1
15 2 1
15 2 1
15 2 1
15 2 1
15 2 1
15 2 1
15 2 1
15 2 1
15 2 0
15 2 1
15 2 1
15 2 1
15 2 1
15 2 1
15 2 1
15 2 1
15 2 1
15 2 1
15 2 1
15 2 1
15 2 1
15 2 1
15 4 1
15 4 1
15 4 1
15 4 1
15 4 1
15 4 0
16 5 1
16 5 1
16 5 1
16 5 0
16 5 1
16 5 1
16 2 1
16 2 1
16 2 0
16 2 1
16 2 1
16 2 1
16 2 1
16 2 1
16 2 1
16 2 1
16 2 1
16 2 1
16 2 1
16 2 1
16 2 1
16 2 1
16 2 1
16 2 1
16 2 1
16 2 1
16 2 1
16 2 1
16 2 1
16 2 1
16 2 1
16 2 1
16 2 1
16 2 1
16 2 1
16 2 1
16 2 1
16 2 1
16 2 1
16 2 1
16 2 1
16 2 1
16 2 1
16 2 1
16 2 0
16 2 1
16 2 1
16 2 1
16 2 1
16 2 1
16 2 1
16 2 1
16 2 1
16 2 1
16 2 1
16 2 1
16 2 1
16 2 1
16 2 1
16 2 1
16 2 1
16 2 1
16 2 1
16 2 1
16 2 1
16 2 1
16 2 1
16 2 1
16 2 1
16 2 1
16 2 1
16 2 1
16 2 1
16 2 1
16 2 1
16 2 1
16 2 1
16 2 1
16 2 1
16 2 1
16 2 1
16 2 1
16 2 1
16 2 1
16 2 1
16 2 1
16 2 1
16 2 1
16 2 1
16 2 1
16 2 1
16 2 0
16 2 1
16 2 1
16 2 1
16 2 1
16 2 1
16 2 1
16 2 1
16 2 1
16 2 1
16 2 1
16 2 1
16 2 1
16 4 1
16 4 0
16 4 1
16 4 1
16 4 0
16 4 1
16 4 1
16 4 1
16 3 1
16 3 0
16 3 1
16 3 1
16 3 1
17 1 1
17 1 1
17 1 1
17 1 0
17 1 1
17 1 1
17 1 1
17 1 1
17 1 0
17 1 1
17 1 1
17 1 1
17 1 1
17 1 0
17 1 1
17 1 0
17 1 0
17 1 0
17 1 0
17 1 0
17 1 1
17 1 1
17 1 1
17 1 0
17 1 1
17 1 0
17 1 1
17 1 1
17 1 0
17 1 0
17 1 1
17 1 0
17 1 1
17 1 1
17 1 0
17 1 1
17 1 1
17 1 0
17 1 1
17 1 1
17 1 1
17 1 0
17 1 0
17 1 0
17 1 1
17 1 1
17 1 1
17 1 0
17 1 1
17 1 1
17 1 0
17 1 0
17 1 0
17 1 1
17 1 0
17 1 0
17 1 1
17 1 0
17 1 1
17 2 1
17 2 1
17 2 1
17 2 1
17 2 1
17 2 1
17 2 1
17 7 1
17 7 1
17 7 1
17 7 1
17 7 1
17 7 1
17 7 1
17 7 1
17 7 1
17 7 1
17 7 1
17 7 1
17 7 1
17 7 0
17 14 1
17 14 1
17 14 0
17 14 0
17 4 1
17 4 1
17 4 1
17 4 0
17 4 1
17 4 0
17 4 1
17 4 1
17 4 1
17 4 1
17 12 1
17 12 1
17 12 0
17 12 1
17 12 0
17 10 1
17 10 1
17 10 1
17 10 1
17 10 1
17 10 1
17 10 1
17 10 1
17 10 1
17 10 1
17 10 1
17 10 1
17 10 1
17 10 1
17 10 1
17 10 1
17 10 1
17 10 1
17 10 1
17 10 0
17 10 1
17 10 1
18 1 1
18 1 1
18 1 0
18 1 1
18 1 0
18 1 1
18 1 1
18 1 1
18 1 1
18 1 1
18 1 1
18 1 0
18 1 0
18 1 1
18 4 1
18 4 0
18 4 1
18 4 0
18 4 0
18 4 0
18 4 1
18 4 0
18 4 0
18 4 1
18 2 1
18 2 1
18 2 1
18 2 0
18 2 1
18 2 1
18 2 1
18 2 1
18 2 1
18 2 1
18 2 1
18 2 1
18 2 1
18 2 1
18 2 1
18 2 1
18 2 1
18 2 1
18 2 1
18 2 1
18 2 1
18 2 1
18 2 1
18 2 1
18 2 1
18 2 1
18 2 1
18 2 1
18 2 1
18 2 0
18 2 1
18 2 1
18 2 1
18 2 1
18 2 1
18 2 1
18 2 1
18 2 1
18 2 1
18 2 1
18 2 1
18 2 0
18 2 1
18 2 0
18 2 1
18 2 1
18 2 0
18 2 1
18 2 1
18 2 1
18 2 1
18 2 1
18 2 1
18 2 1
18 2 1
18 2 1
18 2 1
18 2 1
18 2 1
18 2 1
18 2 1
18 2 1
18 2 1
18 2 1
18 2 1
18 2 1
18 2 1
18 2 1
18 2 1
18 2 1
18 2 1
18 2 1
18 2 1
18 2 0
18 2 1
18 2 1
18 2 1
18 2 1
18 2 1
18 2 1
18 2 1
18 2 1
18 2 1
18 2 1
18 2 1
18 2 1
18 2 1
18 2 1
18 2 1
18 2 1
18 2 1
18 2 1
18 2 1
18 2 1
18 2 1
18 2 1
18 2 1
18 2 1
18 2 1
18 2 1
18 2 1
18 2 1
19 5 1
19 5 1
19 5 1
19 5 1
19 5 1
19 5 1
19 5 1
19 5 1
19 5 1
19 15 0
19 15 1
19 15 0
19 15 1
19 15 1
19 4 1
19 4 0
19 4 1
19 4 1
19 4 0
19 3 1
19 3 1
19 3 1
19 3 1
19 3 0
19 3 1
19 3 1
19 3 1
19 2 1
19 2 0
19 2 0
19 2 1
19 2 1
19 2 1
19 2 1
19 2 1
19 2 1
19 2 1
19 2 1
19 2 1
19 2 1
19 2 1
19 2 1
19 2 1
19 2 1
19 2 1
19 2 1
19 2 1
19 2 1
19 2 1
19 2 0
19 2 1
19 2 1
19 2 1
19 2 1
19 2 1
19 2 1
19 2 1
19 2 1
19 2 1
19 2 1
19 2 1
19 2 1
19 2 1
19 2 1
19 2 1
19 2 1
19 2 1
19 2 1
19 2 1
19 2 1
19 2 1
19 2 1
19 2 1
19 2 1
19 2 1
19 2 1
19 2 1
19 2 1
19 2 1
19 2 1
19 2 1
19 2 1
19 2 1
19 2 1
19 2 1
19 2 1
19 2 1
19 2 1
19 2 1
19 2 1
19 2 1
19 2 1
19 2 1
19 2 1
19 2 1
19 2 1
19 2 1
19 2 1
19 2 1
19 6 1
19 6 0
19 6 1
19 6 0
20 5 1
20 5 1
20 5 1
20 5 1
20 5 1
20 5 1
20 5 1
20 5 1
20 5 1
20 12 0
20 12 1
20 12 1
20 12 1
20 12 1
20 12 1
20 7 1
20 7 1
20 7 1
20 7 1
20 7 1
20 7 1
20 7 1
20 7 1
20 7 1
20 7 1
20 7 1
20 7 1
20 7 1
20 7 1
20 7 1
20 7 1
20 7 1
20 7 1
20 7 1
20 7 1
20 7 1
20 7 1
20 7 1
20 7 1
20 7 1
20 7 1
20 7 1
20 7 1
20 7 1
20 4 1
20 4 0
20 4 1
20 4 1
20 4 1
20 4 1
20 4 0
20 3 1
20 3 1
20 3 1
20 3 1
20 3 1
20 3 1
20 2 1
20 2 1
20 2 1
20 2 1
20 2 1
20 2 1
20 2 1
20 2 1
20 2 1
20 2 1
20 2 1
20 2 1
20 2 1
20 2 1
20 2 1
20 2 0
20 9 1
20 9 1
20 9 1
20 9 1
20 9 1
20 9 1
20 9 1
20 10 1
20 10 1
20 10 1
20 10 1
20 10 1
20 10 1
20 10 1
20 10 1
20 10 1
20 10 1
21 1 1
21 1 1
21 1 0
21 1 0
21 1 1
21 5 1
21 5 1
21 5 1
21 5 1
21 5 1
21 5 1
21 5 1
21 4 1
21 4 1
21 4 1
21 4 1
21 4 1
21 4 1
21 4 1
21 4 1
21 3 1
21 3 1
21 3 1
21 3 1
21 3 1
21 3 1
21 3 0
21 2 1
21 2 1
21 2 1
21 2 1
21 2 0
21 2 1
21 2 1
21 2 1
21 2 1
21 2 1
21 2 1
21 2 1
21 2 1
21 2 1
21 2 1
21 2 1
21 2 1
21 2 1
21 2 1
21 2 1
21 2 1
21 2 1
21 2 1
21 2 1
21 2 0
21 2 0
21 2 1
21 2 1
21 2 1
21 2 0
21 2 1
21 2 1
21 2 1
21 2 1
21 2 1
21 2 0
21 2 1
21 2 0
21 2 1
21 2 1
21 2 1
21 2 1
21 2 1
21 2 1
21 2 1
21 2 1
21 2 1
21 2 1
21 2 1
21 2 1
21 2 1
21 2 1
21 2 1
21 2 1
21 2 1
21 2 1
21 2 1
21 2 1
21 2 1
21 2 1
21 2 1
21 2 1
21 2 1
21 2 1
21 2 1
21 2 0
21 2 1
21 2 1
21 2 1
21 2 1
21 2 1
21 2 1
21 2 1
21 2 1
21 2 1
21 2 1
21 2 1
21 2 1
21 2 1
21 2 1
21 2 1
21 2 1
21 6 0
21 6 0
21 6 0
21 6 0
22 1 1
22 1 1
22 1 1
22 1 0
22 1 1
22 1 0
22 1 1
22 1 1
22 1 0
22 1 1
22 1 1
22 1 1
22 1 1
22 1 1
22 1 1
22 1 1
22 1 1
22 3 1
22 3 1
22 3 1
22 3 0
22 2 1
22 2 0
22 2 1
22 2 1
22 2 1
22 2 1
22 2 1
22 2 1
22 2 1
22 2 1
22 2 1
22 2 1
22 2 1
22 2 1
22 2 1
22 2 1
22 2 1
22 2 1
22 2 1
22 2 1
22 2 1
22 2 1
22 2 1
22 2 0
22 2 1
22 2 1
22 2 1
22 2 1
22 2 1
22 2 1
22 2 1
22 2 1
22 2 0
22 2 1
22 2 1
22 2 1
22 2 1
22 2 1
22 2 0
22 2 1
22 2 1
22 2 1
22 2 1
22 2 1
22 2 1
22 2 1
22 2 1
22 2 1
22 2 1
22 2 1
22 2 1
22 2 1
22 2 1
22 2 1
22 2 1
22 2 1
22 2 1
22 2 1
22 2 0
22 2 0
22 2 0
22 2 1
22 2 1
22 2 1
22 2 1
22 2 1
22 2 1
22 2 1
22 2 1
22 4 0
22 4 0
22 4 1
22 4 0
22 4 1
22 4 0
22 4 1
22 4 1
23 4 1
23 4 0
23 4 1
23 4 1
23 4 1
23 4 1
23 4 1
23 2 1
23 2 1
23 2 1
23 2 1
23 2 1
23 2 1
23 2 1
23 2 1
23 2 1
23 2 1
23 2 1
23 2 1
23 2 1
23 2 1
23 2 1
23 2 1
23 2 1
23 2 1
23 2 1
23 2 1
23 2 0
23 2 1
23 2 1
23 2 1
23 2 1
23 2 1
23 2 1
23 2 1
23 2 1
23 2 1
23 2 0
23 2 1
23 2 1
23 2 1
23 2 1
23 2 1
23 2 1
23 2 1
23 2 1
23 2 1
23 2 1
23 2 1
23 2 1
23 2 1
23 2 1
23 2 1
23 2 1
23 2 1
23 2 1
23 2 1
23 2 1
23 2 1
23 2 1
23 2 1
23 2 1
23 2 1
23 2 1
23 2 1
23 2 1
23 2 1
23 2 1
23 2 1
23 2 1
23 2 0
23 2 1
23 2 1
23 2 1
23 2 1
23 2 1
23 2 1
23 2 1
23 2 1
23 2 1
23 2 1
23 2 1
23 2 1
23 2 1
23 2 0
23 2 1
23 2 1
23 2 1
23 2 1
23 2 1
23 2 1
23 18 1
23 18 1
23 18 1
23 18 1
23 18 1
23 14 1
23 14 1
23 14 1
23 14 1
23 14 1
23 14 1
23 14 1
24 10 1
24 10 1
24 10 1
24 10 1
24 10 1
24 10 1
24 10 1
24 10 1
24 10 1
24 10 1
24 10 1
24 10 1
24 10 1
24 10 1
24 10 1
24 10 1
24 2 1
24 2 1
24 2 0
24 2 1
24 2 1
24 2 1
24 2 1
24 2 1
24 2 1
24 2 1
24 2 1
24 2 1
24 2 1
24 2 1
24 2 1
24 2 1
24 2 1
24 2 1
24 2 1
24 2 1
24 2 1
24 7 1
24 7 1
24 7 1
24 7 1
24 7 1
24 7 1
24 7 1
24 7 1
24 7 1
24 7 1
24 7 1
24 7 1
24 7 1
24 7 1
24 7 1
24 7 1
24 7 1
24 7 1
24 7 1
24 7 0
24 7 1
24 7 1
24 7 1
24 7 1
24 7 1
24 7 1
24 7 1
24 7 1
24 7 1
24 7 1
24 7 1
24 7 1
24 7 1
24 7 1
24 7 1
24 7 1
24 7 1
24 7 1
24 7 1
24 7 1
24 7 1
24 4 1
24 4 1
24 4 1
24 4 1
24 4 1
24 4 1
24 4 1
24 4 1
24 3 1
24 3 1
24 3 1
24 3 1
24 3 1
24 3 0
24 3 1
24 12 1
24 12 1
24 12 1
24 12 1
24 12 1
24 12 1
24 12 1
24 12 1
24 12 1
24 12 1
24 12 1
24 12 1
24 8 1
24 8 1
24 8 0
24 8 1
24 8 1
24 8 1
24 9 1
24 9 1
24 9 1
24 9 1
25 10 1
25 10 1
25 10 1
25 10 1
25 10 1
25 10 1
25 10 1
25 10 1
25 10 1
25 10 1
25 10 1
25 10 1
25 10 1
25 10 1
25 10 1
25 10 1
25 10 1
25 2 1
25 2 1
25 2 1
25 2 1
25 2 1
25 2 1
25 2 1
25 2 1
25 2 1
25 2 1
25 2 1
25 2 1
25 2 1
25 2 1
25 2 1
25 2 1
25 2 0
25 2 1
25 2 0
25 7 1
25 7 1
25 7 1
25 7 1
25 7 1
25 7 1
25 7 1
25 7 1
25 7 1
25 7 1
25 7 1
25 7 1
25 7 1
25 7 1
25 7 1
25 7 1
25 7 1
25 7 1
25 7 1
25 7 1
25 7 1
25 7 1
25 7 1
25 7 1
25 7 1
25 7 1
25 7 1
25 7 1
25 7 1
25 7 1
25 7 1
25 7 1
25 7 1
25 7 1
25 7 1
25 7 1
25 7 1
25 7 1
25 4 1
25 4 1
25 4 1
25 4 1
25 4 1
25 4 0
25 4 1
25 3 0
25 3 1
25 3 1
25 3 1
25 3 1
25 3 1
25 3 1
25 12 1
25 12 1
25 12 1
25 12 1
25 8 1
25 8 1
25 8 1
25 8 1
25 8 1
25 8 1
25 8 1
25 8 1
25 9 1
25 9 1
25 9 1
25 9 1
25 9 1
25 9 1
25 9 1
26 1 0
26 1 0
26 1 0
26 1 0
26 12 1
26 12 1
26 12 1
26 12 1
26 12 1
26 12 1
26 4 0
26 4 0
26 4 1
26 4 0
26 4 0
26 3 1
26 3 1
26 3 1
26 3 1
26 3 1
26 2 1
26 2 1
26 2 1
26 2 1
26 2 1
26 2 1
26 2 1
26 2 1
26 2 1
26 2 1
26 2 1
26 2 1
26 2 1
26 2 1
26 2 1
26 2 1
26 2 1
26 2 1
26 2 1
26 2 1
26 2 1
26 2 1
26 2 1
26 2 1
26 2 1
26 2 1
26 2 1
26 2 1
26 2 1
26 2 1
26 2 1
26 2 1
26 2 1
26 2 1
26 2 1
26 2 1
26 2 1
26 2 1
26 2 1
26 2 1
26 2 0
26 2 1
26 2 1
26 2 1
26 2 1
26 2 1
26 2 1
26 2 1
26 2 1
26 2 1
26 2 1
26 2 1
26 2 1
26 2 1
26 8 1
26 8 1
26 8 1
26 8 1
26 10 1
26 10 1
26 10 1
26 10 1
27 4 1
27 4 1
27 4 1
27 4 1
27 4 1
27 4 0
27 4 1
27 2 1
27 2 1
27 2 1
27 2 1
27 2 0
27 2 1
27 2 0
27 2 1
27 2 1
27 2 1
27 2 1
27 2 1
27 2 1
27 2 1
27 2 1
27 2 1
27 2 1
27 2 1
27 2 1
27 2 1
27 2 1
27 2 1
27 2 1
27 2 1
27 2 1
27 2 1
27 2 1
27 2 1
27 2 1
27 2 0
27 2 1
27 2 1
27 2 1
27 2 1
27 2 1
27 2 1
27 2 1
27 2 1
27 2 1
27 2 1
27 2 1
27 2 1
27 2 1
27 2 1
27 2 1
27 2 1
27 2 1
27 2 1
27 2 1
27 2 1
27 2 1
27 2 1
27 2 1
27 2 1
27 2 0
27 2 1
27 2 1
27 2 1
27 2 1
27 2 1
27 22 0
27 22 1
27 22 1
27 22 1
27 7 1
27 7 1
27 7 0
27 7 0
27 10 1
27 10 1
27 10 1
27 10 1
27 10 1
27 10 1
27 10 1
28 5 1
28 5 1
28 5 1
28 5 1
28 5 1
28 2 1
28 2 1
28 2 1
28 2 1
28 2 0
28 2 1
28 2 1
28 2 1
28 2 1
28 2 1
28 2 1
28 2 1
28 2 1
28 2 1
28 2 1
28 2 1
28 2 1
28 2 0
28 2 1
28 2 1
28 2 1
28 2 1
28 2 1
28 2 1
28 2 1
28 2 1
28 2 1
28 7 1
28 7 1
28 7 1
28 7 1
28 7 1
28 7 1
28 7 1
28 7 1
28 7 1
28 7 1
28 7 1
28 7 1
28 7 1
28 7 1
28 4 1
28 4 1
28 4 0
28 4 0
28 4 1
28 10 0
28 10 1
28 10 1
28 10 1
28 10 1
28 10 1
28 10 1
28 10 0
28 10 1
29 3 0
29 3 1
29 3 0
29 3 1
29 3 0
29 3 1
29 2 1
29 2 1
29 2 1
29 2 0
29 2 0
29 2 1
29 2 1
29 2 1
29 2 1
29 2 1
29 2 1
29 2 1
29 2 1
29 2 1
29 2 1
29 2 1
29 2 1
29 2 1
29 2 1
29 2 1
29 2 1
29 2 0
29 2 1
29 2 0
29 2 1
29 2 1
29 2 1
29 2 1
29 2 1
29 2 1
29 2 1
29 2 1
29 2 1
29 2 0
29 2 1
29 2 1
29 2 1
29 2 1
29 2 1
29 2 1
29 2 1
29 2 1
29 2 1
29 2 1
29 2 1
29 2 1
29 2 1
29 2 1
29 2 1
29 2 1
29 2 1
29 2 1
29 2 1
29 2 1
29 2 1
29 2 1
29 2 1
29 2 1
29 2 1
29 2 1
29 2 1
29 2 1
29 2 1
29 2 1
29 2 1
29 2 0
29 2 0
29 2 1
29 2 1
29 2 1
29 2 1
29 2 1
29 2 1
29 2 1
29 6 1
29 6 0
29 6 0
29 6 0
29 6 0
29 5 1
29 5 1
29 5 1
29 5 1
29 5 1
29 5 0
29 5 1
29 5 1
29 4 1
29 4 1
29 4 1
29 4 1
29 4 0
29 4 1
29 4 1
30 5 1
30 5 1
30 5 1
30 5 0
30 12 1
30 12 1
30 12 1
30 12 1
30 12 1
30 12 1
30 12 1
30 12 1
30 7 1
30 7 1
30 7 1
30 7 1
30 7 1
30 7 1
30 7 1
30 7 1
30 7 1
30 7 1
30 7 1
30 7 1
30 7 1
30 7 1
30 7 1
30 7 1
30 7 1
30 7 1
30 7 1
30 7 1
30 7 1
30 4 1
30 4 0
30 4 0
30 4 1
30 4 0
30 4 0
30 4 0
30 4 1
30 4 1
30 4 1
30 4 1
30 2 1
30 2 0
30 2 1
30 2 1
30 2 1
30 2 1
30 2 1
30 2 1
30 2 1
30 2 1
30 2 1
30 2 1
30 2 1
30 2 1
30 2 1
30 2 1
30 2 1
30 2 1
30 2 0
30 2 1
30 2 1
30 2 1
30 2 1
30 2 1
30 2 1
30 2 1
30 2 1
30 2 1
30 2 1
30 2 1
30 2 1
30 2 1
30 2 1
30 2 1
30 2 1
30 2 1
30 2 1
30 2 1
30 2 0
30 2 0
30 2 1
30 2 1
30 2 1
30 2 1
30 8 1
30 8 1
30 8 1
30 8 1
30 8 1
30 10 1
30 10 1
30 10 1
30 10 1
30 10 1
30 10 1
30 10 1
30 10 1
31 1 1
31 1 1
31 1 1
31 1 1
31 1 1
31 1 1
31 1 1
31 1 1
31 1 1
31 1 1
31 1 1
31 1 1
31 1 1
31 1 1
31 4 1
31 4 1
31 4 1
31 4 1
31 4 1
31 4 0
31 4 1
31 4 1
31 2 1
31 2 1
31 2 0
31 2 1
31 2 1
31 2 1
31 2 1
31 2 1
31 2 0
31 2 1
31 2 1
31 2 1
31 2 1
31 2 1
31 2 1
31 2 1
31 2 1
31 2 1
31 2 1
31 2 1
31 2 1
31 2 1
31 2 1
31 2 1
31 2 1
31 2 1
31 2 1
31 2 0
31 2 1
31 2 1
31 2 0
31 2 0
31 2 1
31 2 1
31 2 1
31 2 1
31 2 1
31 2 1
31 2 1
31 2 1
31 2 1
31 2 1
31 2 1
31 2 1
31 2 1
31 2 1
31 2 1
31 2 1
31 2 1
31 2 1
31 2 1
31 2 1
31 2 1
31 2 1
31 2 1
31 2 1
31 2 1
32 5 1
32 5 1
32 5 1
32 5 1
32 5 1
32 5 1
32 5 1
32 5 1
32 5 1
32 10 1
32 10 1
32 10 1
32 10 1
32 10 1
32 10 1
32 10 1
32 10 1
32 10 1
32 10 1
32 10 1
32 10 1
32 10 1
32 10 1
32 10 1
32 10 1
32 10 1
32 12 1
32 12 1
32 12 0
32 12 1
32 12 1
32 12 1
32 12 1
32 12 1
32 12 1
32 7 1
32 7 1
32 7 1
32 7 1
32 7 1
32 7 1
32 7 1
32 7 1
32 7 1
32 7 1
32 7 1
32 7 1
32 7 1
32 7 1
32 7 1
32 7 1
32 7 0
32 7 1
32 7 1
32 7 1
32 7 1
32 7 1
32 7 1
32 7 1
32 7 1
32 7 1
32 7 1
32 7 1
32 7 1
32 4 0
32 4 1
32 4 0
32 4 0
32 3 1
32 3 1
32 3 1
32 3 0
32 3 1
32 2 1
32 2 1
32 2 0
32 2 1
32 2 1
32 2 1
32 2 1
32 2 1
32 2 1
32 2 1
32 2 1
32 2 1
32 2 1
32 2 1
32 2 1
32 2 0
32 2 1
32 2 1
32 9 1
32 9 0
32 9 1
32 9 1
32 9 1
32 8 1
32 8 1
32 8 1
32 8 1
32 8 1
32 8 1
32 8 1
32 8 1
32 8 1
33 1 1
33 1 0
33 1 1
33 1 1
33 1 1
33 1 1
33 1 0
33 1 1
33 1 1
33 1 1
33 1 1
33 1 0
33 1 0
33 1 0
33 1 0
33 1 0
33 1 0
33 1 1
33 1 1
33 4 1
33 4 0
33 4 0
33 4 1
33 4 0
33 4 1
33 4 0
33 4 0
33 4 1
33 2 1
33 2 1
33 2 0
33 2 1
33 2 1
33 2 1
33 2 1
33 2 1
33 2 1
33 2 1
33 2 1
33 2 1
33 2 1
33 2 1
33 2 1
33 2 1
33 2 1
33 2 1
33 2 1
33 2 1
33 2 0
33 2 1
33 2 1
33 2 1
33 2 1
33 2 0
33 2 0
33 2 1
33 2 0
33 2 0
33 2 1
33 2 1
33 2 1
33 2 1
33 2 1
33 2 1
33 2 1
33 2 0
33 2 1
33 2 1
33 2 1
33 2 1
33 2 1
33 2 1
33 2 1
33 2 1
33 2 1
33 2 1
33 2 1
33 2 1
33 2 1
33 2 1
33 2 1
33 2 1
33 2 1
33 2 1
33 2 1
33 2 1
33 2 1
33 2 1
33 2 1
33 2 1
33 2 1
33 2 1
33 2 1
33 2 1
33 2 1
33 2 1
33 2 1
33 2 1
33 2 1
33 2 1
33 2 1
33 2 1
33 2 1
33 2 1
33 2 1
33 2 1
33 2 1
33 2 1
34 5 1
34 5 1
34 5 1
34 5 1
34 5 1
34 5 1
34 4 1
34 4 1
34 4 1
34 4 1
34 4 1
34 3 1
34 3 1
34 3 1
34 3 1
34 2 1
34 2 1
34 2 1
34 2 1
34 2 0
34 2 1
34 2 1
34 2 1
34 2 1
34 2 1
34 2 1
34 2 1
34 2 0
34 2 1
34 2 1
34 2 1
34 2 1
34 2 1
34 2 1
34 2 1
34 2 1
34 2 1
34 2 0
34 2 1
34 2 1
34 2 1
34 2 1
34 2 1
34 2 1
34 2 1
34 2 1
34 2 1
34 2 1
34 2 1
34 2 1
34 2 1
34 2 1
34 2 1
34 2 1
34 2 1
34 2 1
34 2 1
34 2 1
34 2 1
34 2 0
34 2 1
34 2 1
34 2 1
34 2 1
34 2 1
34 2 1
34 2 1
34 2 1
34 2 1
34 2 1
34 2 1
34 2 1
34 2 1
34 2 1
34 2 1
34 2 1
34 2 1
34 2 1
34 2 1
34 2 1
34 2 1
34 9 1
34 9 1
34 9 1
34 9 1
34 9 1
34 10 1
34 10 1
34 10 1
34 10 1
35 5 1
35 5 1
35 5 1
35 5 1
35 5 1
35 5 1
35 5 1
35 5 1
35 5 1
35 5 1
35 5 1
35 7 0
35 7 1
35 7 1
35 7 1
35 3 1
35 3 1
35 3 0
35 3 1
35 3 1
35 4 0
35 4 1
35 4 0
35 4 0
35 4 0
35 4 0
35 4 0
35 4 1
35 4 0
35 4 0
35 2 1
35 2 1
35 2 1
35 2 1
35 2 1
35 2 1
35 2 1
35 2 1
35 2 1
35 2 1
35 2 1
35 2 1
35 2 1
35 2 1
35 2 1
35 2 1
35 2 1
35 2 1
35 2 1
35 2 1
35 2 1
35 2 1
35 2 0
35 2 1
35 2 1
35 2 1
35 2 1
35 2 1
35 2 1
35 2 1
35 2 1
35 2 1
35 2 1
35 2 1
35 2 1
35 2 1
35 2 1
35 2 1
35 2 1
35 2 1
35 2 1
35 2 1
35 2 1
35 2 1
35 2 1
35 2 1
35 2 1
35 2 0
35 2 1
35 6 0
35 6 0
35 6 0
35 6 0
35 10 1
35 10 1
35 10 1
35 10 1
35 10 1
35 10 1
35 10 1
35 10 1
35 10 1
36 10 1
36 10 1
36 10 1
36 10 1
36 10 1
36 10 1
36 10 1
36 10 0
36 10 1
36 10 1
36 10 1
36 10 1
36 10 1
36 12 0
36 12 1
36 12 1
36 12 1
36 12 1
36 12 1
36 7 1
36 7 1
36 7 1
36 7 1
36 7 1
36 7 1
36 7 1
36 7 1
36 7 1
36 7 1
36 7 1
36 7 1
36 7 1
36 7 1
36 7 1
36 7 1
36 7 1
36 7 1
36 7 1
36 7 1
36 7 1
36 7 1
36 7 1
36 7 1
36 7 1
36 7 1
36 7 1
36 7 1
36 7 1
36 4 0
36 4 0
36 4 1
36 4 1
36 4 0
36 4 1
36 4 1
36 2 1
36 2 1
36 2 1
36 2 1
36 2 1
36 9 1
36 9 1
36 9 1
36 9 1
36 9 1
36 9 1
36 8 1
36 8 1
36 8 1
36 8 1
36 8 1
36 8 1
36 8 1
36 8 1
36 8 1
36 8 1
37 5 1
37 5 0
37 5 1
37 5 1
37 2 1
37 2 1
37 2 1
37 2 1
37 2 1
37 2 1
37 2 1
37 2 1
37 2 1
37 2 1
37 2 1
37 2 1
37 2 1
37 2 1
37 2 1
37 2 1
37 2 1
37 2 1
37 2 1
37 2 1
37 2 1
37 2 1
37 2 1
37 2 1
37 2 1
37 2 1
37 2 1
37 2 1
37 2 1
37 2 1
37 2 1
37 2 1
37 2 0
37 2 1
37 2 1
37 2 1
37 2 1
37 2 1
37 2 1
37 2 1
37 2 1
37 2 1
37 2 1
37 2 1
37 2 1
37 2 1
37 2 1
37 2 1
37 2 1
37 2 1
37 2 1
37 2 1
37 2 1
37 2 1
37 2 1
37 2 1
37 2 1
37 2 1
37 2 1
37 2 1
37 2 1
37 2 1
37 2 1
37 2 1
37 2 1
37 2 1
37 2 1
37 2 1
37 2 1
37 2 1
37 2 1
37 2 1
37 2 1
37 2 1
37 2 1
37 2 1
37 2 1
37 2 1
37 2 1
37 2 1
37 2 1
37 2 1
37 2 1
37 2 1
37 2 1
37 2 1
37 2 0
37 2 1
37 2 1
37 2 1
37 2 1
37 2 1
37 2 1
37 2 1
37 2 1
37 2 1
37 2 1
37 2 1
37 2 1
37 2 1
37 4 1
37 4 1
37 4 1
37 4 1
37 4 1
37 4 0
37 4 0
37 4 1
37 3 0
37 3 1
37 3 1
37 3 1
37 3 1
38 5 1
38 5 1
38 5 0
38 5 1
38 5 1
38 5 1
38 5 1
38 5 1
38 5 1
38 5 1
38 5 1
38 5 1
38 5 1
38 5 1
38 5 1
38 5 1
38 5 1
38 5 1
38 2 1
38 2 1
38 2 0
38 2 0
38 2 1
38 2 1
38 2 1
38 2 1
38 2 1
38 2 1
38 2 1
38 2 1
38 2 1
38 2 1
38 2 1
38 2 1
38 2 1
38 2 1
38 2 1
38 2 1
38 2 1
38 2 1
38 2 1
38 2 1
38 2 0
38 2 1
38 2 1
38 2 1
38 2 0
38 2 1
38 2 1
38 2 1
38 2 1
38 2 1
38 2 1
38 2 0
38 2 1
38 2 1
38 2 1
38 2 1
38 2 1
38 2 1
38 2 1
38 2 1
38 2 1
38 2 1
38 2 1
38 2 1
38 2 1
38 2 1
38 2 1
38 2 1
38 2 1
38 2 1
38 2 1
38 2 1
38 2 1
38 2 1
38 2 1
38 2 1
38 2 1
38 2 1
38 2 1
38 2 1
38 2 1
38 2 1
38 2 1
38 2 1
38 2 1
38 2 1
38 2 1
38 2 1
38 2 1
38 2 1
38 2 1
38 2 1
38 6 0
38 6 0
38 6 0
38 6 0
38 6 0
38 9 1
38 9 0
38 9 0
38 9 1
38 9 1
38 4 1
38 4 0
38 4 0
38 4 0
38 4 0
38 4 0
38 4 1
38 4 1
39 4 1
39 4 0
39 4 0
39 4 1
39 4 1
39 2 1
39 2 1
39 2 0
39 2 1
39 2 1
39 2 1
39 2 1
39 2 1
39 2 1
39 2 1
39 2 1
39 2 1
39 2 1
39 2 1
39 2 1
39 2 1
39 2 1
39 2 1
39 2 1
39 2 1
39 2 1
39 2 1
39 2 1
39 2 1
39 2 1
39 2 0
39 2 1
39 2 1
39 2 0
39 2 1
39 2 1
39 2 1
39 2 1
39 2 1
39 2 1
39 2 1
39 2 1
39 2 1
39 2 1
39 2 1
39 2 1
39 2 1
39 2 0
39 2 1
39 2 1
39 2 1
39 2 1
39 2 1
39 2 1
39 2 1
39 2 1
39 2 1
39 2 1
39 2 1
39 2 1
39 2 1
39 2 1
39 2 1
39 2 1
39 2 1
39 2 1
39 2 1
39 2 1
39 2 1
39 2 1
39 2 1
39 2 1
39 2 1
39 2 1
40 1 0
40 1 0
40 1 0
40 1 0
40 5 1
40 5 0
40 5 1
40 5 1
40 5 1
40 5 1
40 2 1
40 2 1
40 2 1
40 2 1
40 2 1
40 2 1
40 2 1
40 2 1
40 2 1
40 2 1
40 2 1
40 2 1
40 2 1
40 2 1
40 2 1
40 2 1
40 2 1
40 2 1
40 2 1
40 2 1
40 2 1
40 2 1
40 2 1
40 2 1
40 2 1
40 2 1
40 2 1
40 2 1
40 2 1
40 2 1
40 2 1
40 2 1
40 2 1
40 2 1
40 2 1
40 2 1
40 2 1
40 2 1
40 2 1
40 2 1
40 2 1
40 2 1
40 2 1
40 2 1
40 2 1
40 2 1
40 2 1
40 2 1
40 2 1
40 2 1
40 2 1
40 2 1
40 2 1
40 2 1
40 2 1
40 2 1
40 2 1
40 2 1
40 2 1
40 2 1
40 2 1
40 2 1
40 2 1
40 7 1
40 7 1
40 7 1
40 7 1
40 7 1
40 7 1
40 7 1
40 7 1
40 7 1
40 7 1
40 7 1
40 4 1
40 4 1
40 4 1
40 4 1
40 4 0
40 4 0
40 4 0
40 3 1
40 3 0
40 3 1
40 3 1
40 12 1
40 12 1
40 12 1
40 12 0
40 18 1
40 18 0
40 18 1
40 18 1
40 18 0
40 18 1
40 10 1
40 10 1
40 10 1
40 10 1
41 2 1
41 2 1
41 2 1
41 2 1
41 2 1
41 2 1
41 2 1
41 2 1
41 2 1
41 2 1
41 2 1
41 2 1
41 2 0
41 2 1
41 2 1
41 2 1
41 2 1
41 2 1
41 2 1
42 3 0
42 3 1
42 3 1
42 3 1
42 3 0
42 3 1
42 3 1
42 3 1
42 2 1
42 2 1
42 2 1
42 2 1
42 2 1
42 2 0
42 2 1
42 2 1
42 2 1
42 2 1
42 2 1
42 2 1
42 2 1
42 2 1
42 2 1
42 2 1
42 2 1
42 2 1
42 2 1
42 2 1
42 2 1
42 2 1
42 2 1
42 2 1
42 2 1
42 2 1
42 2 1
42 2 1
42 2 1
42 2 1
42 2 1
42 2 1
42 2 1
42 2 1
42 2 1
42 2 1
42 2 1
42 2 1
42 2 1
42 2 1
42 2 1
42 2 1
42 2 1
42 2 0
42 2 1
42 2 1
42 2 1
42 2 1
42 2 1
42 2 1
42 2 1
42 2 1
42 2 1
42 2 1
42 2 1
42 2 1
42 2 1
42 2 1
42 2 1
42 2 1
42 2 1
42 2 1
42 2 1
42 2 1
42 2 1
42 2 1
42 2 1
42 2 1
42 2 1
42 2 1
42 2 1
42 2 1
42 2 1
42 2 1
42 2 0
42 2 1
42 2 1
42 2 1
42 2 1
42 2 1
42 2 1
42 2 1
42 2 1
42 2 1
42 2 1
42 2 1
42 2 1
42 2 1
42 2 1
42 2 1
42 2 1
42 2 1
42 2 1
42 4 1
42 4 1
42 4 1
42 4 1
42 4 1
42 4 0
42 5 1
42 5 1
42 5 1
42 5 1
42 5 1
42 5 1
42 5 1
42 5 1
42 5 1
43 7 1
43 7 1
43 7 1
43 7 1
43 7 1
43 7 1
43 7 1
43 4 1
43 4 0
43 4 1
43 4 1
43 4 0
43 4 0
43 4 1
43 4 1
43 4 1
43 4 1
43 3 0
43 3 1
43 3 1
43 3 1
43 3 1
43 3 1
43 3 1
43 2 1
43 2 1
43 2 1
43 2 0
43 2 1
43 2 1
43 2 1
43 2 1
43 2 1
43 2 1
43 2 1
43 2 1
43 2 1
43 2 1
43 2 1
43 2 1
43 2 1
43 2 1
43 2 1
43 2 1
43 2 1
43 2 0
43 2 1
43 2 1
43 2 1
43 2 1
43 2 1
43 2 1
43 2 1
43 2 0
43 2 1
43 2 1
43 2 1
43 2 1
43 2 1
43 2 1
43 2 1
43 2 1
43 2 1
43 2 1
43 2 1
43 2 1
43 2 1
43 2 1
43 2 1
43 2 1
43 2 0
43 2 1
43 2 1
43 2 1
43 2 1
43 2 1
43 2 1
43 2 1
43 2 1
43 2 1
43 2 1
43 2 1
43 2 1
43 2 1
43 2 1
43 2 1
43 2 1
43 2 1
43 2 1
43 2 1
43 2 1
43 2 1
43 2 0
43 2 1
43 2 1
43 2 1
43 2 1
43 2 1
43 2 1
43 2 1
43 2 1
43 2 1
43 2 1
43 2 1
43 2 1
43 2 1
43 9 1
43 9 1
43 9 1
43 9 1
43 9 1
43 9 1
43 9 1
43 9 1
43 10 1
43 10 1
43 10 1
43 10 1
44 14 1
44 14 1
44 14 1
44 14 1
44 14 1
44 14 1
44 14 1
44 14 1
44 3 1
44 3 1
44 3 1
44 3 1
44 3 1
44 3 1
44 13 1
44 13 1
44 13 1
44 13 1
44 13 1
44 2 1
44 2 1
44 2 1
44 2 1
44 2 1
44 2 1
44 2 1
44 2 1
44 2 1
44 2 1
44 2 1
44 2 1
44 2 1
44 2 1
44 2 1
44 2 1
44 2 1
44 2 0
44 2 0
44 2 1
44 2 1
44 2 1
44 2 1
44 2 0
44 2 0
44 2 1
44 2 1
44 2 1
44 2 1
44 2 1
44 2 1
44 2 1
44 2 1
44 2 1
44 2 1
44 2 1
44 2 1
44 2 1
44 2 1
44 2 0
44 2 0
44 2 1
44 2 1
44 2 1
44 2 1
44 2 1
44 2 1
44 2 1
44 2 1
44 2 1
44 2 1
44 2 1
44 2 1
44 2 1
44 2 1
44 2 1
44 2 1
44 2 1
44 2 1
44 2 1
44 2 1
44 2 1
44 2 1
44 2 1
44 2 1
44 2 1
44 2 1
44 2 1
44 2 1
44 2 1
44 2 1
44 2 1
44 2 1
44 2 1
44 2 1
44 2 1
44 2 1
44 2 1
44 2 0
44 2 1
44 2 1
44 2 0
44 2 1
44 2 1
44 2 1
44 2 1
44 2 1
44 2 1
44 2 1
44 2 1
44 2 1
44 2 1
44 2 1
44 2 1
44 4 1
44 4 1
44 4 0
44 4 0
44 4 0
44 4 0
45 4 1
45 4 1
45 4 1
45 4 1
45 4 1
45 4 1
45 2 1
45 2 1
45 2 1
45 2 1
45 2 1
45 2 1
45 2 1
45 2 1
45 2 1
45 2 1
45 2 1
45 2 1
45 2 1
45 2 1
45 2 1
45 2 1
45 2 1
45 2 1
45 2 1
45 2 1
45 2 1
45 2 1
45 2 1
45 2 1
45 2 0
45 2 1
45 2 0
45 2 0
45 2 1
45 2 1
45 2 1
45 2 1
45 2 1
45 2 1
45 2 1
45 2 0
45 2 1
45 2 1
45 2 1
45 2 1
45 2 1
45 2 1
45 2 1
45 2 1
45 2 1
45 2 1
45 2 1
45 2 1
45 2 1
45 2 1
45 2 1
45 2 1
45 2 1
45 2 1
45 2 1
45 2 1
45 2 1
45 2 1
45 2 1
45 2 1
45 2 1
45 2 1
45 2 1
45 2 1
45 2 1
45 2 1
45 2 1
45 2 1
45 2 1
45 2 1
45 2 1
45 7 1
45 7 1
45 7 1
45 7 1
45 7 1
45 7 1
46 1 1
46 1 0
46 1 0
46 1 1
46 1 1
46 1 1
46 5 1
46 5 1
46 5 1
46 5 1
46 5 1
46 5 1
46 2 1
46 2 1
46 2 1
46 2 1
46 2 1
46 2 1
46 2 1
46 2 1
46 2 1
46 2 1
46 2 1
46 2 1
46 2 1
46 2 1
46 2 1
46 2 1
46 2 1
46 2 1
46 2 1
46 2 1
46 2 1
46 2 1
46 2 1
46 2 1
46 2 0
46 2 1
46 2 1
46 2 1
46 2 0
46 2 1
46 2 1
46 2 0
46 2 1
46 2 1
46 2 1
46 2 1
46 2 1
46 2 1
46 2 1
46 2 1
46 2 1
46 2 1
46 2 1
46 2 1
46 2 1
46 2 1
46 2 1
46 2 1
46 2 1
46 2 1
46 2 1
46 2 1
46 2 1
46 2 1
46 2 1
46 2 1
46 2 1
46 2 1
46 2 1
46 2 0
46 2 1
46 2 1
46 2 1
46 2 1
46 2 1
46 2 1
46 2 1
46 2 1
46 2 1
46 2 1
46 4 1
46 4 1
46 4 1
46 4 1
46 4 0
46 4 0
46 4 0
46 4 1
46 10 1
46 10 1
46 10 1
46 10 1
47 1 1
47 1 1
47 1 0
47 1 1
47 1 0
47 1 1
47 1 1
47 1 1
47 1 1
47 1 1
47 1 1
47 5 1
47 5 1
47 5 1
47 5 1
47 5 0
47 5 1
47 17 1
47 17 1
47 17 1
47 17 1
47 16 1
47 16 1
47 16 1
47 16 1
47 16 1
47 16 1
47 4 1
47 4 0
47 4 1
47 4 0
47 4 0
47 4 1
47 4 1
47 14 1
47 14 0
47 14 1
47 14 1
47 3 1
47 3 1
47 3 1
47 3 1
47 3 1
47 2 1
47 2 1
47 2 1
47 2 1
47 2 1
47 2 1
47 2 1
47 2 1
47 2 1
47 2 1
47 2 0
47 2 1
47 2 1
47 2 1
47 2 1
47 2 1
47 2 1
47 2 1
47 2 1
47 2 1
47 2 1
47 2 1
47 2 1
47 2 0
47 2 1
47 2 1
47 2 1
47 2 1
47 2 0
47 2 1
47 2 1
47 2 1
47 2 1
47 2 1
47 2 1
47 2 1
47 2 1
47 2 1
47 2 1
47 2 1
47 2 1
47 2 1
47 2 1
47 2 1
47 2 1
47 2 1
47 2 1
47 2 1
47 2 1
47 2 1
47 2 1
47 2 1
47 2 0
47 2 0
47 2 0
47 2 1
47 2 1
47 2 1
47 2 1
47 2 1
47 2 1
47 2 1
47 2 1
47 2 1
47 2 1
47 2 1
47 2 1
47 2 1
47 2 0
47 2 1
47 2 1
47 2 0
47 2 1
47 2 1
47 2 1
47 2 1
47 2 1
47 6 0
47 6 0
47 6 1
47 6 0
48 1 0
48 1 0
48 1 0
48 1 0
48 5 0
48 5 1
48 5 1
48 5 1
48 25 1
48 25 0
48 25 0
48 25 0
48 24 0
48 24 1
48 24 1
48 24 1
48 4 0
48 4 1
48 4 0
48 4 0
48 4 1
48 3 1
48 3 1
48 3 1
48 3 1
48 3 1
48 2 1
48 2 1
48 2 1
48 2 1
48 2 1
48 2 1
48 2 1
48 2 1
48 2 1
48 2 1
48 2 1
48 2 1
48 2 1
48 2 1
48 2 1
48 2 1
48 2 1
48 2 1
48 2 1
48 2 1
48 2 0
48 2 1
48 2 1
48 2 1
48 2 1
48 2 1
48 2 0
48 2 1
48 2 1
48 2 0
48 2 1
48 2 0
48 2 1
48 2 1
48 2 1
48 2 1
48 2 1
48 2 1
48 2 1
48 2 1
48 2 1
48 2 1
48 2 1
48 2 1
48 2 1
48 2 1
48 2 1
48 2 1
48 2 1
48 2 1
48 2 1
48 2 1
48 2 1
48 2 1
48 2 1
48 2 1
48 2 0
48 2 1
48 2 1
48 2 1
48 2 1
48 2 1
48 2 1
48 2 1
48 2 1
48 2 1
48 2 1
48 2 0
48 2 1
48 2 1
48 2 1
48 2 1
48 2 1
48 2 1
48 2 1
48 2 1
48 2 1
48 2 1
48 2 1
48 2 1
48 2 0
48 6 0
48 6 0
48 6 0
48 6 0
48 6 0
49 1 0
49 1 0
49 1 1
49 1 0
49 5 1
49 5 1
49 5 1
49 5 0
49 5 1
49 12 1
49 12 1
49 12 1
49 12 1
49 7 1
49 7 1
49 7 1
49 7 1
49 7 1
49 7 1
49 7 1
49 7 1
49 7 1
49 7 1
49 7 1
49 7 1
49 4 1
49 4 0
49 4 0
49 4 1
49 4 1
49 3 1
49 3 1
49 3 1
49 3 1
49 3 1
49 2 1
49 2 1
49 2 1
49 2 1
49 2 1
49 2 1
49 2 1
49 2 1
49 2 1
49 2 1
49 2 0
49 2 1
49 2 1
49 2 1
49 2 1
49 2 1
49 2 1
49 2 1
49 2 1
49 2 1
49 2 1
49 2 1
49 2 1
49 2 1
49 2 1
49 2 1
49 2 1
49 2 1
49 2 1
49 2 1
49 2 1
49 2 1
49 2 1
49 2 1
49 2 1
49 2 1
49 2 1
49 2 1
49 2 1
49 2 1
49 2 1
49 2 1
49 2 1
49 2 1
49 2 1
49 2 1
49 2 1
49 2 1
49 2 1
49 2 1
49 2 1
49 2 1
49 2 1
49 2 1
49 2 1
49 2 1
49 2 1
49 2 1
49 2 1
49 2 1
49 2 1
49 2 0
49 2 1
49 9 1
49 9 1
49 9 1
49 9 1
49 9 1
49 9 1
49 9 1
49 10 1
49 10 1
49 10 1
49 10 1
49 10 1
49 10 1
49 10 1
49 10 1
49 10 1
49 10 1
49 10 1
49 10 1
49 10 1
50 1 0
50 1 1
50 1 1
50 1 1
50 1 1
50 1 1
50 1 0
50 3 1
50 3 1
50 3 0
50 3 1
50 3 1
50 3 1
50 3 1
50 3 1
50 2 1
50 2 1
50 2 0
50 2 1
50 2 1
50 2 1
50 2 1
50 2 1
50 2 1
50 2 1
50 2 1
50 2 1
50 2 1
50 2 1
50 2 1
50 2 1
50 2 1
50 2 1
50 2 1
50 2 1
50 2 1
50 2 1
50 2 1
50 2 1
50 2 1
50 2 1
50 2 1
50 2 1
50 2 1
50 2 1
50 2 1
50 2 1
50 2 1
50 2 1
50 2 1
50 2 0
50 2 1
50 2 1
50 2 1
50 2 1
50 2 1
50 2 1
50 2 1
50 2 1
50 2 1
50 2 1
50 2 1
50 2 1
50 2 1
50 2 1
50 2 1
50 2 1
50 2 1
50 2 1
50 2 1
50 2 1
50 2 1
50 2 1
50 2 1
50 2 1
50 2 1
50 2 1
50 2 1
50 2 1
50 2 1
50 2 1
50 2 1
50 2 1
50 2 1
50 2 1
50 2 1
50 2 1
50 2 1
50 2 1
50 2 1
50 2 1
50 2 1
50 2 1
50 4 1
50 4 1
50 4 1
50 4 0
50 4 0
50 4 0
50 5 1
50 5 1
50 5 1
50 5 1
50 5 1
51 5 1
51 5 1
51 5 1
51 5 1
51 5 1
51 5 1
51 5 1
51 5 1
51 2 1
51 2 1
51 2 1
51 2 1
51 2 0
51 2 0
51 2 1
51 2 1
51 2 1
51 2 1
51 2 1
51 2 1
51 2 1
51 2 1
51 2 1
51 2 1
51 2 1
51 2 1
51 2 1
51 2 1
51 2 1
51 2 1
51 2 1
51 2 1
51 2 0
51 2 1
51 2 1
51 2 1
51 2 1
51 2 1
51 2 1
51 2 1
51 2 1
51 2 1
51 2 1
51 2 1
51 2 1
51 2 1
51 2 1
51 2 1
51 2 1
51 2 1
51 2 0
51 2 1
51 2 1
51 2 1
51 2 1
51 2 1
51 2 1
51 2 1
51 2 1
51 2 1
51 2 1
51 2 1
51 2 1
51 2 1
51 2 1
51 2 1
51 2 1
51 2 1
51 2 1
51 2 1
51 2 1
51 2 1
51 2 1
51 2 0
51 2 0
51 2 1
51 2 0
51 2 1
51 2 0
51 2 1
51 2 1
51 2 1
51 2 1
51 2 1
51 2 1
51 2 1
51 2 1
51 2 1
51 2 1
51 2 0
51 2 1
51 2 0
51 2 1
51 2 0
51 2 1
51 2 1
51 2 1
51 2 1
51 2 1
51 2 1
51 2 1
51 4 1
51 4 1
51 4 1
51 4 0
51 4 1
51 4 0
51 4 0
51 3 1
51 3 1
51 3 1
51 3 1
52 5 1
52 5 1
52 5 1
52 5 1
52 5 1
52 5 1
52 12 1
52 12 1
52 12 0
52 12 1
52 7 1
52 7 1
52 7 1
52 7 1
52 7 1
52 7 1
52 4 1
52 4 0
52 4 1
52 4 1
52 4 0
52 4 1
52 4 0
52 4 0
52 4 1
52 2 1
52 2 1
52 2 0
52 2 0
52 2 1
52 2 1
52 2 1
52 2 1
52 2 1
52 2 1
52 2 1
52 2 1
52 2 1
52 2 1
52 2 1
52 2 1
52 2 1
52 2 1
52 2 1
52 2 1
52 2 0
52 2 1
52 2 1
52 2 1
52 2 1
52 2 1
52 2 1
52 2 1
52 2 1
52 2 0
52 2 1
52 2 1
52 2 1
52 2 1
52 2 1
52 2 1
52 2 1
52 2 1
52 2 0
52 2 1
52 2 1
52 2 1
52 2 1
52 2 0
52 2 1
52 2 1
52 2 1
52 2 1
52 2 1
52 2 1
52 2 0
52 2 1
52 2 1
52 2 1
52 2 1
52 2 1
52 2 1
52 2 1
52 2 1
52 2 1
52 2 1
52 2 1
52 2 1
52 2 1
52 2 1
52 2 1
52 2 1
52 2 1
52 2 1
52 2 1
52 2 1
52 2 0
52 2 1
52 2 1
52 2 1
52 2 1
52 2 1
52 10 1
52 10 1
52 10 1
52 10 1
53 5 1
53 5 1
53 5 1
53 5 1
53 7 1
53 7 1
53 7 1
53 7 1
53 7 1
53 7 1
53 7 1
53 7 1
53 7 1
53 7 1
53 7 1
53 7 1
53 7 1
53 7 1
53 7 1
53 7 1
53 7 1
53 7 1
53 7 1
53 7 1
53 7 1
53 7 1
53 7 1
53 7 1
53 4 1
53 4 1
53 4 0
53 4 1
53 4 1
53 4 0
53 4 0
53 4 1
53 4 0
53 3 0
53 3 1
53 3 1
53 3 0
53 3 1
53 3 1
53 2 1
53 2 1
53 2 1
53 2 1
53 2 1
53 2 1
53 2 1
53 2 1
53 2 1
53 2 1
53 2 1
53 2 1
53 2 1
53 2 0
53 2 1
53 2 1
53 2 1
53 2 1
53 2 1
53 2 1
53 2 1
53 2 1
53 2 1
53 2 1
53 2 1
53 2 1
53 2 1
53 2 1
53 2 1
53 2 1
53 2 1
53 2 1
53 2 1
53 2 1
53 2 1
53 2 1
53 9 1
53 9 1
53 9 1
53 9 1
53 9 1
53 9 1
53 10 1
53 10 1
53 10 1
53 10 1
53 10 1
53 10 1
53 10 1
53 10 1
53 10 1
53 10 1
53 10 1
53 10 1
54 4 0
54 4 0
54 4 0
54 4 0
54 4 0
54 4 0
54 2 1
54 2 0
54 2 1
54 2 1
54 2 1
54 2 1
54 2 1
54 2 1
54 2 1
54 2 1
54 2 1
54 2 1
54 2 1
54 2 1
54 2 1
54 2 1
54 2 1
54 2 1
54 2 1
54 2 1
54 2 1
54 2 1
54 2 1
54 2 1
54 2 1
54 2 1
54 2 1
54 2 1
54 2 1
54 2 1
54 2 1
54 2 1
54 2 1
54 2 1
54 2 1
54 2 1
54 2 1
54 2 1
54 2 1
54 2 1
54 2 0
54 2 1
54 2 1
54 2 1
54 2 1
54 2 1
54 2 1
54 2 1
54 2 1
54 2 1
54 2 1
54 2 1
54 2 1
54 2 1
54 2 1
54 2 1
54 2 1
54 2 1
54 2 1
54 2 1
54 2 0
54 2 1
54 2 1
54 2 1
54 2 1
54 2 1
54 2 1
54 2 1
54 2 1
54 2 1
54 2 1
54 2 1
54 2 1
54 2 1
54 2 1
54 2 1
54 2 1
54 2 1
54 2 1
54 2 0
54 2 1
54 2 1
54 2 1
54 2 1
54 5 1
54 5 1
54 5 1
54 5 1
54 5 1
55 7 1
55 7 1
55 7 1
55 7 1
55 7 1
55 4 1
55 4 0
55 4 1
55 4 1
55 4 0
55 4 1
55 4 1
55 14 1
55 14 1
55 14 1
55 14 1
55 14 1
55 14 1
55 3 0
55 3 1
55 3 1
55 3 1
55 2 1
55 2 1
55 2 1
55 2 1
55 2 1
55 2 1
55 2 1
55 2 1
55 2 1
55 2 1
55 2 1
55 2 1
55 2 1
55 2 1
55 2 1
55 2 1
55 2 1
55 2 1
55 2 1
55 2 1
55 2 1
55 2 1
55 2 1
55 2 1
55 2 1
55 2 1
55 2 0
55 2 1
55 2 1
55 2 1
55 2 1
55 2 1
55 2 1
55 2 1
55 2 1
55 2 1
55 2 1
55 2 1
55 2 1
55 2 1
55 2 1
55 2 1
55 2 1
55 2 1
55 2 1
55 2 1
55 2 1
55 2 1
55 2 1
55 2 1
55 2 1
55 2 1
55 2 1
55 2 1
55 2 1
55 2 0
55 2 1
55 2 1
55 2 1
55 2 1
55 2 1
55 2 1
55 2 1
55 2 1
55 2 1
55 2 1
55 2 1
55 2 1
55 2 1
55 2 1
55 2 1
55 2 1
55 9 1
55 9 1
55 9 1
55 9 1
55 9 1
55 9 1
55 10 1
55 10 1
55 10 1
55 10 1
55 10 1
56 5 1
56 5 1
56 5 1
56 5 1
56 5 1
56 5 1
56 5 1
56 5 1
56 5 1
56 5 1
56 5 1
56 5 1
56 2 1
56 2 1
56 2 0
56 2 1
56 2 1
56 2 1
56 2 1
56 2 1
56 2 1
56 2 1
56 2 1
56 2 1
56 2 1
56 2 1
56 2 1
56 2 1
56 2 1
56 2 1
56 2 1
56 2 1
56 2 1
56 2 1
56 2 1
56 2 1
56 2 1
56 2 1
56 2 1
56 2 1
56 2 0
56 2 1
56 2 0
56 2 0
56 2 1
56 2 1
56 2 1
56 2 1
56 2 1
56 2 1
56 2 1
56 2 1
56 2 1
56 2 1
56 2 1
56 2 1
56 2 1
56 2 1
56 2 0
56 2 1
56 2 1
56 2 1
56 2 1
56 2 1
56 2 1
56 2 1
56 2 1
56 2 0
56 2 1
56 2 1
56 9 1
56 9 1
56 9 1
56 9 1
56 9 1
56 4 0
56 4 1
56 4 1
56 4 1
56 4 1
56 4 0
56 4 1
57 5 0
57 5 1
57 5 1
57 5 0
57 5 1
57 5 1
57 10 1
57 10 1
57 10 1
57 10 1
57 10 1
57 10 1
57 10 1
57 10 1
57 10 1
57 10 1
57 10 1
57 10 1
57 10 1
57 10 1
57 10 1
57 10 1
57 10 1
57 10 1
57 12 1
57 12 1
57 12 1
57 12 1
57 12 1
57 12 1
57 12 1
57 12 1
57 12 1
57 7 1
57 7 1
57 7 1
57 7 1
57 7 1
57 7 1
57 7 1
57 7 1
57 7 1
57 7 1
57 7 1
57 7 1
57 7 1
57 7 1
57 7 1
57 7 1
57 7 1
57 7 1
57 7 1
57 7 1
57 7 1
57 7 1
57 7 1
57 7 1
57 7 1
57 7 1
57 7 1
57 7 1
57 7 1
57 7 1
57 7 1
57 7 1
57 7 1
57 7 1
57 7 1
57 7 1
57 7 1
57 7 1
57 4 1
57 4 0
57 4 1
57 4 1
57 4 1
57 4 1
57 4 1
57 2 1
57 2 1
57 2 1
57 2 1
57 2 1
57 2 1
57 2 1
57 2 1
57 2 1
57 2 1
57 2 0
57 2 1
57 2 0
57 2 1
57 2 1
57 2 0
57 8 1
57 8 1
57 8 1
57 8 1
57 8 1
57 8 1
57 8 1
57 8 0
57 8 1
57 9 1
57 9 1
57 9 1
57 9 1
58 1 1
58 1 1
58 1 0
58 1 0
58 7 1
58 7 1
58 7 1
58 7 0
58 7 1
58 4 1
58 4 1
58 4 1
58 4 1
58 4 1
58 4 1
58 4 1
58 4 1
58 3 1
58 3 1
58 3 0
58 3 1
58 2 1
58 2 1
58 2 0
58 2 0
58 2 1
58 2 1
58 2 1
58 2 1
58 2 1
58 2 1
58 2 1
58 2 1
58 2 0
58 2 1
58 2 0
58 2 0
58 2 0
58 2 1
58 2 1
58 2 1
58 2 1
58 2 1
58 2 1
58 2 1
58 2 1
58 2 1
58 2 1
58 2 1
58 2 1
58 2 1
58 2 1
58 2 1
58 2 1
58 2 1
58 2 1
58 2 1
58 2 1
58 6 1
58 6 1
58 6 1
58 6 0
58 9 1
58 9 1
58 9 1
58 9 1
58 10 0
58 10 0
58 10 1
58 10 1
58 10 1
58 10 1
58 10 1
58 10 1
58 10 1
58 10 1
58 10 1
58 10 1
58 10 1
59 1 0
59 1 0
59 1 0
59 1 1
59 1 0
59 3 0
59 3 1
59 3 1
59 3 1
59 3 0
59 2 1
59 2 1
59 2 0
59 2 1
59 2 0
59 2 0
59 2 1
59 2 1
59 2 1
59 2 1
59 2 1
59 2 1
59 2 1
59 2 1
59 2 1
59 2 0
59 2 1
59 2 1
59 2 1
59 2 1
59 2 1
59 2 1
59 2 1
59 2 1
59 2 1
59 2 1
59 2 1
59 2 1
59 2 1
59 2 0
59 2 1
59 2 1
59 2 1
59 2 1
59 2 1
59 2 1
59 2 1
59 2 1
59 2 1
59 2 1
59 2 1
59 2 1
59 2 1
59 2 1
59 2 1
59 2 1
59 2 1
59 2 1
59 2 1
59 2 1
59 2 1
59 2 1
59 2 1
59 2 1
59 2 1
59 2 1
59 2 1
59 2 1
59 2 1
59 2 1
59 2 1
59 2 1
59 2 1
59 2 1
59 2 1
59 2 1
59 2 1
59 2 1
59 2 1
59 2 1
59 2 1
59 2 1
59 2 1
59 2 1
59 2 1
59 2 1
59 2 1
59 2 1
59 2 1
59 2 1
59 2 1
59 2 1
59 2 1
59 4 1
59 4 1
59 4 1
59 4 0
59 4 1
59 4 0
59 4 1
59 5 1
59 5 1
59 5 1
59 5 1
59 5 1
59 5 1
59 5 1
59 5 0
59 5 1
60 3 1
60 3 1
60 3 1
60 3 1
60 3 0
60 2 1
60 2 1
60 2 1
60 2 1
60 2 1
60 2 1
60 2 1
60 2 1
60 2 1
60 2 1
60 2 1
60 2 1
60 2 1
60 2 1
60 2 1
60 2 1
60 2 0
60 2 1
60 2 1
60 2 1
60 2 1
60 2 1
60 2 1
60 2 1
60 2 1
60 2 1
60 2 1
60 2 1
60 2 1
60 2 1
60 2 1
60 2 1
60 2 1
60 2 0
60 2 0
60 2 1
60 2 1
60 2 1
60 2 1
60 2 1
60 2 1
60 2 1
60 2 1
60 2 1
60 2 1
60 2 1
60 2 1
60 2 1
60 2 1
60 2 1
60 2 1
60 2 1
60 2 1
60 2 1
60 2 1
60 2 1
60 2 1
60 2 1
60 2 1
60 2 1
60 2 1
60 2 1
60 2 1
60 2 1
60 2 1
60 2 1
60 2 1
60 5 1
60 5 1
60 5 1
60 5 0
60 5 1
60 4 0
60 4 0
60 4 0
60 4 0
60 4 0
60 4 0
61 12 1
61 12 1
61 12 1
61 12 1
61 12 1
61 12 1
61 12 1
61 7 1
61 7 1
61 7 1
61 7 1
61 7 1
61 7 1
61 7 1
61 7 1
61 7 1
61 7 1
61 7 1
61 7 1
61 7 1
61 7 1
61 7 1
61 7 1
61 7 1
61 7 1
61 7 1
61 7 1
61 7 1
61 7 1
61 7 1
61 7 1
61 7 1
61 7 1
61 7 1
61 7 1
61 7 1
61 7 1
61 7 1
61 7 1
61 7 1
61 7 1
61 7 1
61 4 1
61 4 1
61 4 1
61 4 1
61 4 1
61 4 0
61 2 1
61 2 1
61 2 0
61 2 1
61 2 1
61 2 1
61 2 1
61 2 0
61 2 1
61 2 1
61 2 1
61 2 1
61 9 1
61 9 1
61 9 1
61 9 1
61 9 1
61 9 1
61 9 1
61 8 1
61 8 1
61 8 1
61 8 1
61 8 1
61 8 1
61 8 1
61 8 1
61 8 1
61 8 1
61 10 1
61 10 1
61 10 1
61 10 1
61 10 1
61 10 1
61 10 1
61 10 1
61 10 1
61 10 1
61 10 1
61 10 1
61 10 1
61 10 1
61 10 1
61 10 1
61 10 1
62 4 1
62 4 0
62 4 1
62 4 1
62 4 0
62 4 0
62 4 0
62 2 1
62 2 1
62 2 0
62 2 1
62 2 1
62 2 1
62 2 1
62 2 1
62 2 1
62 2 1
62 2 1
62 2 1
62 2 1
62 2 1
62 2 0
62 2 0
62 2 0
62 2 1
62 2 1
62 2 1
62 2 1
62 2 1
62 2 0
62 2 1
62 2 1
62 2 1
62 2 1
62 2 1
62 2 0
62 2 1
62 2 1
62 2 1
62 2 1
62 2 1
62 2 1
62 2 1
62 2 1
62 2 1
62 2 1
62 2 1
62 2 1
62 2 1
62 2 1
62 2 0
62 2 1
63 5 1
63 5 1
63 5 1
63 5 1
63 5 1
63 2 1
63 2 1
63 2 1
63 2 0
63 2 1
63 2 1
63 2 1
63 2 1
63 2 1
63 2 1
63 2 1
63 2 1
63 2 1
63 2 1
63 2 1
63 2 1
63 2 1
63 2 1
63 2 1
63 2 1
63 2 1
63 2 1
63 2 1
63 2 1
63 2 1
63 2 1
63 2 1
63 2 1
63 2 1
63 2 1
63 2 1
63 2 1
63 2 1
63 2 1
63 2 1
63 2 1
63 2 1
63 2 1
63 2 1
63 2 1
63 2 1
63 2 1
63 2 1
63 2 1
63 2 1
63 2 1
63 2 1
63 2 1
63 2 1
63 2 1
63 2 1
63 2 1
63 2 1
63 2 1
63 2 1
63 2 1
63 2 1
63 2 1
63 2 1
63 2 1
63 2 1
63 2 1
63 2 1
63 2 1
63 2 1
63 2 1
63 2 1
63 2 1
63 2 0
63 2 1
63 2 1
63 2 1
63 2 1
63 2 1
63 4 0
63 4 1
63 4 0
63 4 0
63 4 1
63 4 1
63 4 1
64 5 1
64 5 1
64 5 1
64 5 1
64 5 1
64 5 1
64 2 1
64 2 1
64 2 1
64 2 1
64 2 1
64 2 1
64 2 1
64 2 1
64 2 1
64 2 1
64 2 1
64 2 1
64 2 1
64 2 0
64 2 1
64 2 1
64 2 1
64 2 1
64 2 0
64 2 1
64 2 1
64 7 1
64 7 1
64 7 1
64 7 1
64 7 1
64 7 1
64 7 1
64 7 1
64 7 1
64 7 1
64 7 1
64 7 1
64 7 1
64 7 1
64 7 1
64 7 1
64 7 1
64 7 1
64 7 1
64 4 1
64 4 1
64 4 1
64 4 1
64 4 0
64 4 0
64 4 0
64 4 0
64 3 1
64 3 1
64 3 1
64 3 0
64 3 1
64 20 0
64 20 1
64 20 1
64 20 1
64 12 1
64 12 1
64 12 1
64 12 1
64 12 1
64 12 1
64 12 1
64 12 1
64 8 1
64 8 1
64 8 1
64 8 1
64 10 0
64 10 1
64 10 1
64 10 1
64 10 1
64 10 1
64 10 1
64 10 1
64 10 1
64 10 1
64 10 1
64 10 1
64 10 1
65 1 0
65 1 1
65 1 0
65 1 1
65 1 0
65 4 1
65 4 1
65 4 0
65 4 1
65 4 1
65 4 1
65 4 0
65 4 1
65 4 1
65 2 1
65 2 1
65 2 1
65 2 0
65 2 1
65 2 1
65 2 1
65 2 1
65 2 0
65 2 1
65 2 1
65 2 1
65 2 1
65 2 1
65 2 1
65 2 1
65 2 1
65 2 1
65 2 1
65 2 1
65 2 1
65 2 1
65 2 1
65 2 1
65 2 1
65 2 1
65 2 1
65 2 1
65 2 1
65 2 1
65 2 1
65 2 1
65 2 1
65 2 1
65 2 1
65 2 1
65 7 1
65 7 1
65 7 1
65 7 1
65 7 1
65 7 1
65 7 1
65 7 1
65 7 1
65 7 1
65 10 1
65 10 1
65 10 1
65 10 1
65 10 1
65 10 1
65 10 1
65 10 1
66 4 1
66 4 1
66 4 1
66 4 1
66 4 0
66 4 0
66 4 0
66 4 0
66 4 1
66 2 1
66 2 1
66 2 1
66 2 0
66 2 1
66 2 1
66 2 1
66 2 1
66 2 1
66 2 1
66 2 1
66 2 1
66 2 1
66 2 1
66 2 1
66 2 1
66 2 0
66 2 1
66 2 1
66 2 1
66 2 1
66 2 1
66 2 1
66 2 1
66 2 1
66 2 1
66 2 1
66 2 1
66 2 1
66 2 1
66 2 1
66 2 1
66 2 0
66 2 1
66 2 1
66 2 1
66 2 1
66 2 0
66 2 1
66 2 0
66 2 1
66 2 1
66 2 1
66 2 1
66 2 1
66 2 1
66 2 1
66 2 1
66 2 1
66 2 1
66 2 1
66 2 1
66 2 1
66 2 1
66 2 1
66 2 1
66 2 1
66 2 1
66 2 1
66 2 1
66 2 1
66 2 1
67 5 1
67 5 1
67 5 1
67 5 1
67 2 1
67 2 1
67 2 0
67 2 0
67 2 1
67 2 1
67 2 0
67 2 1
67 2 1
67 2 1
67 2 1
67 2 1
67 2 1
67 2 1
67 2 1
67 2 1
67 2 1
67 2 1
67 2 1
67 2 1
67 2 1
67 2 1
67 2 1
67 2 1
67 2 1
67 2 1
67 2 0
67 2 1
67 2 1
67 2 1
67 2 1
67 2 1
67 2 1
67 2 1
67 2 1
67 2 0
67 2 1
67 2 1
67 2 1
67 2 1
67 2 1
67 2 1
67 2 1
67 2 1
67 2 1
67 2 1
67 2 1
67 2 1
67 2 1
67 2 1
67 2 1
67 2 1
67 2 1
67 2 1
67 2 1
67 2 1
67 2 1
67 2 1
67 2 1
67 2 1
67 2 1
67 2 1
67 2 1
67 2 1
67 2 1
67 2 1
67 2 1
67 2 1
67 2 1
67 2 1
67 2 1
67 2 1
67 2 1
67 2 1
67 2 1
67 2 1
67 2 1
67 2 1
67 2 1
67 2 1
67 2 1
67 2 1
67 2 1
67 2 0
67 2 1
67 2 1
67 2 1
67 2 1
67 2 1
67 2 1
67 2 1
67 2 1
67 4 1
67 4 0
67 4 1
67 4 0
67 4 0
67 19 1
67 19 1
67 19 1
67 19 1
67 19 1
67 19 1
67 19 1
68 5 1
68 5 1
68 5 1
68 5 1
68 5 0
68 3 1
68 3 1
68 3 1
68 3 1
68 2 1
68 2 1
68 2 1
68 2 0
68 2 1
68 2 1
68 2 1
68 2 1
68 2 1
68 2 1
68 2 1
68 2 1
68 2 1
68 2 1
68 2 1
68 2 1
68 2 1
68 2 1
68 2 1
68 2 1
68 2 1
68 2 1
68 2 1
68 2 1
68 2 1
68 2 0
68 2 0
68 2 1
68 2 1
68 2 1
68 2 1
68 2 1
68 2 1
68 2 1
68 2 1
68 2 1
68 2 0
68 2 1
68 2 1
68 2 1
68 2 1
68 2 0
68 2 1
68 2 1
68 2 1
68 2 1
68 2 1
68 2 1
68 2 1
68 2 1
68 2 1
68 2 1
68 2 1
68 2 1
68 2 1
68 2 1
68 2 1
68 2 1
68 2 1
68 2 1
68 9 0
68 9 1
68 9 1
68 9 0
68 4 1
68 4 0
68 4 1
68 4 1
68 4 0
68 4 0
68 4 1
69 5 1
69 5 1
69 5 1
69 5 0
69 5 1
69 2 1
69 2 1
69 2 0
69 2 1
69 2 1
69 2 1
69 2 1
69 2 1
69 2 1
69 2 1
69 2 1
69 2 1
69 2 1
69 2 1
69 2 1
69 2 1
69 2 1
69 2 1
69 2 1
69 7 1
69 7 1
69 7 1
69 7 1
69 7 1
69 7 1
69 7 1
69 7 1
69 7 1
69 7 1
69 7 1
69 7 1
69 7 1
69 7 1
69 7 1
69 7 1
69 7 1
69 7 1
69 7 1
69 7 1
69 7 1
69 7 1
69 7 1
69 7 1
69 7 1
69 7 1
69 7 1
69 7 1
69 7 1
69 7 1
69 7 1
69 7 1
69 4 1
69 4 0
69 4 1
69 4 1
69 4 1
69 4 1
69 4 1
69 3 1
69 3 0
69 3 1
69 3 1
69 3 1
69 9 1
69 9 1
69 9 1
69 9 1
69 12 1
69 12 1
69 12 1
69 12 1
69 12 1
69 12 1
69 12 1
69 12 1
69 12 1
69 12 1
69 12 1
69 6 0
69 6 0
69 6 0
69 6 0
69 6 0
69 6 1
69 6 0
69 6 0
69 6 1
69 6 1
69 8 1
69 8 1
69 8 1
69 8 1
69 10 1
69 10 1
69 10 1
69 10 1
69 10 1
69 10 1
69 10 1
69 10 1
69 10 1
69 10 1
69 10 1
69 10 1
70 5 1
70 5 0
70 5 1
70 5 1
70 5 1
70 7 1
70 7 1
70 7 1
70 7 1
70 7 1
70 7 1
70 7 1
70 7 1
70 7 1
70 7 1
70 7 1
70 7 1
70 4 1
70 4 1
70 4 1
70 4 1
70 4 1
70 4 0
70 4 1
70 3 1
70 3 1
70 3 1
70 3 1
70 3 1
70 3 1
70 2 1
70 2 1
70 2 1
70 2 1
70 2 1
70 2 0
70 2 1
70 2 1
70 2 1
70 2 1
70 2 1
70 2 1
70 2 1
70 2 1
70 2 1
70 2 1
70 2 1
70 2 1
70 2 1
70 2 1
70 2 1
70 2 1
70 2 1
70 2 1
70 2 1
70 2 1
70 2 1
70 2 1
70 2 1
70 2 1
70 2 1
70 2 1
70 2 1
70 2 1
70 2 1
70 2 1
70 2 1
70 2 1
70 2 1
70 2 1
70 2 1
70 2 1
70 2 1
70 2 1
70 2 1
70 2 1
70 2 1
70 2 1
70 2 1
70 2 1
70 2 1
70 10 1
70 10 1
70 10 1
70 10 1
70 10 1
70 10 1
70 10 1
70 10 1
70 10 1
70 10 1
70 10 1
70 10 1
70 10 1
70 10 1
71 12 1
71 12 0
71 12 1
71 12 0
71 12 1
71 7 1
71 7 1
71 7 1
71 7 1
71 10 1
71 10 1
71 10 1
71 10 1
71 10 1
72 5 1
72 5 1
72 5 1
72 5 1
72 5 1
72 2 1
72 2 1
72 2 0
72 2 0
72 2 1
72 2 1
72 2 1
72 2 1
72 2 1
72 2 1
72 2 1
72 2 1
72 2 1
72 2 1
72 2 1
72 2 1
72 2 1
72 2 1
72 2 1
72 2 1
72 2 1
72 2 1
72 2 1
72 2 1
72 2 1
72 2 1
72 2 1
72 2 1
72 2 1
72 2 1
72 2 1
72 2 1
72 2 1
72 2 1
72 2 1
72 2 0
72 2 1
72 2 0
72 2 1
72 2 1
72 2 1
72 2 1
72 2 1
72 2 1
72 2 1
72 2 1
72 2 1
72 2 1
72 2 1
72 2 1
72 2 1
72 2 1
72 2 1
72 2 1
72 2 1
72 2 1
72 2 1
72 2 1
72 2 1
72 2 1
72 2 1
72 2 1
72 2 1
72 2 1
72 2 1
72 2 1
72 2 1
72 2 1
72 2 1
72 2 1
72 2 1
72 2 1
72 2 1
72 2 1
72 2 0
72 2 1
72 2 1
72 2 0
72 2 1
72 2 1
72 2 1
72 2 1
72 2 1
72 2 1
72 6 1
72 6 0
72 6 0
72 6 0
72 4 1
72 4 0
72 4 1
72 4 1
72 4 1
72 4 0
72 4 1
72 4 1
72 4 1
73 2 0
73 2 1
73 2 1
73 2 1
73 2 1
73 2 1
73 2 1
73 2 1
74 1 1
74 1 0
74 1 1
74 1 0
74 1 0
74 1 0
74 1 0
74 1 1
74 4 1
74 4 1
74 4 1
74 4 1
74 4 1
74 4 1
74 4 1
74 4 0
74 2 1
74 2 1
74 2 1
74 2 1
74 2 1
74 2 1
74 2 1
74 2 1
74 2 1
74 2 1
74 2 1
74 2 0
74 2 0
74 2 1
74 2 1
74 2 1
74 2 0
74 2 1
74 2 0
74 2 1
74 2 1
74 2 1
74 2 1
74 2 1
74 2 0
74 2 1
74 2 1
74 2 0
74 2 1
74 2 1
74 2 1
74 2 1
74 2 1
74 2 1
74 2 1
74 2 1
74 2 1
74 2 1
74 2 1
74 2 1
74 2 1
74 2 1
74 2 1
74 2 1
74 2 1
74 2 1
74 2 1
74 2 1
74 2 1
74 2 1
74 2 1
74 2 1
74 2 1
74 2 1
74 2 1
74 2 1
74 2 1
74 2 1
74 2 1
74 2 1
74 2 1
74 2 1
74 2 1
74 10 1
74 10 1
74 10 1
74 10 1
