1 1 0
1 1 0
1 1 0
1 1 0
1 1 0
1 1 0
1 1 0
1 1 0
1 1 0
1 1 0
1 1 0
1 1 0
1 1 0
1 2 0
1 2 1
1 2 1
1 2 1
1 2 0
1 2 1
1 2 0
1 2 0
1 2 0
1 2 1
1 2 1
1 2 1
1 2 1
1 2 0
1 2 1
1 2 0
1 2 0
1 2 0
1 2 0
1 2 1
2 2 1
2 2 0
2 2 0
2 2 0
2 2 0
2 2 1
2 2 0
2 2 1
2 2 0
2 2 1
2 2 1
2 2 0
2 2 1
2 2 1
2 2 1
2 2 1
2 2 1
2 2 0
2 2 0
2 2 1
2 2 0
2 2 1
2 2 1
2 4 1
2 4 1
2 4 0
2 4 1
2 3 1
2 3 1
2 3 1
2 3 1
2 3 1
2 3 1
2 3 1
2 3 1
3 1 1
3 1 1
3 1 1
3 1 1
3 1 1
3 1 0
3 2 1
3 2 0
3 2 0
3 2 0
3 2 0
3 2 1
3 2 0
3 2 1
3 2 1
3 2 0
3 2 1
3 2 0
3 2 0
3 2 0
3 2 1
3 2 0
3 2 0
3 2 1
3 2 1
3 2 0
3 2 1
4 1 0
4 1 1
4 1 1
4 1 0
4 1 1
4 1 0
4 1 0
4 1 0
4 1 1
4 1 1
4 1 1
4 1 0
4 1 0
4 1 1
4 1 0
4 1 1
4 1 0
4 1 0
4 1 0
4 1 1
4 1 1
4 1 0
4 1 1
4 1 0
4 1 1
4 1 1
4 1 1
4 1 1
4 1 1
4 1 1
4 1 1
4 1 1
4 1 0
4 1 0
4 1 0
4 1 0
4 1 0
4 1 0
4 1 0
4 1 0
4 1 0
4 1 1
4 1 0
4 1 1
4 1 0
4 1 0
4 1 0
4 1 1
4 1 0
4 1 1
4 1 0
4 1 0
4 1 0
4 1 0
4 2 1
4 2 1
4 2 1
4 2 1
4 2 1
4 2 1
4 2 1
4 2 0
4 2 0
4 2 0
4 2 0
4 2 0
4 2 0
4 2 0
4 2 0
4 2 0
4 2 0
4 2 0
4 2 0
4 2 1
5 1 0
5 1 0
5 1 0
5 1 1
5 1 0
5 1 0
5 1 0
5 1 0
5 1 1
5 1 0
5 1 1
5 1 1
5 1 0
5 1 0
5 1 0
5 2 0
5 2 0
5 2 0
5 2 0
5 2 1
5 2 0
5 2 0
5 2 1
5 2 1
5 2 0
5 2 0
5 2 0
5 2 0
5 2 1
5 2 1
5 2 1
5 2 0
5 2 0
5 2 0
5 2 0
5 2 1
5 2 1
5 2 0
5 4 0
5 4 0
5 4 0
5 4 0
5 3 1
5 3 1
5 3 1
5 3 0
6 2 0
6 2 1
6 2 0
6 2 1
6 2 0
6 2 0
6 2 0
6 2 0
6 2 0
6 2 0
6 2 1
6 2 0
6 2 1
6 2 0
6 2 0
6 2 0
6 2 0
6 2 0
6 2 0
6 2 1
6 2 1
6 2 1
6 2 1
6 5 1
6 5 1
6 5 1
6 5 1
6 5 1
6 3 1
6 3 1
6 3 1
6 3 1
7 1 0
7 1 0
7 1 0
7 1 0
7 1 0
7 1 0
7 1 1
7 1 1
7 1 0
7 1 0
7 1 0
7 1 1
7 1 1
7 2 1
7 2 1
7 2 1
7 2 1
7 2 1
7 2 1
7 2 0
7 2 1
7 2 0
7 2 0
7 2 0
7 2 0
7 2 0
7 2 1
7 2 0
7 2 0
7 2 0
7 2 0
7 2 0
7 2 1
7 2 0
7 2 0
7 2 1
7 3 1
7 3 1
7 3 1
7 3 0
7 3 1
8 12 0
8 12 1
8 12 0
8 12 1
8 12 1
8 2 1
8 2 1
8 2 1
8 2 1
8 2 0
8 2 0
8 2 1
8 2 1
8 2 0
8 2 1
8 2 0
8 2 1
8 2 1
8 2 1
8 2 0
8 2 1
8 2 0
8 2 0
8 2 1
8 2 1
8 2 1
8 2 0
8 5 0
8 5 0
8 5 1
8 5 1
8 5 1
8 5 1
8 5 0
8 3 1
8 3 1
8 3 1
8 3 1
8 3 1
8 3 1
8 3 1
8 3 1
8 3 1
8 3 1
8 3 1
8 3 1
8 3 1
8 3 1
8 3 1
8 3 1
8 3 1
8 3 1
8 3 1
8 3 1
8 3 1
8 3 1
8 16 0
8 16 0
8 16 0
8 16 0
8 16 0
8 7 0
8 7 1
8 7 1
8 7 0
8 7 1
8 7 0
8 7 0
8 7 1
8 7 1
9 1 1
9 1 0
9 1 1
9 1 0
9 1 1
9 1 1
9 1 0
9 1 0
9 1 0
9 1 0
9 1 1
9 1 1
9 1 0
9 1 1
9 1 0
9 1 0
9 1 1
9 1 0
9 1 1
9 1 1
9 1 0
9 1 0
9 1 0
9 1 0
9 1 0
9 1 0
9 1 1
9 1 0
9 1 1
9 1 0
9 1 1
9 1 0
9 1 1
9 1 0
9 1 0
9 1 1
9 1 1
9 1 1
9 1 1
9 1 0
9 1 0
9 1 0
9 1 0
9 1 0
9 1 0
9 1 1
9 1 1
9 1 0
9 1 1
9 1 0
9 1 1
9 1 0
9 1 0
9 1 1
9 1 1
9 1 1
9 1 0
9 1 1
9 1 0
9 1 1
9 1 1
9 1 1
9 1 1
9 1 0
9 1 1
9 1 0
9 1 0
9 1 0
9 1 0
9 2 1
9 2 1
9 2 1
9 2 1
9 2 0
9 2 0
9 2 1
9 2 1
9 2 1
9 2 0
9 2 1
9 2 0
9 2 0
9 2 1
9 2 1
9 2 0
9 2 0
9 2 0
9 2 1
9 2 0
9 2 0
10 1 0
10 1 0
10 1 1
10 1 0
10 1 0
10 1 1
10 1 0
10 1 0
10 1 1
10 1 0
10 1 0
10 1 1
10 1 0
10 1 0
10 1 1
10 1 0
10 1 1
10 1 0
10 1 0
10 1 1
10 1 1
10 1 1
10 1 1
10 1 0
10 1 1
10 1 1
10 1 0
10 1 1
10 1 0
10 1 1
10 1 1
10 1 0
10 1 1
10 1 1
10 1 0
10 1 0
10 1 0
10 1 0
10 2 1
10 2 1
10 2 0
10 2 1
10 2 0
10 2 1
10 2 0
10 2 0
10 2 0
10 2 0
10 2 0
10 2 0
10 2 1
10 2 0
10 2 1
10 2 0
10 2 0
10 2 0
10 2 0
10 2 1
10 2 1
10 2 1
10 2 1
11 1 1
11 1 1
11 1 0
11 1 1
11 2 0
11 2 1
11 2 0
11 2 0
11 2 1
11 2 0
11 2 1
11 2 1
11 2 1
11 2 0
11 2 0
11 2 0
12 1 0
12 1 0
12 1 0
12 1 0
12 1 0
12 1 0
12 1 0
12 1 0
12 1 0
12 1 1
12 1 1
12 1 0
12 1 1
12 1 1
12 1 1
12 1 1
12 1 1
12 1 1
12 1 0
12 1 1
12 1 1
12 1 1
12 2 1
12 2 1
12 2 1
12 2 1
12 2 0
12 2 0
12 2 0
12 2 0
12 2 0
12 2 1
12 2 1
12 2 0
12 2 1
12 2 0
12 2 0
12 2 0
12 2 0
13 1 0
13 1 1
13 1 1
13 1 1
13 1 1
13 10 1
13 10 1
13 10 1
13 10 1
13 10 1
13 10 1
13 13 0
13 13 0
13 13 0
13 13 1
13 2 0
13 2 1
13 2 0
13 2 0
13 2 0
13 2 1
13 2 0
13 2 1
13 2 0
13 2 1
13 2 0
13 2 0
13 2 0
13 2 0
13 2 0
13 2 0
13 2 1
13 2 0
13 2 0
13 2 1
13 14 0
13 14 1
13 14 1
13 14 1
13 3 0
13 3 0
13 3 0
13 3 1
13 3 1
13 3 0
13 3 0
13 3 1
13 7 1
13 7 1
13 7 1
13 7 1
14 2 1
14 2 1
14 2 1
14 2 1
14 2 0
14 2 1
14 2 0
14 2 0
14 2 0
14 2 0
14 2 0
14 2 0
14 2 0
14 2 0
14 2 1
14 2 0
14 2 0
14 2 0
14 2 0
14 2 1
14 2 1
14 2 1
14 4 1
14 4 1
14 4 1
14 4 1
14 4 1
14 4 1
14 3 1
14 3 1
14 3 1
14 3 1
14 3 1
14 3 0
15 2 0
15 2 1
15 2 0
15 2 0
15 2 0
15 2 0
15 2 1
15 2 1
15 2 1
15 3 1
15 3 1
15 3 1
15 3 1
15 3 1
16 1 0
16 1 0
16 1 0
16 1 0
16 1 1
16 1 1
16 1 1
16 8 0
16 8 1
16 8 0
16 8 1
16 7 0
16 7 0
16 7 1
16 7 0
16 2 1
16 2 0
16 2 0
16 2 1
16 2 0
16 2 1
16 2 1
16 2 0
16 2 0
16 2 1
16 5 0
16 5 1
16 5 1
16 5 1
16 3 1
16 3 1
16 3 1
16 3 1
16 3 1
16 3 0
16 6 0
16 6 0
16 6 0
16 6 1
16 9 1
16 9 1
16 9 1
16 9 1
16 9 1
17 1 1
17 1 1
17 1 0
17 1 1
17 1 1
17 6 1
17 6 1
17 6 1
17 6 1
17 6 1
17 6 1
17 6 1
17 6 1
17 6 1
17 6 1
17 6 1
17 5 0
17 5 1
17 5 1
17 5 1
17 5 1
17 5 1
17 5 1
17 5 1
17 5 1
17 5 1
17 3 1
17 3 1
17 3 1
17 3 1
17 3 0
17 3 1
17 3 1
17 3 1
17 3 1
17 2 1
17 2 1
17 2 0
17 2 0
17 2 1
17 2 1
17 2 0
17 2 1
17 2 0
17 2 1
17 2 1
17 2 1
17 2 0
17 2 0
17 2 0
17 2 0
17 2 1
17 2 1
17 2 1
18 1 0
18 1 0
18 1 1
18 1 0
18 1 0
18 1 0
18 1 1
18 1 1
18 1 1
18 1 1
18 1 1
18 1 1
18 1 1
18 1 1
18 1 0
18 1 1
18 1 1
18 1 0
18 1 0
18 1 0
18 1 0
18 1 1
18 1 0
18 1 0
18 1 0
18 1 1
18 1 0
18 1 0
18 1 0
18 1 1
18 1 0
18 1 1
18 1 1
18 1 1
18 2 1
18 2 0
18 2 0
18 2 0
18 2 1
18 2 0
18 2 0
18 2 1
18 2 1
18 2 0
19 4 1
19 4 0
19 4 0
19 4 1
19 4 1
19 2 1
19 2 1
19 2 0
19 2 1
19 2 1
19 2 0
19 2 1
19 2 0
19 2 1
19 2 0
19 2 0
19 2 1
19 2 0
19 2 1
19 2 0
19 2 0
19 2 0
19 2 0
19 2 0
19 2 1
19 2 0
19 2 0
19 2 0
19 2 1
19 5 0
19 5 1
19 5 1
19 5 1
19 5 0
19 5 1
19 3 1
19 3 1
19 3 1
19 3 1
19 3 1
19 3 1
19 3 1
19 3 1
19 3 1
19 3 1
19 16 0
19 16 0
19 16 0
19 16 0
19 16 0
19 7 1
19 7 1
19 7 1
19 7 0
19 7 1
20 1 1
20 1 1
20 1 1
20 1 0
20 1 1
20 1 0
20 1 0
20 1 1
20 1 0
20 1 1
20 1 1
20 1 0
20 1 0
20 1 1
20 1 0
20 1 0
20 1 1
20 1 0
20 1 1
20 1 1
20 1 1
20 1 1
20 1 1
20 1 1
20 1 0
20 1 0
20 1 0
20 1 1
20 1 0
20 1 0
20 1 0
20 1 1
20 1 1
20 1 1
20 1 0
20 1 0
20 1 0
20 1 0
20 1 1
20 1 0
20 2 1
20 2 1
20 2 1
20 2 1
20 2 1
20 2 1
20 2 0
20 2 1
20 2 1
20 2 1
20 2 1
20 2 1
20 2 1
20 2 0
20 2 0
20 2 0
20 2 1
20 2 1
20 2 1
20 2 0
20 2 0
20 2 0
20 2 0
20 2 0
21 1 1
21 1 0
21 1 0
21 1 0
21 1 0
21 2 1
21 2 1
21 2 1
21 2 0
21 2 1
21 2 0
21 2 0
22 3 1
22 3 1
22 3 1
22 3 1
22 3 1
22 10 1
22 10 1
22 10 1
22 10 1
22 10 1
22 2 0
22 2 1
22 2 1
22 2 1
22 2 0
22 2 1
22 2 1
22 2 0
22 2 0
22 2 1
22 2 1
22 2 0
22 2 0
22 2 0
22 2 1
22 2 1
22 2 0
22 2 1
22 2 0
22 2 0
22 2 0
22 2 1
22 2 0
22 2 1
22 2 0
22 5 1
22 5 1
22 5 0
22 5 1
22 11 1
22 11 1
22 11 1
22 11 1
22 11 1
22 11 0
22 11 1
22 9 1
22 9 1
22 9 1
22 9 1
22 9 1
23 6 0
23 6 1
23 6 0
23 6 0
23 11 1
23 11 0
23 11 1
23 11 1
23 11 1
23 3 1
23 3 1
23 3 1
23 3 1
23 3 1
23 3 1
23 3 1
23 7 0
23 7 0
23 7 0
23 7 1
23 2 1
23 2 1
23 2 0
23 2 0
23 2 1
23 2 1
23 2 1
23 2 0
23 2 0
23 2 0
23 2 1
23 2 0
23 2 0
23 2 1
23 2 0
23 2 0
23 2 0
23 2 0
23 2 1
23 2 1
23 2 0
23 2 1
24 1 1
24 1 0
24 1 0
24 1 0
24 1 1
24 1 1
24 1 0
24 1 0
24 1 1
24 1 1
24 1 1
24 1 1
24 1 0
24 1 1
24 1 1
24 1 1
24 1 0
24 1 1
24 1 1
24 1 1
24 1 1
24 1 1
24 1 0
24 1 1
24 1 0
24 1 1
24 1 0
24 1 1
24 1 1
24 1 0
24 1 1
24 1 1
24 1 1
24 1 1
24 1 0
24 1 0
24 1 0
24 1 1
24 1 1
24 1 0
24 1 1
24 1 1
24 1 1
24 1 0
24 1 0
24 1 0
24 1 0
24 1 1
24 1 1
24 1 1
24 1 0
24 1 0
24 1 0
24 1 0
24 1 1
24 1 1
24 1 0
24 1 0
24 1 1
24 1 0
24 1 0
24 1 0
24 2 1
24 2 1
24 2 1
24 2 1
24 2 1
24 2 1
24 2 1
24 2 1
24 2 1
24 2 0
24 2 1
24 2 1
24 2 1
24 2 1
24 2 0
24 2 0
24 2 1
24 2 1
24 2 0
24 2 0
24 2 1
24 2 1
24 2 0
25 1 0
25 1 0
25 1 1
25 1 1
25 1 0
25 1 1
25 1 1
25 1 1
25 1 1
25 1 0
25 1 1
25 1 1
25 1 1
25 1 0
25 1 1
25 1 0
25 1 1
25 1 1
25 1 1
25 1 1
25 1 1
25 1 1
25 1 0
25 1 1
25 1 0
25 1 0
25 1 1
25 1 0
25 1 1
25 1 0
25 1 1
25 1 0
25 1 0
25 1 0
25 1 1
25 1 1
25 1 1
25 1 1
25 12 0
25 12 0
25 12 0
25 12 1
25 2 1
25 2 1
25 2 1
25 2 1
25 2 0
25 2 0
25 2 1
25 2 0
25 2 0
25 2 0
25 2 1
25 2 1
25 2 0
25 2 1
25 2 1
25 2 1
25 2 1
25 2 1
25 2 1
25 2 0
25 2 1
25 2 0
25 2 0
26 1 0
26 1 0
26 1 0
26 1 0
26 1 1
26 1 0
26 2 1
26 2 0
26 2 1
26 2 0
26 2 0
26 2 0
26 2 0
27 4 1
27 4 1
27 4 0
27 4 1
27 10 0
27 10 1
27 10 1
27 10 1
27 10 1
27 10 1
27 2 0
27 2 1
27 2 1
27 2 1
27 2 1
27 2 1
27 2 1
27 2 0
27 2 0
27 2 0
27 2 1
27 2 0
27 2 0
27 2 1
27 2 0
27 2 0
27 2 0
27 2 0
27 2 0
27 2 0
27 2 0
27 2 0
27 2 1
27 5 0
27 5 1
27 5 1
27 5 1
27 5 1
27 5 0
27 3 0
27 3 1
27 3 1
27 3 1
27 3 1
27 3 1
27 3 1
27 3 1
27 3 1
27 9 0
27 9 1
27 9 1
27 9 1
28 11 0
28 11 1
28 11 1
28 11 1
28 10 1
28 10 1
28 10 1
28 10 1
28 5 0
28 5 1
28 5 1
28 5 0
28 5 0
28 3 1
28 3 1
28 3 1
28 3 1
28 3 1
28 3 1
28 3 0
28 2 1
28 2 1
28 2 0
28 2 1
28 2 0
28 2 0
28 2 0
28 2 1
28 2 1
28 2 0
28 2 1
28 2 0
28 2 1
28 2 0
28 2 0
28 2 0
28 2 0
29 2 1
29 2 1
29 2 1
29 2 1
29 2 0
29 2 0
29 2 1
29 2 0
29 2 0
29 2 1
29 2 0
29 2 0
29 2 0
29 2 0
29 2 0
29 2 0
29 2 0
29 2 0
29 2 0
29 2 1
29 2 0
29 2 1
30 12 0
30 12 1
30 12 1
30 12 1
30 10 1
30 10 1
30 10 1
30 10 1
30 10 1
30 2 1
30 2 1
30 2 0
30 2 1
30 2 1
30 2 1
30 2 0
30 2 0
30 2 0
30 2 0
30 2 1
30 2 0
30 2 0
30 2 0
30 2 0
30 2 0
30 2 0
30 2 1
30 2 0
30 2 1
30 2 0
30 2 0
30 5 1
30 5 0
30 5 1
30 5 0
30 5 1
30 5 0
30 11 1
30 11 1
30 11 1
30 11 1
30 7 0
30 7 1
30 7 0
30 7 1
30 7 1
30 7 1
30 7 1
31 10 1
31 10 1
31 10 1
31 10 1
31 10 1
31 4 1
31 4 1
31 4 0
31 4 1
31 4 1
31 4 1
31 4 1
31 4 1
31 3 1
31 3 1
31 3 1
31 3 1
31 3 1
31 3 1
31 3 1
31 3 1
31 3 1
31 3 1
31 3 0
31 3 1
31 3 1
31 3 0
31 2 1
31 2 0
31 2 1
31 2 0
31 2 0
31 2 1
31 2 1
31 2 1
31 2 1
31 2 1
31 2 0
31 2 1
31 2 1
31 2 1
31 2 1
31 2 1
31 2 0
31 2 0
31 2 1
31 2 0
31 2 0
32 1 1
32 1 1
32 1 0
32 1 0
32 1 0
32 1 0
32 1 0
32 1 0
32 1 1
32 1 1
32 1 0
32 1 0
32 1 0
32 1 1
32 1 0
32 1 0
32 1 0
32 1 0
32 1 0
32 1 0
32 1 0
32 1 1
32 1 1
32 1 0
32 1 0
32 1 1
32 1 1
32 1 1
32 1 1
32 1 1
32 1 1
32 1 1
32 1 1
32 1 1
32 1 0
32 1 1
32 2 1
32 2 0
32 2 1
32 2 1
32 2 0
32 2 0
32 2 0
32 2 0
32 2 0
32 2 0
32 2 0
33 1 0
33 1 0
33 1 0
33 1 0
33 1 1
33 1 0
33 1 1
33 1 1
33 1 1
33 1 0
33 1 1
33 1 0
33 1 1
33 1 1
33 1 1
33 1 1
33 1 0
33 1 1
33 1 1
33 1 0
33 1 1
33 1 0
33 1 1
33 1 0
33 1 1
33 1 0
33 1 1
33 1 1
33 1 1
33 1 0
33 1 0
33 1 1
33 2 1
33 2 0
33 2 0
33 2 0
33 2 0
33 2 0
33 2 0
33 2 1
33 2 1
33 2 0
33 2 1
33 2 1
33 2 0
33 2 1
33 2 1
33 2 0
33 2 1
33 2 1
33 2 0
33 2 1
33 2 0
33 3 1
33 3 1
33 3 1
33 3 0
33 3 0
33 3 1
33 3 0
33 10 0
33 10 1
33 10 1
33 10 1
33 11 1
33 11 1
33 11 1
33 11 0
34 6 0
34 6 1
34 6 0
34 6 1
34 4 0
34 4 1
34 4 0
34 4 1
34 4 1
34 15 0
34 15 1
34 15 0
34 15 0
34 3 1
34 3 1
34 3 1
34 3 1
34 3 1
34 3 1
34 3 1
34 3 1
34 3 1
34 3 1
34 3 1
34 3 1
34 3 1
34 2 1
34 2 0
34 2 0
34 2 1
34 2 0
34 2 1
34 2 1
34 2 0
34 2 0
34 2 0
34 2 0
34 2 1
34 2 0
34 2 0
34 2 1
34 2 0
34 2 0
34 2 0
34 2 0
34 2 0
34 2 1
34 2 0
34 2 0
34 2 1
34 2 1
34 5 1
34 5 1
34 5 1
34 5 1
34 5 0
34 5 1
34 10 0
34 10 1
34 10 1
34 10 1
34 10 1
34 10 1
34 10 1
34 10 1
34 7 1
34 7 1
34 7 1
34 7 1
34 7 1
35 2 1
35 2 0
35 2 1
35 2 0
35 2 1
35 2 0
35 2 0
35 2 0
35 2 0
35 2 0
35 2 0
36 1 1
36 1 1
36 1 1
36 1 1
36 1 1
36 1 0
36 1 1
36 1 1
36 1 0
36 1 0
36 1 0
36 1 0
36 1 0
36 1 1
36 1 1
36 1 0
36 1 1
36 1 1
36 1 0
36 1 1
36 1 0
36 1 0
36 1 1
36 1 0
36 1 1
36 1 0
36 1 1
36 1 1
36 1 0
36 1 0
36 1 1
36 1 0
36 1 1
36 1 1
36 1 0
36 1 1
36 1 0
36 1 1
36 1 1
36 1 1
36 1 0
36 1 1
36 1 0
36 1 1
36 1 0
36 1 0
36 1 1
36 1 1
36 1 0
36 1 0
36 1 0
36 1 0
36 1 0
36 1 1
36 1 1
36 1 1
36 1 0
36 1 0
36 1 0
36 1 0
36 1 0
36 1 1
36 1 0
36 2 1
36 2 1
36 2 0
36 2 1
36 2 1
36 2 0
36 2 0
36 2 1
36 2 1
36 2 0
36 2 1
36 2 1
36 2 0
36 2 1
36 2 0
36 2 1
36 2 0
36 2 0
36 2 0
36 2 0
36 2 0
36 2 0
36 2 0
36 2 1
37 1 1
37 1 0
37 1 1
37 1 1
37 1 0
37 2 1
37 2 0
37 2 1
37 2 0
37 2 1
37 2 1
37 2 0
37 2 0
37 2 0
37 2 0
37 2 0
37 2 0
37 2 1
37 2 0
37 2 1
37 2 0
37 2 1
37 2 0
37 2 1
37 3 1
37 3 1
37 3 1
37 3 1
38 6 1
38 6 1
38 6 0
38 6 1
38 12 1
38 12 1
38 12 1
38 12 1
38 4 1
38 4 1
38 4 1
38 4 1
38 2 1
38 2 1
38 2 1
38 2 1
38 2 1
38 2 1
38 2 0
38 2 0
38 2 1
38 2 1
38 2 0
38 2 1
38 2 1
38 2 0
38 2 0
38 2 1
38 2 1
38 2 1
38 2 0
38 2 1
38 2 0
38 2 1
38 2 1
38 2 0
38 2 1
38 5 0
38 5 1
38 5 1
38 5 0
38 3 1
38 3 1
38 3 1
38 3 1
38 3 1
38 3 1
38 3 1
38 3 1
38 3 1
38 3 1
38 3 0
38 3 1
38 3 1
38 7 1
38 7 0
38 7 0
38 7 0
38 7 1
38 7 0
38 7 1
38 9 1
38 9 1
38 9 1
38 9 1
39 2 1
39 2 1
39 2 0
39 2 0
39 2 1
39 2 0
39 2 0
39 2 0
39 2 0
39 2 0
39 2 0
39 2 0
39 2 1
39 2 0
39 2 0
39 4 0
39 4 1
39 4 1
39 4 1
39 4 1
39 4 1
39 4 1
39 4 1
39 4 0
39 5 0
39 5 1
39 5 1
39 5 0
39 7 1
39 7 0
39 7 1
39 7 1
40 2 1
40 2 0
40 2 0
40 2 0
40 2 0
40 2 0
40 2 0
40 2 0
40 2 0
40 2 1
40 3 0
40 3 1
40 3 1
40 3 1
40 3 1
40 3 1
40 3 0
40 3 1
41 1 0
41 1 0
41 1 0
41 1 1
41 1 1
41 6 0
41 6 1
41 6 0
41 6 0
41 4 1
41 4 1
41 4 1
41 4 1
41 4 1
41 4 0
41 2 1
41 2 1
41 2 1
41 2 0
41 2 0
41 2 1
41 2 1
41 2 0
41 2 1
41 2 0
41 2 0
41 2 1
41 2 1
41 2 1
41 2 1
41 2 0
41 2 0
41 2 1
41 2 0
41 2 0
41 5 0
41 5 1
41 5 1
41 5 1
41 5 0
41 5 0
41 3 1
41 3 1
41 3 1
41 3 1
42 2 1
42 2 0
42 2 1
42 2 0
43 1 0
43 1 0
43 1 0
43 1 0
43 1 0
43 1 0
43 1 0
43 1 1
43 1 0
43 1 1
43 1 1
43 1 1
43 1 1
43 1 1
43 1 1
43 1 1
43 1 1
43 1 1
43 1 1
43 1 1
43 1 1
43 1 0
43 1 1
43 1 1
43 1 1
43 1 0
43 1 1
43 1 0
43 1 0
43 1 1
43 1 1
43 1 0
43 1 1
43 1 1
43 1 0
43 1 0
43 1 0
43 1 1
43 1 1
43 2 1
43 2 1
43 2 1
43 2 1
43 2 1
43 2 1
43 2 1
43 2 1
43 2 1
43 2 1
43 2 1
43 2 1
43 2 1
43 2 0
43 2 0
43 2 0
43 2 0
43 2 0
43 2 0
43 2 1
43 2 1
43 2 1
44 6 0
44 6 1
44 6 0
44 6 1
44 4 1
44 4 1
44 4 1
44 4 1
44 2 1
44 2 1
44 2 1
44 2 1
44 2 0
44 2 0
44 2 0
44 2 0
44 2 0
44 2 1
44 2 0
44 2 0
44 2 0
44 2 1
44 2 1
44 2 0
44 2 1
44 2 0
44 2 0
44 2 1
44 2 1
44 5 1
44 5 1
44 5 0
44 5 0
44 3 1
44 3 1
44 3 1
44 3 1
44 3 1
44 3 1
44 7 1
44 7 1
44 7 1
44 7 1
44 7 1
44 7 0
44 7 1
44 7 1
