1 5 1
1 5 1
1 5 1
1 5 0
1 5 0
1 5 1
1 5 1
1 5 1
1 5 1
1 5 1
1 5 1
1 5 1
1 5 1
1 5 1
1 5 1
1 5 1
1 5 1
1 5 1
1 5 1
1 5 1
1 5 1
1 5 1
1 5 1
1 5 1
1 5 1
1 5 1
1 5 1
1 5 1
1 5 1
1 5 1
1 5 1
1 5 1
1 5 1
1 5 1
1 5 1
1 5 0
1 5 1
1 5 1
1 5 1
1 5 1
1 5 1
1 5 1
1 5 1
1 5 1
1 5 1
1 5 1
1 5 1
1 5 1
1 5 1
1 5 1
1 5 1
1 5 1
1 5 1
1 5 1
1 5 1
1 5 1
1 5 1
1 5 1
1 5 1
1 5 1
1 5 1
1 5 1
1 3 1
1 3 1
1 3 1
1 3 1
1 3 1
1 3 1
1 2 1
1 2 1
1 2 1
1 2 0
1 2 1
1 2 1
1 2 1
1 2 1
1 2 1
1 2 1
1 2 1
1 2 0
1 2 1
2 2 1
2 2 1
2 2 1
2 2 1
2 2 1
2 2 1
2 2 1
2 2 1
2 2 1
2 2 0
2 2 1
2 2 1
2 2 1
2 2 1
2 2 1
2 2 1
2 2 1
2 2 1
2 2 1
2 2 1
2 2 1
2 2 1
2 2 1
2 2 1
2 2 1
2 2 1
2 2 1
2 2 1
2 2 1
2 2 1
2 2 1
2 2 1
2 2 1
2 2 1
2 2 1
2 2 1
2 2 1
2 2 1
2 2 1
2 2 1
2 2 1
2 2 1
2 2 1
2 2 1
2 2 1
2 2 1
3 5 1
3 5 0
3 5 0
3 5 1
3 5 1
3 5 0
3 5 1
3 1 0
3 1 1
3 1 1
3 1 1
3 1 0
3 1 1
3 1 1
3 8 1
3 8 1
3 8 1
3 8 1
3 8 1
3 8 1
3 8 1
3 7 1
3 7 1
3 7 1
3 7 1
3 7 1
3 7 1
3 7 1
3 7 1
3 7 1
3 7 1
3 7 1
3 7 1
3 7 1
3 7 1
3 9 1
3 9 1
3 9 1
3 9 1
3 9 1
3 9 1
3 9 1
3 9 1
3 9 1
3 9 1
4 7 1
4 7 1
4 7 1
4 7 1
4 4 1
4 4 1
4 4 1
4 4 1
4 4 1
4 2 0
4 2 1
4 2 1
4 2 1
4 2 1
4 2 1
4 2 1
4 2 1
4 2 1
4 2 1
4 2 1
4 2 1
4 2 1
4 2 1
4 2 1
4 2 1
4 2 1
4 2 1
4 2 1
4 2 1
4 2 0
4 2 1
4 2 1
4 2 1
4 2 1
4 2 0
4 2 1
4 2 1
4 2 1
4 2 1
4 2 1
4 2 1
4 2 1
4 2 1
4 2 1
4 3 1
4 3 1
4 3 1
4 3 1
4 3 1
4 3 1
5 5 1
5 5 0
5 5 0
5 5 0
5 4 1
5 4 1
5 4 0
5 4 1
5 4 1
5 2 1
5 2 1
5 2 0
5 2 1
5 2 1
5 2 1
5 2 1
5 2 1
5 2 0
5 2 1
5 2 1
5 2 1
5 2 1
5 2 1
5 2 1
5 2 1
5 2 1
5 2 0
5 2 1
5 2 0
5 2 1
5 2 1
5 2 1
5 2 1
5 2 1
5 2 1
5 2 1
5 2 1
5 2 1
5 2 1
5 2 1
5 2 1
5 2 1
5 2 1
5 2 1
5 2 1
5 2 1
5 2 1
5 2 1
5 2 1
5 2 1
5 2 1
5 2 1
5 2 1
5 2 1
5 2 1
5 2 1
5 2 1
5 2 1
5 2 1
5 2 1
5 2 1
5 2 1
5 2 1
5 2 1
5 2 1
5 2 1
5 2 1
5 2 0
5 2 1
5 2 1
5 2 1
5 2 1
5 2 1
5 2 1
5 2 1
5 2 1
5 2 1
5 2 1
5 2 1
5 2 1
5 2 1
5 2 1
5 2 0
5 2 1
5 2 1
5 2 1
5 2 1
5 2 1
5 2 1
5 2 0
5 2 1
5 3 0
5 3 0
5 3 0
5 3 1
5 3 1
5 3 0
5 3 1
5 3 1
5 3 1
5 3 0
6 8 1
6 8 1
6 8 1
6 8 1
6 2 1
6 2 1
6 2 1
6 2 1
6 2 1
6 2 1
6 2 0
6 2 1
6 2 0
6 2 1
6 2 1
6 2 1
7 1 1
7 1 1
7 1 1
7 1 1
7 1 1
7 2 1
7 2 1
7 2 1
7 2 1
7 2 1
7 2 1
7 2 1
7 2 1
7 2 1
7 2 1
7 2 1
7 2 1
7 2 1
7 2 1
7 2 1
7 2 1
7 2 1
7 2 1
7 2 1
7 2 1
7 2 1
7 2 1
7 2 1
7 2 1
7 2 1
7 2 1
7 2 1
7 2 1
7 2 1
7 2 1
7 2 1
7 2 1
7 2 1
7 2 1
7 2 1
7 2 1
7 2 1
7 2 1
7 2 1
7 2 1
7 2 1
7 2 1
7 2 1
7 2 1
7 2 1
7 2 1
7 2 1
7 2 1
7 2 0
7 2 1
7 2 1
7 2 0
7 2 1
7 2 1
7 2 1
7 2 1
7 2 0
7 2 1
7 2 1
7 2 1
7 2 1
7 3 1
7 3 0
7 3 0
7 3 1
7 3 1
7 3 1
7 3 1
7 3 1
7 8 1
7 8 1
7 8 1
7 8 1
7 7 1
7 7 1
7 7 1
7 7 1
7 7 1
7 7 0
7 7 1
7 7 1
7 7 1
7 9 1
7 9 1
7 9 1
7 9 1
7 9 1
7 9 1
8 2 1
8 2 1
8 2 1
8 2 1
8 2 1
8 2 1
8 2 1
8 2 1
8 2 1
8 2 0
8 2 1
8 2 1
8 2 1
8 2 1
8 2 1
8 2 1
8 2 1
8 2 1
8 2 1
8 2 1
8 2 1
8 2 1
8 2 1
8 2 1
8 2 1
8 2 1
8 2 1
8 2 1
8 2 1
8 2 1
8 2 1
8 2 1
8 2 1
8 2 1
8 2 1
8 2 1
8 2 1
8 3 1
8 3 1
8 3 1
8 3 1
8 3 0
8 3 1
8 3 1
8 3 1
8 8 1
8 8 1
8 8 1
8 8 1
8 8 1
8 8 1
8 8 1
8 8 1
8 8 1
8 8 1
8 8 1
8 8 1
8 8 1
8 7 1
8 7 1
8 7 1
8 7 1
8 7 1
8 7 1
8 7 1
8 7 1
8 7 1
8 7 1
8 7 1
8 7 1
8 7 1
8 7 1
8 7 1
8 7 1
8 9 1
8 9 1
8 9 1
8 9 1
8 9 1
8 9 1
8 9 1
8 9 1
8 9 1
8 9 1
8 9 1
8 9 1
8 9 1
8 9 1
8 9 1
8 9 1
8 9 1
8 9 1
8 9 1
8 9 1
8 9 1
8 9 1
9 2 1
9 2 1
9 2 1
9 2 1
9 2 1
9 2 1
9 2 1
9 2 1
9 2 1
9 2 1
9 2 1
9 2 1
9 2 1
10 7 1
10 7 1
10 7 1
10 7 1
10 7 1
10 9 1
10 9 1
10 9 1
10 9 1
10 9 1
10 9 1
10 9 1
10 9 1
11 5 0
11 5 1
11 5 1
11 5 1
11 2 1
11 2 1
11 2 1
11 2 1
11 12 1
11 12 1
11 12 0
11 12 0
11 3 1
11 3 1
11 3 1
11 3 1
11 3 1
11 3 0
11 3 1
11 3 1
11 3 0
11 3 1
11 8 1
11 8 1
11 8 1
11 8 1
11 8 1
11 8 1
11 8 1
11 8 1
11 8 1
11 8 1
11 8 1
11 8 1
11 8 1
11 8 1
11 8 1
11 8 1
11 8 1
11 8 1
11 8 1
11 8 1
11 8 1
11 8 1
11 8 1
11 7 1
11 7 1
11 7 1
11 7 1
11 7 1
11 7 1
11 7 1
11 7 1
11 7 1
11 7 1
11 7 1
11 7 1
11 7 1
11 7 1
11 7 1
11 7 1
11 7 1
11 7 1
11 7 1
11 7 1
11 7 1
11 7 1
11 7 1
11 7 1
11 7 1
11 7 1
11 7 1
11 7 1
11 7 1
11 7 1
11 7 1
11 7 1
11 7 1
11 7 1
11 7 1
11 7 1
11 7 1
11 7 1
11 7 1
11 7 1
11 10 1
11 10 1
11 10 1
11 10 1
11 10 1
11 10 1
11 10 1
11 9 1
11 9 1
11 9 1
11 9 1
11 9 1
11 9 1
11 9 1
11 9 1
11 9 1
11 9 1
11 9 1
11 9 1
11 9 1
11 9 1
11 9 1
11 9 1
11 9 1
11 9 1
11 9 1
11 9 1
11 9 1
11 9 1
11 9 1
11 9 1
12 2 1
12 2 0
12 2 1
12 2 1
12 2 1
12 7 1
12 7 1
12 7 1
12 7 1
12 7 1
12 7 1
12 7 1
12 7 1
12 7 1
12 7 1
12 8 1
12 8 1
12 8 1
12 8 1
12 8 1
12 8 1
12 8 1
12 8 1
12 10 1
12 10 0
12 10 1
12 10 1
12 10 1
12 9 1
12 9 1
12 9 1
12 9 1
12 9 1
12 9 1
12 9 1
13 5 0
13 5 1
13 5 1
13 5 1
13 2 1
13 2 1
13 2 0
13 2 0
13 2 1
13 2 1
13 2 1
13 2 1
13 2 1
13 2 1
13 2 1
13 2 1
13 2 1
13 2 1
13 2 1
13 2 1
13 2 1
13 2 1
13 2 1
13 2 1
13 2 1
13 2 1
13 2 1
13 2 1
13 2 1
13 2 1
13 2 1
13 2 1
13 2 1
13 2 1
13 2 1
13 2 1
13 2 0
13 2 1
13 2 1
13 2 1
13 2 1
13 2 1
13 2 1
13 2 1
13 2 1
13 2 1
13 2 1
13 2 1
13 2 1
13 2 1
13 2 1
13 2 1
13 2 1
13 2 1
13 2 1
13 2 1
13 2 1
13 2 1
13 2 1
13 2 1
13 2 1
13 2 1
13 2 1
13 2 1
13 2 1
13 2 1
13 2 1
13 2 1
13 2 1
13 2 1
13 2 1
13 3 1
13 3 1
13 3 1
13 3 1
13 3 0
13 3 1
13 4 1
13 4 1
13 4 1
13 4 1
13 4 1
13 4 1
13 8 1
13 8 1
13 8 1
13 8 0
13 8 1
13 7 1
13 7 1
13 7 1
13 7 1
13 7 1
13 7 1
13 7 0
14 5 1
14 5 1
14 5 0
14 5 0
14 5 1
14 5 1
14 1 1
14 1 1
14 1 1
14 1 1
14 1 1
14 1 1
14 1 1
14 1 1
14 1 1
14 1 1
14 1 1
14 1 1
14 1 0
14 1 1
14 1 1
14 1 1
14 1 1
14 1 1
14 1 1
14 3 1
14 3 0
14 3 0
14 3 1
14 3 0
14 3 1
14 3 1
14 3 1
14 3 1
14 8 1
14 8 1
14 8 1
14 8 1
14 8 1
14 8 1
14 8 1
14 8 1
14 8 1
14 8 1
14 8 1
14 8 0
14 8 1
14 8 1
14 8 1
14 8 1
14 8 1
14 8 0
14 8 1
14 8 1
14 8 1
14 7 1
14 7 1
14 7 1
14 7 1
14 7 1
14 7 1
14 7 1
14 7 1
14 7 1
14 7 1
14 7 1
14 7 1
14 7 1
14 7 1
14 7 1
14 7 1
14 7 1
14 7 1
14 7 1
14 7 1
14 7 1
14 7 1
14 7 1
14 7 1
14 7 1
14 7 1
14 7 1
14 7 1
14 10 1
14 10 1
14 10 1
14 10 1
14 10 1
14 9 1
14 9 1
14 9 1
14 9 1
14 9 1
14 9 1
14 9 1
14 9 1
14 9 1
14 9 1
14 9 1
14 9 1
14 9 0
14 9 1
14 9 1
14 9 1
14 9 1
14 9 1
14 9 0
14 9 1
14 9 1
15 5 1
15 5 1
15 5 0
15 5 0
15 5 1
15 5 0
15 5 1
15 5 1
15 5 1
15 5 0
15 5 0
15 5 0
15 5 1
15 5 0
15 5 1
15 5 1
15 5 0
15 5 0
15 5 1
15 5 0
15 5 1
15 5 1
15 5 1
15 5 1
15 5 1
15 5 1
15 5 1
15 5 1
15 5 1
15 5 0
15 5 1
15 5 1
15 5 1
15 5 1
15 5 0
15 5 0
15 5 1
15 5 1
15 5 1
15 5 1
15 5 1
15 5 0
15 5 1
15 5 1
15 5 1
15 5 0
15 5 1
15 5 1
15 5 1
15 5 1
15 5 1
15 5 1
15 5 1
15 5 1
15 5 1
15 5 0
15 5 1
15 5 1
15 5 0
15 5 0
15 5 1
15 5 1
15 5 1
15 5 1
15 5 1
15 5 0
15 5 0
15 5 1
15 5 1
15 5 1
15 5 0
15 5 1
15 5 0
15 5 1
15 5 1
15 5 1
15 5 1
15 5 1
15 5 0
15 7 1
15 7 1
15 7 1
15 7 1
15 7 1
15 7 1
15 7 0
15 7 0
15 7 0
15 3 0
15 3 1
15 3 1
15 3 1
15 3 1
15 3 1
15 3 1
15 8 1
15 8 1
15 8 1
15 8 0
15 8 0
15 8 0
15 8 0
15 2 1
15 2 1
15 2 1
15 2 1
15 2 1
15 2 1
15 2 1
15 9 1
15 9 1
15 9 1
15 9 1
15 9 1
16 5 1
16 5 1
16 5 0
16 5 1
16 2 1
16 2 1
16 2 1
16 2 1
16 2 1
16 2 1
16 2 0
16 2 0
16 3 1
16 3 1
16 3 0
16 3 1
16 3 0
16 3 0
16 3 0
16 3 1
16 8 1
16 8 1
16 8 1
16 8 1
16 8 1
16 8 1
16 8 1
16 8 1
16 8 1
16 8 1
16 8 1
16 8 1
16 8 1
16 8 1
16 8 1
16 8 1
16 8 1
16 8 0
16 8 1
16 7 1
16 7 1
16 7 1
16 7 1
16 7 1
16 7 1
16 7 1
16 7 1
16 7 1
16 7 1
16 7 1
16 7 1
16 7 1
16 7 1
16 7 1
16 7 1
16 7 1
16 7 1
16 7 1
16 7 1
16 7 1
16 7 1
16 7 1
16 7 1
16 10 0
16 10 1
16 10 1
16 10 1
16 10 1
16 10 1
16 9 1
16 9 1
16 9 1
16 9 1
16 9 1
16 9 1
16 9 1
16 9 1
16 9 1
16 9 0
16 9 1
16 9 1
16 9 1
16 9 1
16 9 1
16 9 1
16 9 1
16 9 1
16 9 1
16 9 1
17 2 1
17 2 1
17 2 1
17 2 1
17 2 1
17 2 1
17 2 1
18 3 1
18 3 1
18 3 0
18 3 1
18 3 0
18 3 1
18 3 0
18 2 1
18 2 1
18 2 1
18 2 1
18 2 1
18 2 1
18 2 1
18 2 1
18 2 1
18 2 1
18 2 1
18 2 1
18 2 1
18 2 1
18 2 1
18 2 1
18 2 1
18 2 1
18 2 1
18 2 1
18 2 1
18 2 1
18 2 1
18 2 1
18 2 0
18 2 1
18 2 1
18 2 1
18 2 1
18 2 1
18 2 1
18 2 0
18 2 1
18 2 1
18 2 1
18 2 0
18 2 1
18 2 1
18 2 1
18 2 1
18 2 1
18 2 1
18 2 1
18 2 1
18 2 1
18 2 1
18 2 0
18 2 1
18 2 1
18 2 1
18 2 1
18 2 1
18 2 1
18 2 1
18 2 1
18 2 1
18 2 1
18 2 1
18 2 1
18 2 0
18 2 1
18 2 1
18 2 1
18 2 1
18 2 1
18 2 1
18 2 1
18 2 1
18 2 1
18 2 1
18 2 1
18 2 1
18 2 1
18 2 0
18 2 1
18 2 1
18 2 1
18 2 1
18 2 1
18 2 1
18 2 1
18 2 1
18 2 1
18 1 1
18 1 1
18 1 0
18 1 1
18 1 1
18 1 0
18 1 1
18 1 1
18 1 1
18 1 0
19 8 1
19 8 1
19 8 1
19 8 0
19 8 1
19 8 1
20 7 1
20 7 1
20 7 1
20 7 1
20 7 1
20 7 1
20 7 1
20 7 1
20 7 1
20 7 1
20 7 1
20 7 1
20 7 1
20 7 1
20 7 1
20 7 1
20 7 1
20 7 1
20 7 1
20 7 1
20 7 1
20 7 1
20 7 1
20 7 1
20 7 1
20 7 1
20 7 1
20 8 1
20 8 1
20 8 1
20 8 1
20 8 1
20 8 1
20 8 1
20 8 1
20 8 1
20 8 1
20 8 1
20 8 1
20 8 1
20 8 0
20 8 1
20 8 1
20 8 1
20 8 1
20 8 1
20 8 1
20 8 1
20 8 1
20 2 1
20 2 1
20 2 0
20 2 1
20 10 1
20 10 1
20 10 1
20 10 1
20 10 1
20 10 1
20 10 1
20 9 1
20 9 1
20 9 0
20 9 1
20 9 1
20 9 1
20 9 1
20 9 1
20 9 1
20 9 1
21 2 1
21 2 0
21 2 1
21 2 1
21 2 1
21 2 1
21 2 1
21 2 1
21 2 1
21 2 1
21 2 1
21 2 1
21 2 1
21 2 1
21 2 1
21 2 1
21 2 1
21 2 1
21 2 1
21 2 1
21 2 1
21 2 1
21 2 1
21 2 1
21 2 1
21 2 1
21 2 1
21 2 1
21 2 1
21 2 1
21 2 1
21 2 1
21 2 1
21 2 1
21 2 1
21 2 1
21 2 1
21 2 1
21 2 1
21 2 1
21 2 1
21 2 1
21 2 1
21 2 1
21 2 1
21 2 1
21 2 1
21 2 1
21 2 1
21 2 1
21 2 1
21 2 1
21 2 1
21 2 0
22 5 1
22 5 1
22 5 1
22 5 0
22 5 0
22 3 1
22 3 0
22 3 1
22 3 1
22 3 0
22 7 1
22 7 1
22 7 1
22 7 1
22 7 1
22 7 1
22 7 1
22 7 1
22 7 1
22 9 1
22 9 1
22 9 1
22 9 1
22 9 1
22 9 1
22 9 1
22 9 1
23 2 1
23 2 1
23 2 1
23 2 1
23 2 1
23 2 1
23 2 1
23 2 1
23 2 1
23 2 1
23 2 1
23 2 1
23 2 1
23 2 1
23 2 1
23 2 1
23 2 0
23 2 1
23 2 0
23 2 1
23 2 1
23 2 1
23 2 1
23 2 0
23 2 1
23 2 1
23 2 1
23 2 1
23 2 1
23 2 1
23 2 1
23 2 1
23 2 1
23 2 1
23 2 1
23 2 1
23 2 1
23 2 1
23 2 1
23 2 1
23 2 1
23 2 1
23 2 1
23 2 1
23 2 1
23 2 1
23 2 1
23 2 1
23 2 1
23 2 1
23 2 1
23 2 1
23 2 1
23 2 1
23 2 1
23 2 0
23 2 1
23 2 1
23 2 1
23 2 1
23 2 1
23 2 1
23 2 1
23 2 1
23 2 1
23 2 1
23 2 1
23 2 1
23 2 1
23 2 1
23 7 1
23 7 1
23 7 1
23 7 1
23 9 1
23 9 1
23 9 1
23 9 1
23 9 1
23 9 1
23 9 1
23 9 1
23 9 1
23 9 1
23 9 1
23 9 1
23 9 1
24 5 1
24 5 0
24 5 0
24 5 0
24 5 1
24 2 1
24 2 1
24 2 1
24 2 1
24 2 1
24 2 1
24 2 1
24 7 1
24 7 1
24 7 1
24 7 1
24 7 1
24 7 1
24 7 1
24 9 1
24 9 1
24 9 1
24 9 1
24 9 1
24 9 1
24 9 1
24 9 1
25 5 1
25 5 0
25 5 0
25 5 0
25 5 1
25 5 1
25 5 1
25 5 1
25 3 1
25 3 0
25 3 1
25 3 1
25 3 1
25 3 0
25 3 0
25 3 1
25 3 0
25 2 1
25 2 1
25 2 0
25 2 1
25 2 0
25 2 1
25 2 1
25 2 1
25 2 0
25 2 1
25 2 1
25 2 0
25 2 1
25 2 0
25 2 1
25 2 1
25 2 1
25 2 1
25 2 1
25 2 1
25 2 1
25 2 1
25 2 1
25 2 1
25 2 1
25 2 1
25 2 1
25 2 1
25 2 1
25 2 1
25 2 1
25 2 1
25 2 1
25 2 1
25 2 1
25 2 0
25 2 1
25 2 1
25 2 1
25 2 1
25 2 1
25 2 1
25 2 1
25 2 1
25 2 1
25 2 1
25 2 1
25 2 1
25 2 1
25 2 1
25 2 1
25 2 1
25 2 1
25 2 1
25 2 0
25 2 1
25 2 1
25 2 1
25 2 1
25 2 1
25 2 1
25 2 1
25 2 1
25 2 1
25 2 1
25 2 1
25 2 1
25 2 0
25 2 1
25 2 0
25 2 1
25 2 1
25 2 1
25 2 0
25 2 0
25 2 1
25 7 1
25 7 1
25 7 1
25 7 0
25 7 1
25 7 0
25 7 0
25 7 0
25 7 0
25 7 1
25 9 1
25 9 0
25 9 1
25 9 1
25 9 1
25 9 0
25 9 1
25 9 0
25 9 1
26 5 0
26 5 0
26 5 0
26 5 0
26 5 0
26 5 1
26 5 1
26 5 1
26 5 1
26 5 1
26 5 1
26 5 0
26 5 0
26 5 1
26 5 1
26 5 1
26 5 1
26 5 1
26 5 1
26 5 1
26 5 1
26 5 0
26 5 1
26 5 1
26 5 1
26 5 1
26 5 1
26 5 1
26 5 1
26 5 1
26 5 1
26 5 1
26 7 1
26 7 1
26 7 1
26 7 1
26 7 1
26 7 1
26 7 1
26 7 1
26 7 1
26 7 1
26 7 1
26 7 1
26 7 1
26 7 1
26 7 1
26 7 1
26 7 1
26 7 1
26 7 1
26 7 1
26 7 1
26 7 1
26 7 1
26 7 1
26 7 1
26 7 1
26 7 1
26 7 1
26 7 1
26 7 1
26 7 1
26 7 1
26 3 0
26 3 0
26 3 0
26 3 0
26 3 1
26 8 1
26 8 1
26 8 1
26 8 1
26 8 1
26 8 1
26 8 1
26 8 1
26 8 1
26 8 1
26 8 1
26 8 1
26 8 1
26 8 1
26 8 1
26 8 1
26 8 1
26 8 1
26 8 1
26 8 1
26 8 1
26 8 1
26 2 1
26 2 1
26 2 1
26 2 1
26 2 1
26 2 1
26 2 1
26 2 1
26 2 1
26 10 1
26 10 1
26 10 1
26 10 1
26 10 1
26 10 1
26 10 1
26 9 1
26 9 1
26 9 1
26 9 1
26 9 1
26 9 1
27 8 1
27 8 1
27 8 1
27 8 1
27 8 1
27 2 1
27 2 1
27 2 1
27 2 1
27 2 1
27 2 0
27 2 1
27 2 1
27 2 1
27 2 1
27 2 1
27 2 1
27 2 1
27 2 1
27 2 1
27 2 1
27 2 1
27 2 1
27 2 1
27 2 1
27 2 1
27 2 1
27 2 1
27 2 1
27 2 1
27 2 1
27 2 1
27 2 1
27 2 1
27 2 1
27 2 1
27 2 1
27 2 1
27 2 0
27 2 1
27 2 1
27 2 1
27 2 1
27 2 1
27 2 1
27 2 1
27 2 1
27 2 1
27 2 1
27 2 1
27 2 1
27 2 1
27 2 1
27 2 1
27 2 1
27 2 1
27 2 1
27 2 1
27 2 1
27 2 1
27 2 1
27 2 1
27 2 0
27 2 1
27 2 1
27 2 1
27 2 1
27 2 1
27 2 1
27 2 1
27 2 1
27 2 1
27 2 1
27 2 1
27 2 1
27 2 1
27 2 1
28 2 1
28 2 1
28 2 1
28 2 1
28 2 1
28 2 1
28 2 1
28 7 1
28 7 1
28 7 1
28 7 1
28 7 1
28 7 1
28 7 1
28 7 1
28 7 1
28 7 1
28 7 1
28 7 1
28 7 1
28 7 1
28 7 1
28 7 1
28 7 1
28 7 1
28 7 1
28 8 1
28 8 1
28 8 1
28 8 1
28 8 1
28 8 1
28 8 1
28 8 1
28 8 1
28 8 1
28 8 1
28 8 1
28 8 1
28 8 1
28 8 1
28 8 1
28 8 1
28 8 1
28 8 1
28 8 1
28 8 1
28 10 1
28 10 1
28 10 1
28 10 1
28 10 1
28 10 1
28 10 1
28 9 0
28 9 1
28 9 1
28 9 1
28 9 1
28 9 1
28 9 1
29 5 0
29 5 1
29 5 1
29 5 0
29 5 0
29 5 0
29 5 0
29 5 0
29 5 1
29 5 0
29 5 0
29 5 0
29 5 0
29 5 0
29 5 0
29 5 0
29 5 0
29 5 1
29 5 0
29 5 0
29 5 0
29 5 0
29 7 1
29 7 1
29 7 1
29 7 1
29 7 1
29 7 1
29 7 1
29 7 1
29 7 1
29 7 1
29 7 1
29 7 1
29 7 1
29 7 1
29 7 1
29 7 1
29 7 1
29 7 1
29 7 1
29 7 1
29 7 1
29 7 1
29 7 1
29 7 1
29 7 1
29 7 1
29 7 1
29 7 1
29 7 1
29 7 1
29 7 1
29 11 1
29 11 1
29 11 1
29 11 0
29 12 1
29 12 1
29 12 1
29 12 1
29 3 1
29 3 1
29 3 1
29 3 1
29 3 1
29 3 0
29 3 0
29 3 1
29 3 1
29 8 1
29 8 1
29 8 1
29 8 1
29 8 1
29 8 1
29 8 1
29 8 1
29 8 1
29 8 1
29 8 1
29 8 1
29 8 1
29 8 1
29 8 1
29 8 1
29 8 1
29 8 1
29 8 1
29 8 1
29 8 1
29 8 1
29 8 1
29 8 1
29 8 1
29 8 1
29 8 1
29 8 1
29 8 1
29 2 1
29 2 0
29 2 1
29 2 1
29 2 1
29 2 1
29 2 0
29 2 0
29 2 1
29 2 1
29 2 1
29 2 1
29 10 1
29 10 0
29 10 1
29 10 1
29 10 1
29 10 1
29 10 1
29 9 1
29 9 1
29 9 1
29 9 1
29 9 1
29 9 1
29 9 1
29 9 1
29 9 1
29 9 1
29 9 1
29 9 1
29 9 1
29 9 1
29 9 1
29 9 0
29 9 1
29 9 1
29 9 1
29 9 1
29 9 1
29 9 1
29 9 1
29 9 1
30 5 1
30 5 1
30 5 0
30 5 0
30 5 0
30 5 1
30 5 0
30 5 0
30 5 1
30 5 0
30 1 0
30 1 1
30 1 1
30 1 1
30 1 1
30 1 0
30 1 1
30 7 1
30 7 1
30 7 0
30 7 1
30 7 1
30 7 1
30 7 1
30 7 1
30 7 0
30 7 1
30 7 1
30 7 1
30 7 1
30 7 1
30 7 1
30 7 1
30 3 1
30 3 0
30 3 1
30 3 1
30 3 0
30 3 1
30 3 1
30 3 1
30 8 1
30 8 1
30 8 1
30 8 1
30 8 1
30 8 1
30 8 1
30 8 0
30 8 1
30 8 0
30 8 1
30 2 0
30 2 1
30 2 1
30 2 1
30 2 1
30 2 1
30 2 1
30 2 1
30 2 1
30 2 1
30 2 1
30 2 0
30 2 1
30 2 1
30 2 1
30 2 1
30 2 1
30 2 1
30 2 0
30 2 1
30 2 1
30 2 1
30 2 1
30 2 1
30 2 1
30 2 0
30 9 1
30 9 1
30 9 1
30 9 1
30 9 0
30 9 0
30 9 0
30 9 1
30 9 1
30 9 0
30 9 1
31 5 1
31 5 1
31 5 0
31 5 0
31 5 0
31 5 0
31 5 1
31 5 1
31 5 1
31 5 1
31 5 0
31 5 1
31 5 0
31 5 0
31 5 1
31 3 0
31 3 0
31 3 1
31 3 0
31 2 1
31 2 1
31 2 0
31 2 0
31 2 1
31 2 1
31 2 1
31 2 1
31 2 1
31 2 1
31 2 1
31 2 1
31 2 1
31 2 1
31 2 1
31 2 1
31 2 1
31 2 1
31 2 1
31 2 1
31 2 1
31 2 0
31 2 1
31 2 0
31 2 1
31 2 1
31 2 1
31 2 0
31 2 1
31 2 1
31 2 1
31 2 1
31 2 1
31 2 1
31 2 1
31 2 1
31 2 1
31 2 1
31 2 1
31 2 1
31 2 1
31 2 1
31 2 1
31 2 1
31 2 1
31 2 1
31 2 1
31 2 1
31 2 1
31 2 1
31 2 1
31 2 0
31 2 1
31 2 1
31 2 0
31 2 1
31 2 1
31 2 1
31 2 1
31 2 1
32 2 1
32 2 1
32 2 1
32 2 1
32 2 1
32 2 1
32 2 1
32 7 1
32 7 1
32 7 1
32 7 1
32 7 1
32 7 1
32 8 1
32 8 1
32 8 1
32 8 1
32 8 1
32 8 1
32 8 1
32 8 1
32 8 1
32 9 1
32 9 1
32 9 1
32 9 1
33 5 1
33 5 1
33 5 1
33 5 1
33 5 0
33 5 1
33 5 1
33 5 0
33 5 0
33 5 1
33 5 1
33 5 0
33 5 1
33 5 0
33 5 1
33 5 1
33 5 0
33 5 0
33 5 0
33 5 0
33 5 0
33 5 0
33 5 0
33 5 0
33 5 0
33 5 0
33 5 0
33 1 1
33 1 1
33 1 1
33 1 1
33 1 0
33 1 1
33 1 1
33 1 1
33 1 1
33 1 1
33 1 0
33 1 1
33 2 1
33 2 1
33 2 1
33 2 1
33 2 1
33 2 1
33 2 1
33 2 1
33 2 1
33 2 1
33 2 1
33 2 1
33 2 1
33 2 1
33 2 1
33 2 1
33 2 1
33 2 1
33 2 1
33 2 1
33 2 1
33 2 1
33 2 1
33 2 1
33 2 1
33 2 1
33 2 1
33 2 1
33 2 0
33 2 1
33 2 1
33 2 1
33 2 1
33 2 1
33 2 1
33 2 1
33 2 1
33 2 1
33 2 1
33 2 1
33 2 1
33 2 1
33 2 1
33 2 1
33 2 1
33 2 1
33 2 1
33 2 1
33 2 1
33 2 1
33 2 1
33 2 1
33 2 1
33 2 1
33 2 1
33 2 1
33 2 1
33 2 1
33 2 1
33 2 1
33 2 1
33 2 1
33 2 1
33 2 1
33 2 1
33 2 1
33 2 1
33 2 1
33 2 1
33 2 1
33 2 1
33 2 1
33 2 1
33 2 1
33 3 1
33 3 1
33 3 1
33 3 1
33 3 1
34 1 1
34 1 0
34 1 1
34 1 1
34 1 1
34 2 1
34 2 1
34 2 1
34 2 1
34 2 1
34 2 1
34 2 1
34 2 1
34 2 1
34 2 1
34 2 1
34 2 1
34 2 1
34 2 1
34 2 1
34 2 1
34 2 1
34 2 1
34 2 1
34 2 1
34 2 1
35 5 0
35 5 1
35 5 0
35 5 0
35 5 1
35 5 1
35 5 1
35 5 0
35 5 1
35 5 1
35 2 1
35 2 1
35 2 1
35 2 1
35 2 1
35 2 1
35 2 0
35 2 1
35 2 1
35 2 1
35 2 1
35 2 1
35 3 1
35 3 1
35 3 0
35 3 0
35 3 0
35 3 0
35 3 0
35 3 1
35 4 1
35 4 1
35 4 1
35 4 1
35 4 1
35 4 1
35 8 1
35 8 1
35 8 1
35 8 1
35 8 1
35 8 1
35 8 1
35 8 1
35 8 1
35 8 1
35 8 1
35 8 1
35 8 1
35 8 1
35 8 1
35 8 1
35 8 1
35 8 1
35 8 1
35 8 1
35 8 1
35 8 1
35 8 1
35 8 1
35 8 1
35 8 1
35 8 1
35 8 1
35 7 1
35 7 1
35 7 1
35 7 1
35 7 1
35 7 1
35 7 1
35 7 1
35 7 1
35 7 1
35 7 1
35 7 1
35 7 1
35 7 1
35 7 1
35 7 1
35 7 1
35 7 1
35 7 1
35 7 1
35 7 1
35 7 1
35 7 1
35 7 1
35 7 1
35 7 1
35 7 1
35 7 0
35 7 1
35 7 1
35 7 1
35 7 1
35 7 1
35 7 1
35 7 1
35 10 1
35 10 1
35 10 1
35 10 1
35 10 1
35 10 1
35 10 1
35 10 1
35 9 1
35 9 1
35 9 1
35 9 1
35 9 1
35 9 1
35 9 1
35 9 1
35 9 1
35 9 1
35 9 1
35 9 1
35 9 1
35 9 1
35 9 1
35 9 1
35 9 1
35 9 1
35 9 1
35 9 1
36 5 1
36 5 1
36 5 0
36 5 0
36 5 0
36 5 1
36 5 1
36 5 1
36 5 1
36 2 1
36 2 1
36 2 1
36 2 1
36 2 1
36 2 1
36 2 1
36 2 1
36 2 1
36 2 1
36 2 0
36 2 1
36 2 1
36 2 1
36 2 1
36 2 1
36 2 1
36 2 1
36 2 1
36 2 1
36 2 1
36 2 1
36 2 1
36 2 1
36 2 1
36 2 1
36 2 1
36 2 1
36 2 1
36 2 1
36 2 1
36 2 1
36 2 1
36 2 1
36 2 1
36 2 1
36 2 1
36 2 1
36 2 1
36 2 1
36 2 1
36 2 1
36 2 1
36 2 1
36 2 1
36 2 1
36 2 1
36 2 1
36 2 1
36 2 1
36 2 1
36 2 1
36 2 1
36 2 0
36 2 0
36 2 1
37 5 1
37 5 0
37 5 0
37 5 1
37 5 0
37 1 1
37 1 1
37 1 1
37 1 1
37 1 1
37 1 1
37 1 1
37 1 1
37 1 1
37 1 1
37 1 1
37 1 1
37 1 1
37 7 1
37 7 1
37 7 1
37 7 1
37 7 1
37 7 1
37 7 1
37 7 1
37 7 1
37 7 1
37 7 1
37 7 0
37 7 1
37 7 1
37 7 1
37 7 1
37 7 1
37 3 1
37 3 0
37 3 1
37 3 1
37 3 1
37 3 1
37 3 0
37 3 0
37 3 1
37 3 1
37 3 1
37 3 0
37 3 0
37 3 1
37 3 0
37 3 1
37 3 0
37 3 0
37 8 1
37 8 1
37 8 1
37 8 0
37 8 1
37 8 1
37 8 1
37 8 1
37 2 1
37 2 1
37 2 1
37 2 1
37 2 1
37 2 1
37 2 1
37 2 1
37 2 1
37 2 1
37 2 1
37 2 1
37 2 1
37 2 1
37 2 1
37 2 1
37 2 1
37 2 1
37 2 1
37 2 1
37 2 1
37 2 1
37 2 1
37 2 0
37 2 1
37 2 1
37 2 1
37 2 1
37 2 1
37 2 1
37 2 1
37 2 1
37 2 1
37 2 1
37 2 1
37 2 1
37 2 1
37 2 1
37 2 1
37 2 1
37 2 1
37 2 1
37 2 1
37 2 1
37 2 1
37 2 1
37 2 1
37 2 1
37 2 1
37 2 1
37 2 1
37 2 1
37 2 1
37 2 1
37 2 1
37 2 0
37 2 1
37 2 1
37 2 1
37 2 1
37 2 1
37 2 1
37 2 1
37 2 1
37 2 1
37 2 1
37 2 1
37 2 1
37 2 1
37 10 1
37 10 1
37 10 1
37 10 1
37 9 1
37 9 1
37 9 1
37 9 1
37 9 1
37 9 1
37 9 1
37 9 1
37 9 1
37 9 1
37 9 1
37 9 1
37 9 1
37 9 1
37 9 1
37 9 1
37 9 1
37 9 1
37 9 1
37 9 1
37 9 1
37 9 1
37 9 1
37 9 1
37 9 1
37 9 1
38 5 0
38 5 0
38 5 0
38 5 1
38 5 1
38 1 1
38 1 1
38 1 1
38 1 1
38 1 0
38 1 0
38 1 0
38 1 1
38 1 1
38 1 1
38 1 1
38 1 1
38 1 1
38 7 1
38 7 1
38 7 1
38 7 1
38 7 1
38 7 1
38 3 1
38 3 0
38 3 0
38 3 1
38 3 0
38 3 0
38 3 1
38 3 0
38 3 1
38 3 0
38 6 0
38 6 0
38 6 1
38 6 1
38 4 1
38 4 1
38 4 1
38 4 0
38 4 0
38 2 1
38 2 1
38 2 1
38 2 1
38 2 1
38 2 1
38 2 1
38 2 0
38 2 1
38 2 1
38 2 1
38 2 1
38 2 1
38 2 1
38 2 0
38 2 1
38 2 1
38 2 1
38 2 1
38 2 1
38 2 1
38 2 1
38 2 1
38 2 1
38 2 1
38 2 1
38 2 1
38 2 1
38 2 1
38 2 1
38 2 1
38 2 1
38 2 1
38 2 1
38 2 1
38 2 1
38 2 1
38 2 1
38 2 1
38 2 1
38 2 1
38 2 1
38 2 1
38 2 1
38 2 1
38 2 1
38 2 1
38 2 1
38 2 1
38 2 1
38 2 1
38 2 1
38 2 1
38 2 1
38 2 0
38 2 1
38 2 1
38 9 1
38 9 1
38 9 1
38 9 1
38 9 1
38 9 1
38 9 1
38 9 1
38 9 1
38 9 1
38 9 1
38 9 1
38 9 1
38 9 1
39 5 1
39 5 0
39 5 0
39 5 0
39 5 0
39 5 1
39 5 1
39 5 1
39 5 1
39 5 1
39 5 1
39 5 1
39 5 0
39 5 0
39 5 0
39 5 1
39 5 0
39 5 1
39 5 1
39 5 1
39 5 1
39 1 1
39 1 1
39 1 1
39 1 1
39 1 1
39 1 1
39 1 1
39 1 1
39 2 1
39 2 1
39 2 0
39 2 1
39 2 1
39 2 1
39 2 1
39 2 1
39 2 1
39 2 0
39 2 1
39 2 1
39 2 1
39 2 1
39 2 1
39 2 1
39 2 1
39 2 1
39 2 1
39 2 1
39 2 1
39 2 1
39 2 1
39 2 1
39 2 1
39 2 1
39 2 1
39 2 1
39 2 1
39 2 1
39 2 0
39 2 1
39 2 1
39 2 1
39 2 1
39 2 1
39 2 1
39 2 1
39 2 0
39 7 1
39 7 1
39 7 1
39 7 1
39 7 1
39 7 1
39 9 1
39 9 1
39 9 1
39 9 1
39 9 1
39 9 1
39 9 1
40 2 0
40 2 1
40 2 1
40 2 1
40 2 1
40 2 1
40 2 1
40 2 1
40 2 1
40 2 1
40 2 1
40 2 1
40 2 1
40 2 1
40 2 1
40 2 1
40 2 1
41 2 1
41 2 1
41 2 1
41 2 1
41 2 1
41 2 1
41 2 1
41 2 1
41 2 1
41 2 1
41 2 1
41 2 1
41 2 1
41 2 0
41 2 1
42 1 1
42 1 0
42 1 1
42 1 1
42 1 1
42 1 1
42 1 1
42 1 1
42 4 1
42 4 1
42 4 1
42 4 0
42 4 1
42 4 1
42 4 1
42 2 1
42 2 1
42 2 1
42 2 0
42 2 1
42 2 1
42 2 1
42 2 1
42 2 1
42 2 1
42 2 1
42 2 1
42 2 1
42 2 1
42 2 1
42 2 1
42 2 1
42 2 0
42 2 0
42 2 1
42 2 1
42 2 0
42 2 0
42 2 1
42 2 1
42 2 0
42 2 0
42 2 1
42 2 1
42 2 1
42 2 0
42 2 1
42 2 1
42 2 1
42 2 1
42 2 1
42 2 0
42 2 1
42 2 1
42 2 1
42 2 1
42 2 1
42 2 1
42 2 1
42 2 1
42 2 1
42 2 1
42 2 1
42 2 1
42 2 1
42 2 1
42 2 1
42 2 1
42 2 1
42 2 1
42 2 1
42 2 1
42 2 1
42 2 1
42 2 1
42 2 1
42 2 1
42 2 1
42 2 1
42 2 1
42 2 1
42 2 1
42 2 1
42 2 1
42 2 1
42 2 1
42 2 1
42 2 1
42 2 1
42 2 1
42 2 1
42 2 1
42 2 1
42 2 1
42 2 1
42 2 1
42 2 1
42 2 1
42 2 1
42 2 1
42 2 1
42 3 1
42 3 1
42 3 0
42 3 0
43 5 1
43 5 0
43 5 0
43 5 1
43 5 1
43 5 0
43 5 0
43 5 0
43 5 0
43 5 1
43 5 0
43 5 1
43 5 1
43 5 1
43 5 1
43 5 1
43 5 0
43 5 1
43 5 1
43 5 1
43 5 1
43 5 0
43 5 0
43 5 1
43 5 0
43 5 0
43 5 0
43 5 0
43 5 0
43 5 1
43 5 0
43 5 0
43 5 1
43 5 0
43 5 1
43 5 0
43 5 1
43 5 1
43 5 1
43 5 1
43 5 0
43 5 1
43 5 0
43 5 0
43 5 0
43 7 1
43 7 1
43 7 1
43 7 1
43 7 1
43 7 1
43 7 1
43 7 1
43 7 1
43 7 0
43 7 1
43 7 0
43 7 0
43 7 0
43 7 1
43 7 1
43 7 1
43 7 0
43 7 1
43 7 0
43 7 1
43 7 1
43 3 1
43 3 1
43 3 0
43 3 1
43 3 1
43 3 0
43 3 1
43 3 1
43 3 1
43 8 1
43 8 1
43 8 1
43 8 0
43 8 1
43 8 1
43 8 1
43 8 0
43 8 0
43 8 1
43 8 1
43 8 0
43 8 1
43 8 0
43 8 1
43 8 1
43 2 1
43 2 1
43 2 1
43 2 1
43 2 1
43 2 1
43 2 1
43 2 1
43 2 1
43 2 1
43 2 1
43 2 1
43 2 1
43 2 0
43 10 0
43 10 1
43 10 0
43 10 0
43 10 1
43 9 1
43 9 1
43 9 1
43 9 1
43 9 1
43 9 0
43 9 1
43 9 0
43 9 0
43 9 1
43 9 1
43 9 0
44 2 1
44 2 1
44 2 1
44 2 1
44 2 1
44 2 1
44 2 1
44 2 1
44 2 1
44 2 1
44 2 1
44 2 1
44 2 1
44 2 1
44 2 1
44 2 1
44 2 1
44 2 1
44 2 1
44 2 0
44 2 1
44 2 1
44 2 1
44 2 1
44 2 1
44 2 1
44 2 1
44 2 1
44 2 1
44 2 1
44 2 1
44 2 1
44 2 1
44 2 1
44 2 1
44 2 1
44 2 1
44 2 1
44 2 1
44 2 1
44 2 1
44 2 1
44 2 1
44 2 1
44 2 1
44 2 1
44 2 1
44 2 1
44 2 1
44 2 1
44 2 1
44 2 1
44 2 1
44 2 1
45 5 1
45 5 0
45 5 1
45 5 1
45 5 1
45 5 0
45 5 0
45 5 0
45 5 1
45 5 0
45 5 0
45 5 0
45 5 0
45 5 0
45 5 0
45 5 0
45 5 0
45 5 1
45 5 0
45 5 0
45 5 0
45 5 1
45 5 1
45 5 1
45 5 1
45 5 0
45 5 0
45 5 1
45 5 1
45 5 0
45 5 1
45 5 0
45 5 0
45 5 1
45 5 1
45 5 0
45 5 1
45 5 1
45 5 0
45 5 0
45 5 0
45 5 1
45 5 0
45 5 1
45 5 1
45 5 0
45 5 1
45 5 0
45 5 0
45 5 1
45 5 0
45 5 0
45 5 0
45 5 1
45 5 0
45 5 0
45 5 0
45 5 1
45 5 0
45 5 1
45 5 0
45 5 0
45 5 1
45 5 0
45 5 1
45 5 1
45 5 0
45 5 0
45 5 1
45 5 1
45 5 1
45 3 0
45 3 0
45 3 0
45 3 0
45 2 1
45 2 1
45 2 0
45 2 1
45 2 0
45 2 0
45 2 1
45 2 1
45 2 1
45 2 1
45 2 1
45 2 1
45 2 1
45 2 1
45 2 1
45 2 1
45 2 0
45 2 1
45 2 1
45 2 1
45 2 0
45 7 1
45 7 1
45 7 1
45 7 0
45 7 1
45 7 0
45 7 0
45 8 1
45 8 1
45 8 1
45 8 0
46 5 0
46 5 1
46 5 0
46 5 1
46 5 0
46 5 1
46 5 1
46 5 1
46 5 1
46 5 1
46 5 1
46 5 1
46 5 1
46 5 1
46 5 1
46 5 1
46 5 1
46 3 1
46 3 1
46 3 1
46 3 1
46 3 1
46 3 0
46 3 1
46 3 0
46 3 1
46 3 1
46 8 1
46 8 1
46 8 1
46 8 1
46 8 1
46 8 1
46 8 1
46 8 1
46 8 1
46 8 1
46 8 1
46 8 1
46 8 1
46 8 1
46 8 1
46 8 1
46 8 1
46 8 1
46 8 1
46 8 1
46 8 1
46 8 1
46 8 1
46 8 1
46 8 1
46 8 1
46 7 1
46 7 1
46 7 1
46 7 1
46 7 1
46 7 1
46 7 1
46 7 1
46 7 1
46 7 1
46 7 1
46 7 1
46 7 1
46 7 1
46 7 1
46 7 1
46 7 1
46 7 1
46 7 1
46 7 1
46 7 1
46 7 1
46 7 1
46 7 1
46 7 1
46 7 1
46 7 1
46 7 1
46 7 1
46 7 1
46 7 1
46 7 1
46 7 1
46 7 1
46 7 1
46 7 1
46 7 1
46 7 1
46 10 1
46 10 1
46 10 1
46 10 1
46 10 1
46 10 1
46 10 1
46 9 1
46 9 0
46 9 1
46 9 1
46 9 1
46 9 1
46 9 1
46 9 1
46 9 1
46 9 1
46 9 1
46 9 1
46 9 1
46 9 1
46 9 0
46 9 1
46 9 1
46 9 1
46 9 1
46 9 1
46 9 1
46 9 1
46 9 1
46 9 1
46 9 1
46 9 1
46 9 1
46 9 1
46 9 1
46 9 1
47 5 1
47 5 0
47 5 0
47 5 1
47 5 1
47 5 1
47 5 1
47 5 1
47 5 1
47 5 1
47 5 1
47 5 1
47 3 1
47 3 1
47 3 1
47 3 1
47 3 1
47 3 1
47 3 0
47 3 0
47 3 1
47 2 1
47 2 1
47 2 1
47 2 1
47 2 0
47 2 1
47 2 1
47 2 1
47 2 1
47 2 1
47 2 1
47 2 1
47 2 1
47 2 1
47 2 1
47 2 1
47 2 1
47 2 1
47 2 1
47 2 1
47 2 0
47 2 1
47 2 0
47 2 1
47 2 1
47 2 1
47 2 1
47 2 1
47 2 1
47 2 1
47 2 1
47 2 1
47 2 1
47 2 1
47 2 1
47 2 1
47 2 1
47 2 1
47 2 1
47 2 1
47 2 1
47 2 1
47 2 1
47 2 1
47 2 1
47 2 1
47 2 1
47 2 1
47 2 1
47 2 1
47 2 1
47 2 1
47 2 0
47 2 1
47 2 1
47 2 1
47 2 1
47 2 1
47 2 1
47 2 1
47 2 1
47 2 1
47 2 1
47 2 1
47 2 1
47 2 1
47 2 0
48 5 0
48 5 1
48 5 1
48 5 1
48 5 1
48 1 1
48 1 1
48 1 0
48 1 1
48 1 1
48 1 1
48 1 1
48 1 1
48 1 1
48 2 1
48 2 1
48 2 1
48 2 1
48 2 1
48 2 1
48 2 1
48 2 1
48 2 1
48 2 1
48 2 1
48 2 1
48 2 1
48 2 1
48 2 1
48 2 1
48 2 1
48 2 1
48 2 1
48 2 1
48 2 1
48 2 1
48 2 1
48 2 1
48 2 1
48 2 1
48 2 1
48 2 1
48 2 1
48 2 1
48 2 1
48 2 1
48 2 1
48 2 1
48 2 1
48 2 1
48 2 1
48 2 1
48 2 1
48 2 1
48 2 1
48 2 1
49 5 1
49 5 1
49 5 0
49 5 1
49 5 1
49 5 1
49 5 0
49 5 1
49 5 1
49 5 1
49 7 1
49 7 1
49 7 1
49 7 1
49 7 1
49 7 1
49 7 1
49 7 1
49 7 1
49 7 1
49 7 1
49 7 1
49 7 1
49 7 1
49 7 1
49 7 1
49 7 1
49 7 1
49 7 1
49 7 1
49 7 1
49 7 1
49 7 1
49 7 1
49 7 1
49 7 1
49 7 1
49 7 1
49 7 1
49 3 0
49 3 1
49 3 1
49 3 1
49 3 1
49 3 1
49 3 1
49 3 1
49 3 1
49 3 1
49 3 1
49 3 1
49 3 1
49 8 1
49 8 1
49 8 1
49 8 1
49 8 1
49 8 1
49 8 1
49 8 1
49 8 1
49 8 1
49 8 1
49 8 1
49 8 1
49 8 1
49 8 1
49 8 1
49 8 1
49 8 1
49 8 1
49 8 1
49 2 1
49 2 1
49 2 1
49 2 1
49 2 1
49 2 1
49 10 1
49 10 1
49 10 1
49 10 1
49 10 1
49 10 1
49 10 1
49 9 1
49 9 1
49 9 1
49 9 1
49 9 1
49 9 1
49 9 1
49 9 1
49 9 1
49 9 1
49 9 1
49 9 1
49 9 1
49 9 1
49 9 1
49 9 1
49 9 1
49 9 1
49 9 1
49 9 1
49 9 1
49 9 1
49 9 1
50 4 1
50 4 1
50 4 1
50 4 1
50 2 1
50 2 1
50 2 1
50 2 0
50 2 1
50 2 1
50 2 1
50 2 1
50 2 1
50 2 1
50 2 1
50 2 1
50 2 1
50 2 1
50 2 1
50 2 1
50 2 1
50 2 1
50 2 1
50 2 1
50 2 1
50 2 1
50 2 1
50 2 1
50 2 1
50 2 1
50 2 1
50 2 1
50 2 1
50 2 1
50 2 1
50 2 1
50 2 1
50 2 0
50 2 1
50 2 1
50 2 1
50 2 1
50 2 1
50 2 1
50 2 1
50 2 1
50 2 1
50 2 1
50 2 1
50 2 1
50 2 1
50 2 1
50 2 1
50 2 1
50 2 1
50 2 1
50 2 1
50 2 1
50 2 1
50 2 1
50 2 1
50 2 1
50 2 1
50 2 1
50 2 1
50 2 1
50 2 1
50 2 1
50 2 1
50 2 1
50 2 1
50 2 1
50 2 1
50 2 1
50 2 1
50 2 1
50 2 1
50 2 1
50 2 1
50 2 1
50 2 1
50 2 1
50 2 1
50 2 1
50 2 1
50 2 1
50 2 1
50 2 1
50 2 1
50 2 1
50 2 1
50 2 1
50 2 1
50 2 0
50 2 1
50 2 1
50 3 0
50 3 0
50 3 1
50 3 1
50 9 1
50 9 1
50 9 1
50 9 0
50 9 1
51 5 0
51 5 0
51 5 1
51 5 1
51 5 0
51 5 0
51 5 0
51 5 0
51 5 0
51 5 0
51 5 1
51 5 0
51 5 0
51 5 1
51 3 0
51 3 1
51 3 1
51 3 1
51 3 0
51 3 0
51 2 1
51 2 1
51 2 1
51 2 1
51 2 1
51 2 1
51 2 1
51 2 0
51 2 1
51 2 1
51 2 0
51 2 0
51 2 1
51 2 1
51 2 1
51 2 1
51 2 1
51 2 1
51 2 1
51 2 1
51 2 1
51 2 1
51 2 1
51 2 1
51 2 1
51 2 1
51 2 1
51 2 1
51 2 0
51 2 1
51 2 0
51 2 1
51 2 0
51 2 1
51 2 1
51 2 1
51 2 1
51 2 1
51 2 1
51 2 1
51 2 0
51 2 1
51 2 1
51 2 1
51 2 1
51 2 1
51 2 1
51 2 1
51 2 1
51 2 1
51 2 1
51 2 1
51 2 1
51 2 1
51 2 1
51 2 1
51 2 1
51 2 1
51 2 1
51 2 1
51 2 1
51 2 1
51 2 1
51 2 1
51 2 1
51 2 1
51 2 1
51 2 1
51 2 1
51 2 1
51 2 1
51 2 1
51 2 1
51 2 1
51 2 1
52 8 1
52 8 1
52 8 1
52 8 1
52 8 1
52 8 1
52 8 1
52 8 1
52 8 1
52 8 1
52 8 1
52 8 1
52 8 1
52 8 1
52 8 1
52 8 1
52 8 1
52 7 1
52 7 1
52 7 1
52 7 1
52 7 1
52 7 1
52 7 1
52 7 1
52 7 1
52 7 1
52 7 1
52 7 1
52 7 1
52 7 1
52 7 1
52 7 1
52 7 1
52 7 1
52 7 1
52 7 1
52 7 1
52 7 1
52 7 1
52 10 1
52 10 1
52 10 1
52 10 1
52 10 1
52 10 1
52 10 1
52 10 1
52 9 1
52 9 1
52 9 1
52 9 1
52 9 1
52 9 1
52 9 1
52 9 1
52 9 1
52 9 1
52 9 1
53 5 1
53 5 0
53 5 1
53 5 1
53 5 1
53 5 1
53 5 1
53 5 1
53 1 1
53 1 1
53 1 1
53 1 1
53 7 1
53 7 1
53 7 1
53 7 1
53 7 1
53 7 1
53 7 1
53 7 1
53 6 0
53 6 1
53 6 0
53 6 1
53 4 1
53 4 1
53 4 1
53 4 1
53 4 0
53 2 1
53 2 1
53 2 1
53 2 1
53 2 1
53 2 1
53 2 1
53 2 1
53 2 1
53 2 0
53 2 1
53 2 1
53 2 1
53 2 1
53 2 1
53 2 1
53 2 0
53 2 0
53 2 1
53 2 1
53 2 1
53 2 0
53 2 1
53 2 1
53 2 1
53 2 1
53 2 1
53 2 1
53 2 1
53 2 1
53 2 1
53 2 1
53 2 0
53 2 1
53 2 1
53 2 1
53 2 1
53 2 1
53 2 1
53 2 1
53 2 1
53 2 1
53 2 0
53 2 1
53 2 1
53 2 1
53 2 1
53 2 1
53 2 1
53 2 1
53 2 1
53 2 1
53 2 1
53 2 1
53 2 1
53 2 1
53 2 1
53 2 1
53 2 1
53 2 1
53 2 1
53 2 1
53 2 1
53 2 1
53 2 1
53 2 1
53 2 1
53 2 1
53 2 1
53 2 1
53 2 1
53 2 1
53 2 1
53 2 1
53 2 1
53 2 1
53 2 1
53 2 1
53 2 1
53 2 1
53 2 1
53 2 1
53 2 1
53 2 1
53 2 1
53 2 1
53 2 1
53 2 1
53 2 1
53 2 1
53 2 1
53 2 1
53 2 1
53 2 1
53 2 1
54 3 1
54 3 1
54 3 1
54 3 0
54 2 1
54 2 0
54 2 1
54 2 1
54 2 1
54 2 1
54 2 1
54 2 1
54 2 1
54 2 1
54 2 1
54 2 1
54 2 1
54 2 0
54 2 1
54 2 0
54 2 0
54 2 1
54 2 1
54 2 1
54 2 1
54 2 0
54 2 1
54 2 1
54 2 1
54 2 1
54 2 1
54 2 1
54 2 1
54 2 1
54 2 1
54 2 0
54 2 0
54 2 1
54 2 1
54 2 1
54 2 1
54 2 1
54 2 1
54 2 1
54 2 1
54 2 1
54 2 1
54 2 1
54 2 1
54 2 1
54 2 1
54 2 1
54 2 1
54 2 1
54 2 1
54 2 1
54 2 1
54 2 1
54 2 1
54 2 1
54 2 1
54 2 1
54 2 1
54 2 1
54 2 1
54 2 1
54 2 1
54 2 0
54 7 1
54 7 1
54 7 1
54 7 1
54 7 1
54 7 1
54 7 1
54 7 1
54 7 1
54 8 1
54 8 1
54 8 1
54 8 1
54 9 1
54 9 1
54 9 0
54 9 1
54 9 1
55 2 1
55 2 1
55 2 1
55 2 0
55 2 1
55 2 1
55 2 1
55 2 1
56 8 1
56 8 1
56 8 1
56 8 1
56 8 1
56 8 1
56 2 1
56 2 1
56 2 1
56 2 1
56 2 1
56 2 1
56 2 1
56 2 1
56 2 1
56 2 1
56 2 1
56 2 1
56 2 1
56 2 1
56 2 1
56 2 1
56 2 1
56 2 1
56 2 1
56 2 1
56 2 1
56 2 1
56 2 1
56 2 1
56 2 1
56 2 1
56 2 1
56 2 1
56 2 1
57 1 1
57 1 1
57 1 1
57 1 1
57 1 1
57 1 1
57 1 1
57 1 1
57 1 1
57 1 1
57 2 1
57 2 1
57 2 0
57 2 1
57 2 1
57 2 1
57 2 1
57 2 1
57 2 1
57 2 1
57 2 1
57 2 1
57 2 1
57 2 1
57 2 1
57 2 1
57 2 1
57 2 1
57 2 1
57 2 1
57 2 1
57 2 1
57 2 1
57 2 1
57 2 1
57 2 1
57 2 1
57 2 0
57 2 1
57 2 1
57 2 1
57 2 0
57 2 1
57 2 1
57 2 1
57 2 1
57 2 1
57 2 1
57 2 1
57 2 1
57 2 1
57 2 1
57 2 1
57 2 1
57 2 1
57 2 1
57 2 1
57 2 1
57 2 1
57 2 1
57 2 1
57 2 1
57 2 1
57 2 1
57 2 1
57 2 1
57 2 1
57 2 1
57 2 1
57 2 1
57 2 1
57 2 1
57 2 1
57 2 1
57 2 1
57 2 1
57 2 1
57 2 1
57 3 0
57 3 0
57 3 1
57 3 0
57 3 1
57 3 1
58 1 1
58 1 1
58 1 1
58 1 1
58 2 0
58 2 1
58 2 1
58 2 1
58 2 1
58 2 1
58 2 1
58 2 1
58 2 1
58 2 0
58 2 1
58 2 1
58 2 1
58 2 1
58 2 1
58 2 1
58 2 1
58 2 1
58 2 1
58 2 1
58 2 1
58 2 1
58 2 1
58 2 1
58 2 1
58 2 1
58 2 1
58 2 1
58 2 1
58 2 1
58 2 1
58 2 1
58 2 1
58 2 1
58 2 1
58 2 1
58 2 1
58 2 1
58 2 1
58 2 1
58 2 1
58 2 1
58 2 1
58 2 1
58 2 1
58 2 1
58 2 1
58 2 1
58 2 1
58 2 1
58 2 1
58 2 1
58 2 1
58 2 1
58 2 1
58 2 1
58 2 1
58 2 1
58 2 1
58 2 1
58 2 1
58 2 1
58 2 1
58 2 1
58 2 1
58 2 1
58 2 1
58 2 1
58 2 1
58 2 1
58 2 1
58 2 1
58 2 1
58 2 1
58 2 1
58 2 1
58 2 1
58 3 0
58 3 0
58 3 1
58 3 1
58 3 0
58 3 0
58 3 0
58 3 0
58 3 1
58 3 1
59 2 0
59 2 0
59 2 0
59 2 1
59 2 1
60 5 1
60 5 1
60 5 1
60 5 0
60 5 1
60 5 1
60 3 1
60 3 1
60 3 1
60 3 1
60 3 1
60 3 0
60 3 0
60 3 0
60 2 1
60 2 0
60 2 1
60 2 1
60 2 1
60 2 1
60 2 1
60 2 1
60 2 1
60 2 1
60 2 1
60 2 1
60 2 1
60 2 1
60 2 1
60 2 1
60 2 1
60 2 1
60 2 1
60 2 1
60 2 1
60 2 1
60 2 1
60 2 1
60 2 1
60 2 1
60 2 1
60 2 1
60 2 1
60 2 0
60 2 1
60 2 1
60 2 1
60 2 1
60 2 0
60 2 0
60 2 1
60 2 1
60 2 1
60 2 1
60 2 0
60 2 1
60 2 1
60 2 1
60 2 1
60 2 1
60 2 1
60 2 1
60 2 1
60 2 1
60 2 1
60 2 1
60 2 1
60 2 1
60 2 1
60 2 1
60 2 1
60 2 1
60 2 1
60 2 1
60 2 1
60 2 1
60 2 1
60 2 1
60 2 1
60 2 1
60 2 1
60 2 1
60 2 1
60 2 1
60 2 1
60 2 1
60 2 1
60 2 1
60 2 1
60 2 1
61 5 1
61 5 0
61 5 1
61 5 1
61 5 1
61 5 1
61 5 0
61 5 1
61 5 0
61 5 1
61 5 0
61 5 0
61 5 1
61 5 0
61 5 1
61 5 1
61 5 0
61 5 0
61 5 1
61 5 1
61 5 1
61 5 1
61 5 1
61 5 1
61 5 0
61 5 0
61 5 0
61 5 0
61 5 0
61 5 0
61 5 0
61 5 0
61 5 1
61 5 1
61 5 0
61 5 1
61 5 1
61 5 0
61 5 0
61 5 1
61 5 0
61 5 1
61 5 0
61 5 0
61 5 1
61 5 0
61 5 0
61 5 0
61 5 0
61 5 1
61 5 0
61 5 1
61 5 0
61 5 1
61 5 0
61 5 0
61 5 0
61 5 0
61 5 0
61 5 1
61 5 1
61 5 0
61 5 1
61 5 0
61 5 0
61 5 1
61 5 1
61 5 0
61 5 1
61 3 0
61 3 1
61 3 1
61 3 1
61 3 1
61 2 0
61 2 1
61 2 1
61 2 1
61 2 1
61 2 1
61 2 1
61 2 0
61 2 0
62 5 1
62 5 0
62 5 1
62 5 0
62 5 0
62 5 0
62 5 0
62 5 0
62 5 0
62 5 0
62 5 0
62 5 1
62 1 1
62 1 1
62 1 1
62 1 1
62 1 1
62 2 1
62 2 1
62 2 1
62 2 1
62 2 1
62 2 1
62 2 1
62 2 1
62 2 1
62 2 1
62 2 1
62 2 1
62 2 1
62 2 0
62 2 1
62 2 1
62 2 1
62 2 1
62 2 1
62 2 1
62 2 1
62 2 1
62 2 0
62 2 0
62 2 1
62 2 1
62 2 1
62 2 1
62 2 1
62 2 1
62 2 1
62 2 1
62 2 1
62 2 1
62 2 1
62 2 1
62 2 1
62 2 1
62 2 1
62 2 1
62 2 1
62 2 1
62 2 1
62 2 1
62 2 1
62 2 1
62 2 1
62 2 1
62 2 1
62 2 1
62 2 1
62 2 1
62 2 1
62 2 1
62 2 1
62 2 1
62 2 1
62 2 1
62 2 1
62 2 1
62 2 1
62 2 1
62 2 1
62 2 1
62 2 1
63 5 1
63 5 0
63 5 0
63 5 1
63 5 1
63 1 0
63 1 1
63 1 1
63 1 1
63 1 1
63 1 1
63 1 1
63 1 1
63 11 1
63 11 1
63 11 0
63 11 1
63 2 1
63 2 1
63 2 1
63 2 0
63 4 1
63 4 1
63 4 1
63 4 1
63 4 1
63 4 1
63 4 1
63 4 0
63 8 1
63 8 1
63 8 1
63 8 1
63 8 1
63 8 1
63 8 1
63 8 1
63 8 1
63 8 1
63 8 1
63 8 1
63 8 1
63 8 1
63 8 1
63 8 1
63 8 1
63 8 0
63 8 1
63 8 1
63 8 1
63 8 1
63 8 1
63 8 1
63 8 1
63 8 1
63 8 1
63 8 1
63 8 1
63 8 1
63 8 1
63 8 1
63 7 1
63 7 1
63 7 1
63 7 1
63 7 1
63 7 1
63 7 1
63 7 1
63 7 1
63 7 1
63 7 1
63 7 1
63 7 1
63 7 1
63 7 1
63 7 1
63 7 1
63 7 1
63 7 1
63 7 1
63 7 0
63 7 1
63 7 1
63 7 1
63 7 1
63 7 1
63 7 1
63 7 1
63 7 1
63 7 1
63 7 1
63 7 1
63 7 1
63 7 1
63 7 1
63 7 1
63 7 1
63 7 1
63 3 1
63 3 1
63 3 1
63 3 1
63 3 1
63 3 0
63 3 1
63 3 0
63 10 1
63 10 1
63 10 0
63 10 1
63 10 1
63 10 1
63 10 1
63 9 1
63 9 1
63 9 1
63 9 1
63 9 1
63 9 1
63 9 1
63 9 1
63 9 1
63 9 1
63 9 1
63 9 1
63 9 1
63 9 1
63 9 1
63 9 1
63 9 1
63 9 1
63 9 1
63 9 1
63 9 1
63 9 1
63 9 1
63 9 1
63 9 1
63 9 1
64 4 1
64 4 1
64 4 1
64 4 1
64 2 1
64 2 1
64 2 1
64 2 1
64 2 1
64 2 0
64 2 1
64 2 1
64 2 1
64 2 1
64 2 0
64 2 1
64 2 0
64 2 1
64 2 1
64 2 1
64 2 1
64 2 1
64 2 1
64 2 1
64 2 1
64 2 0
64 2 0
64 2 1
64 2 1
64 2 1
64 2 1
64 2 1
64 2 1
64 2 1
64 2 1
64 2 1
64 2 1
64 2 1
64 2 1
64 2 1
64 2 1
64 2 1
64 2 1
64 2 1
64 2 1
64 2 1
64 2 1
64 2 1
64 2 1
64 2 1
64 2 1
64 2 1
64 2 1
64 2 1
64 2 0
64 2 1
64 2 1
64 2 1
64 2 1
64 2 1
64 2 1
64 2 1
64 2 1
64 2 1
64 2 1
64 2 1
64 2 1
64 2 1
64 3 0
64 3 0
64 3 0
64 3 1
64 1 1
64 1 1
64 1 1
64 1 1
64 1 1
64 1 1
64 1 1
65 2 1
65 2 1
65 2 0
65 2 0
65 2 1
65 2 1
65 2 1
65 2 1
66 5 0
66 5 1
66 5 1
66 5 1
66 5 1
66 5 0
66 5 1
66 5 0
66 5 0
66 5 0
66 5 1
66 5 0
66 5 1
66 5 1
66 5 0
66 5 0
66 5 1
66 5 0
66 5 0
66 5 0
66 5 1
66 5 1
66 5 1
66 5 1
66 5 1
66 5 1
66 5 1
66 5 0
66 5 0
66 5 1
66 5 1
66 5 0
66 5 1
66 5 1
66 5 0
66 16 1
66 16 0
66 16 1
66 16 1
66 16 1
66 15 1
66 15 1
66 15 0
66 15 0
66 15 1
66 15 1
66 15 0
66 15 0
66 15 1
66 15 1
66 14 0
66 14 1
66 14 0
66 14 1
66 14 0
66 6 0
66 6 0
66 6 1
66 6 1
66 13 1
66 13 1
66 13 1
66 13 1
66 13 0
66 3 1
66 3 0
66 3 0
66 3 1
66 3 1
66 3 1
66 3 0
66 3 0
66 3 1
66 3 1
66 3 1
66 3 0
66 3 1
66 3 1
66 3 1
66 3 1
66 3 1
66 3 1
66 3 1
66 3 1
66 3 0
66 3 1
66 2 1
66 2 1
66 2 1
66 2 1
66 2 1
66 2 1
66 2 1
66 2 1
66 2 1
66 2 1
66 2 1
66 2 1
66 2 1
66 2 1
66 2 1
66 2 1
66 2 0
66 2 0
66 2 1
66 2 1
66 2 1
66 2 1
66 2 1
66 2 1
66 2 1
66 2 1
66 2 1
66 2 1
66 2 1
66 2 1
66 2 1
66 2 1
66 2 1
66 2 1
66 2 1
66 2 1
66 2 1
66 2 1
66 2 1
66 2 0
66 2 1
66 2 1
66 2 1
66 2 1
66 2 1
66 2 1
66 2 1
66 2 1
66 2 1
66 2 1
66 2 1
66 2 1
66 2 0
66 2 1
66 2 1
66 2 1
66 2 1
66 2 1
66 2 1
66 2 1
66 2 1
66 2 1
66 2 1
66 2 1
66 2 1
66 2 1
66 2 1
66 2 1
66 2 1
66 2 1
66 2 1
66 2 1
66 2 1
66 2 1
66 2 1
66 2 1
66 2 1
66 2 1
66 2 1
66 2 1
66 2 1
66 2 1
66 2 1
66 2 1
66 2 1
66 2 0
66 2 1
66 2 0
66 2 1
66 2 1
66 2 1
66 2 1
66 2 1
66 2 0
66 2 1
66 2 1
66 2 1
66 2 1
66 2 1
66 2 1
66 2 1
66 2 1
66 2 1
66 2 1
66 2 1
66 2 1
66 2 1
66 2 1
66 2 0
66 2 0
66 2 0
66 2 1
66 2 1
66 2 1
66 2 1
66 2 1
66 2 1
66 2 1
66 2 1
66 2 1
66 2 1
66 2 1
66 2 1
66 2 1
66 2 1
66 2 1
66 2 1
66 2 0
66 2 0
66 2 1
66 17 1
66 17 1
66 17 1
66 17 1
66 17 1
66 17 1
66 17 1
66 17 0
66 17 0
66 18 1
66 18 1
66 18 1
66 18 1
66 18 1
66 9 1
66 9 1
66 9 1
66 9 1
66 9 1
66 9 1
66 9 1
66 9 1
66 9 1
66 9 1
66 9 1
67 1 1
67 1 1
67 1 1
67 1 1
67 1 1
67 1 1
67 1 1
67 2 1
67 2 0
67 2 0
67 2 1
67 2 1
67 2 1
67 2 1
67 2 1
67 2 1
67 2 1
67 2 1
67 2 1
67 2 1
67 2 0
67 2 1
67 2 0
67 2 1
67 2 0
67 2 1
67 2 1
67 2 1
67 2 1
67 2 1
67 2 1
67 2 1
67 2 1
67 2 0
67 2 1
67 2 0
67 2 1
67 2 1
67 2 1
67 2 1
67 2 1
67 2 1
67 2 1
67 2 1
67 2 1
67 2 0
67 2 1
67 2 1
67 2 1
67 2 1
67 2 1
67 2 1
67 2 1
67 2 1
67 2 1
67 2 1
67 2 1
67 2 1
67 2 1
67 2 1
67 2 1
67 2 1
67 2 1
67 2 1
67 2 1
67 2 1
67 2 1
67 2 1
67 2 1
67 2 1
67 2 0
67 2 1
67 2 1
67 2 1
67 2 1
67 2 1
67 2 1
67 2 1
67 2 1
67 2 1
67 2 1
67 2 1
67 2 1
67 2 1
67 2 1
67 2 1
67 2 1
67 2 0
67 2 1
67 2 0
67 2 1
67 11 1
67 11 1
67 11 1
67 11 1
68 5 0
68 5 1
68 5 1
68 5 1
68 5 1
68 1 1
68 1 1
68 1 1
68 1 1
68 1 1
68 1 1
68 2 1
68 2 1
68 2 1
68 2 1
68 2 1
68 2 1
68 2 0
68 2 1
68 3 1
68 3 1
68 3 0
68 3 1
68 3 0
68 3 0
68 3 0
68 3 0
68 3 0
68 3 0
68 3 0
68 3 1
68 3 1
68 3 1
68 3 0
68 4 1
68 4 0
68 4 1
68 4 0
68 4 1
68 4 1
68 4 1
68 8 1
68 8 1
68 8 1
68 8 1
68 8 1
68 8 1
68 8 1
68 8 1
68 8 1
68 8 1
68 8 1
68 8 1
68 8 1
68 8 1
68 8 1
68 8 1
68 8 1
68 8 1
68 8 1
68 8 1
68 8 1
68 8 1
68 8 1
68 8 1
68 8 1
68 8 1
68 8 1
68 8 1
68 8 1
68 8 1
68 8 1
68 8 1
68 8 1
68 8 1
68 8 1
68 8 1
68 8 1
68 7 1
68 7 1
68 7 1
68 7 1
68 7 1
68 7 1
68 7 1
68 7 1
68 7 1
68 7 1
68 7 1
68 7 1
68 7 1
68 7 1
68 7 1
68 7 1
68 7 1
68 7 1
68 7 1
68 7 1
68 7 1
68 7 1
68 7 1
68 7 1
68 7 1
68 7 1
68 7 1
68 7 1
68 7 1
68 7 1
68 7 1
68 7 1
68 7 1
68 7 1
68 7 1
68 7 1
68 7 1
68 7 1
68 7 1
68 7 1
68 7 1
68 10 1
68 10 1
68 10 1
68 10 1
68 10 1
68 10 1
68 10 1
68 10 1
68 10 1
68 10 1
68 10 1
68 10 1
68 10 1
68 10 1
68 9 1
68 9 1
68 9 1
68 9 1
68 9 1
68 9 1
68 9 1
68 9 1
68 9 1
68 9 1
68 9 1
68 9 1
68 9 1
68 9 1
68 9 1
68 9 1
68 9 1
68 9 1
68 9 1
68 9 1
68 9 1
68 9 1
68 9 1
68 9 1
68 9 1
68 9 1
68 9 1
68 9 1
68 9 1
69 1 0
69 1 1
69 1 1
69 1 1
69 1 1
69 2 1
69 2 1
69 2 1
69 2 1
69 2 1
69 2 1
69 2 1
69 2 1
69 2 1
69 2 1
69 2 1
69 2 0
69 2 1
69 2 1
69 3 1
69 3 1
69 3 1
69 3 0
69 3 0
69 3 1
69 3 1
69 3 1
69 3 1
69 8 1
69 8 1
69 8 1
69 8 1
69 8 1
69 8 1
69 8 1
69 8 1
69 8 1
69 8 1
69 8 0
69 8 1
69 8 1
69 8 1
69 8 1
69 8 1
69 8 1
69 8 1
69 8 1
69 8 1
69 8 1
69 8 1
69 8 1
69 8 1
69 7 1
69 7 1
69 7 1
69 7 1
69 7 1
69 7 1
69 7 1
69 7 1
69 7 1
69 7 1
69 7 1
69 7 1
69 7 1
69 7 1
69 7 1
69 7 1
69 7 1
69 7 1
69 7 1
69 7 1
69 7 1
69 7 1
69 7 1
69 10 1
69 10 1
69 10 1
69 10 0
69 10 1
69 10 1
69 9 0
69 9 1
69 9 1
69 9 1
69 9 1
69 9 1
69 9 1
69 9 1
69 9 1
69 9 1
69 9 1
69 9 1
69 9 1
69 9 1
69 9 1
69 9 1
69 9 1
69 9 1
69 9 1
70 8 1
70 8 1
70 8 1
70 8 1
70 8 1
70 8 1
70 8 1
70 7 1
70 7 1
70 7 1
70 7 1
70 7 1
70 9 1
70 9 1
70 9 1
70 9 1
70 9 1
71 5 1
71 5 0
71 5 0
71 5 0
71 5 0
71 5 1
71 5 1
71 5 1
71 5 1
71 5 1
71 5 1
71 5 1
71 5 1
71 5 1
71 5 1
71 5 1
71 5 0
71 5 1
71 5 1
71 5 1
71 5 1
71 5 1
71 5 1
71 5 1
71 5 1
71 5 0
71 5 1
71 5 1
71 5 1
71 5 1
71 5 1
71 5 1
71 5 1
71 5 1
71 5 1
71 5 1
71 5 1
71 5 1
71 5 1
71 5 1
71 5 1
71 5 1
71 5 1
71 5 1
71 5 1
71 5 1
71 5 1
71 5 1
71 5 1
71 5 1
71 5 1
71 5 1
71 5 1
71 5 1
71 5 1
71 5 1
71 5 1
71 5 1
71 5 1
71 5 1
71 5 1
71 5 1
71 5 1
71 5 1
71 5 1
71 5 1
71 5 1
71 5 1
71 5 1
71 5 0
71 5 1
71 5 1
71 5 1
71 5 0
71 5 1
71 5 1
71 5 1
71 5 1
71 5 1
71 5 1
71 5 1
71 5 1
71 3 1
71 3 1
71 3 1
71 3 1
71 3 1
71 3 1
71 3 1
71 2 1
71 2 1
71 2 1
71 2 1
71 2 1
71 2 1
71 2 1
71 2 1
71 2 1
71 2 1
71 2 1
71 2 1
71 2 1
71 2 0
71 2 1
71 2 1
71 2 1
71 2 1
71 2 1
71 2 1
71 2 1
71 2 1
71 2 1
71 2 1
71 2 1
71 2 1
71 2 1
71 2 1
71 2 1
72 5 1
72 5 0
72 5 0
72 5 0
72 5 0
72 2 1
72 2 1
72 2 1
72 2 1
72 2 1
72 2 1
72 2 1
72 2 1
72 2 1
72 2 1
72 2 1
72 2 1
72 2 1
72 2 1
72 2 1
72 2 1
72 2 1
72 2 1
72 2 1
72 2 1
72 2 1
72 2 1
72 2 1
72 2 1
72 2 1
72 2 0
72 2 1
72 2 1
72 2 1
72 2 1
72 2 1
72 2 1
72 2 1
72 2 1
72 2 1
72 2 1
72 2 1
72 2 1
72 2 1
73 5 1
73 5 0
73 5 1
73 5 0
73 5 1
73 5 1
73 5 1
73 5 1
73 5 1
73 5 1
73 5 1
73 5 1
73 5 1
73 5 0
73 5 1
73 5 1
73 5 0
73 5 1
73 5 1
73 5 1
73 5 0
73 5 1
73 5 0
73 5 1
73 5 0
73 5 1
73 5 1
73 2 1
73 2 0
73 2 1
73 2 1
73 2 1
73 2 1
73 2 1
73 2 1
73 2 1
73 2 1
73 2 1
73 2 1
73 2 1
73 2 0
73 2 1
73 2 1
73 2 1
73 2 0
73 2 0
73 2 0
73 2 1
73 2 1
73 2 1
73 2 1
73 2 0
73 2 1
73 2 0
73 2 0
73 2 0
74 2 1
74 2 1
74 2 1
74 2 1
74 2 1
74 2 1
74 2 1
74 2 1
74 2 1
74 2 1
74 2 1
74 2 1
74 2 1
74 2 1
74 2 0
74 2 1
