1 5 0
1 5 0
1 5 1
1 5 1
1 5 1
1 1 1
1 1 1
1 1 1
1 1 1
1 11 0
1 11 0
1 11 1
1 11 1
1 11 1
1 2 0
1 2 0
1 2 1
1 2 1
1 2 1
1 2 1
1 2 1
1 2 1
1 2 0
1 2 0
1 2 1
1 2 1
1 2 1
1 17 1
1 17 1
1 17 1
1 17 1
1 12 0
1 12 1
1 12 1
1 12 1
1 7 1
1 7 1
1 7 1
1 7 1
1 7 1
1 7 1
1 7 1
1 7 1
1 7 1
1 7 1
1 7 1
1 7 1
1 7 1
1 7 1
2 5 0
2 5 1
2 5 1
2 5 1
2 3 1
2 3 1
2 3 1
2 3 1
2 3 1
2 3 1
2 3 1
2 3 1
2 22 1
2 22 1
2 22 1
2 22 1
2 22 1
2 2 0
2 2 1
2 2 0
2 2 1
2 2 1
2 2 1
2 2 1
2 2 1
2 2 0
2 2 1
2 2 0
2 2 0
2 2 1
2 11 1
2 11 1
2 11 1
2 11 1
2 12 0
2 12 1
2 12 1
2 12 1
2 12 1
2 12 1
2 9 1
2 9 0
2 9 0
2 9 0
2 23 1
2 23 1
2 23 1
2 23 1
2 4 1
2 4 1
2 4 1
2 4 1
2 4 1
2 4 1
2 4 1
2 4 1
2 4 1
2 4 1
2 4 1
2 4 1
2 4 1
3 5 1
3 5 1
3 5 1
3 5 1
3 1 1
3 1 1
3 1 1
3 1 1
3 4 1
3 4 1
3 4 1
3 4 1
3 4 1
3 4 1
3 7 1
3 7 1
3 7 1
3 7 1
3 7 1
3 2 0
3 2 0
3 2 0
3 2 1
3 2 0
3 2 0
3 2 0
3 2 1
3 2 1
3 2 0
3 2 0
3 2 1
3 2 1
3 2 1
3 2 1
3 12 1
3 12 1
3 12 1
3 12 1
3 8 1
3 8 1
3 8 1
3 8 1
3 9 0
3 9 1
3 9 1
3 9 0
3 9 0
3 9 0
3 3 1
3 3 1
3 3 1
3 3 1
3 3 1
3 14 0
3 14 1
3 14 1
3 14 1
4 1 1
4 1 1
4 1 1
4 1 1
4 1 1
4 7 1
4 7 1
4 7 1
4 7 1
4 7 1
4 7 1
4 7 1
4 7 1
4 7 1
4 7 1
4 7 1
4 7 1
4 7 1
4 7 1
4 7 1
4 7 1
4 11 1
4 11 1
4 11 1
4 11 1
4 11 1
4 15 1
4 15 1
4 15 1
4 15 1
4 15 1
4 10 0
4 10 1
4 10 1
4 10 1
4 2 1
4 2 0
4 2 0
4 2 1
4 2 1
4 2 1
4 2 0
4 2 1
4 2 1
4 2 1
4 2 1
4 2 1
4 2 1
4 2 0
4 2 1
4 2 1
4 2 1
4 12 0
4 12 1
4 12 1
4 12 1
4 12 1
4 8 1
4 8 1
4 8 1
4 8 1
4 8 1
4 8 1
4 8 1
4 9 0
4 9 0
4 9 0
4 9 0
4 9 0
4 3 1
4 3 1
4 3 1
4 3 1
4 14 0
4 14 0
4 14 1
4 14 1
4 14 1
4 14 1
4 14 1
5 5 1
5 5 0
5 5 1
5 5 1
5 5 1
5 11 0
5 11 1
5 11 1
5 11 0
5 11 1
5 11 1
5 10 0
5 10 1
5 10 1
5 10 1
5 2 0
5 2 0
5 2 0
5 2 1
5 2 1
5 2 1
5 2 1
5 2 1
5 2 1
5 2 1
5 2 1
5 2 1
5 2 1
5 2 1
5 7 1
5 7 1
5 7 1
5 7 1
5 7 1
5 7 1
5 7 1
5 7 1
5 7 1
5 7 1
5 7 1
5 7 1
5 7 1
5 7 1
5 7 1
5 7 1
5 7 1
5 7 1
5 7 1
5 7 1
5 7 1
5 7 1
5 14 0
5 14 0
5 14 1
5 14 1
6 6 1
6 6 0
6 6 0
6 6 0
6 6 0
6 1 0
6 1 0
6 1 0
6 1 1
6 1 1
6 1 0
6 11 1
6 11 1
6 11 1
6 11 0
6 2 1
6 2 1
6 2 1
6 2 1
6 2 1
6 2 1
6 2 1
6 2 1
6 2 1
6 2 0
6 2 1
6 2 1
6 2 1
6 12 0
6 12 1
6 12 1
6 12 0
6 7 1
6 7 1
6 7 1
6 7 1
6 7 1
6 7 1
6 7 1
6 7 1
6 7 1
6 7 1
6 7 1
6 7 1
6 7 1
6 7 1
6 7 1
6 7 1
6 5 0
6 5 1
6 5 1
6 5 1
6 5 1
6 5 1
6 14 0
6 14 0
6 14 1
6 14 1
7 6 0
7 6 1
7 6 0
7 6 0
7 6 0
7 6 1
7 18 0
7 18 0
7 18 1
7 18 0
7 7 1
7 7 1
7 7 1
7 7 1
7 7 1
7 11 1
7 11 1
7 11 1
7 11 1
7 11 1
7 11 1
7 11 0
7 11 1
7 2 0
7 2 0
7 2 1
7 2 1
7 2 1
7 2 0
7 2 0
7 2 0
7 2 1
7 2 0
7 2 1
7 2 0
7 12 1
7 12 0
7 12 0
7 12 1
7 8 1
7 8 1
7 8 1
7 8 1
7 3 1
7 3 1
7 3 1
7 3 1
7 14 1
7 14 0
7 14 1
7 14 1
8 7 1
8 7 1
8 7 1
8 7 1
8 7 1
8 7 1
8 7 1
8 7 1
8 7 1
8 7 1
8 7 1
8 7 1
8 7 1
8 7 1
8 5 0
8 5 1
8 5 1
8 5 0
8 5 1
8 5 1
8 20 1
8 20 0
8 20 1
8 20 1
8 11 1
8 11 1
8 11 1
8 11 1
8 11 0
8 11 1
8 11 1
8 2 0
8 2 1
8 2 0
8 2 0
8 2 1
8 2 0
8 2 1
8 2 0
8 2 1
8 2 1
8 2 1
8 2 1
8 2 1
8 2 1
8 2 1
8 2 1
8 10 1
8 10 1
8 10 1
8 10 1
8 10 1
8 13 0
8 13 0
8 13 1
8 13 1
8 13 1
8 13 1
8 12 0
8 12 1
8 12 1
8 12 1
8 8 1
8 8 1
8 8 1
8 8 1
8 8 1
8 8 1
9 3 1
9 3 1
9 3 1
9 3 1
9 3 1
9 3 1
9 4 1
9 4 1
9 4 1
9 4 1
9 4 1
9 12 1
9 12 1
9 12 1
9 12 1
9 14 1
9 14 1
9 14 1
9 14 1
10 5 1
10 5 1
10 5 1
10 5 1
10 1 1
10 1 1
10 1 1
10 1 1
10 2 0
10 2 1
10 2 1
10 2 0
10 2 1
10 2 1
10 2 1
10 2 0
10 2 0
10 2 0
10 2 0
10 2 1
10 2 0
10 2 1
10 2 1
10 12 1
10 12 1
10 12 0
10 12 1
10 12 1
10 7 1
10 7 1
10 7 1
10 7 1
10 7 1
10 7 1
10 7 1
10 7 1
10 7 1
10 7 1
10 7 1
10 7 1
10 7 1
10 7 1
10 7 1
10 7 1
10 7 1
10 7 1
10 7 1
10 14 1
10 14 1
10 14 1
10 14 1
11 6 0
11 6 0
11 6 1
11 6 0
11 5 1
11 5 0
11 5 1
11 5 1
11 5 1
11 2 0
11 2 0
11 2 1
11 2 1
11 2 1
11 2 1
11 2 1
11 2 1
11 2 1
11 2 1
11 2 1
11 2 1
11 2 1
11 2 0
11 2 0
11 12 1
11 12 1
11 12 1
11 12 1
11 12 1
11 12 0
11 12 0
11 7 1
11 7 1
11 7 1
11 7 1
11 7 1
11 7 1
11 7 1
11 7 1
11 7 1
11 7 1
11 7 1
11 7 1
11 7 1
11 7 1
11 7 1
11 7 1
11 7 1
11 7 1
11 7 1
11 9 0
11 9 0
11 9 0
11 9 0
11 9 0
11 14 1
11 14 1
11 14 1
11 14 1
11 14 1
12 10 1
12 10 1
12 10 1
12 10 1
12 2 0
12 2 1
12 2 1
12 2 1
12 2 1
12 2 1
12 2 1
12 2 1
12 2 1
12 2 1
12 2 1
12 2 1
12 2 0
12 2 1
12 4 1
12 4 1
12 4 1
12 4 1
12 4 1
12 4 1
12 5 1
12 5 1
12 5 0
12 5 1
12 5 1
12 5 1
12 14 1
12 14 1
12 14 1
12 14 0
12 14 1
13 5 1
13 5 0
13 5 1
13 5 0
13 5 0
13 5 1
13 11 0
13 11 1
13 11 1
13 11 1
13 11 1
13 11 1
13 11 1
13 10 1
13 10 1
13 10 1
13 10 0
13 2 0
13 2 0
13 2 0
13 2 1
13 2 1
13 2 1
13 2 0
13 2 1
13 2 1
13 2 0
13 2 1
13 2 1
13 2 1
13 2 1
13 2 1
13 2 1
13 2 0
13 2 1
13 2 1
13 12 0
13 12 1
13 12 1
13 12 1
13 7 1
13 7 1
13 7 1
13 7 1
13 7 1
13 7 1
13 7 1
13 7 1
13 7 1
13 7 1
13 7 1
13 7 1
13 7 1
13 7 1
13 7 1
13 7 1
13 7 1
13 7 1
13 9 0
13 9 0
13 9 0
13 9 0
13 9 1
13 14 0
13 14 1
13 14 1
13 14 1
13 14 1
13 14 1
13 14 0
14 5 1
14 5 0
14 5 0
14 5 1
14 5 1
14 12 0
14 12 1
14 12 1
14 12 1
14 12 1
14 3 1
14 3 1
14 3 1
14 3 1
14 3 1
14 4 1
14 4 1
14 4 1
14 4 1
14 4 1
15 5 0
15 5 1
15 5 1
15 5 1
15 4 1
15 4 1
15 4 1
15 4 1
15 2 0
15 2 0
15 2 1
15 2 0
15 2 0
15 2 1
15 2 0
15 2 0
15 2 1
15 2 0
15 2 1
15 2 0
15 2 1
15 2 1
15 2 0
15 2 1
15 2 0
15 2 1
15 10 1
15 10 1
15 10 1
15 10 1
15 10 1
15 10 1
15 16 1
15 16 1
15 16 1
15 16 1
15 7 1
15 7 1
15 7 1
15 7 1
15 7 1
15 7 1
15 7 1
15 7 1
15 7 1
15 7 1
15 9 0
15 9 0
15 9 0
15 9 0
15 9 0
15 9 0
15 9 0
15 9 0
15 9 0
15 9 0
15 9 0
15 9 0
15 9 0
15 9 0
15 14 1
15 14 1
15 14 1
15 14 0
16 6 1
16 6 1
16 6 1
16 6 1
16 6 1
16 6 1
16 6 0
16 6 1
16 6 0
16 6 0
16 6 0
16 6 1
16 6 1
16 18 0
16 18 1
16 18 1
16 18 1
16 13 1
16 13 1
16 13 1
16 13 1
16 13 1
16 13 1
16 13 1
16 13 1
16 13 1
16 13 1
16 13 0
16 13 1
16 13 0
16 2 1
16 2 1
16 2 0
16 2 0
16 2 0
16 2 1
16 2 1
16 2 0
16 2 1
16 2 1
16 2 1
16 2 1
16 2 1
16 2 1
16 2 1
16 2 1
16 2 0
16 12 1
16 12 1
16 12 1
16 12 1
16 7 1
16 7 1
16 7 1
16 7 1
16 7 1
16 7 1
16 7 1
16 7 1
16 7 1
16 7 0
16 5 1
16 5 1
16 5 1
16 5 1
16 14 0
16 14 0
16 14 1
16 14 0
17 2 0
17 2 0
17 2 0
17 2 0
17 2 0
17 2 0
17 2 0
17 2 1
17 2 1
18 5 1
18 5 0
18 5 1
18 5 1
18 5 1
18 11 0
18 11 1
18 11 1
18 11 0
18 11 1
18 11 1
18 2 0
18 2 0
18 2 0
18 2 1
18 2 1
18 2 1
18 2 1
18 2 1
18 2 1
18 2 1
18 2 1
18 2 0
18 2 0
18 12 1
18 12 1
18 12 1
18 12 1
18 8 1
18 8 1
18 8 1
18 8 1
18 3 1
18 3 1
18 3 1
18 3 1
18 3 1
18 4 1
18 4 1
18 4 1
18 4 1
18 4 1
18 4 1
18 4 1
18 4 1
18 4 1
18 4 1
18 4 1
18 4 1
19 6 0
19 6 0
19 6 0
19 6 1
19 6 0
19 6 0
19 19 1
19 19 1
19 19 1
19 19 1
19 7 1
19 7 1
19 7 1
19 7 1
19 7 1
19 7 1
19 7 1
19 7 1
19 7 1
19 7 1
19 7 1
19 7 1
19 7 1
19 7 1
19 7 1
19 7 1
19 7 1
19 7 1
19 7 1
19 7 1
19 7 1
19 7 1
19 7 1
19 15 1
19 15 1
19 15 1
19 15 1
19 10 1
19 10 1
19 10 1
19 10 1
19 10 0
19 2 1
19 2 0
19 2 0
19 2 0
19 2 1
19 2 0
19 2 1
19 2 1
19 2 1
19 2 1
19 2 1
19 2 0
19 2 0
19 2 0
19 2 0
19 2 1
19 12 0
19 12 1
19 12 1
19 12 1
19 8 1
19 8 1
19 8 1
19 8 1
19 8 1
19 5 0
19 5 0
19 5 1
19 5 1
19 14 0
19 14 1
19 14 1
19 14 1
20 6 0
20 6 0
20 6 0
20 6 0
20 6 0
20 6 1
20 5 1
20 5 0
20 5 1
20 5 0
20 10 1
20 10 1
20 10 1
20 10 1
20 2 0
20 2 0
20 2 0
20 2 1
20 2 0
20 2 0
20 2 0
20 2 0
20 2 0
20 2 0
20 2 1
20 2 0
20 2 0
20 2 1
20 2 1
20 2 1
20 2 0
20 12 1
20 12 1
20 12 1
20 12 1
20 12 1
20 7 1
20 7 1
20 7 1
20 7 1
20 7 1
20 7 1
20 7 1
20 7 1
20 7 1
20 7 1
20 7 1
20 7 1
20 7 0
20 7 1
20 7 1
20 7 1
20 7 1
20 7 1
20 7 1
20 9 0
20 9 0
20 9 1
20 9 0
20 9 0
20 9 0
20 9 0
20 3 0
20 3 1
20 3 1
20 3 1
20 14 1
20 14 1
20 14 1
20 14 1
20 14 1
20 14 0
21 18 1
21 18 1
21 18 1
21 18 1
21 5 0
21 5 1
21 5 1
21 5 1
21 7 1
21 7 1
21 7 1
21 7 1
21 7 1
21 7 1
21 7 1
21 7 1
21 7 1
21 7 1
21 7 1
21 7 1
21 7 1
21 7 1
21 7 1
21 13 1
21 13 1
21 13 1
21 13 1
21 2 1
21 2 1
21 2 0
21 2 1
21 2 0
21 2 1
21 2 1
21 2 1
21 2 1
21 2 0
21 2 1
21 2 1
21 2 1
21 2 1
21 2 1
21 2 1
21 2 0
21 2 1
21 2 1
21 2 1
21 12 1
21 12 1
21 12 1
21 12 1
21 12 1
21 12 1
21 8 1
21 8 1
21 8 1
21 8 1
21 9 0
21 9 0
21 9 0
21 9 0
21 9 0
21 9 0
21 9 0
21 9 0
21 9 0
21 9 0
21 9 0
21 14 1
21 14 1
21 14 1
21 14 1
21 14 1
21 14 1
21 14 1
21 14 1
21 14 1
22 6 1
22 6 0
22 6 1
22 6 0
22 6 1
22 6 1
22 18 1
22 18 1
22 18 1
22 18 1
22 18 1
22 10 1
22 10 1
22 10 1
22 10 1
22 2 0
22 2 0
22 2 0
22 2 0
22 2 1
22 2 1
22 2 1
22 2 1
22 2 1
22 2 0
22 2 0
22 2 1
22 2 0
22 2 0
22 2 0
22 2 1
22 2 1
22 2 1
22 12 1
22 12 1
22 12 1
22 12 1
22 12 1
22 7 1
22 7 1
22 7 1
22 7 1
22 7 1
22 7 1
22 5 1
22 5 0
22 5 1
22 5 1
22 5 1
22 4 1
22 4 1
22 4 1
22 4 1
22 4 1
22 4 1
22 4 1
22 4 1
22 4 1
22 4 1
22 4 1
22 11 0
22 11 1
22 11 1
22 11 1
22 22 1
22 22 1
22 22 1
22 22 1
22 3 1
22 3 1
22 3 1
22 3 1
22 14 1
22 14 0
22 14 1
22 14 1
22 14 1
22 14 0
22 14 0
22 14 1
22 14 0
22 9 0
22 9 0
22 9 0
22 9 0
22 9 0
22 9 0
22 9 0
23 5 1
23 5 1
23 5 0
23 5 0
23 5 1
23 5 1
23 5 0
23 1 1
23 1 1
23 1 1
23 1 1
23 11 1
23 11 1
23 11 1
23 11 1
23 10 1
23 10 1
23 10 1
23 10 1
23 2 1
23 2 0
23 2 1
23 2 0
23 2 0
23 2 1
23 2 1
23 2 0
23 2 0
23 2 1
23 2 0
23 2 0
23 2 0
23 12 0
23 12 1
23 12 0
23 12 1
23 12 1
23 12 1
23 7 1
23 7 1
23 7 1
23 7 1
23 7 1
23 7 1
23 7 1
23 7 1
23 7 1
23 7 1
23 7 1
23 7 1
23 7 1
23 7 1
23 7 1
23 7 1
23 7 1
23 7 1
23 7 1
23 7 1
23 3 1
23 3 1
23 3 1
23 3 1
24 5 0
24 5 1
24 5 1
24 5 0
24 5 1
24 5 1
24 1 0
24 1 1
24 1 1
24 1 1
24 2 1
24 2 0
24 2 1
24 2 1
24 2 0
24 2 0
24 2 0
24 2 0
24 2 1
24 2 0
24 2 0
24 2 1
24 2 1
24 7 0
24 7 1
24 7 1
24 7 1
24 7 1
24 9 1
24 9 1
24 9 0
24 9 0
24 4 1
24 4 1
24 4 1
24 4 1
24 4 1
24 4 1
25 24 1
25 24 0
25 24 1
25 24 1
25 24 1
25 5 0
25 5 1
25 5 1
25 5 1
25 5 1
25 5 0
25 7 1
25 7 1
25 7 1
25 7 1
25 11 1
25 11 1
25 11 0
25 11 1
25 11 1
25 11 1
25 10 0
25 10 1
25 10 1
25 10 1
25 10 1
25 10 1
25 2 0
25 2 1
25 2 1
25 2 1
25 2 0
25 2 1
25 2 0
25 2 1
25 2 1
25 2 1
25 2 1
25 2 0
25 2 1
25 2 1
25 2 1
25 2 1
25 2 1
25 2 1
25 2 1
25 12 0
25 12 1
25 12 1
25 12 1
25 12 1
25 12 1
25 8 1
25 8 1
25 8 1
25 8 1
25 8 1
25 8 1
25 8 1
25 4 1
25 4 1
25 4 1
25 4 1
25 4 1
25 4 1
25 4 1
25 4 1
25 4 1
25 4 1
26 5 0
26 5 0
26 5 1
26 5 1
26 5 1
26 5 1
26 8 1
26 8 1
26 8 1
26 8 0
26 8 1
26 10 0
26 10 1
26 10 1
26 10 1
26 2 1
26 2 1
26 2 0
26 2 0
26 2 0
26 2 0
26 2 0
26 2 1
26 2 0
26 2 1
26 2 1
26 2 1
26 2 1
26 2 1
26 2 1
26 2 1
26 2 1
26 2 0
26 2 0
26 2 0
26 2 1
26 12 0
26 12 1
26 12 0
26 12 1
26 7 1
26 7 1
26 7 1
26 7 1
26 7 1
26 7 1
26 7 1
26 7 1
26 7 1
26 7 1
26 7 1
26 7 1
26 7 1
26 7 1
26 7 1
26 7 1
26 7 1
26 7 1
26 7 1
26 7 1
26 7 1
26 7 1
26 7 1
26 7 1
26 7 0
26 7 1
26 7 1
26 7 1
26 9 0
26 9 0
26 9 0
26 9 0
27 5 0
27 5 0
27 5 1
27 5 1
27 5 1
27 1 1
27 1 1
27 1 1
27 1 1
27 4 1
27 4 1
27 4 1
27 4 1
27 4 1
27 11 1
27 11 1
27 11 1
27 11 1
27 11 1
27 2 1
27 2 0
27 2 1
27 2 0
27 2 1
27 2 0
27 2 0
27 2 0
27 2 1
27 2 0
27 2 0
27 2 0
27 2 0
27 2 0
27 2 0
27 2 0
27 2 0
27 2 0
27 2 0
27 2 1
27 8 1
27 8 0
27 8 1
27 8 1
27 9 0
27 9 0
27 9 1
27 9 0
27 9 0
27 9 0
27 9 0
27 9 0
27 13 1
27 13 1
27 13 1
27 13 0
27 13 1
27 13 0
27 13 1
27 13 1
27 13 1
27 13 1
27 14 1
27 14 1
27 14 1
27 14 0
28 7 1
28 7 1
28 7 1
28 7 1
28 7 1
28 7 1
28 7 1
28 7 1
28 7 1
28 7 1
28 7 1
28 7 1
28 7 1
28 7 1
28 7 1
28 7 1
28 10 0
28 10 1
28 10 1
28 10 1
28 2 1
28 2 1
28 2 0
28 2 0
28 2 1
28 2 0
28 2 1
28 2 1
28 2 1
28 2 0
28 2 1
28 2 1
28 2 1
28 2 1
28 2 1
28 2 0
28 2 1
28 12 1
28 12 1
28 12 1
28 12 1
28 8 0
28 8 1
28 8 0
28 8 1
28 8 1
28 8 1
28 9 0
28 9 0
28 9 1
28 9 1
28 9 1
28 9 0
28 9 0
28 9 0
28 9 0
28 14 1
28 14 0
28 14 1
28 14 0
29 6 0
29 6 1
29 6 0
29 6 0
29 6 1
29 5 0
29 5 1
29 5 1
29 5 1
29 20 0
29 20 1
29 20 1
29 20 1
29 10 1
29 10 1
29 10 1
29 10 1
29 2 0
29 2 1
29 2 0
29 2 0
29 2 1
29 2 0
29 2 0
29 2 0
29 2 1
29 2 1
29 2 0
29 2 0
29 2 0
29 2 0
29 2 1
29 2 1
29 2 1
29 2 1
29 12 0
29 12 1
29 12 1
29 12 0
29 12 1
29 7 1
29 7 1
29 7 1
29 7 1
29 7 1
29 7 1
29 7 1
29 7 1
29 7 1
29 7 1
29 7 1
29 7 1
29 7 1
30 6 0
30 6 0
30 6 0
30 6 0
30 6 0
30 5 0
30 5 1
30 5 1
30 5 1
30 5 1
30 5 1
30 20 0
30 20 1
30 20 1
30 20 1
30 1 1
30 1 1
30 1 1
30 1 1
30 1 1
30 1 1
30 2 0
30 2 0
30 2 1
30 2 1
30 2 0
30 2 1
30 2 1
30 2 1
30 2 1
30 2 1
30 2 1
30 2 1
30 2 0
30 2 1
30 2 0
30 2 0
30 12 0
30 12 1
30 12 1
30 12 1
30 12 1
30 12 0
30 14 1
30 14 1
30 14 1
30 14 1
30 14 1
30 14 1
30 9 0
30 9 0
30 9 0
30 9 0
30 9 0
30 4 1
30 4 1
30 4 1
30 4 1
30 4 1
30 4 1
30 4 1
30 4 1
30 4 1
30 4 1
31 5 1
31 5 1
31 5 0
31 5 1
31 5 1
31 5 1
31 1 1
31 1 1
31 1 1
31 1 1
31 7 1
31 7 1
31 7 1
31 7 1
31 7 1
31 7 1
31 7 1
31 7 1
31 7 1
31 7 1
31 7 1
31 7 1
31 7 1
31 7 1
31 7 1
31 7 1
31 7 1
31 7 1
31 7 1
31 7 1
31 7 1
31 7 1
31 7 1
31 7 1
31 7 1
31 7 1
31 11 1
31 11 1
31 11 1
31 11 1
31 15 1
31 15 0
31 15 1
31 15 1
31 15 1
31 2 1
31 2 1
31 2 0
31 2 1
31 2 1
31 2 0
31 2 0
31 2 1
31 2 1
31 2 0
31 2 0
31 2 0
31 2 0
31 2 0
31 2 1
31 2 1
31 2 1
31 2 1
31 12 1
31 12 1
31 12 1
31 12 1
31 12 1
31 12 1
31 8 0
31 8 1
31 8 1
31 8 1
31 8 1
32 5 1
32 5 0
32 5 1
32 5 1
32 1 1
32 1 1
32 1 1
32 1 1
32 7 1
32 7 1
32 7 1
32 7 1
32 7 1
32 7 1
32 7 1
32 7 1
32 7 1
32 7 1
32 7 1
32 7 1
32 7 1
32 7 1
32 7 1
32 7 1
32 7 1
32 7 1
32 7 1
32 7 1
32 7 1
32 7 1
32 11 0
32 11 1
32 11 1
32 11 1
32 11 1
32 15 1
32 15 1
32 15 1
32 15 1
32 2 0
32 2 1
32 2 0
32 2 1
32 2 1
32 2 1
32 2 1
32 2 0
32 2 0
32 2 1
32 2 1
32 2 1
32 2 0
32 2 0
32 2 1
32 2 1
32 2 1
32 13 1
32 13 1
32 13 1
32 13 1
32 13 1
32 13 1
32 13 1
32 12 1
32 12 0
32 12 1
32 12 1
32 8 1
32 8 1
32 8 1
32 8 0
32 9 0
32 9 0
32 9 1
32 9 0
32 14 1
32 14 1
32 14 1
32 14 1
32 14 0
33 5 0
33 5 0
33 5 1
33 5 0
33 5 1
33 1 0
33 1 1
33 1 1
33 1 1
33 4 1
33 4 1
33 4 1
33 4 1
33 4 1
33 4 1
33 4 1
33 4 1
33 4 1
33 4 1
33 11 0
33 11 1
33 11 1
33 11 1
33 11 0
33 11 0
33 2 0
33 2 0
33 2 1
33 2 1
33 2 1
33 2 1
33 2 1
33 2 1
33 2 1
33 2 0
33 2 0
33 2 1
33 2 0
33 2 1
33 12 1
33 12 1
33 12 1
33 12 0
33 12 1
33 12 1
33 12 1
33 8 1
33 8 1
33 8 1
33 8 1
33 8 1
33 3 1
33 3 1
33 3 1
33 3 1
33 3 1
33 14 0
33 14 0
33 14 1
33 14 0
34 10 1
34 10 1
34 10 1
34 10 1
34 10 1
34 10 1
34 10 1
34 2 0
34 2 1
34 2 1
34 2 1
34 2 1
34 2 1
34 2 1
34 2 1
34 2 1
34 2 1
34 2 1
34 2 1
34 2 0
34 2 1
34 2 1
34 12 1
34 12 1
34 12 1
34 12 0
34 12 1
34 12 1
34 12 1
34 3 1
34 3 1
34 3 1
34 3 1
34 3 1
34 3 1
34 3 1
34 4 1
34 4 1
34 4 1
34 4 1
34 4 1
34 4 1
34 4 1
34 4 1
34 4 1
34 4 1
35 6 1
35 6 0
35 6 1
35 6 1
35 6 0
35 6 1
35 6 1
35 6 1
35 6 0
35 6 0
35 6 0
35 6 1
35 6 0
35 6 0
35 6 0
35 6 0
35 6 1
35 6 0
35 6 0
35 6 0
35 6 1
35 6 0
35 6 0
35 6 1
35 6 1
35 6 0
35 6 0
35 6 0
35 6 0
35 6 0
35 6 0
35 6 0
35 6 0
35 6 1
35 6 0
35 6 0
35 6 0
35 6 0
35 6 1
35 6 0
35 6 1
35 6 0
35 6 0
35 6 1
35 6 0
35 6 0
35 6 1
35 6 0
35 6 1
35 6 0
35 6 1
35 6 0
35 6 1
35 6 1
35 6 1
35 6 0
35 6 0
35 6 1
35 6 0
35 6 1
35 6 1
35 6 0
35 6 0
35 6 0
35 6 0
35 6 0
35 6 0
35 6 0
35 6 0
35 6 0
35 6 0
35 6 0
35 6 0
35 6 0
35 6 0
35 6 0
35 6 0
35 6 0
35 6 0
35 6 0
35 6 0
35 5 0
35 5 0
35 5 0
35 5 1
35 7 1
35 7 1
35 7 1
35 7 1
35 7 1
35 7 1
35 7 1
35 7 1
35 7 1
35 7 1
35 7 1
35 7 1
35 7 1
35 7 1
35 7 1
35 7 1
35 7 1
35 7 1
35 7 1
35 7 1
35 2 1
35 2 0
35 2 1
35 2 1
35 2 0
35 2 1
35 2 0
35 2 0
35 2 0
35 2 0
35 2 1
35 2 1
35 2 1
35 2 1
35 2 0
35 2 1
35 2 0
35 2 0
36 6 1
36 6 0
36 6 1
36 6 1
36 6 1
36 6 1
36 6 0
36 6 0
36 5 1
36 5 0
36 5 1
36 5 1
36 5 1
36 5 1
36 5 1
36 5 1
36 15 1
36 15 1
36 15 1
36 15 1
36 15 1
36 10 0
36 10 1
36 10 1
36 10 0
36 2 1
36 2 0
36 2 0
36 2 0
36 2 1
36 2 1
36 2 0
36 2 1
36 2 0
36 2 1
36 2 1
36 2 1
36 2 0
36 2 0
36 2 1
36 2 1
36 12 0
36 12 1
36 12 1
36 12 1
36 12 1
36 7 1
36 7 1
36 7 1
36 7 1
36 7 1
36 7 1
36 7 1
36 7 1
36 7 1
36 7 1
36 7 1
36 7 1
36 7 1
36 7 1
36 7 1
36 7 1
36 7 1
36 7 1
36 14 0
36 14 1
36 14 1
36 14 0
36 1 1
36 1 1
36 1 1
36 1 1
36 11 1
36 11 1
36 11 1
36 11 1
36 3 1
36 3 1
36 3 1
36 3 1
36 8 1
36 8 1
36 8 1
36 8 1
37 6 1
37 6 0
37 6 1
37 6 0
37 5 1
37 5 0
37 5 0
37 5 1
37 5 1
37 5 1
37 7 1
37 7 1
37 7 1
37 7 1
37 11 1
37 11 1
37 11 1
37 11 1
37 11 0
37 11 1
37 11 1
37 10 1
37 10 1
37 10 1
37 10 1
37 10 1
37 2 1
37 2 1
37 2 0
37 2 1
37 2 0
37 2 1
37 2 1
37 2 0
37 2 1
37 2 1
37 2 1
37 2 1
37 2 0
37 2 0
37 2 0
37 2 0
37 12 0
37 12 1
37 12 0
37 12 1
37 8 1
37 8 1
37 8 1
37 8 1
37 8 1
37 8 1
37 4 1
37 4 1
37 4 1
37 4 1
37 4 1
37 4 1
37 4 1
37 4 1
37 4 1
37 4 1
38 10 0
38 10 1
38 10 1
38 10 1
38 10 1
38 10 1
38 10 1
38 2 0
38 2 1
38 2 1
38 2 1
38 2 1
38 2 1
38 2 1
38 2 1
38 2 1
38 2 0
38 2 0
38 2 1
38 2 1
38 7 1
38 7 1
38 7 1
38 7 1
38 7 1
38 7 1
38 7 1
38 7 1
38 7 1
38 7 1
38 7 1
38 7 1
38 7 1
38 7 1
38 7 1
38 7 1
38 7 1
38 7 1
38 7 1
38 7 1
39 6 1
39 6 0
39 6 1
39 6 1
39 6 1
39 6 1
39 6 0
39 6 0
39 6 1
39 6 1
39 6 1
39 6 1
39 6 1
39 6 1
39 6 1
39 6 0
39 6 1
39 6 1
39 6 1
39 6 1
39 6 1
39 6 0
39 6 0
39 6 1
39 6 0
39 6 1
39 7 1
39 7 1
39 7 1
39 7 1
39 7 1
39 7 1
40 5 0
40 5 1
40 5 1
40 5 1
40 1 1
40 1 1
40 1 1
40 1 1
40 1 1
40 2 1
40 2 1
40 2 1
40 2 1
40 2 1
40 2 0
40 2 1
40 2 0
40 2 1
40 2 0
40 2 0
40 2 1
40 2 1
40 2 1
40 2 0
40 12 1
40 12 1
40 12 1
40 12 1
40 12 1
40 12 0
40 9 0
40 9 0
40 9 0
40 9 1
40 9 0
40 9 0
40 3 1
40 3 1
40 3 1
40 3 1
40 4 1
40 4 1
40 4 1
40 4 1
40 4 1
40 4 1
40 4 1
41 5 0
41 5 1
41 5 0
41 5 1
41 12 0
41 12 1
41 12 1
41 12 1
41 7 1
41 7 1
41 7 1
41 7 1
41 7 1
41 7 1
41 7 1
41 7 1
41 7 1
41 4 1
41 4 1
41 4 1
41 4 1
41 4 1
42 2 1
42 2 1
42 2 1
42 2 1
42 2 0
42 7 1
42 7 1
42 7 1
42 7 1
42 7 1
43 5 1
43 5 1
43 5 1
43 5 1
43 5 1
43 11 1
43 11 1
43 11 1
43 11 1
43 2 0
43 2 1
43 2 0
43 2 1
43 2 1
43 2 1
43 2 0
43 2 0
43 2 0
43 2 1
43 2 0
43 2 0
43 2 0
43 2 0
43 10 0
43 10 1
43 10 1
43 10 1
43 16 0
43 16 1
43 16 1
43 16 1
43 3 1
43 3 1
43 3 1
43 3 1
43 3 1
43 12 1
43 12 1
43 12 0
43 12 1
43 4 1
43 4 1
43 4 1
43 4 1
43 4 1
43 4 1
44 2 0
44 2 0
44 2 0
44 2 1
44 2 1
44 2 1
44 2 0
44 2 0
44 2 0
44 2 1
44 2 1
44 2 0
44 2 0
44 2 1
44 2 1
44 7 1
44 7 1
44 7 1
44 7 1
44 7 1
44 7 1
44 7 1
44 7 1
44 7 1
45 6 0
45 6 1
45 6 1
45 6 0
45 6 1
45 6 0
45 6 0
45 6 0
45 6 0
45 6 0
45 6 0
45 5 0
45 5 1
45 5 1
45 5 1
45 11 1
45 11 1
45 11 1
45 11 1
45 11 1
45 11 1
45 11 1
45 2 1
45 2 1
45 2 0
45 2 0
45 2 1
45 2 1
45 2 1
45 2 1
45 2 1
45 2 1
45 2 1
45 2 1
45 2 0
45 2 1
45 2 1
45 2 0
45 2 1
45 2 0
45 10 0
45 10 1
45 10 1
45 10 1
45 13 0
45 13 1
45 13 1
45 13 1
45 12 1
45 12 1
45 12 1
45 12 1
45 12 1
45 7 1
45 7 1
45 7 1
45 7 1
45 7 1
45 7 1
45 7 1
45 7 1
45 7 1
45 7 1
45 7 1
45 7 1
45 7 1
45 7 1
45 7 1
45 7 1
45 7 1
45 7 1
45 7 1
45 7 1
45 9 0
45 9 0
45 9 0
45 9 0
45 14 1
45 14 1
45 14 1
45 14 1
45 14 0
46 6 1
46 6 1
46 6 1
46 6 0
46 6 1
46 6 1
46 6 1
46 6 1
46 6 1
46 6 0
46 6 1
46 6 1
46 6 1
46 6 1
46 6 0
46 6 0
46 6 0
46 6 1
46 10 1
46 10 0
46 10 1
46 10 1
46 10 1
46 7 1
46 7 1
46 7 1
46 7 1
46 7 1
46 7 1
46 7 1
46 7 1
46 7 1
46 7 1
46 7 1
46 7 1
46 7 1
46 7 1
46 7 1
46 7 1
46 7 1
46 7 1
46 7 1
46 7 1
46 7 1
46 7 1
46 7 1
46 7 1
46 7 0
46 8 1
46 8 1
46 8 1
46 8 1
46 2 0
46 2 0
46 2 1
46 2 0
46 2 1
46 2 1
46 2 0
46 2 1
46 2 1
46 2 1
46 2 1
46 2 1
46 2 1
46 2 0
46 2 1
46 2 0
46 2 1
46 2 1
47 5 1
47 5 0
47 5 1
47 5 1
47 5 1
47 8 1
47 8 1
47 8 1
47 8 1
47 2 1
47 2 1
47 2 0
47 2 1
47 2 1
47 2 1
47 2 1
47 2 1
47 2 1
47 2 1
47 2 1
47 2 1
47 2 1
47 2 1
47 12 1
47 12 1
47 12 0
47 12 1
47 12 1
47 12 1
47 7 1
47 7 1
47 7 1
47 7 1
47 7 1
47 7 1
47 7 1
47 7 1
47 7 1
47 7 1
47 7 1
47 7 1
47 7 1
47 7 1
47 7 1
47 7 1
47 7 1
47 7 1
47 7 1
47 7 1
47 9 0
47 9 1
47 9 0
47 9 1
48 6 0
48 6 0
48 6 0
48 6 0
48 1 1
48 1 1
48 1 1
48 1 1
48 11 0
48 11 1
48 11 1
48 11 1
48 11 1
48 2 1
48 2 1
48 2 0
48 2 0
48 2 1
48 2 1
48 2 1
48 2 1
48 2 1
48 2 1
48 2 1
48 2 1
48 2 1
48 2 1
48 2 0
48 2 0
48 2 1
48 2 0
48 13 1
48 13 1
48 13 1
48 13 1
48 12 0
48 12 1
48 12 1
48 12 1
48 12 1
48 7 1
48 7 1
48 7 1
48 7 1
48 7 1
48 7 1
48 7 1
48 7 1
48 7 1
48 7 1
48 7 1
48 7 1
48 7 1
48 7 1
48 7 1
48 7 1
48 7 1
48 7 1
48 7 1
48 7 1
48 7 1
48 7 1
48 7 1
48 7 1
48 7 1
48 7 1
48 9 1
48 9 0
48 9 0
48 9 0
48 9 0
48 5 1
48 5 1
48 5 1
48 5 1
48 5 1
48 14 1
48 14 1
48 14 1
48 14 1
48 14 0
48 14 0
48 14 0
48 14 1
48 14 0
49 18 0
49 18 0
49 18 0
49 18 0
49 1 1
49 1 1
49 1 1
49 1 1
49 11 1
49 11 1
49 11 1
49 11 1
49 11 0
49 2 0
49 2 0
49 2 1
49 2 1
49 2 1
49 2 1
49 2 1
49 2 1
49 2 0
49 2 1
49 2 1
49 2 0
49 2 0
49 2 0
49 2 0
49 2 0
49 13 1
49 13 1
49 13 1
49 13 1
49 13 1
49 13 1
49 13 1
49 13 1
49 13 1
49 13 1
49 12 0
49 12 1
49 12 1
49 12 1
49 12 1
49 7 1
49 7 1
49 7 1
49 7 1
49 7 1
49 7 1
49 7 1
49 7 1
49 7 1
49 7 1
49 7 1
49 7 1
49 7 1
49 7 1
49 9 0
49 9 0
49 9 0
49 9 0
49 5 1
49 5 0
49 5 1
49 5 1
49 5 1
49 5 1
50 6 1
50 6 0
50 6 1
50 6 0
50 6 1
50 6 0
50 6 1
50 6 0
50 6 0
50 6 1
50 6 1
50 6 0
50 6 1
50 6 1
50 6 1
50 6 1
50 6 1
50 6 0
50 6 1
50 6 0
50 6 1
50 6 1
50 6 1
50 6 0
50 6 1
50 6 1
50 6 1
50 6 1
50 6 1
50 6 0
50 6 0
50 6 1
50 6 0
50 6 1
50 6 1
50 6 0
50 6 0
50 2 0
50 2 0
50 2 1
50 2 0
50 2 1
50 2 0
50 2 0
50 2 1
50 2 0
50 2 0
50 2 1
50 2 0
50 2 0
50 2 0
50 2 1
50 2 1
50 2 0
50 2 1
50 7 1
50 7 1
50 7 0
50 7 1
50 7 1
50 7 0
50 8 0
50 8 1
50 8 1
50 8 1
50 9 0
50 9 0
50 9 0
50 9 0
50 9 0
50 9 0
50 9 0
51 5 0
51 5 0
51 5 1
51 5 1
51 1 1
51 1 1
51 1 1
51 1 1
51 1 0
51 1 1
51 1 1
51 11 1
51 11 1
51 11 1
51 11 1
51 11 1
51 11 0
51 2 1
51 2 1
51 2 0
51 2 0
51 2 1
51 2 1
51 12 1
51 12 1
51 12 1
51 12 1
51 7 1
51 7 1
51 7 1
51 7 1
51 7 1
51 7 1
51 7 1
51 7 1
51 7 1
51 7 1
51 7 1
51 7 1
51 7 1
51 7 1
51 7 1
51 7 0
52 5 1
52 5 0
52 5 1
52 5 1
52 5 1
52 1 1
52 1 1
52 1 1
52 1 1
52 1 1
52 3 1
52 3 1
52 3 1
52 3 1
52 4 1
52 4 1
52 4 1
52 4 1
52 4 1
52 4 1
52 4 1
52 4 1
52 4 1
52 2 1
52 2 0
52 2 0
52 2 0
52 2 1
52 2 1
52 2 1
52 2 1
52 2 1
52 2 1
52 2 1
52 2 1
52 2 1
52 2 1
52 2 1
53 6 0
53 6 0
53 6 1
53 6 0
53 6 0
53 6 0
53 6 1
53 6 1
53 1 1
53 1 1
53 1 1
53 1 1
53 1 1
53 2 0
53 2 1
53 2 1
53 2 1
53 2 0
53 2 1
53 2 1
53 2 1
53 2 0
53 2 0
53 2 0
53 2 1
53 2 0
53 7 1
53 7 1
53 7 1
53 7 1
53 7 1
53 7 1
53 7 1
53 7 1
53 9 1
53 9 1
53 9 1
53 9 1
53 9 1
53 9 1
53 9 0
53 4 1
53 4 1
53 4 1
53 4 1
54 5 0
54 5 1
54 5 0
54 5 1
54 5 1
54 5 1
54 5 1
54 7 1
54 7 1
54 7 1
54 7 1
54 7 1
54 7 1
54 7 1
54 7 1
54 7 1
54 7 1
54 7 1
54 7 1
54 7 0
55 6 1
55 6 1
55 6 0
55 6 0
55 6 1
55 6 1
55 6 1
55 6 1
55 6 1
55 11 1
55 11 1
55 11 1
55 11 1
55 11 1
55 17 1
55 17 0
55 17 1
55 17 1
55 17 1
55 2 0
55 2 0
55 2 1
55 2 1
55 2 0
55 2 1
55 2 0
55 2 1
55 2 0
55 2 0
55 2 0
55 2 0
55 2 0
55 2 0
55 2 1
55 2 0
55 2 0
55 2 1
55 12 1
55 12 0
55 12 1
55 12 1
55 7 1
55 7 1
55 7 1
55 7 1
55 7 1
55 7 1
55 7 1
55 7 1
55 7 1
55 7 1
55 7 1
55 7 1
55 7 1
55 7 1
55 7 1
55 7 1
55 7 1
55 7 1
55 7 1
55 7 1
55 7 1
55 14 1
55 14 1
55 14 1
55 14 1
55 14 1
56 5 1
56 5 1
56 5 1
56 5 1
56 1 1
56 1 1
56 1 1
56 1 0
56 1 1
56 11 1
56 11 1
56 11 1
56 11 1
56 2 0
56 2 1
56 2 0
56 2 0
56 2 1
56 2 0
56 2 0
56 2 1
56 2 1
56 2 1
56 2 0
56 2 0
56 2 1
56 2 0
56 2 1
56 2 1
56 2 0
56 2 1
56 13 1
56 13 1
56 13 1
56 13 1
56 12 0
56 12 1
56 12 1
56 12 0
56 12 0
56 12 0
56 7 1
56 7 1
56 7 1
56 7 1
56 7 1
56 7 1
56 7 1
56 7 1
56 7 1
56 7 1
56 7 1
56 7 1
56 7 1
56 7 1
56 7 1
56 7 1
56 7 1
56 7 1
56 7 1
56 7 1
56 7 1
56 7 1
56 14 1
56 14 0
56 14 1
56 14 1
56 14 0
56 14 0
56 14 1
57 5 0
57 5 1
57 5 0
57 5 1
57 5 1
57 5 1
57 5 0
57 5 1
57 5 0
57 10 1
57 10 1
57 10 1
57 10 1
57 2 0
57 2 0
57 2 1
57 2 0
57 2 1
57 2 1
57 2 1
57 2 1
57 2 0
57 2 0
57 2 0
57 2 0
57 2 1
57 2 1
57 2 1
57 2 1
57 2 1
57 2 0
57 2 0
57 2 1
57 2 0
57 2 0
57 2 0
57 2 0
57 2 1
57 2 0
57 2 1
57 2 1
57 2 1
57 2 0
57 2 0
57 12 1
57 12 1
57 12 1
57 12 1
57 12 1
57 12 1
57 12 0
57 7 1
57 7 1
57 7 1
57 7 1
57 7 1
57 7 1
57 7 1
57 7 1
57 7 1
57 7 1
57 4 1
57 4 1
57 4 1
57 4 1
57 4 1
57 4 1
57 4 1
57 20 1
57 20 1
57 20 1
57 20 1
57 11 1
57 11 0
57 11 1
57 11 1
57 11 1
57 11 1
57 11 1
57 11 1
57 3 1
57 3 1
57 3 1
57 3 1
57 3 1
57 8 1
57 8 1
57 8 1
57 8 1
57 9 0
57 9 0
57 9 0
57 9 0
57 9 0
57 9 0
57 9 0
57 14 1
57 14 0
57 14 1
57 14 1
57 14 1
57 14 0
57 14 0
57 14 1
57 14 1
57 21 1
57 21 1
57 21 1
57 21 1
58 24 1
58 24 1
58 24 1
58 24 0
58 5 1
58 5 1
58 5 0
58 5 1
58 11 0
58 11 0
58 11 1
58 11 0
58 11 1
58 11 0
58 2 0
58 2 1
58 2 0
58 2 1
58 2 1
58 2 0
58 2 1
58 2 0
58 2 1
58 2 1
58 2 0
58 2 0
58 2 1
58 2 0
58 2 0
58 2 1
58 2 0
58 2 1
58 2 1
58 10 1
58 10 1
58 10 1
58 10 1
58 13 1
58 13 1
58 13 1
58 13 1
58 13 1
58 13 1
58 13 1
58 12 0
58 12 1
58 12 1
58 12 1
58 12 0
58 7 1
58 7 1
58 7 1
58 7 1
58 7 1
58 7 1
58 7 1
58 7 1
58 7 1
58 7 1
58 7 1
58 7 1
58 7 1
58 7 1
58 7 1
58 7 1
58 7 1
58 7 1
58 7 1
58 7 1
58 7 1
58 7 1
58 7 1
58 9 0
58 9 0
58 9 0
58 9 0
58 9 0
58 9 0
58 14 0
58 14 0
58 14 1
58 14 1
58 14 1
58 14 1
59 5 0
59 5 1
59 5 1
59 5 1
59 5 1
59 7 1
59 7 1
59 7 1
59 7 1
59 7 1
59 7 1
59 7 1
59 7 1
59 7 1
59 7 1
59 7 1
59 7 1
59 7 1
59 7 1
59 7 1
59 7 1
59 7 1
59 7 1
59 7 1
59 7 1
59 7 1
59 7 1
59 7 1
59 7 1
59 7 1
59 7 0
59 11 1
59 11 1
59 11 1
59 11 1
59 11 1
59 2 0
59 2 0
59 2 1
59 2 0
59 2 1
59 2 1
59 2 0
59 2 1
59 2 1
59 2 1
59 2 0
59 2 0
59 2 0
59 2 0
59 2 1
59 2 0
59 10 0
59 10 1
59 10 0
59 10 1
59 10 1
59 10 1
59 16 1
59 16 1
59 16 1
59 16 1
59 12 0
59 12 1
59 12 1
59 12 0
59 8 1
59 8 1
59 8 1
59 8 1
59 8 1
59 8 1
59 8 1
59 14 1
59 14 1
59 14 1
59 14 1
59 14 1
60 5 1
60 5 1
60 5 1
60 5 1
60 5 1
60 4 1
60 4 1
60 4 1
60 4 1
60 4 1
60 4 1
60 4 1
60 4 1
60 4 1
60 4 1
60 7 1
60 7 1
60 7 1
60 7 1
60 11 1
60 11 1
60 11 1
60 11 1
60 16 1
60 16 1
60 16 1
60 16 1
60 10 1
60 10 1
60 10 1
60 10 1
60 10 1
60 10 1
60 10 1
60 2 1
60 2 0
60 2 0
60 2 0
60 2 0
60 2 1
60 2 0
60 2 1
60 2 1
60 2 0
60 2 0
60 2 1
60 2 1
60 2 1
60 2 0
60 2 0
60 2 1
60 2 1
60 12 0
60 12 1
60 12 1
60 12 1
60 8 1
60 8 1
60 8 1
60 8 1
60 8 1
60 3 1
60 3 1
60 3 1
60 3 1
60 3 1
60 3 1
60 14 1
60 14 1
60 14 1
60 14 1
60 14 1
61 6 0
61 6 1
61 6 1
61 6 0
61 1 1
61 1 1
61 1 1
61 1 1
61 8 1
61 8 1
61 8 1
61 8 1
61 10 1
61 10 1
61 10 1
61 10 1
61 10 1
61 2 0
61 2 1
61 2 0
61 2 1
61 2 0
61 2 0
61 2 0
61 2 1
61 2 0
61 2 1
61 2 1
61 2 1
61 2 0
61 2 1
61 2 0
61 2 1
61 2 0
61 2 1
61 2 1
61 2 1
61 12 0
61 12 1
61 12 0
61 12 1
61 12 1
61 12 1
61 7 1
61 7 1
61 7 1
61 7 1
61 7 1
61 7 1
61 7 1
61 7 1
61 7 1
61 7 1
61 7 1
61 7 1
61 7 1
61 7 1
61 7 1
61 7 1
61 7 1
61 7 1
61 7 1
61 7 1
61 7 1
61 7 1
61 7 1
61 7 1
61 7 0
61 7 1
61 7 0
61 9 0
61 9 0
61 9 0
61 9 0
61 9 0
61 9 0
61 5 0
61 5 1
61 5 1
61 5 1
61 14 0
61 14 1
61 14 1
61 14 0
62 6 0
62 6 0
62 6 0
62 6 0
62 1 1
62 1 1
62 1 1
62 1 1
62 1 1
62 7 1
62 7 1
62 7 1
62 7 1
62 7 1
62 7 1
62 7 1
62 7 1
62 7 1
62 7 1
62 7 1
62 7 1
62 13 1
62 13 1
62 13 1
62 13 1
62 13 1
62 15 0
62 15 1
62 15 1
62 15 1
62 2 0
62 2 1
62 2 0
62 2 1
62 2 0
62 2 1
62 2 0
62 2 1
62 2 0
62 2 0
62 2 0
62 2 0
62 2 0
62 2 0
62 2 1
62 2 1
62 2 1
62 2 0
62 12 0
62 12 1
62 12 0
62 12 0
62 12 1
62 12 1
62 8 1
62 8 1
62 8 1
62 8 1
62 8 1
62 8 1
62 8 1
63 1 1
63 1 1
63 1 1
63 1 1
63 7 1
63 7 1
63 7 1
63 7 1
63 7 1
63 7 1
63 7 1
63 7 1
63 7 1
63 7 1
63 7 1
63 11 1
63 11 0
63 11 0
63 11 1
63 10 0
63 10 1
63 10 1
63 10 1
63 10 1
63 10 1
63 2 1
63 2 1
63 2 1
63 2 0
63 2 0
63 2 0
63 2 1
63 2 1
63 2 1
63 2 0
63 2 1
63 2 1
63 2 1
63 2 0
63 2 0
63 2 1
63 2 1
63 2 0
63 12 0
63 12 1
63 12 0
63 12 0
63 12 0
63 8 1
63 8 1
63 8 1
63 8 1
63 13 1
63 13 1
63 13 1
63 13 1
64 6 1
64 6 1
64 6 0
64 6 1
64 5 1
64 5 1
64 5 1
64 5 1
64 5 1
64 11 1
64 11 1
64 11 1
64 11 0
64 11 0
64 2 0
64 2 0
64 2 1
64 2 0
64 2 0
64 2 0
64 2 1
64 2 1
64 2 0
64 2 1
64 10 0
64 10 1
64 10 1
64 10 1
64 10 1
64 16 0
64 16 1
64 16 1
64 16 1
64 16 0
64 12 1
64 12 1
64 12 1
64 12 1
64 12 1
64 12 1
64 12 1
64 7 1
64 7 1
64 7 1
64 7 1
64 7 1
64 7 1
64 7 1
64 7 1
64 9 0
64 9 0
64 9 0
64 9 0
64 9 0
64 9 0
65 6 1
65 6 0
65 6 0
65 6 0
65 6 0
65 17 0
65 17 0
65 17 1
65 17 1
65 15 1
65 15 1
65 15 1
65 15 1
65 10 0
65 10 1
65 10 1
65 10 1
65 10 1
65 2 1
65 2 1
65 2 1
65 2 1
65 2 1
65 2 1
65 2 0
65 2 0
65 2 1
65 2 1
65 2 1
65 2 0
65 2 1
65 7 1
65 7 1
65 7 1
65 7 1
65 7 1
65 7 1
65 7 1
65 7 1
65 7 1
65 7 1
65 7 0
65 7 1
65 7 1
65 7 1
65 7 1
65 7 1
65 7 1
65 7 1
65 7 1
65 7 1
65 7 1
65 9 0
65 9 0
65 9 0
65 9 0
66 18 0
66 18 1
66 18 1
66 18 0
66 5 0
66 5 1
66 5 1
66 5 1
66 5 0
66 11 1
66 11 1
66 11 1
66 11 1
66 25 0
66 25 1
66 25 1
66 25 1
66 2 0
66 2 1
66 2 1
66 2 1
66 2 1
66 2 1
66 2 1
66 2 1
66 2 0
66 2 0
66 2 0
66 2 1
66 2 0
66 12 0
66 12 1
66 12 1
66 12 1
66 12 0
66 7 1
66 7 1
66 7 1
66 7 1
66 7 1
66 7 1
66 7 1
66 7 1
66 7 1
66 14 1
66 14 1
66 14 1
66 14 1
66 14 1
67 6 0
67 6 0
67 6 0
67 6 0
67 1 1
67 1 1
67 1 1
67 1 1
67 7 1
67 7 1
67 7 1
67 7 1
67 7 1
67 7 1
67 7 1
67 7 1
67 7 1
67 7 1
67 7 1
67 7 1
67 7 1
67 7 1
67 7 1
67 7 1
67 7 1
67 7 1
67 7 1
67 7 1
67 7 1
67 7 1
67 7 1
67 7 1
67 7 1
67 7 1
67 7 1
67 7 1
67 7 1
67 7 1
67 7 1
67 10 1
67 10 1
67 10 1
67 10 1
67 2 1
67 2 0
67 2 0
67 2 0
67 2 1
67 2 1
67 2 1
67 2 1
67 2 0
67 2 1
67 2 1
67 2 0
67 2 0
67 2 1
67 2 0
67 2 1
67 2 1
67 2 1
67 12 1
67 12 1
67 12 1
67 12 1
67 8 1
67 8 1
67 8 1
67 8 1
67 8 1
67 5 1
67 5 0
67 5 1
67 5 1
67 5 1
68 6 0
68 6 1
68 6 0
68 6 1
68 6 1
68 6 1
68 6 0
68 1 1
68 1 1
68 1 1
68 1 1
68 1 1
68 4 1
68 4 1
68 4 1
68 4 1
68 7 0
68 7 1
68 7 1
68 7 1
68 7 1
68 7 1
68 7 1
68 7 1
68 13 1
68 13 1
68 13 1
68 13 1
68 13 1
68 10 0
68 10 1
68 10 1
68 10 1
68 2 0
68 2 0
68 2 0
68 2 0
68 2 0
68 2 0
68 2 1
68 2 1
68 2 1
68 2 1
68 2 1
68 2 0
68 2 1
68 2 1
68 2 0
68 2 1
68 2 1
68 12 0
68 12 1
68 12 1
68 12 1
68 12 1
68 12 1
68 8 1
68 8 1
68 8 1
68 8 0
68 14 1
68 14 1
68 14 1
68 14 1
68 14 0
68 14 1
69 5 0
69 5 0
69 5 1
69 5 1
69 1 1
69 1 1
69 1 0
69 1 1
69 11 0
69 11 1
69 11 1
69 11 0
69 11 1
69 10 0
69 10 1
69 10 1
69 10 1
69 2 0
69 2 0
69 2 1
69 2 0
69 2 1
69 2 1
69 2 0
69 2 1
69 2 1
69 2 1
69 2 1
69 2 0
69 2 1
69 2 0
69 2 0
69 2 1
69 2 1
69 2 1
69 12 0
69 12 1
69 12 0
69 12 1
69 7 1
69 7 1
69 7 1
69 7 1
69 7 1
69 7 1
69 7 1
69 7 1
69 7 1
69 7 1
69 7 1
69 7 1
69 7 1
69 7 1
69 7 1
69 7 1
69 7 1
69 7 1
69 7 1
69 7 1
69 7 1
69 7 1
69 7 1
69 7 1
69 7 1
69 7 1
69 7 1
69 7 1
69 7 1
69 14 1
69 14 1
69 14 1
69 14 1
69 14 0
70 6 0
70 6 1
70 6 1
70 6 0
70 6 0
70 6 0
70 6 0
70 6 0
70 6 1
70 6 0
70 6 0
70 6 0
70 6 1
70 6 1
70 6 1
70 6 0
70 6 1
70 6 1
70 6 0
70 6 1
70 6 0
70 6 0
70 6 0
70 6 0
70 6 1
70 6 0
70 6 0
70 6 1
70 6 0
70 6 1
70 6 1
70 6 0
70 6 0
70 6 1
70 6 0
70 6 1
70 6 1
70 6 1
70 6 0
70 6 0
70 6 0
70 6 0
70 6 0
70 6 0
70 6 1
70 6 1
70 6 1
70 6 0
70 6 0
70 6 1
70 6 0
70 6 0
70 6 1
70 6 1
70 6 1
70 6 1
70 6 1
70 6 1
70 6 1
70 6 1
70 6 0
70 6 1
70 6 1
70 6 1
70 6 1
70 6 1
70 6 1
70 6 1
70 6 1
70 6 1
70 6 1
70 6 0
70 6 1
70 6 1
70 6 1
70 6 1
70 2 0
70 2 0
70 2 1
70 2 0
70 2 1
70 2 0
70 2 1
70 2 0
70 2 0
70 2 0
70 2 0
70 2 1
70 2 0
70 2 0
70 2 1
70 2 1
70 2 1
70 2 1
71 6 0
71 6 0
71 6 0
71 6 0
71 6 1
71 6 0
71 1 1
71 1 1
71 1 0
71 1 1
71 7 1
71 7 1
71 7 1
71 7 1
71 7 1
71 7 1
71 7 1
71 7 1
71 7 1
71 7 1
71 7 1
71 7 1
71 7 1
71 7 1
71 7 1
71 7 1
71 7 1
71 13 1
71 13 1
71 13 1
71 13 1
71 15 1
71 15 1
71 15 1
71 15 1
71 2 0
71 2 1
71 2 0
71 2 1
71 2 1
71 2 1
71 2 0
71 2 1
71 2 1
71 2 1
71 2 1
71 2 1
71 2 0
71 2 0
71 2 0
71 2 0
71 2 0
71 2 1
71 12 0
71 12 1
71 12 1
71 12 1
71 12 1
71 12 1
71 8 1
71 8 1
71 8 1
71 8 1
71 9 0
71 9 0
71 9 0
71 9 0
71 9 0
71 9 0
71 9 0
71 9 0
71 9 0
71 5 1
71 5 1
71 5 1
71 5 1
71 5 1
71 14 1
71 14 1
71 14 1
71 14 1
71 14 1
71 14 0
71 14 1
