1 1 0
1 1 1
1 1 1
1 1 1
1 1 1
1 1 1
1 1 0
1 1 0
1 1 1
1 1 0
1 1 0
1 1 0
1 8 1
1 8 1
1 8 1
1 8 1
1 8 1
1 8 1
1 8 1
1 8 1
1 3 1
1 3 1
1 3 1
1 3 1
1 3 1
1 3 1
1 3 1
1 3 1
1 3 1
1 3 1
1 3 1
1 3 1
1 3 1
1 3 1
1 3 1
1 3 1
1 3 1
1 3 1
1 3 1
1 3 1
1 3 1
1 3 0
1 3 1
1 3 1
1 3 1
1 3 1
1 3 1
1 3 1
1 3 1
1 3 1
1 3 0
1 3 1
1 3 0
1 3 1
1 3 1
1 3 1
1 3 1
1 3 1
1 3 1
1 3 1
1 3 1
1 3 1
1 3 1
1 3 1
1 3 1
1 3 1
1 3 1
1 3 1
1 3 1
1 3 1
1 3 1
1 3 1
1 3 1
1 3 1
1 3 1
1 3 1
1 3 1
1 3 1
1 3 1
1 3 1
1 3 1
1 3 1
1 3 0
1 3 1
1 9 1
1 9 1
1 9 1
1 9 1
1 9 0
1 9 1
1 9 1
1 9 0
1 9 1
1 9 1
1 9 1
1 9 1
1 6 1
1 6 1
1 6 0
1 6 1
1 6 0
1 6 1
1 6 0
1 6 1
1 6 1
1 6 1
2 1 1
2 1 0
2 1 0
2 1 1
2 1 0
2 9 1
2 9 1
2 9 1
2 9 1
2 19 1
2 19 1
2 19 1
2 19 1
2 6 1
2 6 1
2 6 1
2 6 0
2 6 1
2 6 1
2 6 1
2 6 1
2 6 1
2 6 1
2 10 1
2 10 1
2 10 0
2 10 1
2 10 1
2 8 1
2 8 1
2 8 1
2 8 1
2 8 1
2 8 1
2 3 1
2 3 0
2 3 0
2 3 1
2 3 1
2 3 1
2 3 1
2 3 1
2 3 1
2 3 1
2 3 1
2 3 1
2 3 0
2 3 1
2 3 1
2 3 1
2 3 1
2 3 1
2 3 1
2 3 0
2 3 1
2 3 1
2 3 1
2 3 1
2 3 1
2 3 1
2 3 1
2 3 1
2 3 1
2 3 1
2 3 1
2 3 1
2 3 0
2 3 1
2 3 1
2 3 1
2 3 1
2 3 1
2 3 1
2 3 1
2 3 1
2 3 1
2 3 1
2 3 1
2 3 1
2 3 1
2 3 1
2 3 1
2 3 1
2 3 1
2 3 1
2 3 1
2 3 1
2 3 1
2 3 1
2 3 1
2 3 1
2 3 1
2 3 1
2 3 1
2 3 1
2 3 1
2 3 1
2 3 1
2 3 1
2 3 1
2 3 1
2 3 1
2 3 1
2 3 1
2 3 1
2 3 1
2 3 1
2 3 1
2 3 1
2 3 1
2 3 1
2 3 1
2 3 1
2 3 1
2 3 1
2 3 1
2 3 1
2 3 1
2 3 1
2 3 1
2 3 1
2 3 1
2 3 1
2 3 1
2 3 1
2 3 1
2 3 1
2 3 1
3 1 1
3 1 0
3 1 0
3 1 1
3 1 0
3 9 1
3 9 1
3 9 1
3 9 1
3 9 1
3 9 1
3 9 1
3 9 1
3 9 1
3 9 1
3 9 0
3 9 1
3 11 0
3 11 1
3 11 0
3 11 1
3 10 1
3 10 1
3 10 1
3 10 1
3 8 1
3 8 0
3 8 1
3 8 0
3 8 1
3 2 1
3 2 1
3 2 1
3 2 1
3 2 1
3 2 1
3 2 1
3 2 1
3 2 1
3 4 1
3 4 1
3 4 1
3 4 1
3 4 1
3 4 1
3 4 1
3 4 1
3 4 1
3 4 1
3 4 1
3 4 1
3 4 1
3 4 1
3 4 1
3 4 1
3 4 1
3 4 1
3 4 1
3 14 1
3 14 1
3 14 1
3 14 1
3 6 1
3 6 0
3 6 0
3 6 1
3 6 0
3 6 0
3 6 0
3 12 1
3 12 1
3 12 1
3 12 1
3 5 1
3 5 1
3 5 1
3 5 1
3 5 1
3 5 1
3 5 1
3 5 1
3 5 1
3 5 1
3 5 1
3 5 1
3 5 1
3 5 1
3 5 1
3 5 1
3 5 1
3 5 1
3 5 1
3 5 1
3 5 1
3 5 1
3 13 0
3 13 1
3 13 0
3 13 0
3 7 1
3 7 1
3 7 1
3 7 1
3 7 1
3 7 1
3 7 1
3 7 1
3 7 1
3 7 1
3 7 1
3 7 0
3 7 1
3 7 1
3 7 1
3 7 1
3 7 1
3 7 1
3 7 1
3 7 1
3 7 1
3 7 1
3 7 1
3 7 1
3 7 1
3 7 1
3 7 1
3 7 1
3 7 1
3 7 1
3 7 1
3 7 1
3 7 1
4 1 1
4 1 0
4 1 1
4 1 1
4 1 1
4 1 1
4 1 0
4 6 1
4 6 0
4 6 1
4 6 1
4 6 0
4 3 1
4 3 0
4 3 1
4 3 1
4 3 0
4 3 1
4 3 1
4 3 1
4 3 0
4 3 1
4 3 1
4 3 1
4 3 1
4 3 1
4 3 1
4 3 1
4 3 1
4 3 1
4 3 1
4 3 1
4 3 1
4 3 1
4 3 1
4 3 1
4 3 1
4 3 1
4 3 1
4 3 1
4 3 1
4 3 1
4 3 1
4 3 1
4 3 1
4 3 1
4 3 1
4 3 1
4 3 1
4 3 1
4 3 1
4 3 1
4 3 1
4 3 1
4 3 1
4 3 1
4 3 0
4 3 1
4 3 1
4 3 1
4 3 1
4 3 1
4 3 1
4 3 1
4 3 1
4 3 1
4 3 1
4 3 1
4 3 1
4 3 1
4 3 1
4 3 1
4 3 1
4 3 1
4 3 1
4 3 1
4 3 1
4 3 1
4 3 1
4 3 1
4 3 1
4 3 1
4 3 1
5 1 1
5 1 0
5 1 1
5 1 1
5 1 1
5 1 1
5 1 1
5 1 1
5 1 0
5 12 1
5 12 1
5 12 1
5 12 1
5 12 1
5 5 1
5 5 1
5 5 1
5 5 1
5 5 1
5 5 1
5 5 1
5 5 1
5 5 1
5 5 1
5 5 1
5 5 1
5 5 1
5 5 1
5 5 1
5 5 1
5 5 1
5 6 1
5 6 1
5 6 1
5 6 1
5 6 0
5 6 1
5 6 1
5 6 1
5 25 1
5 25 1
5 25 1
5 25 1
5 25 1
5 7 1
5 7 1
5 7 1
5 7 1
5 7 1
5 7 1
5 7 1
5 7 1
5 7 1
5 7 1
5 7 0
5 7 1
5 7 1
5 7 1
5 7 1
5 7 1
5 7 1
5 7 1
5 7 1
5 7 1
5 7 1
5 7 1
5 7 1
5 7 1
5 3 1
5 3 1
5 3 1
5 3 1
5 3 1
5 3 1
5 3 0
5 3 1
5 2 1
5 2 1
5 2 1
5 2 1
5 2 1
5 2 1
5 2 1
5 2 1
5 4 1
5 4 1
5 4 1
5 4 1
5 4 1
5 4 1
5 4 1
5 4 1
5 4 1
5 4 1
5 4 1
5 4 1
5 4 1
5 4 1
5 4 1
5 4 1
5 4 1
5 4 1
5 4 1
5 4 1
5 4 1
6 1 1
6 1 1
6 1 1
6 1 1
6 1 1
6 1 0
6 1 1
6 1 0
6 1 1
6 1 1
6 1 1
6 1 1
6 3 1
6 3 1
6 3 1
6 3 1
6 3 1
6 3 0
6 3 1
6 3 1
6 3 1
6 3 1
6 3 1
6 3 1
6 3 1
6 3 1
6 3 1
6 3 1
6 3 1
6 3 1
6 3 1
6 3 1
6 3 1
6 3 1
6 3 0
6 3 1
6 3 1
6 3 1
6 3 1
6 3 0
6 3 0
6 6 0
6 6 0
6 6 1
6 6 1
6 6 0
6 6 0
6 6 1
6 6 1
6 12 1
6 12 1
6 12 1
6 12 1
6 5 1
6 5 1
6 5 1
6 5 1
6 5 1
6 5 1
6 5 1
6 5 1
6 5 1
6 5 1
6 5 1
6 5 1
6 5 1
6 5 1
6 5 1
6 5 1
6 5 1
6 5 1
6 5 1
6 5 1
6 7 1
6 7 1
6 7 1
6 7 1
6 7 1
6 7 1
6 7 1
6 7 1
6 7 1
6 7 1
6 7 1
6 7 1
6 7 1
6 7 1
6 7 1
6 7 1
6 7 1
6 7 1
6 7 1
6 7 1
6 7 1
6 7 1
6 7 1
6 7 1
6 7 1
6 7 1
6 7 1
6 2 1
6 2 1
6 2 1
6 2 1
6 2 1
6 2 1
6 2 1
6 2 0
6 4 1
6 4 1
6 4 1
6 4 1
6 4 1
6 4 1
6 4 1
6 4 1
6 4 1
6 4 1
6 4 1
6 4 1
6 4 1
6 4 1
6 4 1
6 4 1
6 4 1
6 4 1
6 4 1
6 4 1
6 4 1
6 4 1
7 1 1
7 1 0
7 1 1
7 1 1
7 1 1
7 1 1
7 9 1
7 9 1
7 9 1
7 9 1
7 9 0
7 9 1
7 9 1
7 9 1
7 5 1
7 5 1
7 5 1
7 5 1
7 5 1
7 5 1
7 5 1
7 5 1
7 5 1
7 5 1
7 5 1
7 6 0
7 6 0
7 6 0
7 6 1
7 6 0
7 6 1
7 6 1
7 6 1
7 6 0
7 7 1
7 7 1
7 7 1
7 7 1
7 7 1
7 7 1
7 7 1
7 7 1
7 7 1
7 7 1
7 3 1
7 3 1
7 3 1
7 3 1
7 3 1
7 3 1
7 3 1
7 3 1
7 3 1
7 3 1
7 3 1
7 3 1
7 3 1
7 3 0
7 3 1
7 3 1
7 3 1
7 3 1
7 3 1
7 3 0
7 3 1
7 3 1
7 3 1
7 3 1
7 3 1
7 3 1
7 3 1
7 3 1
7 3 1
7 3 1
7 3 1
7 3 1
7 3 1
7 3 1
7 3 1
7 4 1
7 4 1
7 4 1
7 4 1
7 4 1
7 4 1
7 4 1
7 4 1
7 4 1
7 4 1
7 4 1
7 4 1
7 4 1
7 4 1
7 4 1
7 4 1
8 1 0
8 1 1
8 1 0
8 1 1
8 1 1
8 1 1
8 1 0
8 8 1
8 8 1
8 8 0
8 8 1
8 3 1
8 3 1
8 3 1
8 3 1
8 3 1
8 3 1
8 3 1
8 3 1
8 3 1
8 3 1
8 3 1
8 3 1
8 3 1
8 3 1
8 3 1
8 3 1
8 3 1
8 3 1
8 3 1
8 3 1
8 3 1
8 3 1
8 3 1
8 3 1
8 3 1
8 3 0
8 3 1
8 3 1
8 3 1
8 3 1
8 3 1
8 3 1
8 3 1
8 3 1
8 3 1
8 3 1
8 3 1
8 3 1
8 3 1
8 3 1
8 3 1
8 3 1
8 3 1
8 3 1
8 3 1
8 3 1
8 3 1
8 3 1
8 3 1
8 3 1
8 3 1
8 3 1
8 3 1
8 3 1
8 3 1
8 3 1
8 3 1
8 3 1
8 3 1
8 3 1
8 3 1
8 3 0
8 3 1
9 1 1
9 1 0
9 1 0
9 1 1
9 4 1
9 4 1
9 4 1
9 4 1
9 4 1
9 4 1
9 4 1
9 4 1
9 4 1
9 4 1
9 4 1
9 4 1
9 4 1
9 4 1
9 4 1
9 4 1
9 4 1
9 4 1
9 4 1
9 3 1
9 3 1
9 3 1
9 3 1
9 3 1
9 3 1
9 3 1
9 3 1
9 3 1
9 10 0
9 10 1
9 10 1
9 10 1
9 6 1
9 6 0
9 6 1
9 6 1
9 6 0
9 6 1
9 6 1
9 6 1
9 6 1
9 6 1
9 6 1
9 6 1
9 12 1
9 12 1
9 12 1
9 12 1
9 12 1
9 5 1
9 5 1
9 5 1
9 5 1
9 5 1
9 5 1
9 5 1
9 5 1
9 5 1
9 5 1
9 5 1
9 5 1
9 5 1
9 5 1
9 5 1
9 5 1
9 5 1
9 5 1
9 5 1
9 5 1
9 5 1
9 5 1
9 5 1
9 5 1
9 5 1
9 5 1
9 5 1
9 7 1
9 7 1
9 7 1
9 7 1
9 7 1
9 7 1
9 7 1
9 7 1
9 7 1
9 7 1
9 7 1
9 7 1
9 7 1
9 7 1
9 7 1
9 7 1
9 7 1
9 7 1
9 7 1
9 7 1
9 7 1
9 7 1
9 7 1
9 7 1
9 7 1
9 7 1
9 7 1
9 7 1
9 7 1
9 7 1
9 7 1
9 7 1
9 7 1
9 7 1
9 7 1
9 2 1
9 2 1
9 2 0
9 2 1
9 2 1
9 2 1
10 6 1
10 6 0
10 6 1
10 6 1
10 6 0
10 3 1
10 3 1
10 3 1
10 3 1
10 3 1
10 3 1
10 3 1
10 3 1
10 3 1
10 3 1
10 3 1
10 3 1
10 3 1
10 3 1
10 3 1
10 3 1
10 3 1
10 3 1
10 3 1
10 3 1
10 3 1
10 3 0
10 3 1
10 3 1
10 3 1
10 3 1
10 3 1
10 3 1
10 3 1
10 3 1
10 3 1
10 3 0
10 3 1
10 3 1
10 3 1
10 3 1
11 1 1
11 1 0
11 1 1
11 1 1
11 1 1
11 1 1
11 1 1
11 1 1
11 1 1
11 9 1
11 9 1
11 9 1
11 9 1
11 9 1
11 6 1
11 6 0
11 6 0
11 6 1
11 6 1
11 6 0
11 6 1
11 10 1
11 10 1
11 10 1
11 10 1
11 10 1
11 10 1
11 10 1
11 8 1
11 8 0
11 8 0
11 8 1
11 8 0
11 3 1
11 3 1
11 3 1
11 3 1
11 3 0
11 3 1
11 3 1
11 3 1
11 3 1
11 3 1
11 3 1
11 3 1
11 3 1
11 3 1
11 3 1
11 3 1
11 3 1
11 3 1
11 3 1
11 3 1
11 3 1
11 3 1
11 3 1
11 3 0
11 3 1
11 3 1
11 3 1
11 3 1
11 3 1
11 3 1
11 3 1
11 3 1
11 3 1
11 3 1
11 3 1
11 3 1
11 3 1
11 3 1
11 3 1
11 3 1
11 3 1
11 3 1
11 3 1
11 3 1
11 3 1
11 3 1
11 3 1
11 3 1
11 3 1
11 3 1
11 3 1
11 3 1
11 3 1
11 3 1
11 3 1
11 3 1
11 3 1
11 3 1
11 3 1
11 3 1
11 3 1
11 3 1
11 3 1
11 3 1
11 3 1
11 3 1
11 3 1
11 3 1
11 3 1
11 3 1
11 3 1
11 3 1
11 3 1
11 3 1
11 3 1
11 3 1
11 3 1
11 3 1
11 3 1
11 3 1
11 3 1
11 3 1
11 3 1
11 3 0
11 3 1
11 3 1
11 3 1
11 3 0
11 3 1
11 3 1
11 3 1
12 1 1
12 1 1
12 1 0
12 1 0
12 1 0
12 1 1
12 1 1
12 1 1
12 1 1
12 1 1
12 3 1
12 3 1
12 3 0
12 3 1
12 3 1
12 6 1
12 6 1
12 6 1
12 6 0
12 6 1
12 6 1
12 6 0
12 6 1
12 12 1
12 12 1
12 12 1
12 12 1
12 5 1
12 5 1
12 5 1
12 5 1
12 5 1
12 5 1
12 5 1
12 5 1
12 5 1
12 5 1
12 5 1
12 5 1
12 5 1
12 5 1
12 5 1
12 5 1
12 7 1
12 7 1
12 7 1
12 7 1
12 7 1
12 7 1
12 7 1
12 7 1
12 7 1
12 7 1
12 7 1
12 7 1
12 7 1
12 7 1
12 7 1
12 7 1
12 7 1
12 7 1
12 7 1
12 7 1
12 7 1
12 7 1
12 7 1
12 7 1
12 7 1
12 7 1
12 2 1
12 2 1
12 2 1
12 2 1
12 2 1
12 2 1
12 2 1
12 2 1
12 2 1
12 2 1
12 2 1
12 2 1
12 4 1
12 4 1
12 4 1
12 4 1
12 4 1
12 4 1
12 4 1
12 4 1
12 4 1
12 4 1
12 4 1
12 4 1
12 4 1
12 4 1
12 4 1
12 4 1
12 4 1
12 4 1
12 4 1
13 8 1
13 8 1
13 8 0
13 8 1
13 8 1
13 8 1
13 8 0
13 3 1
13 3 1
13 3 1
13 3 1
13 3 1
13 3 1
13 3 1
13 3 1
13 3 1
13 3 1
13 3 1
13 3 1
13 3 1
13 3 1
13 3 1
13 3 1
13 3 1
13 3 1
13 3 1
13 3 1
13 3 1
13 3 1
13 3 1
13 3 1
13 3 1
13 3 1
13 3 1
13 3 1
13 3 1
13 3 1
13 3 1
13 3 1
13 3 1
13 3 1
13 3 0
13 3 1
13 3 1
13 3 1
13 3 1
13 3 1
13 3 1
13 3 1
13 3 1
13 3 1
13 3 1
13 3 1
13 3 1
13 3 1
13 3 1
13 3 1
13 3 1
13 3 1
13 3 1
13 3 1
13 3 1
13 3 1
13 3 1
13 3 1
13 3 1
13 3 1
13 3 1
13 3 1
13 3 1
13 3 1
13 3 1
13 3 1
13 3 1
13 3 1
13 3 1
13 3 1
13 3 1
13 3 1
13 3 1
13 3 1
13 3 1
13 3 1
13 3 1
13 3 1
13 3 1
13 3 1
13 3 1
13 3 1
13 3 1
13 3 1
13 3 1
13 3 1
13 6 0
13 6 0
13 6 1
13 6 1
13 6 0
13 6 1
13 6 0
13 6 1
13 6 1
13 9 1
13 9 0
13 9 1
13 9 1
13 9 1
14 1 1
14 1 1
14 1 1
14 1 0
14 1 1
14 1 1
14 1 1
14 1 1
14 1 0
14 1 1
14 1 0
14 9 0
14 9 1
14 9 1
14 9 1
14 9 1
14 5 1
14 5 1
14 5 1
14 5 1
14 5 1
14 5 1
14 5 1
14 5 1
14 5 1
14 5 1
14 5 1
14 5 1
14 5 1
14 5 1
14 5 0
14 5 1
14 5 1
14 5 1
14 5 1
14 5 1
14 5 1
14 5 1
14 5 1
14 6 1
14 6 1
14 6 0
14 6 0
14 6 0
14 6 1
14 6 1
14 6 1
14 6 1
14 6 0
14 6 0
14 8 1
14 8 0
14 8 1
14 8 1
14 8 0
14 8 1
14 7 1
14 7 1
14 7 1
14 7 1
14 7 1
14 7 1
14 7 1
14 7 1
14 7 1
14 7 1
14 7 1
14 7 1
14 7 1
14 7 1
14 7 1
14 7 1
14 7 1
14 7 1
14 7 1
14 7 1
14 7 1
14 7 1
14 7 1
14 7 1
14 3 1
14 3 1
14 3 1
14 3 1
14 3 1
14 3 0
14 3 1
14 3 0
14 3 1
14 3 1
14 13 0
14 13 0
14 13 0
14 13 0
14 13 0
14 2 1
14 2 1
14 2 0
14 2 1
14 2 1
14 4 1
14 4 1
14 4 1
14 4 1
14 4 1
14 4 1
14 4 1
14 4 1
14 4 1
14 4 1
14 4 1
14 4 1
14 4 1
14 4 1
14 4 1
14 4 1
14 4 1
14 4 1
14 4 0
14 4 1
14 4 1
14 4 1
14 4 1
14 4 1
14 4 1
14 4 1
15 1 1
15 1 0
15 1 1
15 1 0
15 6 1
15 6 1
15 6 1
15 6 1
15 6 0
15 6 0
15 3 1
15 3 1
15 3 1
15 3 1
15 3 0
15 3 1
15 3 1
15 3 1
15 3 1
15 3 1
15 3 1
15 3 1
15 3 1
15 3 1
15 3 1
15 3 1
15 3 1
15 3 1
15 3 1
15 3 1
15 3 1
15 3 1
15 3 1
15 3 1
15 3 1
15 3 0
15 3 1
15 3 1
15 3 1
15 3 1
15 3 1
15 3 1
15 3 1
15 3 0
15 3 1
15 3 1
15 3 1
15 3 1
15 3 1
15 3 1
15 3 1
15 3 1
15 3 1
15 3 1
15 3 1
15 3 1
15 3 1
15 3 1
15 3 1
15 3 1
15 3 0
15 3 1
15 3 1
15 3 1
15 3 1
15 3 1
15 3 1
15 3 1
15 3 1
15 3 1
15 3 1
15 3 1
15 3 1
15 3 1
15 3 1
15 3 1
15 3 1
15 3 1
15 3 1
15 3 1
15 3 1
15 3 1
15 3 1
15 3 1
15 3 1
15 3 1
15 3 1
15 3 1
15 3 1
15 3 1
15 3 1
15 3 1
15 3 0
15 3 1
15 3 1
15 3 1
15 3 1
15 3 1
15 3 1
15 3 1
15 3 1
15 3 1
15 3 1
15 3 1
15 3 1
15 8 1
15 8 1
15 8 1
15 8 1
16 1 0
16 1 0
16 1 1
16 1 0
16 1 1
16 1 1
16 1 1
16 1 0
16 1 1
16 1 0
16 1 1
16 1 0
16 1 0
16 5 1
16 5 1
16 5 1
16 5 1
16 6 0
16 6 0
16 6 1
16 6 1
16 6 0
16 6 1
16 6 0
16 6 1
16 6 1
16 6 0
16 6 1
16 10 1
16 10 1
16 10 1
16 10 1
16 10 1
16 10 1
16 10 1
16 10 1
16 10 1
16 10 1
16 8 1
16 8 1
16 8 1
16 8 1
16 8 1
16 8 1
16 8 1
16 8 1
16 7 1
16 7 1
16 7 1
16 7 1
16 7 1
16 3 1
16 3 1
16 3 1
16 3 0
16 3 1
16 3 1
16 3 1
16 3 1
16 3 1
16 3 1
16 3 0
16 3 1
16 3 1
16 3 1
16 3 1
16 3 1
16 3 1
16 3 1
16 3 0
16 3 1
16 3 1
16 3 1
16 3 1
16 3 1
16 3 1
16 3 1
16 3 1
16 3 1
16 3 1
16 3 1
16 3 1
16 3 1
16 3 1
16 3 1
16 3 1
16 3 1
16 3 1
16 3 1
16 3 1
16 3 1
16 3 1
16 3 1
16 3 1
16 3 1
16 3 1
16 3 1
16 3 1
16 3 1
16 3 1
16 3 1
16 3 1
16 3 1
16 3 1
16 3 1
16 3 1
16 3 1
16 3 1
16 3 1
16 3 1
16 3 1
16 3 1
16 3 1
16 3 1
16 3 1
16 3 1
16 3 1
16 3 1
16 3 1
16 3 1
16 3 1
16 3 1
16 3 1
16 3 1
16 3 1
16 3 1
16 3 1
16 3 1
16 3 1
16 3 1
16 3 1
16 3 1
17 1 1
17 1 1
17 1 1
17 1 1
17 1 0
17 8 1
17 8 1
17 8 1
17 8 1
17 8 1
17 8 1
17 7 1
17 7 1
17 7 1
17 7 1
17 7 1
17 3 1
17 3 1
17 3 1
17 3 1
17 3 0
17 3 0
17 3 1
17 3 1
17 3 1
17 3 1
17 3 1
17 3 1
17 3 1
17 3 1
17 3 1
17 3 1
17 3 1
17 3 1
17 3 1
17 3 1
17 3 1
17 3 1
17 3 1
17 3 1
17 3 0
17 3 1
17 3 1
17 3 1
17 3 1
17 3 1
17 3 1
17 3 0
17 3 1
17 3 1
17 3 1
17 3 1
17 3 1
17 3 1
17 3 1
17 3 1
17 3 1
17 3 1
17 3 1
17 3 1
17 3 1
17 3 1
17 3 1
17 3 1
17 3 1
17 3 1
17 3 1
17 3 1
17 3 1
17 3 1
17 3 1
17 3 1
17 3 1
17 3 1
17 3 1
17 3 1
17 3 1
17 3 1
17 3 1
17 3 1
17 3 1
17 3 1
17 3 1
17 3 1
17 3 1
17 3 1
17 3 1
17 3 1
17 3 1
17 3 1
17 3 1
17 3 1
17 3 1
17 3 1
17 3 1
17 3 1
17 3 1
17 3 1
17 3 1
17 3 1
17 3 1
17 3 1
17 3 1
17 3 1
17 3 1
17 3 0
17 3 1
17 3 1
17 3 1
17 3 1
17 3 1
17 3 1
17 3 0
17 3 1
17 3 1
17 3 1
17 6 1
17 6 0
17 6 0
17 6 0
17 6 0
17 6 0
17 6 0
17 6 1
18 5 1
18 5 1
18 5 1
18 5 1
18 5 1
18 5 1
18 6 1
18 6 0
18 6 1
18 6 1
18 6 1
18 7 1
18 7 1
18 7 1
18 7 1
18 7 1
18 7 1
18 7 1
18 7 1
18 7 1
18 7 1
18 4 1
18 4 1
18 4 1
18 4 1
18 4 1
18 4 1
18 4 0
18 4 1
18 4 1
18 4 1
18 4 1
18 4 1
18 4 1
18 4 1
18 4 1
18 25 1
18 25 1
18 25 1
18 25 1
19 1 1
19 1 1
19 1 0
19 1 0
19 1 0
19 1 0
19 1 1
19 1 0
19 1 0
19 1 1
19 1 1
19 1 1
19 1 1
19 1 1
19 1 0
19 1 0
19 1 0
19 1 1
19 1 1
19 1 1
19 1 1
19 1 0
19 1 0
19 1 0
19 1 1
19 1 1
19 1 1
19 1 0
19 1 0
19 1 0
19 1 0
19 1 1
19 1 0
19 3 1
19 3 1
19 3 1
19 3 1
19 3 1
19 3 1
19 3 1
19 3 1
19 3 1
19 3 1
19 3 1
19 3 1
19 3 1
19 3 1
19 3 1
19 3 1
19 3 1
19 3 1
19 3 1
19 3 1
19 3 1
19 3 0
19 3 1
19 3 1
19 3 1
19 3 0
19 3 1
19 3 0
19 3 1
19 3 0
19 3 1
19 3 1
19 6 1
19 6 1
19 6 1
19 6 1
19 6 1
19 6 1
19 6 1
19 6 0
19 6 0
19 6 1
19 7 1
19 7 1
19 7 1
19 7 1
19 7 0
19 7 1
19 7 0
19 7 0
19 7 1
19 7 1
19 7 0
19 7 1
19 7 1
19 7 1
19 7 0
19 7 1
19 7 0
19 7 1
19 7 0
19 7 1
19 7 0
19 5 1
19 5 0
19 5 1
19 5 1
19 5 0
19 5 1
19 5 0
19 5 0
19 5 0
19 5 0
19 5 0
19 5 1
19 5 0
19 5 1
19 5 0
19 5 1
19 5 0
19 5 0
19 4 1
19 4 1
19 4 1
19 4 0
19 4 0
19 4 1
19 4 0
19 4 1
19 4 0
20 1 1
20 1 0
20 1 1
20 1 1
20 1 1
20 1 0
20 1 0
20 1 1
20 1 1
20 9 1
20 9 0
20 9 1
20 9 1
20 9 1
20 9 1
20 9 1
20 9 1
20 9 1
20 9 1
20 9 1
20 9 1
20 9 1
20 9 1
20 9 1
20 9 1
20 9 1
20 9 1
20 6 1
20 6 0
20 6 1
20 6 1
20 6 1
20 6 0
20 6 1
20 6 1
20 6 1
20 6 1
20 10 0
20 10 0
20 10 1
20 10 0
20 8 1
20 8 1
20 8 0
20 8 1
20 8 1
20 3 1
20 3 1
20 3 1
20 3 1
20 3 0
20 3 0
20 3 1
20 3 1
20 3 1
20 3 1
20 3 1
20 3 1
20 3 1
20 3 1
20 3 1
20 3 1
20 3 1
20 3 1
20 3 1
20 3 1
20 3 1
20 3 1
20 3 1
20 3 1
20 3 1
20 3 1
20 3 1
20 3 1
20 3 0
20 3 1
20 3 0
20 3 1
20 3 1
20 3 1
20 3 1
20 3 1
20 3 0
20 3 1
20 3 1
20 3 1
20 3 0
20 3 1
20 3 1
20 3 1
20 3 1
20 3 1
20 3 1
20 3 1
20 3 1
20 3 1
20 3 1
20 3 1
20 3 1
20 3 1
20 3 1
20 3 1
20 3 1
20 3 1
20 3 1
20 3 1
20 3 1
20 3 1
20 3 1
20 3 1
20 3 1
20 3 1
20 3 1
20 3 1
20 3 1
20 3 1
20 3 1
20 3 1
20 3 0
20 3 1
20 3 1
20 3 1
20 3 1
20 3 1
21 1 1
21 1 1
21 1 0
21 1 1
21 1 1
21 1 0
21 1 1
21 1 1
21 6 1
21 6 0
21 6 1
21 6 0
21 6 1
21 6 0
21 6 1
21 6 0
21 6 0
21 3 1
21 3 1
21 3 1
21 3 1
21 3 1
21 3 0
21 3 1
21 3 1
21 3 1
21 3 1
21 3 1
21 3 1
21 3 1
21 3 1
21 3 1
21 3 1
21 3 1
21 3 1
21 3 1
21 3 1
21 3 1
21 3 1
21 3 1
21 3 1
21 3 1
21 3 1
21 3 1
21 3 1
21 3 1
21 3 1
21 3 0
21 3 1
21 3 0
21 3 1
21 3 1
21 3 1
21 3 1
21 3 1
21 3 1
21 3 1
21 3 1
21 3 1
21 3 1
21 3 1
21 3 1
21 3 1
21 3 1
21 3 1
21 3 1
21 3 1
21 3 1
21 3 1
21 3 1
21 3 1
21 3 1
21 3 1
21 3 1
21 3 1
21 3 1
21 3 1
21 3 0
21 3 1
21 3 1
21 3 1
21 3 1
21 3 1
21 3 1
21 3 1
21 3 1
21 3 1
21 3 1
21 3 1
21 3 1
21 3 1
21 3 0
21 3 0
21 3 1
21 3 1
21 3 1
21 3 1
21 3 1
21 3 1
21 3 1
21 3 1
21 3 1
21 3 1
21 24 0
21 24 0
21 24 1
21 24 0
22 1 1
22 1 1
22 1 0
22 1 0
22 1 1
22 1 1
22 8 1
22 8 1
22 8 1
22 8 1
22 8 1
22 8 1
22 8 0
22 8 1
22 8 1
22 3 1
22 3 1
22 3 1
22 3 1
22 3 1
22 3 1
22 3 1
22 3 1
22 3 0
22 3 1
22 3 1
22 3 1
22 3 1
22 3 1
22 3 1
22 3 1
22 3 1
22 3 1
22 3 1
22 3 0
22 3 1
22 3 1
22 3 1
22 3 1
22 3 1
22 3 1
22 3 1
22 3 1
22 3 1
22 3 1
22 3 1
22 3 1
22 3 1
22 3 1
22 3 1
22 3 1
22 3 1
22 3 1
22 3 1
22 3 0
22 3 1
22 3 1
22 3 1
22 3 1
22 3 1
22 3 1
22 3 1
22 3 1
22 3 1
22 3 1
22 3 1
22 3 1
22 3 1
22 3 1
22 3 1
22 3 1
22 3 1
22 3 1
22 3 1
22 3 1
22 3 1
22 3 1
22 3 1
22 3 1
22 3 1
22 3 1
22 3 1
22 3 1
22 3 1
22 3 1
22 3 1
22 3 1
22 3 0
22 3 1
22 3 1
22 3 1
22 3 1
22 3 1
22 3 1
22 3 1
22 3 1
22 3 1
22 3 1
22 3 1
22 3 1
22 3 1
22 3 1
22 3 1
22 3 1
22 3 1
22 3 1
22 3 1
22 3 1
22 3 0
22 3 1
22 3 1
22 3 1
22 3 1
22 3 1
22 3 1
22 3 1
22 3 1
22 3 1
22 3 1
22 3 1
22 6 1
22 6 0
22 6 1
22 6 1
22 6 0
22 6 0
22 6 0
22 6 1
22 6 1
22 9 0
22 9 0
22 9 1
22 9 0
22 9 1
23 1 1
23 1 1
23 1 0
23 1 1
23 1 1
23 1 1
23 1 1
23 1 0
23 1 1
23 1 1
23 1 1
23 6 1
23 6 1
23 6 0
23 6 0
23 6 0
23 6 0
23 6 0
23 6 1
23 7 1
23 7 1
23 7 1
23 7 1
23 7 1
23 7 1
23 7 1
23 7 1
23 7 1
23 7 1
23 7 1
23 7 1
23 7 1
23 7 1
23 7 1
23 7 1
23 7 1
23 7 1
23 7 1
23 7 1
23 7 1
23 7 1
23 7 1
23 7 1
23 7 1
23 7 1
23 7 1
23 7 1
23 7 1
23 7 1
23 5 1
23 5 1
23 5 1
23 5 1
23 5 1
23 5 1
23 5 1
23 5 1
23 5 1
23 5 1
23 5 1
23 5 1
23 5 1
23 5 1
23 5 1
23 5 1
23 5 1
23 2 1
23 2 1
23 2 1
23 2 1
23 2 1
23 2 1
23 2 1
23 2 1
23 2 1
23 4 1
23 4 1
23 4 1
23 4 1
23 4 1
23 4 1
23 4 1
23 4 1
23 4 1
23 4 1
23 4 1
23 4 1
23 4 1
23 4 1
23 4 1
23 4 1
23 4 1
24 1 1
24 1 1
24 1 0
24 1 0
24 9 1
24 9 0
24 9 0
24 9 1
24 9 0
24 9 0
24 9 1
24 9 1
24 9 1
24 9 1
24 8 1
24 8 0
24 8 1
24 8 1
24 8 1
24 8 1
24 8 0
24 6 0
24 6 1
24 6 1
24 6 1
24 6 1
24 6 0
24 6 0
24 6 1
24 6 0
24 6 1
24 3 1
24 3 1
24 3 1
24 3 1
24 3 1
24 3 1
24 3 1
24 3 1
24 3 1
24 3 1
24 3 1
24 3 1
24 3 1
24 3 1
24 3 0
24 3 1
24 3 1
24 3 1
24 3 1
24 3 1
24 3 1
24 3 1
24 3 1
24 3 1
24 3 1
24 3 1
24 3 1
24 3 1
24 3 1
24 3 1
24 3 1
24 3 1
24 3 1
24 3 1
24 3 1
24 3 1
24 3 1
24 3 1
24 3 1
24 3 1
24 3 0
24 3 1
24 3 1
24 3 1
24 3 1
24 3 1
24 3 1
24 3 1
24 3 0
24 3 1
24 3 1
24 3 1
24 3 1
24 3 1
24 3 1
24 3 1
24 3 1
24 3 1
24 3 1
24 3 1
24 3 1
24 3 1
24 3 1
24 3 1
24 3 1
24 3 1
24 3 1
24 3 1
24 3 1
24 3 1
24 3 1
24 3 0
24 3 1
24 3 1
24 3 1
24 3 1
24 3 1
24 3 1
24 3 1
24 3 1
24 3 0
24 3 0
24 3 0
24 3 1
24 3 1
24 3 1
24 3 1
24 3 1
24 3 1
24 3 1
24 3 1
24 3 1
24 3 1
24 3 0
24 13 0
24 13 0
24 13 1
24 13 0
25 4 1
25 4 1
25 4 1
25 4 1
25 4 1
25 4 1
25 4 1
25 4 1
25 4 1
25 4 1
25 4 1
25 4 1
25 4 1
25 4 1
25 4 1
25 4 1
25 4 1
25 4 1
25 4 1
25 4 1
25 4 1
25 4 1
25 4 1
25 5 1
25 5 1
25 5 1
25 5 1
25 5 1
25 5 1
25 5 1
25 5 1
25 5 1
25 5 0
25 5 1
25 5 1
25 5 1
25 5 1
25 5 1
25 5 1
25 5 1
25 5 1
25 5 1
25 5 1
25 5 1
25 6 1
25 6 1
25 6 1
25 6 1
25 6 0
25 6 0
25 6 0
25 6 0
25 6 0
25 7 1
25 7 1
25 7 1
25 7 1
25 7 1
25 7 1
25 7 1
25 7 1
25 7 1
25 7 1
25 7 1
25 7 1
25 7 1
25 7 1
25 7 1
25 7 1
25 7 1
25 7 1
25 7 1
25 7 1
25 7 1
25 7 1
25 7 1
25 7 1
25 7 1
25 7 1
25 7 1
25 7 1
25 3 1
25 3 1
25 3 1
25 3 1
25 3 1
25 3 1
25 3 1
25 3 1
25 3 1
25 3 1
25 3 1
25 3 1
25 3 0
25 3 0
25 3 1
25 3 1
25 3 1
25 12 1
25 12 1
25 12 1
25 12 1
25 27 1
25 27 1
25 27 1
25 27 0
26 1 1
26 1 0
26 1 1
26 1 0
26 1 0
26 6 1
26 6 0
26 6 0
26 6 1
26 6 1
26 6 0
26 6 0
26 8 1
26 8 0
26 8 1
26 8 1
26 8 1
26 3 1
26 3 1
26 3 1
26 3 1
26 3 1
26 3 1
26 3 1
26 3 1
26 3 1
26 3 1
26 3 1
26 3 1
26 3 1
26 3 1
26 3 1
26 3 1
26 3 1
26 3 1
26 3 1
26 3 1
26 3 1
26 3 1
26 3 1
26 3 1
26 3 1
26 3 0
26 3 1
26 3 1
26 3 1
26 3 1
26 3 1
26 3 0
26 3 1
26 3 1
26 3 1
26 3 1
26 3 1
26 3 1
26 3 1
26 3 1
26 3 1
26 3 1
26 3 1
26 3 1
26 3 1
26 3 1
26 3 1
26 3 1
26 3 1
26 3 1
26 3 1
26 3 1
26 3 1
26 3 1
26 3 1
26 3 0
26 3 1
26 3 1
26 3 1
26 3 1
26 3 1
26 3 1
26 3 1
26 3 1
26 3 1
26 3 1
26 3 1
26 3 1
26 3 1
26 3 1
26 3 1
26 3 1
26 3 1
26 3 1
26 3 1
26 3 1
26 3 1
26 3 1
26 3 1
26 3 1
26 3 1
26 3 1
26 3 1
26 3 1
26 3 1
26 3 1
26 3 1
26 3 1
26 3 1
26 3 0
26 3 1
26 3 1
26 3 1
26 3 1
26 3 1
26 3 1
26 3 1
26 3 1
26 3 1
26 3 1
26 3 1
26 3 1
26 3 1
26 3 1
26 3 1
26 3 1
26 9 1
26 9 1
26 9 1
26 9 1
27 1 1
27 1 0
27 1 0
27 1 1
27 1 1
27 1 1
27 1 1
27 1 0
27 1 1
27 1 0
27 1 1
27 1 1
27 1 1
27 1 1
27 1 1
27 9 1
27 9 1
27 9 1
27 9 1
27 9 1
27 9 1
27 9 0
27 8 0
27 8 1
27 8 1
27 8 1
27 8 1
27 8 1
27 3 1
27 3 1
27 3 1
27 3 1
27 3 0
27 3 1
27 3 1
27 3 1
27 3 1
27 3 1
27 3 1
27 3 1
27 3 1
27 3 1
27 3 1
27 3 1
27 3 1
27 3 1
27 3 1
27 3 1
27 3 1
27 3 1
27 3 1
27 3 1
27 3 1
27 3 1
27 3 1
27 3 0
27 3 1
27 3 1
27 3 1
27 3 1
27 3 1
27 3 1
27 3 1
27 3 1
27 3 1
27 3 1
27 3 1
27 3 1
27 3 1
27 3 1
27 3 1
27 3 1
27 3 1
27 3 1
27 3 1
27 3 1
27 3 1
27 3 1
27 3 1
27 3 1
27 3 1
27 3 1
27 3 1
27 3 1
27 3 1
27 3 1
27 3 1
27 3 1
27 3 1
27 3 1
27 3 1
27 3 1
27 3 1
27 3 1
27 3 1
27 3 1
27 3 1
27 3 1
27 3 1
27 3 1
27 3 1
27 3 1
27 3 1
27 3 1
27 3 1
27 3 1
27 3 1
27 3 1
27 3 1
27 3 1
27 3 1
27 3 1
27 3 1
27 3 1
27 3 1
27 3 1
27 3 1
27 3 1
27 6 1
27 6 1
27 6 1
27 6 1
27 6 1
27 6 1
27 6 1
27 6 1
27 6 1
27 6 1
28 9 1
28 9 1
28 9 1
28 9 1
28 9 1
28 9 1
28 9 1
28 9 1
28 9 1
28 3 1
28 3 1
28 3 1
28 3 1
28 8 0
28 8 1
28 8 1
28 8 0
28 8 1
28 8 1
28 6 1
28 6 0
28 6 1
28 6 0
28 6 0
28 6 0
28 6 1
28 6 0
28 6 1
28 6 0
28 6 1
28 6 1
28 7 1
28 7 1
28 7 1
28 7 1
28 7 1
28 7 1
28 7 1
28 7 1
28 7 1
28 7 1
28 7 1
28 7 1
28 7 1
28 7 1
28 7 1
28 7 1
28 7 1
28 7 1
28 7 1
28 7 1
28 7 1
28 7 1
28 7 1
28 7 1
28 7 1
28 5 1
28 5 1
28 5 1
28 5 1
28 5 1
28 5 1
28 5 1
28 5 1
28 5 1
28 5 1
28 5 1
28 5 1
28 5 1
28 5 1
28 5 1
28 5 1
28 5 1
28 5 1
28 5 1
28 5 1
28 5 1
28 5 1
28 5 1
28 5 1
28 2 1
28 2 1
28 2 1
28 2 1
28 2 1
28 2 1
28 2 1
28 2 1
28 2 1
28 2 1
28 4 1
28 4 1
28 4 1
28 4 1
28 4 1
28 4 1
28 4 1
28 4 1
28 4 1
28 4 1
28 4 1
28 4 1
28 4 1
28 4 1
28 4 1
28 4 1
28 4 1
28 4 1
28 4 1
28 4 1
28 4 1
28 4 1
29 1 1
29 1 1
29 1 0
29 1 0
29 25 1
29 25 1
29 25 1
29 25 1
29 3 1
29 3 1
29 3 1
29 3 0
29 3 1
29 3 1
29 3 1
29 3 1
29 3 1
29 3 1
29 3 1
29 3 1
29 3 1
29 3 1
29 3 1
29 3 1
29 3 1
29 3 1
29 3 1
29 3 1
29 3 1
29 3 1
29 3 1
29 3 1
29 3 1
29 3 1
29 3 1
29 3 1
29 3 1
29 3 1
29 3 1
29 3 1
29 3 1
29 3 1
29 3 1
29 3 1
29 3 1
29 3 1
29 3 1
29 3 1
29 3 1
29 3 1
29 3 0
29 3 1
29 3 1
29 3 1
29 3 1
29 3 1
29 3 1
29 3 1
29 3 1
29 3 1
29 3 1
29 3 1
29 3 1
29 3 1
29 3 1
29 3 1
29 3 1
29 3 1
29 3 1
29 3 1
29 3 0
29 3 1
29 3 1
29 3 1
29 3 1
29 3 1
29 3 1
29 3 1
29 3 1
29 3 1
29 3 1
29 3 1
29 3 1
29 3 1
29 3 1
29 3 1
29 3 1
29 3 1
29 3 1
29 3 1
29 3 1
29 9 1
29 9 1
29 9 0
29 9 0
29 9 1
29 6 1
29 6 1
29 6 0
29 6 1
29 6 1
29 6 0
29 6 1
29 6 1
29 6 1
29 6 1
30 1 0
30 1 1
30 1 1
30 1 1
30 9 1
30 9 0
30 9 1
30 9 1
30 9 1
30 9 0
30 9 1
30 9 1
30 6 1
30 6 0
30 6 0
30 6 0
30 6 1
30 6 0
30 6 0
30 6 0
30 6 1
30 6 0
30 6 1
30 10 1
30 10 1
30 10 1
30 10 1
30 8 1
30 8 1
30 8 1
30 8 1
30 8 1
30 3 1
30 3 1
30 3 1
30 3 1
30 3 0
30 3 0
30 3 1
30 3 1
30 3 1
30 3 1
30 3 1
30 3 1
30 3 1
30 3 1
30 3 1
30 3 1
30 3 1
30 3 1
30 3 1
30 3 1
30 3 1
30 3 1
30 3 1
30 3 0
30 3 1
30 3 1
30 3 1
30 3 1
30 3 1
30 3 1
30 3 1
30 3 1
30 3 1
30 3 1
30 3 1
30 3 1
30 3 1
30 3 1
30 3 1
30 3 1
30 3 1
30 3 1
30 3 1
30 3 1
30 3 1
30 3 1
30 3 1
30 3 1
30 3 1
30 3 1
30 3 1
30 3 1
30 3 1
30 3 1
30 3 1
30 3 1
30 3 1
30 3 1
30 3 1
30 3 1
30 3 1
30 3 1
30 3 1
30 3 1
30 3 1
30 3 1
30 3 1
30 3 1
30 3 1
30 3 1
30 3 1
30 3 1
30 3 1
30 3 1
30 3 1
30 3 1
30 3 1
30 3 1
30 3 1
30 3 0
30 3 1
30 3 1
30 3 1
30 3 1
30 3 1
30 3 1
31 1 1
31 1 0
31 1 0
31 1 0
31 9 0
31 9 1
31 9 0
31 9 1
31 12 1
31 12 1
31 12 1
31 12 1
31 12 1
31 12 1
31 3 1
31 3 1
31 3 0
31 3 0
31 3 0
31 3 1
31 3 0
31 3 1
31 3 1
31 3 1
31 3 1
31 3 1
31 6 1
31 6 0
31 6 1
31 6 1
31 6 0
31 6 0
31 6 1
31 4 1
31 4 1
31 4 1
31 4 1
31 4 1
31 4 1
31 4 1
31 4 1
31 4 1
31 4 1
31 4 1
31 4 1
31 4 1
31 4 1
31 4 1
31 4 1
31 4 1
31 4 1
31 4 1
31 4 1
31 4 1
31 4 1
31 8 0
31 8 1
31 8 1
31 8 1
31 8 1
31 8 1
31 7 1
31 7 1
31 7 1
31 7 1
31 7 1
31 7 1
31 7 1
31 7 1
31 7 1
31 7 1
31 7 1
31 7 1
31 7 1
31 7 1
31 7 1
31 7 1
31 7 1
31 7 1
31 7 1
31 7 1
31 7 1
31 7 1
31 7 1
31 7 1
31 7 1
31 7 1
31 7 1
31 7 1
31 7 1
31 7 1
31 7 1
31 7 1
31 7 1
31 7 1
31 7 1
31 7 1
31 7 1
31 7 1
31 7 1
31 7 1
31 7 1
31 7 1
31 7 1
31 5 1
31 5 1
31 5 1
31 5 1
31 5 1
31 5 1
31 5 1
31 5 1
31 5 1
31 5 1
31 5 1
31 5 1
31 5 1
31 5 1
31 5 1
31 5 1
31 5 1
31 5 1
31 5 1
31 5 1
31 5 0
31 5 0
31 5 0
31 5 1
31 5 1
31 5 0
31 5 1
31 5 1
31 2 1
31 2 1
31 2 1
31 2 1
31 2 1
31 2 1
31 2 1
31 2 1
31 2 1
31 2 1
31 2 1
31 2 1
31 2 1
31 2 1
31 2 1
31 2 1
31 2 1
31 2 1
31 23 1
31 23 1
31 23 1
31 23 1
32 1 1
32 1 1
32 1 1
32 1 0
32 3 0
32 3 1
32 3 1
32 3 1
32 6 1
32 6 0
32 6 1
32 6 0
32 6 0
32 6 0
32 6 0
32 6 1
32 6 0
32 7 1
32 7 1
32 7 1
32 7 0
32 7 1
32 7 1
32 7 1
32 7 1
32 7 1
32 7 1
32 7 1
32 7 1
32 7 1
32 7 1
32 7 1
32 7 1
32 7 1
32 7 1
32 7 1
32 7 1
32 7 1
32 7 1
32 7 1
32 7 1
32 7 1
32 7 1
32 7 1
32 7 1
32 7 1
32 5 1
32 5 1
32 5 1
32 5 1
32 5 1
32 5 1
32 5 1
32 5 1
32 5 1
32 5 1
32 5 1
32 5 1
32 5 1
32 5 1
32 5 1
32 5 1
32 5 1
32 5 1
32 5 1
32 5 1
32 5 1
32 2 1
32 2 1
32 2 1
32 2 1
32 2 1
32 2 1
32 2 1
32 2 1
32 2 1
32 2 1
32 2 0
32 4 1
32 4 1
32 4 1
32 4 1
32 4 1
32 4 1
32 4 1
32 4 1
32 4 1
32 4 1
32 4 1
32 4 1
32 4 1
32 4 1
32 4 0
32 4 1
33 1 1
33 1 1
33 1 1
33 1 1
33 1 1
33 1 1
33 1 0
33 8 1
33 8 0
33 8 1
33 8 1
33 8 1
33 8 1
33 8 0
33 3 1
33 3 1
33 3 1
33 3 1
33 3 1
33 3 1
33 3 1
33 3 1
33 3 1
33 3 1
33 3 1
33 3 1
33 3 1
33 3 1
33 3 0
33 3 1
33 3 1
33 3 1
33 3 1
33 3 1
33 3 1
33 3 1
33 3 0
33 3 1
33 3 1
33 3 1
33 3 1
33 3 1
33 3 1
33 3 1
33 3 1
33 3 1
33 3 1
33 3 1
33 3 1
33 3 1
33 3 1
33 3 1
33 3 1
33 3 1
33 3 1
33 3 1
33 3 1
33 3 1
33 3 1
33 3 1
33 3 1
33 3 1
33 3 1
33 3 1
33 3 1
33 3 1
33 3 1
33 3 1
33 3 1
33 3 1
33 3 1
33 3 0
33 3 1
33 3 1
33 3 1
33 3 1
33 3 1
33 3 1
33 3 1
33 3 1
33 3 1
33 3 1
33 3 1
33 3 1
33 3 1
33 3 1
33 3 1
33 3 1
33 3 1
33 3 1
33 3 0
33 3 0
33 3 1
33 3 1
33 3 1
33 3 1
33 3 1
33 3 1
33 3 1
33 3 1
33 3 1
33 3 1
33 3 1
33 3 1
33 6 1
33 6 1
33 6 1
33 6 1
33 6 0
33 6 1
33 6 1
33 6 1
34 1 1
34 1 0
34 1 0
34 1 1
34 6 0
34 6 1
34 6 1
34 6 0
34 6 0
34 6 0
34 3 1
34 3 1
34 3 1
34 3 0
34 3 1
34 3 1
34 3 1
34 3 1
34 3 1
34 3 1
34 3 1
34 3 1
34 3 1
34 3 1
34 3 1
34 3 1
34 3 1
34 3 1
34 3 1
34 3 1
34 3 1
34 3 1
34 3 1
34 3 1
34 3 1
34 3 1
34 3 1
34 3 1
34 3 1
34 3 1
34 3 1
34 3 1
34 3 1
34 3 1
34 3 1
34 3 1
34 3 1
34 3 1
34 3 1
34 3 1
34 3 1
34 3 1
34 3 1
34 3 1
34 3 1
34 3 0
34 3 0
34 3 1
34 3 1
34 3 0
34 3 1
34 3 1
34 3 1
34 3 1
34 3 1
34 3 1
34 3 1
34 3 1
34 3 1
34 3 1
34 3 1
34 3 1
34 3 1
34 3 1
34 3 1
34 3 1
34 3 1
34 3 1
34 3 1
34 3 1
34 3 1
34 3 1
34 3 1
34 3 1
34 3 1
34 3 1
34 3 1
34 3 1
34 3 1
34 3 1
34 3 1
34 3 1
34 3 1
34 3 1
34 3 0
34 3 1
34 3 1
34 3 1
34 3 1
34 3 1
34 3 1
34 3 1
34 3 1
34 3 1
34 3 1
34 3 1
34 3 1
34 3 1
34 3 0
34 3 0
34 3 1
34 3 1
34 8 1
34 8 1
34 8 1
34 8 0
34 8 1
34 8 1
35 1 1
35 1 0
35 1 1
35 1 0
35 1 1
35 1 1
35 1 1
35 1 0
35 1 1
35 1 1
35 9 0
35 9 0
35 9 0
35 9 1
35 6 0
35 6 1
35 6 1
35 6 0
35 6 0
35 6 1
35 7 1
35 7 1
35 7 1
35 7 1
35 7 1
35 7 1
35 7 1
35 3 1
35 3 1
35 3 0
35 3 0
35 3 1
35 3 1
35 3 1
35 3 1
35 3 0
35 3 1
35 3 1
35 3 1
35 3 1
35 3 1
35 3 1
35 3 1
35 3 0
35 3 1
35 3 1
35 3 1
35 3 1
35 3 1
35 3 1
35 3 1
35 3 1
35 3 1
35 3 1
35 3 1
35 3 1
35 3 1
35 3 1
35 3 1
35 3 1
35 3 1
35 3 1
35 3 1
35 3 1
35 3 1
35 3 1
35 3 1
35 3 1
35 3 1
35 3 1
35 3 1
35 3 1
35 3 1
35 3 1
35 3 1
35 3 1
35 3 1
35 3 1
35 3 1
35 3 1
35 3 1
35 3 1
35 3 1
35 3 1
35 3 1
35 3 1
35 3 0
35 4 1
35 4 1
35 4 1
35 4 1
35 4 1
35 4 1
35 4 1
35 4 1
35 4 1
36 1 1
36 1 1
36 1 1
36 1 1
36 1 1
36 1 1
36 1 1
36 1 0
36 1 1
36 9 1
36 9 1
36 9 1
36 9 1
36 9 1
36 6 1
36 6 1
36 6 0
36 6 1
36 6 1
36 6 1
36 6 1
36 6 1
36 6 1
36 8 1
36 8 1
36 8 0
36 8 1
36 8 0
36 8 1
36 3 1
36 3 1
36 3 0
36 3 1
36 3 1
36 3 1
36 3 1
36 3 1
36 3 1
36 3 1
36 3 1
36 3 1
36 3 1
36 3 1
36 3 1
36 3 1
36 3 1
36 3 1
36 3 1
36 3 1
36 3 1
36 3 1
36 3 1
36 3 1
36 3 1
36 3 1
36 3 1
36 3 1
36 3 1
36 3 1
36 3 1
36 3 1
36 3 1
36 3 1
36 3 1
36 3 1
36 3 1
36 3 1
36 3 1
36 3 1
36 3 1
36 3 1
36 3 1
36 3 1
36 3 1
36 3 1
36 3 1
36 3 1
36 3 1
36 3 1
36 3 1
36 3 1
36 3 1
36 3 1
36 3 1
36 3 1
36 3 1
36 3 1
36 3 1
36 3 1
36 3 1
36 3 1
36 3 1
36 3 1
36 3 1
36 3 1
36 3 1
36 3 1
36 3 1
36 3 1
36 3 1
36 3 1
36 3 1
36 3 1
36 3 1
36 3 1
36 3 1
36 3 1
36 3 1
36 3 1
36 3 1
36 3 1
36 3 1
36 3 1
36 3 1
36 3 1
36 3 1
36 3 1
36 3 1
36 3 1
36 3 1
36 3 1
36 3 1
36 3 1
36 3 0
36 3 1
36 3 1
36 3 1
36 3 1
36 3 1
36 3 1
36 3 1
36 3 1
36 3 1
36 3 1
36 13 0
36 13 0
36 13 0
36 13 0
36 13 1
36 13 0
37 1 1
37 1 0
37 1 0
37 1 1
37 1 0
37 1 1
37 1 1
37 6 1
37 6 1
37 6 1
37 6 1
37 6 0
37 6 1
37 6 0
37 3 1
37 3 1
37 3 1
37 3 1
37 3 1
37 3 1
37 3 1
37 3 1
37 3 1
37 3 1
37 3 1
37 3 1
37 3 1
37 3 1
37 3 1
37 3 1
37 3 1
37 3 1
37 3 1
37 3 1
37 3 1
37 3 1
37 3 1
37 3 1
37 3 1
37 3 1
37 3 1
37 3 1
37 3 1
37 3 0
37 3 1
37 3 1
37 3 1
37 3 1
37 3 1
37 3 1
37 3 1
37 3 1
37 3 1
37 3 1
37 3 1
37 3 1
37 3 1
37 3 1
37 3 1
37 3 1
37 3 1
37 3 1
37 3 1
37 3 1
37 3 1
37 3 1
37 3 1
37 3 1
37 3 1
37 3 1
37 3 1
37 3 1
37 3 1
37 3 1
37 3 1
37 3 1
37 3 1
37 3 1
37 3 1
37 3 1
37 3 1
37 3 1
37 4 1
37 4 1
37 4 1
37 4 1
37 4 1
38 1 1
38 1 1
38 1 0
38 1 1
38 1 0
38 1 1
38 1 1
38 9 1
38 9 1
38 9 1
38 9 1
38 9 1
38 9 1
38 9 1
38 9 1
38 9 1
38 9 1
38 9 1
38 9 1
38 9 1
38 9 1
38 9 0
38 12 1
38 12 1
38 12 1
38 12 1
38 12 1
38 12 1
38 3 0
38 3 1
38 3 0
38 3 1
38 3 1
38 3 0
38 3 1
38 3 1
38 3 1
38 3 1
38 3 0
38 3 0
38 6 0
38 6 1
38 6 1
38 6 0
38 6 1
38 8 1
38 8 1
38 8 1
38 8 1
38 8 1
38 7 1
38 7 1
38 7 1
38 7 1
38 7 1
38 7 1
38 7 1
38 7 1
38 7 1
38 7 1
38 7 1
38 7 1
38 7 1
38 7 1
38 7 1
38 7 1
38 7 1
38 7 1
38 7 1
38 7 1
38 7 1
38 7 1
38 5 1
38 5 1
38 5 1
38 5 1
38 5 1
38 5 1
38 5 1
38 5 1
38 5 1
38 5 1
38 5 1
38 5 1
38 5 1
38 5 1
38 5 1
38 5 1
38 5 1
38 5 1
38 5 1
38 5 1
38 5 1
38 5 1
38 5 1
38 13 0
38 13 0
38 13 0
38 13 0
38 13 0
38 2 1
38 2 1
38 2 1
38 2 1
38 2 1
38 4 1
38 4 1
38 4 1
38 4 1
38 4 1
38 4 1
38 4 1
38 4 1
38 4 1
38 4 1
38 4 1
38 4 1
38 4 1
38 4 1
38 4 1
38 4 1
39 1 0
39 1 1
39 1 0
39 1 0
39 1 1
39 1 0
39 1 1
39 1 0
39 1 0
39 1 0
39 9 1
39 9 1
39 9 1
39 9 1
39 9 1
39 12 1
39 12 1
39 12 1
39 12 1
39 12 1
39 12 1
39 6 1
39 6 0
39 6 1
39 6 1
39 6 0
39 6 1
39 6 1
39 8 1
39 8 1
39 8 1
39 8 1
39 8 1
39 8 1
39 7 1
39 7 1
39 7 1
39 7 1
39 7 1
39 7 1
39 7 1
39 7 1
39 7 1
39 7 1
39 7 1
39 7 1
39 7 1
39 7 1
39 7 1
39 7 1
39 7 1
39 7 1
39 7 1
39 7 1
39 7 1
39 7 1
39 7 1
39 7 1
39 7 1
39 7 1
39 7 1
39 7 1
39 7 1
39 7 1
39 7 1
39 7 1
39 7 1
39 7 1
39 5 1
39 5 0
39 5 1
39 5 1
39 5 1
39 5 1
39 5 1
39 5 1
39 5 1
39 5 1
39 5 1
39 5 1
39 5 1
39 5 1
39 5 1
39 5 1
39 5 1
39 5 1
39 5 1
39 5 1
39 5 1
39 5 1
39 5 1
39 5 1
39 5 1
39 5 1
39 5 1
39 5 1
39 5 1
39 2 1
39 2 1
39 2 1
39 2 1
39 2 1
39 2 1
39 2 1
39 2 1
39 2 1
39 4 1
39 4 1
39 4 1
39 4 1
39 4 1
39 4 1
39 4 1
39 4 1
39 4 1
39 4 1
39 4 1
39 4 1
39 4 1
39 4 1
39 4 1
39 4 1
39 4 1
39 4 1
39 4 1
39 4 1
39 4 1
39 4 1
39 4 1
39 4 1
39 4 1
39 4 1
40 1 1
40 1 0
40 1 0
40 1 1
40 1 1
40 1 1
40 1 1
40 1 1
40 9 1
40 9 1
40 9 1
40 9 1
40 3 1
40 3 1
40 3 1
40 3 1
40 3 0
40 3 0
40 3 1
40 3 1
40 3 1
40 3 1
40 3 1
40 3 1
40 3 1
40 3 1
40 3 1
40 3 1
40 3 1
40 3 1
40 3 1
40 3 1
40 3 1
40 3 1
40 3 1
40 3 1
40 3 1
40 3 1
40 3 1
40 3 1
40 3 1
40 3 0
40 3 1
40 3 1
40 3 1
40 3 1
40 3 1
40 3 1
40 3 0
40 3 1
40 3 0
40 3 1
40 3 1
40 3 1
40 3 1
40 3 1
40 3 1
40 3 1
40 3 1
40 3 1
40 3 1
40 3 1
40 3 1
40 3 1
40 3 1
40 3 1
40 3 1
40 3 1
40 3 1
40 3 1
40 3 1
40 3 1
40 3 1
40 3 1
40 3 1
40 3 1
40 3 1
40 3 1
40 3 1
40 3 0
40 3 1
40 3 1
40 3 1
40 3 1
40 3 1
40 3 1
40 3 1
40 3 1
40 3 1
40 3 1
40 3 1
40 3 1
40 3 1
40 3 1
40 3 1
40 3 1
40 3 1
40 3 1
40 3 1
40 3 1
40 3 1
40 3 0
40 3 1
40 3 1
40 3 1
40 3 1
40 3 1
40 3 1
40 3 1
40 3 1
40 3 1
40 3 1
40 3 1
40 3 1
40 3 1
40 19 1
40 19 0
40 19 1
40 19 1
40 6 1
40 6 0
40 6 1
40 6 0
40 6 1
40 6 0
40 6 1
40 6 1
40 10 1
40 10 1
40 10 0
40 10 1
40 10 1
40 8 1
40 8 1
40 8 1
40 8 1
40 21 0
40 21 1
40 21 1
40 21 0
40 21 1
40 11 1
40 11 1
40 11 1
40 11 1
41 1 1
41 1 1
41 1 0
41 1 0
41 9 1
41 9 1
41 9 1
41 9 1
41 9 0
41 9 1
41 3 1
41 3 1
41 3 1
41 3 1
41 3 0
41 3 1
41 3 1
41 3 1
41 3 1
41 3 1
41 3 1
41 3 1
41 3 1
41 3 1
41 3 1
41 3 1
41 3 1
41 3 1
41 3 1
41 3 1
41 3 1
41 3 1
41 3 1
41 3 1
41 3 0
41 3 1
41 3 1
41 3 1
41 3 1
41 3 1
41 3 1
41 3 1
41 3 1
41 3 0
41 3 1
41 3 1
41 3 1
41 3 1
41 3 1
41 3 1
41 3 1
41 3 1
41 3 1
41 3 1
41 3 1
41 3 0
41 3 1
41 3 1
41 3 0
41 3 1
41 3 1
41 3 1
41 3 1
41 3 1
41 3 1
41 3 1
41 3 1
41 3 1
41 3 1
41 3 1
41 3 1
41 3 1
41 3 1
41 3 1
41 3 1
41 3 1
41 3 1
41 3 1
41 3 1
41 3 1
41 3 1
41 3 1
41 3 1
41 3 1
41 3 1
41 3 1
41 3 1
41 3 1
41 3 1
41 3 1
41 3 1
41 3 1
41 3 1
41 3 1
41 3 1
41 3 1
41 3 1
41 3 1
41 3 1
41 3 1
41 3 1
41 3 1
41 3 1
41 3 1
41 3 1
41 3 1
41 3 1
41 3 1
41 3 1
41 3 1
41 3 1
41 3 1
41 3 1
41 3 1
41 3 1
41 3 1
41 3 1
41 3 1
41 3 1
41 3 1
41 3 1
41 3 1
41 3 1
41 3 0
41 3 0
41 3 1
41 3 1
41 3 1
41 3 1
41 3 0
41 3 1
41 3 1
41 8 1
41 8 0
41 8 1
41 8 0
41 8 1
41 8 0
41 6 1
41 6 1
41 6 1
41 6 1
41 6 0
41 6 0
41 6 1
41 6 1
41 6 0
41 7 1
41 7 1
41 7 1
41 7 1
41 5 0
41 5 1
41 5 1
41 5 1
42 6 1
42 6 0
42 6 0
42 6 1
42 6 0
42 6 1
42 3 1
42 3 1
42 3 1
42 3 1
42 3 1
42 3 1
42 3 1
42 3 1
42 3 1
42 3 1
42 3 1
42 3 1
42 3 1
42 3 1
42 3 1
42 3 1
42 3 1
42 3 1
42 3 1
42 3 1
42 3 1
42 3 0
42 3 1
42 3 1
42 3 1
42 3 1
42 3 0
42 3 1
42 3 1
42 3 1
42 3 1
42 3 1
42 3 1
42 3 1
42 3 1
42 3 1
42 3 1
43 8 1
43 8 1
43 8 0
43 8 1
43 8 1
43 3 1
43 3 1
43 3 1
43 3 1
43 3 0
43 3 0
43 3 1
43 3 1
43 3 1
43 3 1
43 3 1
43 3 1
43 3 1
43 3 1
43 3 1
43 3 1
43 3 1
43 3 1
43 3 1
43 3 1
43 3 1
43 3 1
43 3 1
43 3 1
43 3 1
43 3 1
43 3 1
43 3 1
43 3 1
43 3 1
43 3 1
43 3 1
43 3 0
43 3 1
43 3 0
43 3 1
43 3 0
43 3 1
43 3 1
43 3 1
43 3 1
43 3 1
43 3 0
43 3 0
43 3 0
43 3 1
43 3 1
43 3 1
43 3 1
43 3 1
43 3 1
43 3 1
43 3 1
43 3 1
43 3 1
43 3 1
43 3 1
43 3 1
43 3 1
43 3 1
43 3 1
43 3 1
43 3 1
43 3 1
43 3 1
43 3 1
43 3 1
43 3 1
43 3 1
43 3 1
43 3 1
43 3 1
43 3 1
43 3 1
43 3 1
43 3 0
43 3 1
43 3 1
43 3 1
43 3 1
43 3 1
43 3 0
43 3 1
43 3 1
43 3 1
43 3 1
43 3 1
43 3 1
43 3 1
43 3 1
43 3 1
43 3 1
43 3 1
43 3 1
43 3 1
43 3 1
43 3 0
43 3 0
43 3 1
43 3 1
43 3 1
43 3 1
43 3 1
43 3 1
43 3 0
43 3 1
43 3 1
43 3 1
43 3 1
43 3 1
43 26 1
43 26 1
43 26 1
43 26 1
43 6 0
43 6 1
43 6 0
43 6 1
43 6 0
43 6 1
43 6 0
44 9 1
44 9 1
44 9 1
44 9 1
44 9 1
44 9 0
44 9 1
44 9 1
44 9 1
44 9 1
44 9 1
44 9 1
44 9 1
44 9 1
44 6 0
44 6 0
44 6 1
44 6 1
44 6 1
44 6 1
44 6 1
44 6 1
44 10 1
44 10 1
44 10 1
44 10 1
44 8 1
44 8 1
44 8 1
44 8 0
44 7 1
44 7 1
44 7 1
44 7 1
44 7 1
44 3 0
44 3 1
44 3 1
44 3 1
44 3 1
44 3 1
44 3 1
44 3 1
44 3 1
44 3 1
44 3 1
44 3 1
44 3 1
44 3 1
44 3 1
44 3 1
44 3 1
44 3 1
44 3 1
44 3 1
44 3 1
44 3 1
44 3 1
44 3 0
44 3 1
44 3 1
44 3 1
44 3 1
44 3 1
44 3 1
44 3 1
44 3 1
44 3 1
44 3 1
44 3 1
44 3 1
44 3 1
44 3 1
44 3 1
44 3 1
44 3 1
44 3 0
44 3 1
44 3 1
44 3 1
44 3 1
44 3 1
44 3 1
44 3 1
44 3 1
44 3 0
44 3 1
44 3 1
44 3 1
44 3 1
44 3 1
44 3 1
44 3 1
44 3 1
44 3 1
44 3 1
44 3 1
44 3 1
44 3 1
44 3 1
44 3 1
44 3 1
44 3 1
44 3 1
44 3 1
44 3 1
44 3 1
44 3 1
44 3 0
44 3 1
44 3 1
44 3 1
44 3 1
44 3 1
44 3 1
44 3 1
44 3 1
45 1 1
45 1 0
45 1 1
45 1 0
45 1 1
45 1 0
45 1 0
45 1 1
45 1 1
45 1 1
45 1 1
45 1 1
45 9 0
45 9 1
45 9 1
45 9 1
45 9 1
45 9 1
45 9 1
45 3 1
45 3 1
45 3 0
45 3 1
45 3 1
45 3 1
45 3 1
45 3 1
45 3 1
45 3 1
45 3 1
45 3 1
45 3 1
45 3 1
45 3 1
45 3 1
45 3 1
45 3 1
45 3 0
45 3 1
45 3 1
45 3 1
45 3 1
45 3 1
45 3 1
45 3 1
45 3 1
45 3 1
45 3 1
45 3 1
45 3 1
45 3 0
45 3 1
45 3 1
45 3 1
45 3 1
45 3 1
45 3 1
45 3 1
45 3 1
45 3 1
45 3 1
45 3 0
45 3 1
45 3 1
45 3 1
45 3 1
45 3 1
45 3 1
45 3 1
45 3 1
45 3 1
45 3 1
45 3 1
45 3 1
45 3 1
45 3 1
45 3 1
45 3 1
45 3 1
45 3 1
45 3 1
45 3 1
45 3 1
45 3 1
45 3 1
45 3 1
45 3 1
45 3 1
45 3 1
45 3 1
45 3 1
45 3 1
45 3 1
45 3 1
45 3 1
45 3 1
45 3 0
45 3 1
45 3 1
45 3 1
45 3 1
45 3 1
45 3 0
45 3 1
45 3 1
45 3 0
45 3 1
45 3 1
45 3 1
45 3 1
45 3 1
45 3 0
45 3 1
45 6 1
45 6 1
45 6 1
45 6 0
45 6 0
45 6 0
45 6 0
45 6 1
45 6 1
45 10 1
45 10 1
45 10 0
45 10 1
45 10 1
45 10 1
45 8 1
45 8 1
45 8 1
45 8 1
45 7 0
45 7 1
45 7 1
45 7 1
45 7 1
45 7 1
45 7 1
45 5 1
45 5 1
45 5 1
45 5 1
46 1 1
46 1 1
46 1 0
46 1 0
46 1 0
46 1 0
46 1 0
46 1 0
46 1 1
46 1 1
46 1 0
46 1 0
46 1 0
46 1 1
46 1 0
46 1 1
46 1 1
46 1 1
46 1 0
46 1 1
46 1 0
46 1 0
46 1 1
46 1 0
46 1 0
46 9 1
46 9 1
46 9 0
46 9 1
46 5 1
46 5 1
46 5 1
46 5 1
46 5 0
46 5 1
46 5 0
46 5 1
46 5 1
46 5 1
46 5 0
46 5 1
46 5 1
46 5 1
46 5 1
46 5 1
46 5 1
46 6 1
46 6 0
46 6 0
46 6 0
46 6 0
46 6 0
46 6 1
46 6 1
46 6 1
46 7 1
46 7 1
46 7 1
46 7 1
46 7 1
46 7 1
46 7 1
46 7 0
46 7 1
46 7 1
46 7 1
46 7 1
46 7 1
46 7 1
46 7 1
46 7 1
46 7 1
46 7 1
46 7 1
46 7 1
46 7 1
46 7 1
46 7 1
46 7 1
46 7 1
46 3 1
46 3 1
46 3 1
46 3 1
46 3 0
46 3 1
46 3 1
46 3 1
46 3 0
46 3 1
46 3 1
46 3 1
46 3 1
46 2 1
46 2 1
46 2 1
46 2 1
46 2 1
46 2 1
46 2 1
46 2 1
46 4 1
46 4 1
46 4 1
46 4 0
46 4 1
46 4 0
46 4 1
46 4 0
46 4 1
46 4 0
46 4 1
46 4 0
46 4 1
46 4 1
46 4 1
46 4 1
46 4 1
46 4 1
47 1 0
47 1 1
47 1 1
47 1 1
47 1 1
47 6 0
47 6 1
47 6 1
47 6 0
47 6 0
47 6 0
47 6 0
47 3 1
47 3 1
47 3 1
47 3 1
47 3 1
47 3 1
47 3 1
47 3 1
47 3 1
47 3 1
47 3 1
47 3 1
47 3 1
47 3 1
47 3 1
47 3 1
47 3 1
47 3 0
47 3 1
47 3 1
47 3 1
47 3 1
47 3 1
47 3 1
47 3 1
47 3 1
47 3 1
47 3 1
47 3 1
47 3 1
47 3 0
47 3 1
47 3 1
47 3 1
47 3 1
47 3 1
47 3 1
47 3 1
47 3 1
47 3 1
47 3 1
47 3 1
47 3 1
47 3 1
47 3 1
47 3 1
47 3 1
47 3 1
47 3 1
47 3 1
47 3 1
47 3 1
47 3 1
47 3 1
47 3 1
47 3 1
47 3 1
47 3 1
47 3 1
47 3 1
47 3 1
47 3 1
47 3 1
47 3 1
47 3 1
47 3 1
47 3 1
47 3 1
47 3 1
47 3 1
47 3 1
47 3 1
47 3 1
47 3 1
47 3 1
47 3 1
47 3 1
47 3 1
47 3 1
47 3 1
47 3 1
47 3 1
47 3 1
47 3 1
47 3 1
47 3 1
48 1 0
48 1 0
48 1 1
48 1 0
48 1 0
48 1 0
48 1 0
48 1 0
48 1 1
48 1 1
48 1 0
48 1 1
48 1 1
48 1 0
48 9 1
48 9 1
48 9 1
48 9 1
48 9 1
48 12 1
48 12 0
48 12 1
48 12 1
48 3 1
48 3 1
48 3 1
48 3 1
48 3 1
48 3 1
48 3 0
48 3 1
48 3 1
48 3 0
48 3 1
48 3 1
48 3 1
48 3 1
48 3 1
48 3 1
48 6 1
48 6 1
48 6 1
48 6 0
48 6 0
48 6 0
48 6 1
48 6 1
48 7 1
48 7 1
48 7 1
48 7 0
48 7 1
48 7 1
48 7 1
48 7 1
48 7 1
48 7 1
48 7 1
48 7 1
48 7 1
48 7 1
48 7 1
48 7 1
48 7 1
48 7 1
48 7 1
48 7 1
48 7 1
48 7 1
48 7 1
48 7 1
48 5 1
48 5 1
48 5 1
48 5 1
48 5 0
48 5 1
48 5 1
48 5 1
48 5 1
48 5 1
48 5 1
48 5 1
48 5 1
48 5 1
48 5 1
48 5 1
48 5 1
48 5 1
48 5 1
48 5 1
48 5 1
48 5 1
48 5 1
48 5 1
48 5 1
48 2 1
48 2 1
48 2 1
48 2 1
48 2 1
48 2 1
48 2 1
48 2 1
48 2 1
48 4 1
48 4 0
48 4 1
48 4 1
48 4 1
48 4 1
48 4 1
48 4 1
48 4 1
48 4 1
48 4 1
48 4 1
48 4 1
48 4 1
48 4 0
48 4 1
48 4 1
49 1 1
49 1 1
49 1 1
49 1 1
49 1 1
49 1 1
49 1 1
49 1 1
49 1 1
49 1 1
49 1 1
49 1 1
49 1 0
49 1 1
49 1 1
49 1 1
49 1 1
49 1 0
49 1 1
49 1 1
49 1 1
49 1 1
49 1 1
49 1 1
49 1 1
49 1 1
49 1 1
49 1 1
49 1 1
49 1 1
49 1 1
49 1 1
49 1 1
49 1 1
49 1 1
49 1 1
49 1 1
49 1 1
49 1 1
49 1 1
49 1 1
49 3 1
49 3 1
49 3 1
49 3 1
49 3 0
49 3 0
49 3 1
49 3 1
49 3 1
49 3 1
49 3 1
49 3 1
49 3 1
49 3 1
49 3 1
49 3 1
49 3 1
49 3 1
49 3 1
49 3 1
49 3 1
49 3 1
49 3 1
49 3 1
49 3 1
49 6 1
49 6 1
49 6 0
49 6 1
49 6 1
49 6 0
49 6 1
49 6 1
49 6 1
49 6 1
49 7 1
49 7 1
49 7 0
49 7 1
49 7 1
49 7 1
49 7 1
49 7 0
49 7 1
49 7 1
49 7 1
49 7 1
49 7 1
49 7 1
49 7 1
49 7 1
49 7 1
49 7 1
49 7 1
49 7 1
49 5 1
49 5 1
49 5 1
49 5 1
49 5 1
49 5 1
49 5 1
49 5 1
49 5 1
49 5 1
49 5 1
49 5 1
49 5 1
49 5 1
49 2 1
49 2 1
49 2 1
49 2 1
49 2 1
49 2 1
49 4 1
49 4 1
49 4 1
49 4 1
49 4 1
49 4 1
49 4 1
50 1 1
50 1 0
50 1 1
50 1 1
50 1 0
50 1 0
50 1 0
50 1 1
50 1 1
50 1 1
50 1 1
50 1 1
50 1 1
50 1 1
50 1 1
50 1 1
50 1 1
50 1 1
50 1 1
50 1 1
50 1 1
50 1 1
50 1 0
50 1 1
50 1 1
50 1 1
50 1 1
50 6 1
50 6 1
50 6 0
50 6 1
50 6 1
50 6 1
50 6 1
50 3 1
50 3 1
50 3 1
50 3 1
50 3 0
50 3 0
50 3 1
50 3 1
50 3 1
50 3 1
50 3 1
50 3 1
50 3 1
50 3 1
50 3 1
50 3 0
50 3 1
50 3 1
50 3 1
50 3 1
50 3 1
50 3 1
50 3 1
50 3 1
50 3 1
50 3 1
50 3 1
50 3 1
50 3 1
50 3 1
50 3 1
50 3 1
50 3 1
50 3 1
50 3 1
50 3 1
50 3 0
50 3 1
50 3 0
50 3 1
50 3 1
50 3 1
50 3 1
50 3 1
50 3 1
50 3 1
50 3 1
50 3 1
50 3 1
50 3 1
50 3 0
50 3 1
50 3 1
50 3 1
50 3 1
50 3 1
50 3 1
50 3 1
50 3 1
50 3 1
50 3 1
51 1 1
51 1 0
51 1 0
51 1 1
51 1 0
51 1 1
51 6 1
51 6 0
51 6 0
51 6 0
51 3 1
51 3 1
51 3 0
51 3 1
51 3 1
51 3 1
51 3 1
51 3 1
51 3 1
51 3 1
51 3 1
51 3 1
51 3 1
51 3 1
51 3 1
51 3 1
51 3 1
51 3 1
51 3 1
51 3 1
51 3 1
51 3 1
51 3 1
51 3 1
51 3 1
51 3 1
51 3 1
51 3 1
51 3 1
51 3 1
51 3 1
51 3 1
51 3 1
51 3 1
51 3 1
51 3 1
51 3 1
51 3 1
51 3 1
51 3 1
51 3 1
51 3 1
51 3 1
51 3 1
51 3 1
51 3 1
51 3 1
51 3 1
51 3 1
51 3 1
51 3 1
51 3 1
51 3 1
51 3 1
51 3 1
51 3 1
51 3 1
51 3 1
51 3 1
51 3 1
51 3 1
51 3 1
51 3 1
51 3 1
51 3 1
51 3 1
51 3 1
51 3 1
51 3 1
51 3 1
51 3 1
51 3 1
51 3 1
51 3 1
51 3 1
51 3 1
51 3 1
52 1 1
52 1 0
52 1 1
52 1 1
52 1 0
52 1 1
52 1 1
52 1 0
52 1 0
52 1 1
52 1 0
52 1 1
52 1 1
52 1 0
52 1 1
52 1 0
52 1 1
52 1 1
52 1 0
52 1 1
52 1 1
52 1 0
52 5 1
52 5 1
52 5 1
52 5 1
52 5 1
52 5 1
52 5 1
52 5 1
52 5 1
52 5 1
52 5 1
52 5 1
52 5 1
52 5 1
52 5 1
52 5 1
52 5 1
52 5 1
52 5 1
52 6 1
52 6 1
52 6 1
52 6 0
52 6 1
52 6 1
52 6 1
52 6 1
52 6 1
52 7 1
52 7 1
52 7 1
52 7 1
52 7 1
52 7 1
52 7 1
52 7 1
52 7 1
52 7 1
52 7 1
52 7 1
52 7 1
52 7 1
52 7 1
52 7 1
52 7 1
52 7 1
52 7 1
52 7 1
52 7 1
52 3 1
52 3 1
52 3 1
52 3 1
52 3 1
52 3 0
52 3 1
52 3 1
52 3 1
52 3 1
52 3 1
52 3 0
52 3 1
52 3 1
52 3 1
52 3 1
52 3 1
52 3 0
52 3 1
52 3 1
52 3 1
52 3 1
52 3 1
52 3 1
52 3 1
52 3 1
52 3 1
52 3 1
52 3 1
52 3 1
52 3 1
52 3 1
52 3 1
52 3 1
52 3 1
52 3 1
52 2 1
52 2 1
52 2 1
52 2 1
52 4 1
52 4 1
52 4 1
52 4 1
52 4 1
52 4 1
52 4 1
52 4 1
52 4 1
52 4 1
52 4 1
52 4 1
52 4 1
52 4 1
52 4 1
52 4 1
52 4 1
52 4 1
53 1 1
53 1 1
53 1 1
53 1 1
53 1 0
53 1 1
53 1 1
53 6 1
53 6 1
53 6 0
53 6 0
53 6 1
53 6 0
53 3 1
53 3 1
53 3 1
53 3 1
53 3 1
53 3 1
53 3 1
53 3 1
53 3 1
53 3 1
53 3 1
53 3 1
53 3 1
53 3 1
53 3 1
53 3 1
53 3 1
53 3 1
53 3 1
53 3 1
53 3 1
53 3 1
53 3 1
53 3 1
53 3 1
53 3 1
53 3 1
53 3 1
53 3 1
53 3 1
53 3 1
53 3 1
53 3 1
53 3 1
53 3 1
53 3 1
53 3 1
53 3 1
53 3 1
53 3 1
53 3 1
53 3 1
53 3 1
53 3 1
53 3 1
53 3 1
53 3 1
53 3 1
53 3 1
53 3 1
53 3 1
53 3 1
53 3 1
53 3 1
53 3 1
53 3 1
53 3 1
53 3 1
53 3 1
53 3 1
53 3 1
53 3 1
53 3 1
53 3 1
53 3 1
53 3 1
53 3 1
53 3 1
53 3 1
53 3 1
53 3 1
53 3 1
53 3 1
53 3 1
53 3 1
53 3 1
53 3 1
53 3 1
54 1 1
54 1 1
54 1 1
54 1 1
54 1 1
54 1 1
54 8 1
54 8 1
54 8 1
54 8 0
54 8 1
54 8 1
54 8 1
54 3 1
54 3 1
54 3 1
54 3 0
54 3 1
54 3 1
54 3 1
54 3 1
54 3 1
54 3 1
54 3 1
54 3 1
54 3 1
54 3 1
54 3 1
54 3 1
54 3 1
54 3 1
54 3 1
54 3 1
54 3 1
54 3 1
54 3 0
54 3 1
54 3 1
54 3 1
54 3 1
54 3 1
54 3 1
54 3 1
54 3 1
54 3 1
54 3 1
54 3 0
54 3 1
54 3 1
54 3 1
54 3 1
54 3 1
54 3 1
54 3 0
54 3 1
54 3 1
54 3 1
54 3 1
54 3 1
54 3 1
54 3 1
54 3 1
54 3 1
54 3 1
54 3 1
54 3 1
54 3 1
54 3 1
54 3 1
54 3 1
54 3 1
54 3 1
54 3 1
54 3 1
54 3 1
54 3 1
54 3 1
54 3 1
54 3 1
54 3 1
54 3 1
54 3 1
54 3 1
54 3 1
54 3 1
54 3 1
54 3 1
54 3 1
54 3 1
54 3 0
54 3 1
54 3 1
54 3 1
54 3 1
54 3 1
54 3 1
54 3 1
54 3 1
54 3 1
54 3 1
54 3 1
54 3 1
54 3 1
54 3 1
54 3 1
54 3 1
54 9 1
54 9 1
54 9 1
54 9 1
54 6 0
54 6 1
54 6 1
54 6 1
54 6 0
54 6 1
54 6 1
55 1 1
55 1 1
55 1 0
55 1 0
55 20 1
55 20 1
55 20 1
55 20 1
55 20 1
55 20 1
55 20 0
55 5 0
55 5 0
55 5 1
55 5 1
55 19 1
55 19 1
55 19 1
55 19 1
55 19 1
55 19 1
55 19 1
55 19 1
55 6 0
55 6 0
55 6 0
55 6 1
55 6 0
55 6 1
55 6 0
55 6 1
55 10 1
55 10 0
55 10 1
55 10 1
55 10 1
55 8 0
55 8 1
55 8 1
55 8 0
55 8 1
55 3 1
55 3 1
55 3 1
55 3 1
55 3 0
55 3 0
55 3 1
55 3 1
55 3 1
55 3 1
55 3 1
55 3 1
55 3 1
55 3 1
55 3 1
55 3 1
55 3 1
55 3 1
55 3 1
55 3 1
55 3 1
55 3 1
55 3 1
55 3 1
55 3 1
55 3 1
55 3 1
55 3 1
55 3 1
55 3 1
55 3 1
55 3 0
55 3 1
55 3 1
55 3 1
55 3 1
55 3 1
55 3 1
55 3 1
55 3 0
55 3 1
55 3 1
55 3 1
55 3 1
55 3 1
55 3 1
55 3 1
55 3 1
55 3 1
55 3 1
55 3 1
55 3 1
55 3 1
55 3 1
55 3 1
55 3 1
55 3 1
55 3 1
55 3 1
55 3 1
55 3 0
55 3 1
55 3 1
55 3 1
55 3 1
55 3 1
55 3 1
55 3 1
55 3 1
55 3 1
55 3 1
55 3 0
55 3 1
55 3 1
55 3 1
55 3 1
55 3 1
55 3 1
55 3 1
55 3 1
55 3 1
55 3 1
55 3 1
55 3 1
55 3 1
55 3 1
55 3 1
55 13 1
55 13 0
55 13 0
55 13 0
56 1 1
56 1 0
56 1 1
56 1 1
56 1 1
56 1 1
56 1 0
56 1 1
56 1 0
56 1 1
56 1 0
56 1 1
56 9 1
56 9 1
56 9 0
56 9 1
56 9 1
56 9 1
56 9 1
56 9 1
56 9 0
56 9 0
56 9 1
56 9 1
56 3 1
56 3 1
56 3 0
56 3 1
56 3 0
56 3 0
56 3 1
56 3 1
56 3 1
56 3 1
56 3 1
56 3 1
56 3 1
56 3 1
56 3 1
56 3 1
56 3 1
56 3 1
56 3 1
56 3 1
56 3 1
56 3 1
56 3 1
56 3 1
56 3 1
56 3 1
56 3 1
56 3 1
56 3 1
56 3 1
56 3 1
56 3 1
56 3 1
56 3 1
56 3 0
56 3 1
56 3 1
56 3 1
56 3 1
56 3 1
56 3 1
56 3 1
56 3 1
56 3 1
56 3 1
56 3 1
56 3 1
56 3 1
56 3 1
56 3 1
56 3 0
56 3 1
56 3 1
56 3 1
56 3 1
56 3 1
56 3 1
56 3 1
56 3 1
56 3 0
56 3 1
56 3 1
56 3 1
56 3 1
56 3 1
56 3 1
56 3 1
56 3 1
56 3 1
56 6 1
56 6 0
56 6 1
56 6 1
56 6 1
56 6 1
56 6 1
56 6 0
56 6 1
56 8 1
56 8 1
56 8 0
56 8 1
56 8 1
56 7 1
56 7 1
56 7 1
56 7 1
56 5 1
56 5 1
56 5 1
56 5 1
56 5 1
56 13 1
56 13 1
56 13 0
56 13 1
56 17 0
56 17 0
56 17 0
56 17 1
56 17 1
57 1 1
57 1 1
57 1 0
57 1 0
57 1 0
57 1 1
57 1 1
57 1 1
57 1 0
57 1 1
57 1 1
57 8 1
57 8 1
57 8 1
57 8 1
57 8 1
57 8 1
57 8 1
57 8 1
57 3 1
57 3 1
57 3 0
57 3 1
57 3 0
57 3 1
57 3 1
57 3 1
57 3 1
57 3 1
57 3 1
57 3 1
57 3 1
57 3 1
57 3 1
57 3 1
57 3 1
57 3 1
57 3 1
57 3 1
57 3 1
57 3 1
57 3 1
57 3 1
57 3 1
57 3 1
57 3 0
57 3 1
57 3 1
57 3 1
57 3 1
57 3 1
57 3 0
57 3 1
57 3 1
57 3 1
57 3 1
57 3 1
57 3 1
57 3 1
57 3 1
57 3 1
57 3 1
57 3 1
57 3 1
57 3 1
57 3 1
57 3 1
57 3 1
57 3 1
57 3 1
57 3 1
57 3 1
57 3 1
57 3 1
57 3 1
57 3 1
57 3 1
57 3 1
57 3 1
57 3 1
57 3 1
57 3 1
57 3 1
57 3 1
57 3 1
57 3 1
57 3 1
57 3 1
57 3 1
57 3 1
57 3 1
57 3 1
57 3 1
57 3 1
57 9 1
57 9 1
57 9 1
57 9 1
57 9 1
57 9 1
57 9 1
57 9 1
57 9 1
57 6 1
57 6 1
57 6 1
57 6 1
57 6 1
57 6 1
57 6 1
57 6 1
57 6 1
57 6 1
57 6 1
57 6 1
58 1 0
58 1 0
58 1 0
58 1 1
58 1 0
58 1 0
58 1 0
58 1 1
58 1 0
58 1 1
58 1 1
58 1 1
58 9 1
58 9 1
58 9 1
58 9 0
58 9 1
58 9 1
58 9 1
58 6 1
58 6 1
58 6 1
58 6 1
58 6 1
58 6 1
58 6 1
58 6 1
58 10 1
58 10 1
58 10 1
58 10 1
58 8 1
58 8 0
58 8 1
58 8 1
58 3 1
58 3 1
58 3 1
58 3 1
58 3 1
58 3 1
58 3 1
58 3 1
58 3 1
58 3 1
58 3 1
58 3 1
58 3 1
58 3 1
58 3 1
58 3 1
58 3 1
58 3 1
58 3 1
58 3 1
58 3 1
58 3 1
58 3 0
58 3 1
58 3 1
58 3 1
58 3 1
58 3 1
58 3 1
58 3 1
58 3 0
58 3 1
58 3 1
58 3 1
58 3 1
58 3 1
58 3 1
58 3 1
58 3 1
58 3 1
58 3 0
58 3 1
58 3 1
58 3 1
58 3 1
58 3 1
58 3 1
58 3 1
58 3 1
58 3 1
58 3 1
58 3 1
58 3 1
58 3 1
58 3 1
58 3 1
58 3 1
58 3 1
58 3 1
58 3 1
58 3 1
58 3 1
58 3 1
58 3 1
58 3 1
58 3 1
58 3 1
58 3 1
58 3 0
58 3 0
58 3 1
58 3 1
58 3 1
58 3 1
58 3 1
58 3 1
58 13 1
58 13 1
58 13 1
58 13 1
58 13 1
58 13 1
58 13 0
59 1 1
59 1 1
59 1 1
59 1 1
59 1 1
59 9 0
59 9 1
59 9 1
59 9 1
59 6 1
59 6 0
59 6 0
59 6 1
59 6 0
59 6 0
59 8 1
59 8 1
59 8 0
59 8 1
59 8 1
59 8 1
59 3 1
59 3 1
59 3 1
59 3 1
59 3 1
59 3 1
59 3 1
59 3 1
59 3 1
59 3 1
59 3 1
59 3 0
59 3 1
59 3 1
59 3 1
59 3 1
59 3 1
59 3 1
59 3 1
59 3 1
59 3 1
59 3 1
59 3 1
59 3 1
59 3 1
59 3 1
59 3 1
59 3 1
59 3 1
59 3 1
59 3 1
59 3 0
59 3 1
59 3 1
59 3 1
59 3 1
59 3 1
59 3 1
59 3 1
59 3 1
59 3 1
59 3 1
59 3 1
59 3 1
59 3 0
59 3 1
59 3 1
59 3 1
59 3 1
59 3 1
59 3 1
59 3 1
59 3 1
59 3 1
59 3 1
59 3 1
59 3 1
59 3 1
59 3 1
59 3 1
59 3 1
59 3 1
59 3 1
59 3 1
59 3 1
59 3 1
59 3 1
59 3 1
59 3 1
59 3 1
59 3 1
59 3 1
59 3 1
59 3 1
59 3 1
59 3 1
59 3 1
59 3 1
59 3 1
59 3 1
59 3 1
59 3 1
59 3 1
59 3 1
59 3 1
59 3 1
59 3 1
59 3 1
59 3 0
59 3 0
59 3 1
59 3 1
59 3 1
59 3 1
59 3 1
59 3 1
59 17 1
59 17 1
59 17 0
59 17 1
60 1 0
60 1 1
60 1 0
60 1 1
60 1 1
60 1 1
60 1 1
60 1 1
60 1 0
60 1 0
60 1 0
60 9 1
60 9 1
60 9 1
60 9 1
60 9 1
60 9 0
60 9 0
60 9 1
60 9 1
60 9 1
60 3 1
60 3 1
60 3 1
60 3 1
60 3 1
60 3 1
60 3 1
60 3 1
60 3 1
60 3 1
60 3 1
60 3 1
60 3 1
60 3 1
60 3 1
60 3 1
60 3 1
60 3 1
60 3 1
60 3 1
60 3 0
60 3 1
60 3 1
60 6 1
60 6 1
60 6 0
60 6 1
60 6 1
60 6 1
60 6 1
60 6 0
60 8 1
60 8 1
60 8 0
60 8 1
60 7 1
60 7 1
60 7 1
60 7 1
60 7 1
60 7 1
60 7 1
60 7 1
60 7 1
60 7 1
60 7 1
60 7 1
60 7 1
60 7 1
60 7 1
60 7 1
60 7 1
60 7 1
60 7 1
60 7 1
60 7 1
60 7 1
60 7 1
60 7 1
60 7 1
60 7 1
60 5 1
60 5 1
60 5 1
60 5 1
60 5 1
60 5 1
60 5 1
60 5 1
60 5 1
60 5 1
60 5 1
60 5 1
60 5 1
60 5 1
60 5 1
60 2 0
60 2 1
60 2 1
60 2 1
60 2 1
60 2 0
60 2 1
60 2 1
60 4 1
60 4 1
60 4 0
60 4 1
60 4 1
60 4 1
60 4 1
60 4 1
60 4 1
60 4 1
61 6 0
61 6 0
61 6 1
61 6 1
61 6 1
61 3 1
61 3 1
61 3 0
61 3 1
61 3 1
61 3 1
61 3 1
61 3 1
61 3 1
61 3 1
61 3 1
61 3 1
61 3 1
61 3 1
61 3 0
61 3 1
61 3 1
61 3 1
61 3 1
61 3 1
61 3 1
61 3 1
61 3 1
61 3 0
61 3 1
61 3 1
61 3 1
61 3 1
61 3 1
61 3 1
61 3 1
61 3 1
61 3 1
61 3 1
61 3 1
61 3 1
61 3 1
61 3 1
61 3 1
61 3 1
61 3 1
61 3 1
61 3 1
61 3 1
61 3 1
61 3 1
61 3 1
61 3 1
61 3 1
62 6 1
62 6 1
62 6 1
62 6 1
62 6 1
62 3 1
62 3 1
62 3 1
62 3 1
62 3 1
62 3 1
62 3 1
62 3 1
62 3 1
62 3 1
62 3 1
62 3 0
62 3 1
62 3 1
62 3 1
62 3 1
62 3 1
62 3 1
62 3 1
62 3 1
62 3 1
62 3 1
62 3 1
62 3 1
62 3 1
62 3 1
62 3 1
62 3 1
62 3 1
62 3 1
62 3 1
62 3 1
62 3 1
62 3 1
62 3 1
62 3 1
62 3 0
62 3 1
62 3 1
62 3 1
62 3 1
62 3 1
62 3 1
62 3 1
62 3 1
62 3 0
62 3 1
62 3 1
63 1 1
63 1 0
63 1 0
63 1 1
63 1 1
63 1 1
63 3 1
63 3 1
63 3 0
63 3 1
63 3 1
63 3 1
63 3 1
63 3 1
63 3 1
63 3 1
63 3 1
63 3 1
63 3 1
63 3 1
63 3 1
63 3 1
63 3 1
63 3 1
63 3 1
63 3 1
63 3 1
63 3 1
63 3 1
63 6 1
63 6 1
63 6 1
63 6 1
63 6 0
63 6 1
63 6 1
63 6 1
63 8 1
63 8 1
63 8 1
63 8 1
63 7 1
63 7 1
63 7 1
63 7 1
63 7 1
63 7 1
63 7 1
63 7 1
63 7 1
63 7 1
63 7 1
63 7 1
63 7 1
63 7 1
63 7 1
63 7 1
63 7 1
63 7 1
63 7 1
63 7 1
63 7 1
63 7 1
63 7 1
63 7 1
63 7 1
63 7 1
63 5 1
63 5 1
63 5 1
63 5 1
63 5 1
63 5 1
63 5 1
63 5 1
63 5 1
63 5 1
63 5 1
63 5 1
63 5 1
63 5 1
63 2 1
63 2 1
63 2 0
63 2 1
63 2 1
63 2 1
63 2 1
63 4 1
63 4 1
63 4 1
63 4 1
63 4 1
63 4 1
63 4 1
63 4 1
64 1 0
64 1 1
64 1 1
64 1 1
64 1 1
64 1 1
64 1 1
64 1 1
64 18 1
64 18 1
64 18 1
64 18 1
64 5 1
64 5 1
64 5 1
64 5 1
64 5 1
64 5 1
64 10 1
64 10 0
64 10 1
64 10 1
64 10 1
64 6 1
64 6 1
64 6 1
64 6 1
64 6 1
64 6 1
64 6 1
64 6 1
64 6 1
64 6 1
64 3 1
64 3 1
64 3 1
64 3 1
64 3 1
64 3 1
64 3 1
64 3 1
64 3 1
64 3 1
64 3 1
64 3 1
64 3 1
64 3 1
64 3 1
64 3 1
64 3 1
64 3 1
64 3 1
64 3 1
64 3 1
64 3 1
64 3 1
64 3 1
64 3 1
64 3 1
64 3 1
64 3 1
64 3 1
64 3 0
64 3 1
64 3 1
64 3 1
64 3 1
64 3 1
64 3 1
64 3 1
64 3 1
64 3 1
64 3 1
64 3 1
64 3 1
64 3 1
64 3 1
64 3 1
64 3 1
64 3 1
64 3 1
64 3 0
64 3 1
64 3 1
64 3 1
64 3 1
64 3 1
64 3 1
64 3 1
64 3 1
64 3 1
64 3 1
64 3 1
64 3 1
64 3 0
64 3 1
64 3 1
64 3 1
64 3 1
64 3 1
64 3 1
64 3 1
64 3 1
64 3 1
64 3 1
64 3 1
64 3 1
64 3 1
64 3 1
64 3 1
64 3 1
64 3 1
64 3 1
64 3 1
64 3 1
64 3 1
64 3 1
64 4 1
64 4 1
64 4 1
64 4 0
64 4 1
64 4 1
64 4 1
64 4 1
64 8 1
64 8 1
64 8 1
64 8 1
64 8 1
64 8 1
64 8 1
64 8 0
64 8 1
64 8 1
64 8 1
64 15 1
64 15 1
64 15 1
64 15 1
64 15 1
64 15 1
64 7 1
64 7 1
64 7 1
64 7 1
64 7 1
64 7 1
64 7 1
64 7 1
64 7 1
64 7 1
64 7 1
64 16 1
64 16 1
64 16 1
64 16 1
64 16 1
64 17 1
64 17 1
64 17 1
64 17 1
64 17 1
64 17 1
64 17 1
64 17 1
64 17 1
65 1 1
65 1 1
65 1 0
65 1 0
65 1 0
65 1 1
65 1 0
65 9 1
65 9 1
65 9 1
65 9 1
65 9 0
65 9 1
65 9 1
65 11 1
65 11 1
65 11 1
65 11 1
65 11 1
65 8 1
65 8 1
65 8 0
65 8 1
65 3 1
65 3 1
65 3 1
65 3 0
65 3 0
65 3 1
65 3 1
65 3 1
65 2 1
65 2 1
65 2 1
65 2 1
65 2 1
65 2 1
65 2 1
65 2 1
65 2 1
65 2 1
65 2 1
65 2 1
65 4 1
65 4 1
65 4 1
65 4 1
65 4 1
65 4 1
65 4 1
65 4 1
65 4 1
65 4 1
65 4 1
65 4 1
65 4 1
65 4 1
65 4 1
65 4 1
65 4 1
65 4 1
65 22 1
65 22 1
65 22 1
65 22 1
65 22 1
65 6 1
65 6 1
65 6 1
65 6 1
65 6 0
65 6 1
65 6 0
65 6 1
65 21 0
65 21 1
65 21 1
65 21 1
65 21 1
65 21 1
65 12 1
65 12 1
65 12 1
65 12 1
65 5 1
65 5 1
65 5 1
65 5 1
65 5 1
65 5 1
65 5 1
65 5 1
65 5 1
65 5 1
65 5 1
65 5 1
65 5 1
65 5 1
65 5 1
65 5 1
65 5 1
65 5 1
65 5 1
65 5 1
65 5 1
65 5 1
65 5 1
65 5 1
65 5 1
65 5 1
65 5 1
65 13 1
65 13 0
65 13 0
65 13 0
65 13 0
65 13 1
65 13 0
65 13 0
65 7 1
65 7 1
65 7 1
65 7 1
65 7 1
65 7 1
65 7 1
65 7 1
65 7 1
65 7 1
65 7 1
65 7 1
65 7 1
65 7 1
65 7 1
65 7 1
65 7 1
65 7 1
65 7 1
65 7 1
65 7 1
65 7 1
65 7 1
65 7 1
65 7 1
65 7 1
65 7 1
65 7 1
65 7 1
65 7 1
65 7 1
65 7 1
65 7 1
65 7 1
65 7 1
